20000101
0.000
0.000
0.000
0.000
0.000
0.000
0.000
0.000
0.000
0.000
0.000
0.000
0.000
0.000
0.000
0.000
0.000
0.000
0.000
0.000
0.000
0.000
0.000
0.000
0.000
0.000
0.000
0.000
0.000
0.000
0.000
0.000
0.000
0.000
0.000
0.388
0.000
0.000
0.000
0.000
0.000
0.000
0.000
0.000
0.000
0.000
0.000
0.000
0.000
0.000
0.000
0.000
0.000
0.000
0.027
0.000
0.000
0.000
0.000
0.000
0.000
0.000
0.000
0.000
0.000
0.000
0.000
0.000
0.000
0.000
0.000
0.000
0.000
0.000
0.000
0.000
0.000
0.000
0.000
0.000
0.000
0.000
0.000
0.000
0.000
0.000
0.000
0.000
0.000
0.000
0.000
0.000
0.000
0.000
0.000
0.000
0.000
0.000
0.000
0.000
0.000
0.000
0.000
0.000
0.000
0.000
0.000
0.000
0.000
0.000
0.000
0.000
0.000
0.000
0.000
0.000
0.000
0.000
0.000
0.000
0.000
0.000
0.000
0.000
0.000
0.000
1.257
0.144
0.000
0.000
0.017
0.800
0.364
7.593
0.721
0.239
0.354
6.248
10.001
3.468
0.010
0.000
0.000
0.000
0.000
0.000
0.000
0.000
0.000
0.680
1.713
1.675
0.463
0.051
0.000
1.871
0.800
0.000
0.010
0.800
0.000
0.000
0.000
0.000
0.336
0.254
0.776
0.175
0.017
0.000
0.000
0.000
0.000
0.000
0.000
0.065
0.017
0.000
0.000
0.000
4.752
8.046
9.185
39.640
5.325
5.556
0.099
5.284
3.188
5.299
2.637
18.913
7.179
4.477
15.174
20.208
47.775
2.427
22.500
11.860
0.994
2.664
10.147
2.014
2.644
0.007
0.000
0.089
0.010
0.000
0.000
2.883
1.083
0.105
0.000
0.158
0.000
0.000
0.000
0.000
0.036
1.238
1.343
0.384
38.348
16.812
13.973
16.373
14.995
2.750
1.643
2.276
21.029
8.576
27.168
7.084
10.514
0.000
5.939
10.366
19.125
7.701
1.053
1.911
1.892
1.436
0.342
0.242
7.510
0.362
0.000
0.003
0.000
0.000
0.000
0.000
0.000
0.000
0.000
0.000
0.000
0.000
0.000
0.000
0.000
0.134
0.000
0.587
1.342
0.000
0.000
0.000
0.000
0.000
0.000
0.000
0.000
0.000
0.000
0.000
0.000
0.000
0.000
0.122
0.025
0.053
0.000
0.000
0.000
0.000
0.000
0.000
0.000
0.000
0.000
0.000
0.000
0.000
0.000
0.000
0.000
0.000
0.000
0.000
0.000
0.000
0.000
0.000
0.000
0.000
0.000
0.000
0.000
0.000
0.000
0.000
0.000
0.000
0.000
0.000
0.000
0.000
0.000
0.000
0.000
0.000
0.000
0.000
0.000
0.000
0.000
0.000
0.000
0.000
0.000
0.000
0.000
0.000
0.000
0.000
0.000
0.000
0.000
0.000
0.000
0.000
0.000
0.000
0.000
0.000
0.000
0.000
0.000
0.000
0.000
0.000
0.000
0.000
0.000
0.000
0.000
0.000
0.000
0.000
3.639
0.941
0.000
0.000
0.000
0.000
0.000
0.000
0.000
0.000
0.000
0.000
0.000
0.000
0.000
0.000
0.000
0.000
0.000
0.000
0.000
0.000
0.000
0.000
0.000
0.000
0.000
0.000
0.000
0.000
0.000
0.000
0.000
0.000
0.000
0.000
0.000
0.000
0.000
0.000
0.000
0.000
0.000
0.000
0.000
0.000
0.000
0.000
0.000
0.000
0.000
0.000
0.000
0.000
0.000
0.000
0.000
0.000
0.000
0.000
0.000
0.000
0.000
0.000
0.000
0.000
0.000
0.000
0.000
0.000
0.000
0.000
0.000
0.000
0.000
0.000
0.000
0.000
0.000
0.000
0.000
0.000
0.000
0.000
0.000
0.000
0.000
0.000
0.000
0.000
0.000
0.000
0.000
0.000
0.000
0.000
0.000
0.000
0.000
0.000
0.000
0.000
0.000
0.000
0.017
0.000
0.000
0.000
0.034
0.000
0.000
0.000
0.000
0.000
0.000
0.000
0.000
0.000
0.000
0.000
0.000
0.000
0.000
0.000
0.000
0.000
0.000
0.000
0.000
0.000
0.000
0.000
0.000
0.000
0.000
0.000
0.000
0.000
0.355
2.149
2.491
0.000
1.626
0.220
0.000
0.000
0.266
0.021
0.000
0.014
0.287
23.983
6.462
1.298
0.381
1.665
1.471
1.883
3.444
0.247
4.353
4.633
8.276
23.770
27.831
15.772
18.813
13.604
11.388
24.676
22.404
5.184
0.014
0.000
0.000
0.000
0.968
0.954
4.378
0.348
1.409
2.959
0.594
3.619
6.760
33.151
185.650
38.042
2.479
7.814
19.384
31.167
9.680
43.073
28.552
25.461
9.160
10.269
4.465
5.224
3.438
0.762
83.118
34.971
16.840
46.586
18.962
19.054
21.786
18.646
30.425
11.898
5.057
5.708
10.080
0.910
0.148
6.259
16.239
2.122
24.599
16.936
33.278
30.763
26.735
9.591
23.891
11.156
16.291
99.375
77.698
0.793
0.000
0.352
0.683
2.081
2.129
21.024
11.621
0.565
0.000
0.177
0.048
0.211
0.000
0.000
0.000
0.000
0.570
0.058
0.096
1.225
6.721
0.137
0.000
0.000
0.000
1.245
0.749
0.129
0.017
0.000
0.000
0.003
0.845
0.489
0.000
0.106
0.000
0.000
0.000
0.000
0.000
0.000
0.000
0.000
0.000
3.200
2.674
0.000
0.000
0.000
0.000
0.000
10.049
22.970
118.973
29.322
0.025
0.000
0.000
0.000
0.000
0.000
0.000
0.000
0.000
0.000
0.000
0.000
0.000
0.000
0.000
0.000
0.000
0.000
0.000
0.000
0.000
0.000
0.000
0.000
0.000
0.000
0.000
0.000
0.000
0.000
0.000
0.000
0.000
0.000
0.000
0.000
0.000
0.000
0.000
0.000
0.000
0.000
0.000
0.000
0.000
0.000
0.000
0.000
0.000
0.000
0.000
0.000
0.000
0.000
0.000
0.000
0.000
0.000
0.000
0.000
0.000
0.000
0.000
0.000
0.000
0.000
0.000
0.000
0.000
0.000
0.000
0.000
0.000
0.000
0.000
0.000
0.000
0.000
0.000
0.000
0.000
0.000
0.000
0.000
0.000
0.000
0.000
0.000
0.000
0.000
0.000
0.000
0.000
0.488
0.043
0.000
0.000
0.000
0.000
0.000
0.000
0.000
0.000
0.000
0.000
0.000
0.000
0.000
0.000
0.000
0.000
0.000
0.000
0.000
0.000
0.000
0.000
0.000
0.000
1.229
0.000
0.000
0.000
0.000
0.000
0.000
0.000
0.000
0.000
0.000
0.000
0.000
0.000
0.000
0.000
0.000
0.000
0.000
0.000
0.000
0.000
0.000
0.000
0.000
0.000
0.000
0.000
0.000
0.000
0.113
0.000
0.968
0.000
0.000
0.000
0.000
0.000
0.000
0.007
0.000
0.000
0.000
0.000
0.000
0.000
0.000
0.000
0.000
0.000
0.000
0.000
0.000
0.000
0.000
0.000
0.082
0.762
0.000
0.000
0.000
0.000
0.000
0.000
0.000
0.000
0.000
0.000
0.000
0.021
0.000
0.000
0.000
0.000
0.000
0.000
0.000
0.000
0.000
0.000
0.000
0.000
0.000
0.000
0.000
0.000
0.000
0.000
0.000
0.000
0.000
0.000
0.000
0.000
0.000
0.000
0.000
0.000
0.000
0.000
0.000
0.000
0.000
0.000
0.000
0.000
0.000
0.247
2.472
0.381
0.144
0.014
0.000
0.017
0.027
0.003
0.017
0.007
0.000
0.000
0.000
0.000
1.087
0.865
3.638
7.296
16.298
7.567
2.565
1.061
9.943
18.282
0.000
0.000
0.000
1.133
3.787
12.978
34.154
123.036
43.468
2.617
0.457
0.029
0.098
0.007
0.285
0.022
0.000
0.000
2.280
0.273
0.043
1.693
2.338
12.013
8.240
1.126
14.308
10.011
11.903
0.494
3.343
4.480
3.232
3.080
3.102
0.712
0.000
0.000
0.000
0.000
0.000
10.803
0.048
0.793
9.671
75.957
66.201
13.685
76.978
3.967
0.572
4.494
4.834
6.283
3.355
0.079
0.227
1.027
0.506
0.000
0.055
0.000
21.293
39.405
31.795
6.441
1.243
0.482
0.412
3.002
14.916
30.501
32.306
32.144
12.394
0.247
0.007
0.000
0.000
0.000
0.000
0.000
0.000
0.000
0.000
0.000
0.000
0.000
0.000
0.000
0.041
0.000
0.065
0.031
0.000
0.997
0.292
0.014
0.000
0.000
0.000
0.000
0.000
0.000
0.000
0.000
0.000
0.000
0.000
0.000
0.000
0.000
0.000
0.000
0.000
0.000
0.000
0.000
0.000
0.000
0.000
0.000
0.000
0.000
0.000
0.000
0.000
0.000
0.000
0.000
0.000
0.000
0.000
0.000
0.000
0.000
0.000
0.055
0.000
0.000
0.000
0.000
0.383
0.000
0.000
0.000
0.000
0.000
0.000
0.000
0.000
0.000
0.000
0.000
0.000
0.000
0.000
0.000
0.000
0.000
0.000
0.000
0.000
0.000
0.000
0.000
0.000
0.000
0.000
0.000
0.000
0.000
0.000
0.000
0.000
0.000
0.000
0.000
0.000
0.000
0.000
0.000
0.000
0.000
0.000
0.000
0.000
0.000
0.000
0.000
0.000
0.723
0.271
0.000
0.000
0.000
0.000
0.000
0.000
0.000
0.000
0.000
0.115
0.000
0.000
0.000
0.000
0.000
0.000
0.000
0.000
0.000
0.000
0.000
0.000
0.000
0.000
0.000
0.000
0.000
0.000
0.000
0.000
3.354
0.378
0.000
0.000
0.000
0.000
0.000
0.000
0.000
0.000
0.000
0.000
0.000
0.000
0.000
0.000
0.000
1.233
7.778
0.007
0.000
0.000
0.000
0.000
0.000
0.000
0.000
0.000
0.000
0.000
0.000
0.000
0.000
0.000
0.000
0.000
0.000
0.000
0.000
0.000
0.000
0.000
0.000
0.000
0.000
0.000
0.000
0.000
0.000
0.000
0.000
0.000
0.000
0.000
0.000
0.000
0.000
0.000
0.000
0.000
0.000
0.000
0.000
0.000
0.000
0.000
0.000
0.000
0.000
0.000
0.000
0.000
0.000
0.000
0.000
0.000
0.000
0.000
0.000
0.000
0.000
0.000
0.000
0.000
0.000
0.000
0.000
0.000
0.000
0.000
0.000
0.000
0.000
0.000
0.000
0.000
0.000
0.000
0.000
0.000
0.000
0.000
0.000
0.000
0.000
0.000
0.000
0.000
0.000
0.000
0.000
0.000
0.000
0.000
0.000
0.000
0.000
0.000
0.000
0.000
0.000
0.000
0.000
0.000
0.000
0.000
0.000
0.000
0.000
0.000
0.000
0.000
0.000
0.000
0.000
0.221
13.360
17.915
45.559
19.631
10.622
0.632
13.678
2.252
1.483
9.510
2.077
0.007
20.335
10.993
1.617
5.294
8.078
29.388
14.653
52.534
30.329
22.865
20.069
28.262
19.590
27.024
0.407
16.955
12.495
27.262
89.034
23.284
20.958
29.361
28.036
18.912
9.338
15.245
21.779
32.109
5.078
8.011
23.700
14.291
3.881
8.541
4.028
15.238
12.514
24.273
39.987
6.763
7.979
28.355
26.728
26.340
12.099
9.314
7.217
3.375
1.921
0.021
0.000
0.124
0.841
1.744
0.707
3.629
20.716
18.804
5.849
2.678
19.508
23.296
12.899
71.447
51.471
4.904
3.359
8.484
5.739
1.160
2.232
1.179
0.000
0.000
2.553
0.017
0.000
0.000
2.745
2.853
0.003
2.455
7.239
3.536
0.042
10.629
7.423
1.097
0.125
2.184
1.996
0.493
0.000
1.396
0.160
0.498
0.316
0.021
0.000
0.000
0.000
0.000
0.000
0.000
0.000
0.000
0.000
0.000
0.000
0.000
0.000
0.000
0.000
0.000
0.000
0.000
0.000
0.000
0.000
0.000
0.000
0.000
0.000
0.000
0.000
0.000
0.000
0.000
0.000
0.000
0.000
0.000
0.000
0.000
0.000
0.000
0.000
0.000
0.000
0.000
0.000
0.000
0.000
0.000
0.000
0.000
0.000
0.000
0.000
0.000
0.000
0.000
0.000
0.000
0.000
0.000
0.000
0.000
0.000
0.000
0.000
0.000
0.000
0.000
0.000
0.000
0.000
0.000
0.000
0.000
0.000
0.000
0.000
0.000
0.000
0.000
0.000
0.000
0.000
0.000
0.000
0.000
0.000
0.000
0.000
0.000
0.000
0.000
0.000
0.000
0.000
0.000
0.129
0.000
0.000
0.000
0.000
0.000
0.000
0.000
0.000
0.000
0.000
0.000
0.000
0.000
0.000
0.000
0.000
0.000
0.000
0.000
0.000
0.000
0.000
0.000
0.000
0.000
0.000
0.000
0.000
0.000
0.000
0.000
0.000
0.000
0.000
0.000
0.000
0.000
0.000
0.000
0.000
0.000
0.000
0.000
0.000
0.000
0.000
0.000
0.000
0.000
0.000
0.000
0.000
0.000
0.000
0.000
0.000
0.000
0.000
0.000
0.000
0.000
0.000
0.000
0.000
0.000
0.000
0.000
0.000
0.000
0.000
0.000
0.000
0.000
0.000
0.000
0.000
0.000
0.000
0.000
0.000
0.000
0.000
0.000
0.000
0.000
0.000
0.000
0.000
0.000
0.000
0.000
0.000
0.000
0.000
0.000
0.000
0.000
0.000
0.000
0.000
0.000
0.000
0.000
0.000
0.000
0.000
0.000
0.000
0.000
0.000
0.000
0.000
0.000
0.000
0.000
0.000
0.000
0.000
0.000
0.000
0.000
0.058
0.055
1.157
3.354
4.704
2.753
9.249
0.154
0.000
0.000
0.062
0.000
0.000
0.000
0.000
0.000
0.000
0.000
0.000
0.000
0.000
0.000
0.000
0.000
0.000
0.000
0.000
0.000
0.000
0.000
0.000
0.000
0.003
4.175
2.838
0.113
0.000
0.879
2.941
4.020
1.051
13.899
2.091
0.141
0.000
0.000
0.000
0.522
3.462
5.600
3.401
4.395
18.773
22.227
17.630
2.098
1.234
0.204
0.000
45.925
5.318
1.239
11.168
7.072
1.162
0.863
0.736
0.027
0.084
0.491
0.299
0.620
8.480
10.106
2.256
0.338
0.000
0.088
0.000
0.014
0.000
0.000
0.000
5.431
1.298
0.021
14.318
0.945
4.516
4.020
5.634
7.775
18.310
11.614
5.592
12.085
13.236
49.611
15.477
23.828
4.082
25.174
8.126
3.370
6.908
8.259
2.537
7.927
7.896
0.000
0.058
0.000
0.000
0.060
0.027
0.515
0.058
0.730
3.504
2.280
0.027
0.000
0.000
0.000
0.000
0.000
0.000
0.007
1.157
0.000
0.803
1.188
7.194
4.358
16.867
28.836
0.065
0.027
0.000
0.000
0.000
2.774
5.840
0.039
0.033
3.725
56.990
7.718
43.524
24.336
26.249
20.603
8.904
0.386
0.024
3.433
6.326
0.201
0.000
0.000
0.000
0.000
0.000
0.000
0.000
0.000
0.000
0.000
0.000
0.000
0.000
0.000
0.000
0.000
0.000
0.000
0.000
0.000
0.000
0.000
0.000
0.000
0.000
0.000
0.000
0.000
0.000
0.000
0.421
0.000
0.000
0.000
0.000
0.000
0.000
0.000
0.000
0.000
0.000
0.000
0.000
0.000
0.000
0.000
0.000
0.000
0.000
0.000
0.000
0.000
0.000
0.000
0.000
0.000
0.000
0.000
0.000
0.000
0.000
0.000
0.000
0.000
0.000
0.000
0.000
0.000
0.000
0.000
0.000
0.000
0.000
0.000
0.000
0.000
0.000
0.000
0.000
0.000
0.055
0.000
0.000
0.000
0.000
0.000
0.000
0.000
0.000
0.000
0.000
0.000
0.000
0.000
0.000
0.000
0.000
0.000
0.000
0.000
0.000
0.000
0.000
0.000
0.000
0.000
0.000
0.000
0.000
0.000
0.882
0.402
0.000
0.000
0.000
0.000
0.000
0.000
0.000
0.000
0.000
0.000
0.000
0.000
0.000
0.000
0.000
0.000
0.000
0.000
0.000
0.000
0.000
0.000
0.000
0.000
0.000
0.000
0.000
0.000
0.000
0.000
0.000
0.000
0.000
0.000
0.000
0.000
0.000
0.000
0.000
0.000
0.000
0.000
0.000
0.000
0.000
0.000
0.000
0.000
0.000
0.000
0.000
0.000
0.000
0.000
0.000
0.000
0.000
0.000
0.000
0.000
0.000
0.000
0.000
0.000
0.000
0.000
0.000
0.000
0.000
0.000
0.000
0.000
0.000
0.000
0.000
0.000
0.000
0.000
0.000
0.000
0.000
0.000
0.000
0.000
0.000
0.000
0.000
1.360
0.187
0.000
0.007
0.000
0.000
0.000
0.000
0.000
0.000
0.000
0.000
0.000
0.000
0.000
0.000
0.000
0.000
0.000
0.000
0.000
0.000
0.000
0.000
0.000
0.000
0.000
0.000
0.000
0.000
0.003
0.000
0.000
0.000
0.000
0.000
0.000
0.000
0.000
0.000
0.000
0.000
0.000
0.158
5.713
17.820
15.477
0.000
0.000
0.000
0.000
0.067
0.000
4.165
0.000
0.958
1.152
12.387
5.052
0.017
14.315
17.739
11.980
21.171
28.127
21.700
21.756
1.225
14.375
7.723
0.496
0.338
0.759
0.331
22.655
2.498
15.561
14.960
1.784
1.441
6.147
6.576
0.000
0.000
0.000
0.000
0.000
2.887
5.583
19.921
50.183
15.687
11.119
18.791
10.464
8.549
5.033
19.559
3.304
4.235
2.887
1.835
1.821
8.621
0.450
0.944
0.000
1.933
0.000
5.188
2.163
0.079
2.197
5.486
3.732
6.269
2.027
0.130
0.007
0.889
0.007
0.014
0.062
2.070
0.051
0.000
0.000
0.000
0.000
0.000
0.237
2.776
3.577
2.007
1.422
16.905
35.787
8.981
19.766
15.831
25.306
31.306
45.874
5.991
17.235
0.000
6.511
7.378
21.332
0.252
1.344
1.770
0.834
0.065
0.021
0.000
0.000
0.000
0.000
0.000
0.000
0.000
0.000
0.000
0.000
0.000
0.000
0.000
0.000
0.000
0.000
0.000
0.000
0.000
0.000
0.000
0.000
0.000
0.000
0.000
0.000
0.000
0.000
0.000
0.000
0.000
0.000
0.000
0.000
0.000
0.000
0.000
0.000
0.000
0.000
0.000
0.000
0.000
0.000
0.000
0.000
0.000
0.000
0.000
0.000
0.000
0.000
0.000
0.000
0.000
0.000
0.000
0.000
0.000
0.000
0.000
0.000
0.000
0.000
0.000
0.000
0.000
0.000
0.000
0.000
0.000
0.000
0.000
0.000
0.000
0.000
0.000
0.000
0.000
0.000
0.000
0.000
0.000
0.000
0.000
0.000
0.000
0.000
0.000
0.000
0.000
0.000
0.000
0.000
0.000
0.000
0.000
0.000
0.000
0.000
0.000
0.000
0.000
0.000
0.000
0.000
0.000
0.000
0.000
0.000
0.000
0.000
0.000
0.000
0.000
0.000
0.000
0.000
0.000
0.000
0.000
0.000
0.000
0.000
0.000
0.000
0.000
0.000
0.000
0.000
0.000
0.000
0.000
0.000
0.000
0.000
0.000
0.000
0.000
0.000
0.000
0.000
0.000
0.000
0.000
0.000
0.000
0.000
0.000
0.000
0.000
0.000
0.000
0.000
0.000
0.000
0.000
0.000
0.000
1.686
4.601
0.000
0.000
0.000
0.357
0.000
0.000
0.000
0.000
0.000
0.000
0.000
0.000
0.000
0.000
0.000
0.000
0.000
0.000
0.000
0.000
0.000
0.000
0.000
0.000
0.000
0.000
0.000
0.000
0.000
0.000
0.000
0.000
0.000
0.000
0.000
0.000
0.000
0.000
0.000
0.000
0.000
0.000
0.000
0.000
0.000
0.000
0.000
0.000
0.000
0.000
0.000
0.000
0.000
0.000
0.000
0.000
0.000
0.000
0.000
0.000
0.000
0.000
0.000
0.000
0.000
0.000
0.000
0.000
0.000
0.000
0.578
3.097
4.380
0.541
0.000
0.007
1.104
0.094
0.000
0.000
0.000
0.000
12.260
20.901
2.736
0.069
0.010
0.000
0.000
0.000
0.000
0.000
0.000
0.584
0.172
0.003
0.000
0.000
0.000
0.000
1.171
0.024
0.000
0.000
0.000
0.343
2.616
14.886
19.068
30.731
11.062
9.009
4.977
0.364
0.000
0.000
0.556
5.861
3.667
24.405
7.232
17.976
20.780
3.066
2.077
0.202
0.923
0.079
5.684
13.601
3.685
6.791
16.267
2.759
12.741
12.983
12.017
11.865
16.953
9.954
58.721
50.038
19.760
15.623
24.623
6.296
9.386
35.556
16.529
15.453
24.733
9.287
24.720
48.060
17.134
30.736
8.949
9.356
10.180
2.400
31.349
65.636
36.476
17.576
21.313
16.586
3.794
2.320
4.882
2.494
3.868
1.414
0.000
5.541
17.971
1.679
7.685
1.330
12.403
4.910
2.347
0.913
0.199
0.381
0.003
0.010
0.000
0.841
2.567
2.777
0.249
1.505
3.735
6.079
0.584
10.784
18.522
24.151
3.380
9.862
8.657
4.949
2.120
0.079
0.000
0.000
0.000
0.000
0.000
0.000
0.000
0.000
0.000
0.000
0.000
0.000
0.000
0.000
0.000
0.000
0.000
0.000
0.067
0.036
0.000
0.000
0.000
0.000
0.000
0.000
0.000
0.000
0.000
0.000
0.000
0.000
0.000
0.000
0.000
0.000
0.000
0.000
0.117
0.000
0.000
0.000
0.000
0.000
0.000
0.000
0.000
0.000
0.000
0.000
0.000
0.000
0.000
0.000
0.000
0.000
0.000
0.000
0.000
0.000
0.000
0.000
0.000
0.000
0.000
0.003
0.010
0.000
0.000
0.000
0.000
0.000
0.000
0.000
0.000
0.000
0.000
0.000
0.000
0.000
0.000
0.000
0.000
0.000
0.000
0.000
0.000
0.000
0.000
0.000
0.000
0.000
0.000
0.000
0.000
0.000
0.000
0.000
0.000
0.000
0.000
0.000
0.000
0.000
0.000
0.000
0.000
0.000
0.000
0.000
0.000
0.000
0.000
0.000
0.000
0.000
0.000
0.000
0.000
0.000
0.101
0.785
0.000
0.000
0.000
0.000
0.000
0.000
0.000
0.000
0.000
0.000
0.216
0.125
0.000
0.129
0.000
0.000
0.000
0.000
0.000
0.000
0.000
0.000
0.000
0.000
0.000
0.000
0.000
0.000
0.000
0.000
0.000
0.000
0.000
0.000
0.000
0.000
0.000
0.000
0.000
0.000
0.055
0.048
0.000
0.000
0.000
0.000
0.000
0.000
0.041
0.003
0.000
0.000
0.000
0.000
0.000
0.000
0.000
0.000
0.000
0.000
0.000
0.000
0.000
0.000
0.000
0.000
0.000
0.000
0.000
0.000
0.000
0.000
0.000
0.000
0.000
0.000
0.000
0.000
0.000
0.000
0.000
0.000
0.000
0.000
0.000
0.000
0.000
0.000
0.000
0.000
0.000
0.000
0.000
0.000
0.000
0.134
0.000
0.000
0.000
0.000
0.000
0.000
0.000
0.000
0.000
0.000
0.000
0.000
0.000
0.000
0.000
0.000
0.000
0.000
0.000
0.000
0.000
0.000
0.000
0.000
0.000
0.000
0.041
9.362
1.717
0.326
0.288
0.124
0.000
0.000
0.000
0.000
0.031
0.014
3.399
5.836
1.655
0.463
3.986
1.253
25.433
9.012
2.465
0.010
0.824
30.284
0.621
12.421
0.041
3.583
0.666
5.416
56.501
126.217
89.945
6.920
9.901
0.247
42.850
170.396
9.148
12.015
7.587
29.728
4.304
0.164
15.101
6.073
3.818
0.764
2.341
0.007
7.342
12.572
1.233
19.242
0.405
6.968
15.324
3.868
14.105
10.545
10.126
21.554
19.890
7.910
14.487
12.724
79.914
34.990
19.267
4.805
10.349
13.863
12.872
8.082
2.606
5.383
3.344
2.723
1.342
0.259
2.168
8.343
39.538
0.228
0.000
4.401
20.313
12.742
3.679
18.848
13.699
7.463
21.116
28.372
9.323
11.889
8.097
2.108
0.867
0.070
1.612
1.966
0.027
2.372
0.000
0.003
0.309
0.000
0.000
0.003
2.405
2.591
4.388
10.736
0.518
0.924
2.477
2.716
0.158
0.000
0.000
0.000
0.000
0.000
0.000
0.000
0.000
0.000
0.000
0.000
0.000
0.000
0.000
0.000
0.000
0.000
0.000
0.000
0.000
0.000
0.000
0.000
0.000
0.000
0.000
0.000
0.000
0.000
0.000
0.000
0.000
0.000
0.000
0.000
0.000
0.000
0.000
0.000
0.000
0.000
0.000
0.000
0.000
0.000
0.000
0.000
0.000
0.000
0.000
0.000
0.000
0.000
0.000
0.000
0.000
0.000
0.000
0.000
0.000
0.000
0.000
0.000
0.000
0.259
0.000
0.000
0.000
0.000
0.000
0.000
0.000
0.000
0.000
0.000
0.000
0.000
0.000
0.000
0.000
0.000
0.000
0.000
0.000
0.000
0.000
0.000
0.000
0.000
0.000
0.000
0.000
0.000
0.000
0.000
0.000
0.000
0.000
0.000
0.000
0.000
0.000
0.000
0.000
0.000
0.000
0.000
0.000
0.000
0.000
0.000
0.000
0.000
0.000
0.000
0.000
0.000
0.000
0.000
0.000
0.000
0.000
0.000
0.017
0.000
0.000
0.000
0.091
0.000
0.000
0.000
0.000
0.000
0.000
0.000
0.000
0.000
0.000
0.000
0.000
0.000
0.000
0.000
0.000
0.000
0.000
0.000
0.000
0.000
0.000
0.000
0.000
0.000
0.000
0.000
0.000
0.000
0.000
0.000
0.000
0.000
0.000
0.000
0.000
0.000
0.034
0.192
0.000
0.000
0.000
0.000
0.000
0.000
0.000
0.000
0.000
0.000
0.000
0.058
0.000
0.000
0.000
0.000
0.000
0.000
0.000
0.000
0.003
28.209
8.265
0.000
0.027
0.003
0.000
0.000
0.000
0.000
0.000
0.000
0.000
0.000
0.000
0.000
0.000
0.000
0.000
0.000
0.000
0.000
0.000
0.000
0.000
0.000
0.000
0.000
0.000
0.000
0.000
0.000
0.000
0.024
0.000
0.000
0.000
0.000
0.000
0.000
0.000
0.000
0.000
0.000
0.000
0.000
0.000
0.000
0.000
0.000
0.000
0.000
0.000
0.000
0.000
0.000
0.000
0.000
0.000
0.024
0.003
0.000
0.000
2.221
22.470
5.637
8.288
0.175
2.046
8.703
152.755
18.728
49.147
7.917
0.086
2.571
0.000
1.164
1.373
0.707
1.275
0.227
0.069
4.611
1.421
8.161
0.024
10.492
10.228
3.057
24.812
1.377
8.357
1.303
0.245
5.309
3.642
31.074
42.584
22.337
4.189
13.398
5.637
0.003
0.076
0.000
0.177
0.165
0.817
1.509
0.887
2.135
11.206
7.393
4.757
14.904
174.325
0.053
13.517
17.633
20.574
108.457
22.713
13.226
21.494
7.623
1.871
9.592
1.990
4.619
22.150
89.226
21.832
7.006
0.973
0.551
0.038
0.218
0.402
0.000
0.031
0.443
4.412
1.468
10.909
1.112
0.148
0.000
0.000
0.000
0.000
0.000
0.000
0.000
1.184
1.184
18.088
8.140
0.007
0.000
0.474
8.731
23.071
13.208
11.302
12.988
5.830
16.399
21.598
3.656
0.058
0.034
2.637
0.831
0.000
0.000
0.000
0.010
0.027
0.000
0.000
0.000
1.778
3.009
0.000
2.939
0.000
0.319
0.000
0.000
0.000
0.000
0.000
0.000
0.000
0.000
0.000
0.000
0.000
0.000
0.000
0.000
0.000
0.000
0.000
0.000
0.000
0.000
0.000
0.000
0.000
0.000
0.000
0.000
0.000
0.000
0.000
0.000
0.000
0.000
0.000
0.000
0.000
0.000
0.000
0.000
0.000
0.000
0.000
0.467
3.349
0.000
0.000
0.000
0.000
0.000
0.000
0.000
0.000
0.000
0.000
0.045
2.832
0.000
0.000
0.000
0.000
0.000
0.000
0.000
0.000
0.000
0.000
0.000
0.000
0.000
0.000
0.000
0.000
0.000
0.000
0.000
0.000
0.000
0.000
0.000
0.000
0.000
0.000
0.000
0.000
0.000
0.000
0.000
0.000
0.000
0.000
0.101
0.000
0.000
0.000
0.000
0.000
0.000
0.000
0.000
0.000
0.000
0.000
0.000
0.000
0.000
0.000
0.000
0.000
0.000
0.000
0.000
0.000
0.000
0.000
0.000
0.000
0.000
0.000
0.000
0.000
0.000
0.000
0.000
0.000
0.000
0.000
0.000
0.000
0.000
0.000
0.000
0.000
0.000
0.000
0.000
0.000
0.000
0.000
0.000
0.000
0.000
0.000
0.000
0.000
0.000
0.000
0.000
0.000
0.000
0.000
0.000
0.000
0.000
0.000
0.000
0.000
0.000
0.000
0.000
0.000
0.000
0.000
0.000
0.000
0.000
0.000
0.000
0.000
0.000
0.000
0.000
0.000
0.000
0.000
0.000
0.000
0.000
0.000
0.000
0.000
0.649
0.347
0.000
0.000
0.000
0.000
0.000
0.000
0.000
0.000
0.000
0.000
0.000
0.000
0.000
0.000
0.000
0.000
0.000
0.000
0.000
0.000
0.000
0.000
0.000
0.000
0.000
0.000
0.000
0.000
0.000
0.000
0.000
0.000
0.000
0.000
0.000
0.000
0.000
0.000
0.000
0.000
0.000
0.000
0.000
0.536
0.000
0.000
0.000
0.000
0.000
0.000
0.000
0.000
0.000
0.086
0.587
0.000
0.000
0.000
0.000
0.000
0.000
0.000
0.000
0.000
0.000
0.000
0.027
0.007
0.000
0.000
0.031
0.161
0.003
0.000
0.000
0.000
0.000
0.153
27.176
2.441
0.282
8.307
21.550
1.514
0.190
2.828
11.601
4.424
0.748
0.000
0.000
0.000
0.350
45.101
132.986
13.249
15.525
31.043
40.766
65.828
12.314
45.555
32.819
3.649
13.729
40.050
11.607
47.993
5.503
17.810
15.757
4.128
1.748
3.278
1.557
0.839
2.455
2.216
0.391
0.017
0.027
1.203
0.244
0.115
4.178
3.903
0.064
0.167
3.935
0.848
1.186
0.702
0.000
0.000
0.000
0.000
0.000
0.000
0.000
0.000
0.755
3.625
1.231
25.337
33.637
49.809
4.899
7.515
8.223
1.754
2.729
9.641
4.752
2.184
0.017
0.000
0.000
0.000
0.000
0.000
0.000
0.000
0.000
0.000
0.000
0.000
0.000
0.000
0.000
0.000
0.000
0.000
0.000
0.000
0.000
0.000
0.309
0.000
0.000
0.597
9.016
0.978
0.000
0.000
0.000
0.000
0.000
0.000
0.319
0.000
0.000
0.000
0.000
0.000
0.000
0.000
0.000
0.000
0.000
0.000
0.000
0.000
0.000
0.000
0.000
0.000
0.000
0.000
0.000
0.000
0.000
0.000
0.000
0.000
0.000
0.000
0.000
0.000
0.230
0.342
0.000
0.000
0.000
0.000
0.000
0.000
0.000
0.000
0.000
0.000
0.000
0.000
0.000
0.000
0.000
0.000
0.000
0.000
0.000
0.000
0.000
0.000
0.000
0.000
0.000
0.000
0.000
0.000
0.000
0.000
0.000
0.000
0.000
0.000
0.000
0.000
0.000
0.000
0.000
0.000
0.000
0.000
0.000
0.000
0.000
0.000
0.000
0.000
0.000
0.000
0.000
0.038
0.000
0.000
0.000
0.000
0.000
0.000
0.000
0.000
0.034
0.000
0.000
0.000
0.000
0.000
0.000
0.000
0.000
0.000
0.000
0.000
0.000
0.000
0.000
0.000
0.000
0.000
0.000
0.000
0.000
0.000
0.000
0.000
0.000
0.000
0.000
0.000
0.000
0.000
0.000
0.000
0.000
0.000
0.000
0.000
0.000
0.000
0.000
0.000
0.000
0.215
0.000
0.000
0.000
0.000
0.000
0.000
0.000
0.000
0.000
0.000
0.000
0.000
0.000
0.000
0.000
0.000
0.000
0.000
0.000
0.000
0.000
0.000
0.000
0.000
0.000
0.000
0.000
0.000
0.000
0.000
0.000
0.000
0.000
0.000
0.000
0.000
0.000
0.000
0.000
0.000
0.000
0.000
0.000
0.000
0.000
0.000
0.000
0.000
0.000
0.000
0.000
0.000
0.000
0.000
0.000
0.000
0.000
0.000
0.000
0.000
0.000
0.000
0.000
0.000
0.000
0.000
0.000
0.000
0.000
0.000
0.000
0.000
0.000
0.000
0.000
0.000
0.000
0.000
0.000
0.000
0.000
0.000
0.000
0.000
0.000
0.000
0.000
0.000
0.000
0.000
0.000
0.000
0.000
0.000
0.000
0.000
0.000
0.000
0.000
1.648
4.662
0.410
3.306
0.601
6.338
0.348
0.000
0.000
0.024
0.000
0.000
0.000
1.787
2.494
0.563
0.000
0.000
0.000
0.000
1.966
1.281
1.908
1.140
0.220
0.000
1.408
0.103
0.000
0.000
0.136
2.081
12.035
12.439
13.518
13.632
18.491
4.001
2.453
18.666
4.329
22.541
23.912
7.799
0.695
6.834
4.254
0.884
4.556
10.475
18.733
19.221
40.720
39.403
3.159
16.423
6.882
2.565
2.781
6.767
61.045
14.780
8.281
24.359
9.273
3.512
26.968
7.292
6.503
25.492
23.349
11.910
6.575
3.694
8.010
1.857
4.654
8.387
7.368
1.181
1.851
13.290
0.869
1.233
2.153
15.508
20.510
3.066
23.634
12.056
25.701
4.999
4.463
1.348
9.822
6.626
8.332
16.401
7.066
33.440
12.675
8.147
3.337
11.144
22.422
17.159
6.425
1.960
0.000
0.069
0.000
0.000
0.014
0.189
0.000
0.000
0.000
0.000
0.000
0.000
0.000
0.000
0.000
0.000
0.000
0.000
0.000
0.000
0.000
0.000
0.000
0.000
7.491
0.094
0.000
0.000
0.000
0.000
0.000
0.743
2.036
0.000
0.000
0.000
0.000
0.000
0.000
0.000
0.000
0.000
0.000
0.000
0.000
0.000
0.000
0.000
0.000
0.000
0.000
0.000
0.062
0.501
0.769
1.160
12.552
0.683
3.244
2.232
9.489
0.714
0.007
0.000
0.000
3.866
0.558
8.868
0.553
0.000
0.000
0.000
0.000
0.000
0.000
0.000
0.000
0.000
0.000
0.000
0.000
0.000
0.000
0.000
0.000
0.000
0.000
0.000
0.000
0.000
0.000
0.000
0.000
0.000
0.000
0.000
0.000
0.000
0.000
0.000
0.000
1.693
2.039
0.192
0.000
0.000
0.000
0.000
0.000
0.000
0.000
0.000
0.000
0.000
0.000
0.000
0.000
0.000
0.000
0.000
0.000
0.000
0.000
0.000
0.000
0.000
0.000
0.000
0.000
0.000
0.000
0.000
0.003
0.000
0.000
0.000
0.000
0.000
0.002
0.000
0.000
0.000
0.000
0.000
0.000
0.000
0.002
0.002
0.000
0.000
1.174
0.179
0.000
0.000
0.000
0.000
0.000
0.000
0.000
0.000
0.000
0.000
0.000
0.000
0.000
0.002
0.000
0.000
0.000
0.000
0.000
0.000
0.000
0.000
0.002
0.000
0.002
0.002
0.000
0.000
0.000
0.000
0.000
0.000
0.000
0.000
0.000
0.002
0.002
0.000
0.002
0.000
0.000
0.000
0.002
0.000
0.000
0.000
0.000
0.000
0.000
0.000
0.000
0.000
0.000
0.000
0.000
0.002
0.000
0.000
0.000
0.000
0.000
0.000
0.000
0.000
0.000
0.002
0.000
0.000
0.000
0.000
0.000
0.000
0.000
0.000
0.000
0.000
0.000
0.000
0.000
0.000
0.000
0.000
0.000
0.000
0.000
0.000
0.000
0.000
0.000
0.089
0.000
0.000
0.000
0.024
0.017
0.546
0.000
0.000
0.000
0.000
0.000
0.000
0.000
0.000
0.003
0.000
0.048
0.003
0.000
0.000
0.000
2.894
2.822
0.117
0.062
0.000
0.000
1.669
5.637
0.100
0.630
1.941
0.378
0.422
0.019
2.312
0.704
2.283
0.220
0.874
13.542
405.382
5.988
3.521
1.322
5.177
5.273
6.479
1.075
142.331
44.078
63.350
27.778
44.361
6.197
10.597
7.574
26.436
5.521
9.550
16.929
41.048
4.700
1.451
1.758
4.171
21.842
4.369
6.314
11.251
13.496
17.575
14.469
9.043
34.401
30.490
9.761
17.492
9.666
11.975
4.257
2.057
38.363
92.416
7.598
27.637
7.457
22.395
40.914
43.623
11.429
6.255
2.997
1.394
17.686
28.413
11.989
8.521
12.796
34.133
9.215
24.275
27.452
28.194
22.146
29.962
80.073
12.971
15.031
42.539
33.594
9.771
5.424
7.735
7.290
4.934
15.518
24.294
0.786
0.041
4.714
1.449
20.217
2.712
3.876
1.984
0.113
3.375
2.458
0.694
3.787
0.669
0.374
0.000
0.101
0.048
0.002
0.000
0.002
0.000
0.000
0.000
0.000
0.642
0.014
0.000
0.000
0.000
0.000
0.000
0.000
0.524
0.096
0.014
0.000
0.000
0.000
0.000
0.000
0.000
0.000
0.000
0.000
0.000
0.002
0.000
0.000
0.000
0.002
0.000
0.000
0.000
0.000
0.000
0.000
0.000
0.000
0.000
0.000
0.000
0.000
0.000
0.000
0.000
0.000
0.000
0.000
0.000
0.000
0.000
0.000
0.000
0.002
0.000
0.000
0.000
0.000
0.000
0.000
0.000
0.000
0.000
0.000
0.000
0.000
0.000
0.002
0.000
0.000
0.000
0.000
0.000
0.000
0.000
0.000
0.000
0.000
0.000
0.000
0.000
0.000
0.000
0.000
0.000
0.000
0.000
0.000
0.000
0.000
0.000
0.000
0.000
0.000
0.000
0.000
0.000
0.003
0.000
0.000
0.000
0.000
0.000
0.000
0.002
0.000
0.000
0.002
0.000
0.000
0.000
0.000
0.000
0.000
0.000
0.000
0.003
0.000
0.000
0.000
0.000
0.000
0.000
0.000
0.000
0.000
0.000
0.000
0.000
0.000
0.000
0.000
0.000
0.000
0.000
0.002
0.000
0.000
0.000
0.000
0.000
0.000
0.000
0.000
0.000
0.000
0.000
0.000
0.002
0.000
0.000
0.000
0.000
0.000
0.000
0.000
0.000
0.000
0.000
0.000
0.000
0.000
0.000
0.000
0.000
0.002
0.000
0.000
0.000
0.000
0.000
0.000
0.000
0.000
0.000
0.000
0.000
0.000
0.000
0.000
0.000
0.000
0.000
0.000
0.000
0.000
0.000
0.000
0.000
0.000
0.000
0.000
0.000
0.000
0.000
0.000
0.000
0.000
0.000
1.679
0.000
0.000
0.000
0.000
0.000
0.000
0.000
0.000
0.000
0.000
0.000
0.000
0.000
0.000
0.000
0.000
0.003
5.527
0.000
0.002
0.000
0.158
0.106
0.000
0.000
0.000
0.000
0.000
0.000
0.000
0.000
0.000
0.000
0.000
0.000
0.000
0.000
0.000
0.000
0.000
0.000
0.000
0.000
0.000
0.000
0.000
0.000
0.000
0.000
0.000
0.000
1.277
0.076
4.096
1.864
0.336
0.577
0.525
0.108
0.038
0.017
0.096
0.027
0.000
0.000
0.034
0.158
0.003
0.045
0.000
0.000
5.368
4.748
4.758
38.940
42.673
20.477
3.038
9.361
6.070
33.529
72.022
20.835
22.807
7.217
4.413
9.711
3.789
24.005
3.790
1.373
0.978
7.182
3.042
9.297
9.538
15.017
3.262
4.734
13.077
11.597
14.938
3.018
9.273
8.130
2.740
5.895
11.513
31.991
26.621
15.741
1.991
11.285
14.765
14.526
64.679
5.716
14.232
21.794
7.804
2.513
2.905
19.755
15.120
23.185
26.559
15.807
11.223
17.533
28.889
11.548
9.309
18.450
22.495
11.486
19.617
23.638
14.344
44.719
57.958
13.506
7.828
13.826
13.815
6.145
8.871
15.408
4.240
0.608
1.013
3.306
0.539
7.038
9.690
12.087
16.673
4.135
0.419
0.000
0.000
0.000
0.000
0.000
0.000
0.000
0.000
1.878
0.034
0.000
0.300
0.000
0.000
0.000
0.000
0.000
0.000
0.000
0.000
0.000
0.000
0.000
0.000
0.000
0.000
0.000
0.000
0.002
0.000
0.000
0.000
0.000
0.000
0.002
0.000
0.000
0.000
0.000
0.000
0.000
0.000
0.000
0.000
0.000
0.002
0.000
0.000
0.000
0.000
0.000
0.002
0.000
0.000
0.000
0.000
0.000
0.002
0.000
0.000
0.000
0.000
0.000
0.000
0.000
0.000
0.000
0.000
0.003
0.000
0.000
0.000
0.000
0.000
0.000
0.000
0.000
0.000
0.002
0.003
0.000
0.000
0.000
0.000
0.000
0.000
0.000
0.000
0.000
0.000
0.000
0.002
0.000
0.000
0.000
0.000
0.000
0.000
0.000
0.000
0.000
0.000
0.000
0.000
0.000
0.000
0.000
0.000
0.000
0.000
0.000
0.000
0.000
0.000
0.211
0.000
0.000
0.000
0.002
0.000
0.000
0.002
0.000
0.000
0.000
0.000
0.000
0.000
0.000
0.000
0.000
0.000
0.000
0.000
0.000
0.000
0.000
0.000
0.000
0.000
0.000
0.021
0.680
0.003
0.000
0.000
0.000
0.000
0.000
0.000
0.000
0.003
0.000
0.000
0.000
0.000
0.000
0.000
0.000
0.000
0.000
0.000
0.000
0.000
0.000
0.000
0.000
0.002
0.002
0.000
0.000
0.000
0.000
0.000
0.000
0.000
0.000
0.000
0.002
0.000
0.000
0.000
0.000
0.000
0.000
0.000
0.000
0.000
0.000
0.000
0.000
0.000
0.000
0.000
0.000
0.041
0.003
0.000
0.000
0.000
0.000
0.000
0.000
0.000
0.000
0.000
0.453
0.130
0.017
0.017
0.000
0.000
0.000
0.000
0.000
0.000
0.000
0.003
0.000
0.000
0.000
0.000
0.000
0.000
0.000
0.000
0.000
0.000
0.000
0.000
0.000
0.000
0.000
0.000
0.000
0.000
0.000
0.000
0.000
0.000
0.002
0.000
0.000
0.000
0.000
0.000
0.000
0.000
0.000
0.088
2.508
0.064
2.130
1.586
2.331
21.693
0.031
7.784
0.544
9.335
2.456
1.317
0.280
5.330
16.331
152.288
6.825
0.716
1.894
1.168
0.003
0.003
2.518
0.184
8.187
0.064
0.488
2.287
16.249
7.381
0.913
8.583
3.535
9.225
29.977
30.827
29.677
21.907
17.317
15.032
6.985
16.068
12.672
2.271
25.306
185.279
26.151
22.841
13.862
204.466
1.411
21.171
72.077
28.482
26.774
84.039
16.912
11.797
4.810
22.172
21.525
21.348
17.915
2.681
13.091
24.908
13.918
27.960
33.996
11.017
14.972
39.740
23.823
15.501
8.817
16.861
11.077
0.031
3.365
25.360
17.084
20.026
32.180
13.486
11.251
0.041
0.237
0.978
0.700
0.233
3.025
1.454
1.047
1.401
2.101
1.147
9.237
8.008
0.441
0.002
0.192
1.885
0.515
2.874
2.827
3.883
1.157
0.398
0.010
0.106
36.598
36.265
42.270
34.892
6.135
35.908
6.753
26.652
26.757
17.764
7.024
9.871
8.871
0.292
3.634
4.206
19.010
7.745
11.891
4.607
1.476
0.245
0.000
0.000
0.010
0.000
0.000
0.000
0.000
0.000
0.000
0.000
0.000
0.000
0.000
0.000
0.000
0.002
0.000
0.000
0.000
0.000
0.000
0.000
0.000
0.000
0.000
0.000
0.000
0.000
0.000
0.001
0.000
0.000
0.000
0.000
0.000
0.000
0.000
0.000
0.000
0.000
0.000
0.000
0.000
0.000
0.000
0.000
0.000
0.000
0.000
0.000
0.002
0.000
0.000
0.000
0.000
0.000
0.002
0.000
0.000
0.000
0.000
0.000
0.003
0.002
0.000
0.000
0.002
0.000
0.000
0.000
0.000
0.000
0.000
0.000
0.000
0.002
0.000
0.000
0.000
0.000
0.000
0.000
0.017
0.000
0.000
0.000
0.000
0.000
0.000
0.000
0.000
0.000
0.000
0.000
0.000
0.000
0.000
0.000
0.000
0.017
14.602
0.014
0.000
0.002
0.000
0.000
0.000
0.000
0.000
0.000
0.000
0.000
0.000
0.000
0.000
0.000
0.000
0.000
0.000
0.000
0.000
0.000
0.000
0.000
0.000
0.000
0.000
0.000
0.000
0.000
0.000
0.000
0.000
0.000
0.060
0.069
0.019
0.000
0.000
0.002
0.000
0.000
0.002
0.000
0.000
0.000
0.000
0.000
0.003
0.000
0.000
0.000
0.000
0.000
0.000
0.000
0.000
0.000
0.000
0.000
0.002
0.000
0.000
0.000
0.000
0.000
0.000
0.000
0.000
0.000
0.000
0.000
0.000
0.003
0.002
0.000
0.000
0.000
0.000
0.000
0.000
0.000
0.000
0.000
0.000
0.000
0.000
0.000
1.366
0.350
0.038
0.000
0.000
0.000
0.000
0.000
0.000
0.000
0.000
0.000
0.003
0.000
0.000
0.000
0.000
0.000
0.000
0.002
0.000
0.000
0.000
0.000
0.000
0.000
0.000
1.057
0.659
0.000
0.000
0.000
0.000
0.000
0.000
0.000
0.000
0.000
0.000
0.000
0.000
0.000
0.000
0.002
0.000
0.024
0.000
0.000
0.002
0.000
0.000
0.000
0.000
0.048
0.003
0.005
0.014
0.007
0.000
0.000
0.000
2.726
0.000
0.000
0.560
0.048
0.000
0.292
0.103
0.000
0.000
0.002
0.000
0.000
0.010
2.202
0.000
0.002
0.000
0.000
0.000
0.003
4.786
0.893
1.586
12.092
23.638
11.031
11.240
3.993
33.450
130.672
6.853
4.954
7.151
29.581
45.315
44.869
16.507
14.959
238.256
242.322
31.064
12.868
