20000101
0.000
0.000
0.000
0.000
0.000
0.000
0.000
0.000
0.000
0.000
0.000
0.000
0.000
0.000
0.000
0.000
0.000
0.000
0.000
0.000
0.000
0.000
0.000
0.000
0.000
0.000
0.000
0.000
0.000
0.000
0.000
0.000
0.000
0.000
0.000
0.251
0.000
0.000
0.000
0.000
0.000
0.000
0.000
0.000
0.000
0.000
0.000
0.000
0.000
0.000
0.000
0.000
0.000
0.000
0.027
0.000
0.000
0.000
0.000
0.000
0.000
0.000
0.000
0.000
0.000
0.000
0.000
0.000
0.000
0.000
0.000
0.000
0.000
0.000
0.000
0.000
0.000
0.000
0.000
0.000
0.000
0.000
0.000
0.000
0.000
0.000
0.000
0.000
0.000
0.000
0.000
0.000
0.000
0.000
0.000
0.000
0.000
0.000
0.000
0.000
0.000
0.000
0.000
0.000
0.000
0.000
0.000
0.000
0.000
0.000
0.000
0.000
0.000
0.000
0.000
0.000
0.000
0.000
0.000
0.000
0.000
0.000
0.000
0.000
0.000
0.000
1.909
0.282
0.000
0.000
0.027
0.374
0.251
7.345
0.778
0.192
0.264
5.823
9.977
5.267
0.427
0.000
0.000
0.000
0.000
0.000
0.000
0.000
0.000
0.481
1.181
1.960
0.975
0.089
0.000
2.105
0.539
0.000
0.034
3.619
0.000
0.000
0.000
0.000
0.230
0.240
0.848
0.144
0.007
0.000
0.000
0.000
0.000
0.000
0.000
0.031
0.010
0.000
0.000
0.000
3.214
6.638
9.726
31.805
2.168
9.616
0.036
5.315
4.748
7.805
2.777
25.440
11.312
6.632
13.969
27.287
26.406
1.964
20.237
13.688
0.324
3.741
10.888
3.619
2.479
0.029
0.000
0.000
0.000
0.000
0.007
1.883
0.389
0.039
0.000
0.098
0.000
0.000
0.000
0.000
0.044
0.841
2.387
0.552
31.111
18.625
11.450
14.030
8.289
2.317
1.533
2.347
14.113
7.289
23.101
6.930
11.156
0.000
9.812
9.671
16.060
11.562
1.114
1.541
1.763
1.106
0.366
0.328
9.743
0.615
0.000
0.021
0.000
0.000
0.000
0.000
0.000
0.000
0.000
0.000
0.000
0.000
0.000
0.000
0.000
0.000
0.000
0.944
1.854
0.000
0.000
0.000
0.000
0.000
0.000
0.000
0.000
0.000
0.000
0.000
0.000
0.000
0.000
0.130
0.036
0.060
0.000
0.000
0.000
0.000
0.000
0.000
0.000
0.000
0.000
0.000
0.000
0.000
0.000
0.000
0.000
0.000
0.000
0.000
0.000
0.000
0.000
0.000
0.000
0.000
0.000
0.000
0.000
0.000
0.000
0.000
0.000
0.000
0.000
0.000
0.000
0.000
0.000
0.000
0.000
0.000
0.000
0.000
0.000
0.000
0.000
0.000
0.000
0.000
0.000
0.000
0.000
0.000
0.000
0.000
0.000
0.000
0.000
0.000
0.000
0.000
0.000
0.000
0.000
0.000
0.000
0.000
0.000
0.000
0.000
0.000
0.000
0.000
0.000
0.000
0.000
0.000
0.000
0.000
4.667
2.376
0.000
0.000
0.000
0.000
0.000
0.000
0.000
0.000
0.000
0.000
0.000
0.000
0.000
0.000
0.000
0.000
0.000
0.000
0.000
0.000
0.000
0.000
0.000
0.000
0.000
0.000
0.000
0.000
0.000
0.000
0.000
0.000
0.000
0.000
0.000
0.000
0.000
0.000
0.000
0.000
0.000
0.000
0.000
0.000
0.000
0.000
0.000
0.000
0.000
0.000
0.000
0.000
0.000
0.000
0.000
0.000
0.000
0.000
0.000
0.000
0.000
0.000
0.000
0.000
0.000
0.000
0.000
0.000
0.000
0.000
0.000
0.000
0.000
0.000
0.000
0.000
0.000
0.000
0.000
0.000
0.000
0.000
0.000
0.000
0.000
0.000
0.000
0.000
0.000
0.000
0.000
0.000
0.000
0.000
0.000
0.000
0.000
0.000
0.000
0.000
0.000
0.003
0.000
0.000
0.000
0.000
0.000
0.000
0.000
0.000
0.000
0.000
0.000
0.000
0.000
0.000
0.000
0.000
0.000
0.000
0.000
0.000
0.000
0.000
0.000
0.000
0.000
0.000
0.000
0.000
0.000
0.000
0.000
0.000
0.000
0.000
0.398
2.874
5.057
0.034
1.442
0.216
0.000
0.010
0.307
0.024
0.017
0.017
0.225
21.772
9.782
1.524
0.525
1.365
1.487
2.178
2.823
0.271
4.340
4.621
4.637
17.806
11.646
13.074
14.056
8.597
19.856
11.549
30.260
9.778
0.027
0.003
0.000
0.000
0.792
1.213
3.723
0.248
1.655
5.040
1.348
1.677
6.053
32.195
134.164
33.192
1.136
4.793
25.478
27.308
9.591
32.080
23.009
22.292
9.242
8.796
3.469
4.784
2.731
0.484
81.771
31.593
13.628
72.905
15.101
13.513
16.627
14.917
26.405
20.790
5.466
11.460
9.531
0.681
0.036
6.545
19.799
2.527
14.646
11.616
16.560
23.734
29.826
10.779
21.476
9.347
12.585
157.767
77.891
1.300
0.029
0.414
1.210
2.668
4.401
25.488
9.374
0.165
0.000
0.146
0.120
0.216
0.000
0.000
0.000
0.000
0.527
0.045
0.103
0.500
5.679
0.072
0.000
0.000
0.000
0.837
0.165
0.139
0.010
0.000
0.000
0.000
0.479
0.563
0.000
0.137
0.000
0.000
0.000
0.000
0.000
0.000
0.000
0.000
0.000
3.392
3.728
0.843
0.000
0.000
0.000
0.000
9.019
18.927
149.023
12.794
0.029
0.000
0.000
0.000
0.000
0.000
0.000
0.000
0.000
0.000
0.000
0.000
0.000
0.000
0.000
0.000
0.000
0.000
0.000
0.000
0.000
0.000
0.000
0.000
0.000
0.000
0.000
0.000
0.000
0.000
0.000
0.000
0.000
0.000
0.000
0.000
0.000
0.000
0.000
0.000
0.000
0.000
0.000
0.000
0.000
0.000
0.000
0.000
0.000
0.000
0.000
0.000
0.000
0.000
0.000
0.000
0.000
0.000
0.000
0.000
0.000
0.000
0.000
0.000
0.000
0.000
0.000
0.000
0.000
0.000
0.000
0.000
0.000
0.000
0.000
0.000
0.000
0.000
0.000
0.000
0.000
0.000
0.000
0.000
0.000
0.000
0.000
0.000
0.000
0.000
0.000
0.000
0.000
0.536
0.062
0.000
0.000
0.000
0.000
0.000
0.000
0.000
0.000
0.000
0.000
0.000
0.000
0.000
0.000
0.000
0.000
0.000
0.000
0.000
0.000
0.000
0.000
0.000
0.000
1.311
0.000
0.000
0.000
0.000
0.000
0.000
0.000
0.000
0.000
0.000
0.000
0.000
0.000
0.000
0.000
0.000
0.000
0.000
0.000
0.000
0.000
0.000
0.000
0.000
0.000
0.000
0.000
0.000
0.000
0.249
0.060
1.325
0.000
0.000
0.000
0.000
0.000
0.000
0.007
0.000
0.000
0.000
0.000
0.000
0.000
0.000
0.000
0.000
0.000
0.000
0.000
0.000
0.000
0.000
0.021
0.065
0.910
0.000
0.000
0.000
0.000
0.000
0.000
0.000
0.000
0.000
0.000
0.000
0.021
0.000
0.000
0.000
0.000
0.000
0.000
0.000
0.000
0.000
0.000
0.000
0.000
0.000
0.000
0.000
0.000
0.000
0.000
0.000
0.000
0.000
0.000
0.000
0.000
0.000
0.000
0.000
0.000
0.000
0.000
0.000
0.000
0.000
0.000
0.000
0.000
0.000
0.247
3.054
0.366
0.112
0.003
0.000
0.024
0.089
0.010
0.000
0.000
0.000
0.000
0.000
0.000
0.644
0.621
3.910
8.030
11.446
3.960
4.106
1.363
7.508
16.157
0.024
0.000
0.000
1.442
3.622
11.858
28.005
102.873
28.667
2.152
0.421
0.007
0.086
0.000
0.031
0.003
0.000
0.000
1.641
0.249
0.043
0.407
2.376
7.706
5.292
0.462
15.235
7.428
10.094
0.515
3.328
4.537
4.123
3.183
3.102
0.802
0.000
0.000
0.000
0.000
0.000
8.513
0.069
0.872
10.125
89.103
54.303
19.865
44.251
6.319
0.812
4.676
4.868
6.121
3.896
0.321
1.713
1.346
0.534
0.000
0.137
0.024
37.278
36.205
35.211
5.291
1.919
0.930
0.443
1.845
19.470
37.029
22.189
30.657
10.509
0.748
0.039
0.000
0.000
0.000
0.000
0.000
0.000
0.000
0.000
0.000
0.000
0.000
0.000
0.000
0.000
0.000
0.027
0.003
0.000
0.839
0.132
0.003
0.000
0.000
0.000
0.000
0.000
0.000
0.000
0.000
0.000
0.000
0.000
0.000
0.000
0.000
0.000
0.000
0.000
0.000
0.000
0.000
0.000
0.000
0.000
0.000
0.000
0.000
0.000
0.000
0.000
0.000
0.000
0.000
0.000
0.000
0.000
0.000
0.000
0.000
0.000
0.000
0.000
0.000
0.000
0.000
0.335
0.000
0.000
0.000
0.000
0.000
0.000
0.000
0.000
0.000
0.000
0.000
0.000
0.000
0.000
0.000
0.000
0.000
0.000
0.000
0.000
0.000
0.000
0.000
0.000
0.000
0.000
0.000
0.000
0.000
0.000
0.000
0.000
0.000
0.000
0.000
0.000
0.000
0.000
0.000
0.000
0.000
0.000
0.000
0.000
0.000
0.000
0.000
0.000
0.439
0.505
0.000
0.000
0.000
0.000
0.000
0.000
0.000
0.000
0.000
0.508
0.000
0.000
0.000
0.000
0.000
0.000
0.000
0.000
0.000
0.000
0.000
0.000
0.000
0.000
0.000
0.000
0.003
0.000
0.000
0.000
3.402
0.439
0.000
0.000
0.000
0.000
0.000
0.000
0.000
0.000
0.000
0.000
0.000
0.000
0.000
0.000
0.000
0.529
11.230
0.086
0.000
0.000
0.000
0.000
0.000
0.000
0.000
0.000
0.000
0.000
0.000
0.000
0.000
0.000
0.000
0.000
0.000
0.000
0.000
0.000
0.000
0.000
0.000
0.000
0.000
0.000
0.000
0.000
0.000
0.000
0.000
0.000
0.000
0.000
0.000
0.000
0.000
0.000
0.000
0.000
0.000
0.000
0.000
0.000
0.000
0.000
0.000
0.000
0.000
0.000
0.000
0.000
0.000
0.000
0.000
0.000
0.000
0.000
0.000
0.000
0.000
0.000
0.000
0.000
0.000
0.000
0.000
0.000
0.000
0.000
0.000
0.000
0.000
0.000
0.000
0.000
0.000
0.000
0.000
0.000
0.000
0.000
0.000
0.000
0.000
0.000
0.000
0.000
0.000
0.000
0.000
0.003
0.000
0.000
0.000
0.000
0.003
0.000
0.000
0.000
0.000
0.000
0.000
0.000
0.000
0.000
0.000
0.079
0.017
0.000
0.000
0.000
0.000
0.000
0.000
0.668
13.566
19.425
47.107
15.491
13.729
1.274
14.571
2.517
1.816
8.308
1.514
0.000
21.399
9.956
0.821
4.659
3.668
22.137
19.980
50.570
26.926
23.417
17.705
20.720
15.213
15.948
0.100
16.884
8.857
30.236
64.329
15.763
14.386
25.202
25.483
15.743
5.743
11.646
18.613
24.800
5.437
7.399
15.813
11.999
3.054
6.702
4.807
12.090
12.284
23.571
31.599
7.165
6.185
26.487
28.873
22.141
9.689
7.512
7.629
2.678
3.675
0.048
0.000
0.082
1.075
1.797
0.951
1.703
11.867
26.669
7.067
2.880
15.625
18.291
13.611
105.767
49.390
3.713
4.101
7.224
5.382
0.542
2.000
0.798
0.000
0.000
1.440
0.270
0.000
0.000
2.973
4.207
0.007
0.766
7.162
2.583
0.043
5.493
6.993
1.301
0.476
1.964
1.866
0.318
0.000
0.644
0.537
0.299
0.718
0.000
0.000
0.000
0.000
0.000
0.000
0.000
0.000
0.000
0.000
0.000
0.000
0.000
0.000
0.000
0.000
0.000
0.000
0.000
0.000
0.000
0.000
0.000
0.000
0.000
0.000
0.000
0.000
0.000
0.000
0.000
0.000
0.000
0.000
0.000
0.000
0.000
0.000
0.000
0.000
0.000
0.000
0.000
0.000
0.000
0.000
0.000
0.000
0.000
0.000
0.000
0.000
0.000
0.000
0.000
0.000
0.000
0.000
0.000
0.000
0.000
0.000
0.000
0.000
0.000
0.000
0.000
0.000
0.000
0.000
0.000
0.000
0.000
0.000
0.000
0.000
0.000
0.000
0.000
0.000
0.000
0.000
0.000
0.000
0.000
0.000
0.000
0.000
0.000
0.000
0.000
0.000
0.000
0.000
0.000
0.240
0.000
0.000
0.000
0.000
0.000
0.000
0.000
0.000
0.000
0.000
0.000
0.000
0.000
0.000
0.000
0.000
0.000
0.000
0.000
0.000
0.000
0.000
0.000
0.000
0.000
0.000
0.000
0.000
0.000
0.000
0.000
0.000
0.000
0.000
0.000
0.000
0.000
0.000
0.000
0.000
0.000
0.000
0.000
0.000
0.000
0.000
0.000
0.000
0.000
0.000
0.000
0.000
0.000
0.000
0.000
0.000
0.000
0.000
0.000
0.000
0.000
0.000
0.000
0.000
0.000
0.000
0.000
0.000
0.000
0.000
0.000
0.000
0.000
0.000
0.000
0.000
0.000
0.000
0.000
0.000
0.000
0.000
0.000
0.000
0.000
0.000
0.000
0.000
0.000
0.000
0.000
0.000
0.000
0.000
0.000
0.000
0.000
0.000
0.000
0.000
0.000
0.000
0.000
0.000
0.000
0.000
0.000
0.000
0.000
0.000
0.000
0.000
0.000
0.000
0.000
0.000
0.000
0.000
0.000
0.000
0.000
0.062
0.319
0.453
1.047
3.107
2.764
15.226
0.196
0.000
0.000
0.048
0.000
0.000
0.000
0.000
0.000
0.000
0.000
0.000
0.000
0.000
0.000
0.000
0.000
0.000
0.000
0.000
0.000
0.000
0.000
0.000
0.000
0.021
5.428
4.319
0.209
0.000
1.040
2.417
5.637
1.960
12.871
1.205
0.000
0.000
0.000
0.000
0.000
1.957
5.735
4.001
8.796
23.253
21.846
14.705
2.674
1.818
0.151
0.000
25.550
1.497
0.774
8.499
6.393
2.977
0.455
3.177
0.000
0.000
1.123
0.345
0.524
8.677
7.488
2.911
0.058
0.010
0.179
0.000
0.034
0.003
0.010
0.000
4.338
2.265
0.025
12.182
0.881
3.531
6.006
6.166
8.697
8.740
13.129
5.363
8.332
12.881
37.681
11.763
21.802
4.458
38.807
8.134
4.480
10.554
8.381
2.097
14.054
11.839
0.041
0.139
0.000
0.000
0.024
0.024
0.373
0.026
0.565
4.723
2.782
0.148
0.000
0.000
0.000
0.000
0.000
0.000
0.010
1.001
0.000
1.358
1.439
5.744
4.238
25.947
30.381
0.027
0.121
0.000
0.007
0.000
2.057
6.302
0.003
0.136
2.693
82.567
8.652
25.635
24.031
29.168
22.671
3.922
2.261
0.000
2.585
3.926
0.386
0.000
0.000
0.000
0.000
0.000
0.000
0.000
0.000
0.000
0.000
0.000
0.000
0.000
0.000
0.000
0.000
0.000
0.000
0.000
0.000
0.000
0.000
0.000
0.000
0.000
0.000
0.000
0.000
0.000
0.000
0.404
0.007
0.000
0.000
0.000
0.000
0.000
0.000
0.000
0.000
0.000
0.000
0.000
0.000
0.000
0.000
0.000
0.000
0.000
0.000
0.000
0.000
0.000
0.000
0.000
0.000
0.000
0.000
0.000
0.000
0.000
0.000
0.000
0.000
0.000
0.000
0.000
0.000
0.000
0.000
0.000
0.000
0.000
0.000
0.000
0.000
0.000
0.000
0.000
0.000
0.209
0.000
0.000
0.000
0.000
0.000
0.000
0.000
0.000
0.000
0.000
0.000
0.000
0.000
0.000
0.000
0.000
0.000
0.000
0.000
0.000
0.000
0.000
0.000
0.000
0.000
0.000
0.000
0.000
0.007
1.078
0.436
0.000
0.000
0.000
0.000
0.000
0.000
0.000
0.000
0.000
0.000
0.000
0.000
0.000
0.000
0.000
0.000
0.000
0.000
0.000
0.000
0.000
0.000
0.000
0.000
0.000
0.000
0.000
0.000
0.000
0.000
0.000
0.000
0.000
0.000
0.000
0.000
0.000
0.000
0.000
0.000
0.000
0.000
0.000
0.000
0.000
0.000
0.000
0.000
0.000
0.000
0.000
0.000
0.000
0.000
0.000
0.000
0.000
0.000
0.000
0.000
0.000
0.000
0.000
0.000
0.000
0.000
0.000
0.000
0.000
0.000
0.000
0.000
0.000
0.000
0.000
0.000
0.000
0.000
0.000
0.000
0.000
0.000
0.000
0.000
0.000
0.000
0.000
1.632
0.220
0.000
0.000
0.000
0.000
0.000
0.000
0.000
0.000
0.000
0.000
0.000
0.000
0.000
0.000
0.000
0.000
0.000
0.000
0.000
0.000
0.000
0.000
0.000
0.000
0.000
0.000
0.000
0.000
0.017
0.000
0.000
0.000
0.000
0.000
0.000
0.000
0.000
0.000
0.000
0.000
0.000
0.000
4.712
7.311
12.583
0.000
0.000
0.000
0.000
0.048
0.000
0.755
0.000
0.507
1.076
13.626
5.354
0.000
11.884
12.262
13.587
22.513
18.881
23.756
20.223
6.357
13.200
6.238
0.328
0.153
1.905
0.237
19.203
2.388
16.203
9.771
3.713
0.444
9.610
8.853
0.000
0.000
0.000
0.000
0.000
2.302
4.570
11.585
41.995
12.898
6.060
13.264
9.079
11.028
4.525
9.198
4.393
5.179
2.961
1.662
1.928
9.285
0.134
1.243
0.003
1.219
0.000
2.987
2.791
0.319
1.620
2.922
3.598
4.154
1.940
0.034
0.000
0.539
0.000
0.051
0.000
1.140
0.000
0.000
0.000
0.000
0.000
0.007
0.165
2.316
2.323
4.062
1.205
19.207
28.957
11.271
21.112
13.393
24.555
31.551
33.137
3.445
15.731
0.010
7.972
6.152
25.957
0.130
2.316
1.348
0.846
0.053
0.021
0.014
0.000
0.051
0.000
0.000
0.000
0.000
0.000
0.000
0.000
0.000
0.000
0.000
0.000
0.000
0.000
0.000
0.000
0.000
0.000
0.000
0.000
0.000
0.000
0.000
0.000
0.000
0.000
0.000
0.000
0.000
0.000
0.000
0.000
0.000
0.000
0.000
0.000
0.000
0.000
0.000
0.000
0.000
0.000
0.000
0.000
0.000
0.000
0.000
0.000
0.000
0.000
0.000
0.000
0.000
0.000
0.000
0.000
0.000
0.000
0.000
0.000
0.000
0.000
0.000
0.000
0.000
0.000
0.000
0.000
0.000
0.000
0.000
0.000
0.000
0.000
0.000
0.000
0.000
0.000
0.000
0.000
0.000
0.000
0.000
0.000
0.000
0.000
0.000
0.000
0.000
0.000
0.000
0.000
0.000
0.000
0.000
0.000
0.000
0.000
0.000
0.000
0.000
0.000
0.000
0.000
0.000
0.000
0.000
0.000
0.000
0.000
0.000
0.000
0.000
0.000
0.000
0.000
0.000
0.000
0.000
0.000
0.000
0.000
0.000
0.000
0.000
0.000
0.000
0.000
0.000
0.000
0.000
0.000
0.000
0.000
0.000
0.000
0.000
0.000
0.000
0.000
0.000
0.000
0.000
0.000
0.000
0.000
0.000
0.000
0.000
0.000
0.000
0.000
0.000
0.000
0.000
0.000
0.000
2.975
3.203
0.000
0.000
0.000
0.783
0.000
0.000
0.000
0.000
0.000
0.000
0.000
0.000
0.000
0.000
0.000
0.000
0.000
0.000
0.000
0.000
0.000
0.000
0.000
0.000
0.000
0.000
0.000
0.000
0.000
0.000
0.000
0.000
0.000
0.000
0.000
0.000
0.000
0.000
0.000
0.000
0.000
0.000
0.000
0.000
0.000
0.000
0.000
0.000
0.000
0.000
0.000
0.000
0.000
0.000
0.000
0.000
0.000
0.000
0.000
0.000
0.000
0.000
0.000
0.000
0.000
0.000
0.000
0.000
0.000
0.000
0.522
3.750
2.327
0.362
0.000
0.007
0.324
0.026
0.000
0.000
0.000
0.000
6.853
18.848
6.049
0.062
0.010
0.000
0.000
0.000
0.000
0.000
0.000
0.474
0.117
0.021
0.000
0.000
0.000
0.000
1.538
0.003
0.000
0.000
0.000
0.271
2.434
13.942
19.291
26.480
7.481
6.487
2.898
0.206
0.000
0.000
0.754
4.905
3.682
17.727
8.150
14.930
18.230
4.197
4.003
0.046
1.053
2.257
4.720
14.961
4.622
6.253
16.069
3.001
12.544
11.208
14.848
11.398
14.022
6.693
32.188
34.751
14.399
12.666
19.341
5.506
10.025
23.470
16.862
11.743
27.160
16.315
34.617
52.741
13.197
21.762
7.697
11.393
7.965
3.006
26.872
76.998
27.888
12.608
17.321
15.129
3.145
3.000
3.715
2.146
2.242
1.032
0.000
12.766
21.743
1.303
6.642
3.172
17.721
9.124
3.437
0.719
0.258
0.077
3.359
0.142
0.014
0.118
2.141
1.227
0.089
2.659
6.132
6.446
0.857
8.720
12.741
21.351
1.499
6.008
4.807
3.802
1.624
0.017
0.000
0.000
0.000
0.000
0.000
0.000
0.000
0.000
0.000
0.000
0.000
0.000
0.000
0.000
0.000
0.000
0.000
0.000
0.026
0.029
0.000
0.000
0.000
0.000
0.000
0.000
0.000
0.000
0.000
0.000
0.000
0.000
0.000
0.000
0.000
0.000
0.000
0.000
0.209
0.000
0.000
0.000
0.000
0.000
0.000
0.000
0.000
0.000
0.000
0.000
0.000
0.000
0.000
0.000
0.000
0.000
0.000
0.000
0.000
0.000
0.000
0.000
0.000
0.000
0.000
0.000
0.000
0.000
0.000
0.000
0.000
0.000
0.000
0.000
0.000
0.000
0.000
0.000
0.000
0.000
0.000
0.000
0.000
0.000
0.000
0.000
0.000
0.000
0.000
0.000
0.000
0.000
0.000
0.000
0.000
0.000
0.000
0.000
0.000
0.000
0.000
0.000
0.000
0.000
0.000
0.000
0.000
0.000
0.000
0.000
0.000
0.000
0.000
0.000
0.000
0.000
0.000
0.000
0.000
0.000
0.003
0.716
0.000
0.000
0.000
0.000
0.000
0.000
0.000
0.000
0.000
0.000
0.172
0.512
0.000
0.201
0.000
0.000
0.000
0.000
0.000
0.000
0.000
0.000
0.000
0.000
0.034
0.000
0.000
0.000
0.000
0.041
0.000
0.000
0.000
0.000
0.000
0.000
0.000
0.000
0.000
0.000
0.021
0.003
0.000
0.000
0.000
0.000
0.000
0.000
0.000
0.000
0.000
0.000
0.000
0.000
0.000
0.000
0.000
0.000
0.000
0.000
0.000
0.000
0.000
0.000
0.000
0.000
0.000
0.000
0.000
0.000
0.000
0.000
0.000
0.000
0.000
0.000
0.000
0.000
0.000
0.000
0.000
0.000
0.000
0.000
0.000
0.000
0.000
0.000
0.000
0.000
0.000
0.000
0.000
0.000
0.000
0.069
0.000
0.000
0.000
0.000
0.000
0.000
0.000
0.000
0.000
0.000
0.000
0.000
0.000
0.000
0.000
0.000
0.000
0.000
0.000
0.000
0.000
0.000
0.000
0.000
0.000
0.000
0.031
5.665
2.365
0.395
0.161
0.124
0.000
0.000
0.000
0.000
0.031
0.014
2.156
3.856
0.542
1.414
2.977
2.022
17.973
3.042
1.102
0.031
1.150
29.248
0.426
10.303
0.120
4.031
1.353
5.301
38.140
154.615
82.808
6.027
16.306
0.633
51.421
154.837
14.504
17.964
5.900
22.836
4.115
0.159
17.171
7.642
3.243
0.513
2.772
0.010
9.472
9.959
0.671
21.071
0.402
6.708
14.696
2.168
14.651
8.051
10.847
20.165
16.150
4.123
11.261
15.760
80.164
37.729
16.025
6.046
7.627
10.839
11.492
7.702
2.556
6.080
3.437
1.934
1.269
0.273
3.217
8.319
32.799
0.177
0.010
5.507
21.983
12.705
3.922
21.513
12.111
8.174
15.997
20.519
8.317
14.215
11.007
2.927
1.464
0.134
3.603
2.199
0.034
3.011
0.000
0.007
0.419
0.000
0.000
1.140
2.008
5.480
8.805
11.689
0.340
0.742
4.702
4.513
0.218
0.000
0.000
0.000
0.000
0.000
0.000
0.000
0.000
0.000
0.000
0.000
0.000
0.000
0.000
0.000
0.000
0.000
0.000
0.000
0.000
0.000
0.000
0.000
0.000
0.000
0.000
0.000
0.000
0.000
0.000
0.000
0.000
0.000
0.000
0.000
0.000
0.000
0.000
0.000
0.000
0.000
0.000
0.000
0.000
0.000
0.000
0.000
0.000
0.000
0.000
0.000
0.000
0.000
0.000
0.000
0.000
0.000
0.000
0.000
0.000
0.000
0.000
0.000
0.000
0.340
0.000
0.000
0.000
0.000
0.000
0.000
0.000
0.000
0.000
0.000
0.000
0.000
0.000
0.000
0.000
0.000
0.000
0.000
0.000
0.000
0.000
0.000
0.000
0.000
0.000
0.000
0.000
0.000
0.000
0.000
0.000
0.000
0.000
0.000
0.000
0.000
0.000
0.000
0.000
0.000
0.000
0.000
0.000
0.000
0.000
0.000
0.000
0.000
0.000
0.000
0.000
0.000
0.000
0.000
0.000
0.000
0.000
0.000
0.106
0.000
0.000
0.000
0.064
0.000
0.000
0.000
0.000
0.000
0.000
0.000
0.000
0.000
0.000
0.000
0.000
0.000
0.000
0.000
0.000
0.000
0.000
0.000
0.000
0.000
0.000
0.000
0.000
0.000
0.000
0.000
0.000
0.000
0.000
0.000
0.000
0.000
0.000
0.000
0.000
0.000
0.000
0.204
0.000
0.000
0.000
0.000
0.000
0.000
0.000
0.000
0.000
0.000
0.000
0.086
0.000
0.000
0.000
0.000
0.027
0.000
0.000
0.000
0.017
12.063
6.916
0.000
0.000
0.000
0.000
0.000
0.000
0.000
0.000
0.000
0.000
0.000
0.000
0.000
0.000
0.000
0.000
0.000
0.000
0.000
0.000
0.000
0.000
0.000
0.000
0.000
0.000
0.000
0.000
0.000
0.000
0.065
0.003
0.000
0.000
0.000
0.000
0.000
0.000
0.000
0.000
0.000
0.000
0.000
0.000
0.000
0.000
0.000
0.000
0.000
0.000
0.000
0.000
0.000
0.000
0.000
0.000
0.031
0.007
0.000
0.000
3.797
22.495
3.447
9.613
0.151
1.157
9.282
146.393
14.547
46.597
8.422
0.189
1.164
0.024
1.044
1.542
0.927
0.778
0.240
0.134
4.240
1.421
6.866
0.089
11.494
11.927
2.187
16.346
1.993
6.145
1.933
0.827
4.940
2.391
27.442
42.680
19.969
7.084
11.125
6.256
0.144
0.038
0.000
0.330
0.137
2.637
2.803
0.877
1.825
10.399
6.793
6.176
16.438
166.946
2.723
14.124
12.044
15.827
69.640
19.581
11.222
19.904
3.950
1.959
12.091
1.914
4.094
21.727
62.270
16.933
7.213
1.512
0.395
0.069
0.233
0.409
0.000
0.051
0.364
2.225
1.181
11.714
0.443
0.199
0.000
0.000
0.003
0.000
0.000
0.000
0.000
1.363
3.928
13.632
15.388
0.041
0.000
0.803
13.084
22.519
13.949
11.697
12.377
8.429
23.495
21.461
8.851
0.127
0.124
2.606
0.577
0.000
0.000
0.000
0.017
0.038
0.000
0.000
0.000
2.122
2.233
0.000
1.730
0.000
0.175
0.000
0.000
0.000
0.000
0.000
0.000
0.000
0.000
0.000
0.000
0.000
0.000
0.000
0.000
0.000
0.000
0.000
0.000
0.000
0.000
0.000
0.000
0.000
0.000
0.000
0.000
0.000
0.000
0.000
0.000
0.000
0.000
0.000
0.000
0.000
0.000
0.000
0.000
0.000
0.000
0.000
1.514
5.013
0.000
0.000
0.000
0.000
0.000
0.000
0.000
0.000
0.000
0.000
0.031
4.334
0.000
0.000
0.000
0.000
0.000
0.000
0.000
0.000
0.000
0.000
0.000
0.000
0.000
0.000
0.000
0.000
0.000
0.000
0.000
0.000
0.000
0.000
0.000
0.000
0.000
0.000
0.000
0.000
0.000
0.000
0.000
0.000
0.000
0.000
0.014
0.000
0.000
0.000
0.000
0.000
0.000
0.000
0.000
0.000
0.000
0.000
0.000
0.000
0.000
0.000
0.000
0.000
0.000
0.000
0.000
0.000
0.000
0.000
0.000
0.000
0.000
0.000
0.000
0.000
0.000
0.000
0.000
0.000
0.000
0.000
0.000
0.000
0.000
0.000
0.000
0.000
0.000
0.000
0.000
0.000
0.000
0.000
0.000
0.000
0.000
0.000
0.000
0.000
0.000
0.000
0.000
0.000
0.000
0.000
0.000
0.000
0.000
0.000
0.000
0.000
0.000
0.000
0.000
0.000
0.000
0.000
0.000
0.000
0.000
0.000
0.000
0.000
0.000
0.000
0.000
0.000
0.000
0.000
0.000
0.000
0.000
0.000
0.000
0.000
0.230
0.378
0.000
0.000
0.000
0.000
0.000
0.000
0.000
0.000
0.000
0.000
0.000
0.000
0.000
0.000
0.000
0.000
0.000
0.000
0.000
0.000
0.000
0.000
0.000
0.000
0.000
0.000
0.000
0.000
0.000
0.000
0.000
0.000
0.000
0.000
0.000
0.000
0.000
0.000
0.000
0.000
0.000
0.000
0.000
0.563
0.000
0.000
0.000
0.000
0.000
0.000
0.000
0.000
0.000
0.213
0.669
0.000
0.000
0.000
0.000
0.000
0.000
0.000
0.000
0.000
0.000
0.000
0.000
0.000
0.000
0.000
0.031
1.655
0.000
0.000
0.000
0.000
0.000
0.309
20.704
2.405
0.446
14.552
22.984
1.286
0.140
3.999
13.201
4.080
0.699
0.000
0.000
0.000
0.367
77.102
89.053
14.335
17.813
25.315
54.913
51.930
11.756
46.511
26.942
2.232
16.898
26.288
11.739
48.922
7.603
15.989
10.442
2.805
1.655
3.273
1.917
0.925
2.033
2.350
0.606
0.039
0.285
1.796
0.474
0.400
3.946
3.365
0.112
0.932
7.256
0.930
1.257
1.183
0.000
0.000
0.000
0.000
0.869
0.000
0.000
0.000
0.398
1.959
1.701
34.293
28.743
30.197
5.028
2.493
12.782
3.375
3.766
9.891
2.465
1.840
0.014
0.000
0.000
0.000
0.000
0.000
0.000
0.000
0.000
0.000
0.000
0.000
0.000
0.000
0.000
0.000
0.000
0.000
0.000
0.000
0.000
0.000
0.488
0.000
0.000
1.878
18.773
3.128
0.000
0.000
0.000
0.000
0.000
0.000
0.920
0.000
0.000
0.000
0.000
0.000
0.000
0.000
0.000
0.000
0.000
0.000
0.000
0.000
0.000
0.000
0.000
0.000
0.000
0.000
0.000
0.000
0.000
0.000
0.000
0.000
0.000
0.000
0.000
0.000
0.805
1.006
0.003
0.000
0.000
0.000
0.024
0.000
0.000
0.000
0.000
0.000
0.000
0.000
0.000
0.000
0.000
0.000
0.000
0.000
0.000
0.000
0.000
0.000
0.000
0.000
0.000
0.000
0.000
0.000
0.000
0.000
0.000
0.000
0.000
0.000
0.000
0.000
0.000
0.000
0.000
0.000
0.000
0.000
0.000
0.000
0.000
0.000
0.100
0.000
0.000
0.000
0.000
0.027
0.000
0.000
0.000
0.000
0.000
0.000
0.000
0.000
0.481
0.000
0.000
0.000
0.000
0.000
0.000
0.000
0.000
0.000
0.000
0.000
0.000
0.000
0.000
0.000
0.000
0.000
0.000
0.000
0.000
0.000
0.000
0.000
0.000
0.000
0.000
0.000
0.000
0.000
0.000
0.000
0.000
0.000
0.000
0.000
0.000
0.000
0.000
0.000
0.000
0.300
0.000
0.000
0.000
0.000
0.000
0.000
0.000
0.000
0.000
0.000
0.000
0.000
0.000
0.000
0.000
0.000
0.000
0.000
0.000
0.000
0.000
0.000
0.000
0.000
0.000
0.000
0.000
0.000
0.000
0.000
0.000
0.000
0.000
0.000
0.000
0.000
0.000
0.000
0.000
0.000
0.000
0.000
0.000
0.000
0.000
0.000
0.000
0.000
0.000
0.000
0.000
0.000
0.000
0.000
0.000
0.000
0.000
0.000
0.000
0.000
0.000
0.000
0.000
0.000
0.000
0.000
0.000
0.000
0.000
0.000
0.000
0.000
0.000
0.000
0.000
0.000
0.000
0.000
0.000
0.000
0.000
0.000
0.000
0.000
0.000
0.000
0.000
0.000
0.000
0.000
0.000
0.000
0.000
0.000
0.000
0.000
0.000
0.000
0.000
1.382
4.429
0.369
3.128
0.312
5.675
0.414
0.000
0.000
0.034
0.000
0.000
0.000
5.140
5.243
0.209
0.000
0.000
0.000
0.000
1.739
0.889
1.590
1.789
0.457
0.000
0.335
0.125
0.000
0.000
0.112
0.922
15.343
21.360
14.219
15.899
18.137
7.750
1.687
11.299
3.813
19.624
16.818
6.851
0.706
4.410
3.931
0.716
2.638
9.931
17.805
14.107
33.417
26.383
2.386
14.385
5.409
2.378
2.994
7.718
45.674
13.252
7.484
20.108
5.335
3.232
31.325
4.034
6.194
20.647
18.073
7.581
6.794
3.852
6.166
1.792
4.546
7.608
6.145
0.982
1.929
11.896
0.896
1.802
1.699
13.657
18.824
3.694
21.171
11.340
23.799
4.360
3.720
1.645
7.454
6.781
8.150
10.931
8.940
33.316
9.232
6.101
2.826
7.388
19.511
16.291
7.908
1.366
0.000
0.103
0.000
0.000
0.010
0.233
0.000
0.000
0.000
0.000
0.000
0.000
0.000
0.000
0.000
0.000
0.000
0.000
0.000
0.000
0.000
0.000
0.000
0.000
4.672
0.076
0.000
0.000
0.000
0.000
0.110
1.081
0.913
0.000
0.021
0.000
0.000
0.000
0.000
0.000
0.000
0.000
0.000
0.003
0.000
0.000
0.000
0.000
0.000
0.000
0.000
0.000
0.024
0.467
0.759
1.133
12.003
0.735
5.335
1.006
9.352
0.161
0.007
0.000
0.000
3.306
1.612
13.304
0.481
0.000
0.000
0.000
0.000
0.000
0.000
0.000
0.000
0.000
0.000
0.000
0.000
0.000
0.000
0.000
0.000
0.000
0.000
0.000
0.000
0.000
0.000
0.000
0.000
0.000
0.000
0.000
0.000
0.000
0.000
0.000
0.000
0.879
2.753
0.676
0.000
0.000
0.000
0.000
0.000
0.000
0.000
0.000
0.000
0.000
0.000
0.000
0.000
0.000
0.000
0.000
0.000
0.000
0.000
0.000
0.000
0.000
0.000
0.000
0.000
0.000
0.000
0.000
0.003
0.000
0.000
0.000
0.000
0.000
0.002
0.000
0.000
0.000
0.000
0.000
0.000
0.000
0.002
0.002
0.000
0.000
1.555
0.261
0.000
0.000
0.000
0.000
0.000
0.000
0.000
0.000
0.000
0.000
0.000
0.000
0.000
0.002
0.000
0.000
0.000
0.000
0.000
0.000
0.000
0.000
0.002
0.000
0.002
0.002
0.000
0.000
0.000
0.000
0.000
0.000
0.000
0.000
0.000
0.002
0.002
0.000
0.002
0.000
0.000
0.000
0.002
0.000
0.000
0.000
0.000
0.000
0.000
0.000
0.000
0.000
0.000
0.000
0.000
0.002
0.000
0.000
0.000
0.000
0.000
0.000
0.000
0.000
0.000
0.002
0.000
0.000
0.000
0.000
0.000
0.000
0.000
0.000
0.000
0.000
0.000
0.000
0.000
0.000
0.000
0.000
0.000
0.000
0.000
0.000
0.000
0.000
0.000
0.014
0.000
0.000
0.000
0.003
0.000
2.544
0.000
0.000
0.000
0.000
0.000
0.000
0.000
0.000
0.027
0.000
0.086
0.041
0.000
0.017
0.129
2.081
1.184
0.021
0.010
0.000
1.051
1.926
3.756
0.010
2.556
3.957
0.937
3.004
0.034
3.450
5.802
11.994
0.731
1.396
30.935
273.141
9.678
5.200
2.304
10.828
7.536
10.997
7.505
71.188
37.819
48.724
24.702
88.361
18.515
13.546
9.522
29.201
9.465
17.216
15.853
63.412
11.168
4.353
2.551
12.569
39.506
6.739
6.444
19.219
26.405
26.662
25.524
14.366
49.380
37.288
20.929
22.422
15.017
17.709
10.605
5.191
46.294
82.828
12.497
20.871
10.959
25.814
53.375
49.627
14.801
10.650
5.744
5.788
28.776
38.686
21.059
25.993
23.500
41.089
12.391
22.239
34.943
32.056
38.778
39.281
56.968
24.094
24.795
57.855
45.130
9.191
7.788
12.332
12.614
10.707
25.887
26.903
3.742
0.038
11.333
7.397
26.252
5.430
4.115
4.779
0.101
6.029
3.279
1.432
7.340
5.191
4.686
0.275
1.538
0.000
0.002
0.000
0.002
0.000
0.000
0.000
0.000
0.518
0.000
0.000
0.000
0.000
0.000
0.000
0.000
0.167
0.151
0.000
0.000
0.000
0.000
0.000
0.000
0.000
0.000
0.000
0.000
0.000
0.002
0.000
0.000
0.000
0.002
0.000
0.000
0.000
0.000
0.000
0.000
0.000
0.000
0.000
0.000
0.000
0.000
0.000
0.000
0.000
0.000
0.000
0.000
0.000
0.000
0.000
0.000
0.000
0.002
0.000
0.000
0.000
0.000
0.000
0.000
0.000
0.000
0.000
0.000
0.000
0.000
0.000
0.002
0.000
0.000
0.000
0.000
0.000
0.000
0.000
0.000
0.000
0.000
0.000
0.000
0.000
0.000
0.000
0.000
0.000
0.000
0.000
0.000
0.000
0.000
0.000
0.000
0.000
0.000
0.000
0.000
0.000
0.003
0.000
0.000
0.000
0.000
0.000
0.000
0.002
0.000
0.000
0.002
0.000
0.000
0.000
0.000
0.000
0.000
0.000
0.000
0.003
0.000
0.000
0.000
0.000
0.000
0.000
0.000
0.021
0.000
0.000
0.000
0.000
0.000
0.000
0.000
0.000
0.000
0.000
0.002
0.000
0.000
0.000
0.000
0.000
0.000
0.000
0.000
0.000
0.000
0.000
0.000
0.002
0.000
0.000
0.000
0.000
0.000
0.000
0.000
0.000
0.000
0.000
0.000
0.000
0.000
0.000
0.000
0.000
0.002
0.000
0.000
0.000
0.000
0.000
0.000
0.000
0.000
0.000
0.000
0.000
0.000
0.000
0.000
0.000
0.000
0.000
0.000
0.000
0.000
0.000
0.000
0.000
0.000
0.000
0.000
0.000
0.000
0.000
0.000
0.000
0.000
0.000
1.859
0.000
0.000
0.000
0.000
0.000
0.000
0.000
0.000
0.000
0.000
0.000
0.000
0.000
0.000
0.000
0.000
0.010
3.042
0.000
0.002
0.000
0.093
0.076
0.000
0.000
0.000
0.000
0.000
0.000
0.000
0.000
0.000
0.000
0.000
0.000
0.000
0.000
0.000
0.000
0.000
0.000
0.000
0.000
0.000
0.000
0.000
0.000
0.000
0.048
0.089
0.007
1.040
0.748
6.527
2.129
0.745
2.867
1.095
0.105
0.081
0.663
0.213
0.024
0.000
0.000
0.007
0.309
0.041
0.264
0.000
0.000
12.083
6.334
5.812
89.597
53.725
37.309
9.889
23.523
8.429
64.414
107.834
38.480
23.219
8.899
8.061
19.207
5.517
28.219
6.142
1.078
1.456
34.494
6.224
7.248
15.635
22.340
4.237
3.474
16.637
19.858
28.825
4.151
16.988
10.705
3.457
9.860
14.565
42.931
30.127
21.492
6.705
18.261
16.639
21.707
104.150
10.269
14.610
26.127
7.000
9.424
7.618
24.112
23.739
33.440
26.000
18.594
15.108
27.435
39.379
21.566
18.658
36.619
38.401
13.553
27.047
23.906
15.292
48.156
72.118
18.793
12.205
13.293
16.267
8.832
11.536
16.823
6.547
0.518
4.092
6.485
0.831
10.138
15.438
22.295
17.800
10.986
1.439
0.000
0.000
0.000
0.000
0.000
0.000
0.000
0.000
0.491
0.048
0.000
0.036
0.000
0.000
0.000
0.000
0.000
0.000
0.000
0.000
0.000
0.000
0.000
0.000
0.000
0.000
0.000
0.000
0.002
0.000
0.000
0.000
0.000
0.000
0.002
0.000
0.000
0.000
0.000
0.000
0.000
0.000
0.000
0.000
0.000
0.002
0.000
0.000
0.000
0.000
0.000
0.002
0.000
0.000
0.000
0.000
0.000
0.002
0.000
0.000
0.000
0.000
0.000
0.000
0.000
0.000
0.000
0.000
0.003
0.000
0.000
0.000
0.000
0.000
0.000
0.000
0.000
0.000
0.002
0.000
0.000
0.000
0.000
0.000
0.000
0.000
0.000
0.000
0.000
0.000
0.000
0.002
0.000
0.000
0.000
0.000
0.000
0.000
0.000
0.000
0.000
0.000
0.000
0.000
0.000
0.000
0.000
0.000
0.000
0.000
0.000
0.000
0.000
0.000
0.090
0.000
0.000
0.000
0.002
0.000
0.000
0.002
0.000
0.000
0.000
0.000
0.000
0.000
0.000
0.000
0.000
0.000
0.000
0.000
0.000
0.000
0.000
0.000
0.000
0.000
0.000
0.065
1.136
0.003
0.000
0.000
0.000
0.000
0.000
0.000
0.000
0.003
0.000
0.000
0.000
0.000
0.000
0.000
0.000
0.000
0.000
0.000
0.000
0.000
0.000
0.000
0.000
0.002
0.002
0.000
0.000
0.000
0.000
0.000
0.000
0.000
0.000
0.000
0.002
0.000
0.000
0.000
0.003
0.000
0.000
0.000
0.000
0.000
0.000
0.000
0.000
0.000
0.000
0.000
0.000
0.106
0.010
0.000
0.000
0.000
0.000
0.000
0.000
0.000
0.000
0.003
0.542
0.058
0.048
0.120
0.000
0.000
0.000
0.000
0.000
0.000
0.000
0.003
0.000
0.000
0.000
0.000
0.000
0.000
0.000
0.000
0.000
0.000
0.000
0.000
0.000
0.000
0.000
0.000
0.000
0.000
0.000
0.000
0.000
0.000
0.002
0.000
0.000
0.000
0.000
0.000
0.000
0.000
0.000
1.159
5.564
0.449
2.460
5.593
5.867
12.229
0.462
5.782
0.462
16.546
3.650
1.979
0.402
6.882
25.667
144.731
8.695
1.215
5.199
3.375
0.057
0.001
6.571
0.401
14.188
14.610
1.883
1.786
22.723
7.440
1.938
10.356
2.882
16.030
40.255
28.980
39.805
26.580
30.219
14.917
5.589
34.926
17.540
1.178
30.995
110.301
33.474
37.288
16.986
151.968
1.984
19.123
26.884
15.858
28.000
129.364
25.243
14.598
4.987
42.562
22.074
22.333
16.390
4.285
15.329
22.622
17.455
33.999
39.693
16.675
17.691
43.647
30.247
21.217
11.028
18.234
15.384
2.297
7.366
21.490
24.177
17.815
28.312
11.326
13.263
0.003
0.110
1.517
3.086
5.903
6.678
8.334
5.452
5.897
4.334
2.702
14.878
10.710
0.846
0.002
0.017
2.922
0.127
0.450
1.045
3.492
2.362
0.076
0.003
0.000
24.372
46.029
51.100
38.068
6.145
24.740
6.111
28.274
23.482
20.668
8.319
15.659
9.393
1.487
8.581
5.383
26.958
19.274
14.658
4.655
6.142
1.142
0.014
0.000
0.000
0.000
0.000
0.000
0.000
0.000
0.000
0.000
0.000
0.000
0.000
0.000
0.000
0.002
0.000
0.000
0.000
0.000
0.000
0.000
0.000
0.000
0.000
0.003
0.000
0.000
0.000
0.001
0.000
0.000
0.000
0.000
0.000
0.000
0.000
0.000
0.000
0.000
0.000
0.000
0.000
0.000
0.000
0.000
0.000
0.000
0.000
0.000
0.002
0.000
0.000
0.000
0.000
0.000
0.002
0.000
0.000
0.000
0.000
0.000
0.003
0.002
0.000
0.000
0.002
0.000
0.000
0.000
0.000
0.000
0.000
0.000
0.000
0.002
0.000
0.000
0.000
0.000
0.000
0.000
0.096
0.148
0.000
0.000
0.000
0.000
0.000
0.000
0.000
0.000
0.000
0.000
0.000
0.000
0.000
0.000
0.000
0.007
21.986
2.105
0.000
0.002
0.000
0.000
0.000
0.000
0.000
0.000
0.000
0.000
0.000
0.000
0.000
0.000
0.000
0.000
0.000
0.000
0.000
0.000
0.000
0.000
0.000
0.000
0.000
0.000
0.000
0.000
0.000
0.000
0.000
0.000
0.110
0.151
0.108
0.000
0.000
0.002
0.000
0.000
0.002
0.000
0.000
0.000
0.000
0.000
0.003
0.000
0.000
0.000
0.000
0.000
0.000
0.000
0.000
0.000
0.000
0.000
0.002
0.000
0.000
0.000
0.000
0.000
0.000
0.000
0.000
0.000
0.000
0.000
0.000
0.003
0.002
0.000
0.000
0.000
0.000
0.000
0.000
0.000
0.000
0.000
0.000
0.000
0.000
0.000
0.687
0.295
0.031
0.000
0.000
0.000
0.000
0.000
0.000
0.000
0.000
0.000
0.003
0.000
0.000
0.000
0.010
0.000
0.000
0.002
0.000
0.000
0.000
0.000
0.000
0.000
0.000
1.051
0.965
0.000
0.000
0.000
0.000
0.000
0.000
0.000
0.000
0.000
0.000
0.000
0.000
0.000
0.000
0.002
0.000
0.014
0.000
0.031
0.002
0.000
0.000
0.000
0.000
0.896
0.079
0.000
0.350
0.254
0.374
0.316
0.010
5.061
0.000
0.000
0.125
0.378
0.048
0.512
0.271
0.000
0.000
0.002
0.000
0.007
0.117
3.296
0.000
0.002
0.000
0.007
0.000
0.220
5.703
4.758
2.937
7.553
34.102
14.344
19.724
6.461
24.726
124.170
12.284
9.568
14.011
36.411
38.988
46.785
25.959
29.977
186.811
248.294
39.812
12.411
