20000101
0.000
0.000
0.000
0.000
0.000
0.000
0.000
0.000
0.000
0.000
0.000
0.000
0.000
0.000
0.000
0.000
0.000
0.000
0.000
0.000
0.000
0.000
0.000
0.000
0.000
0.000
0.000
0.000
0.000
0.000
0.000
0.000
0.000
0.000
0.000
0.632
0.000
0.000
0.000
0.000
0.000
0.000
0.000
0.000
0.000
0.000
0.000
0.000
0.000
0.000
0.000
0.000
0.000
0.000
0.000
0.000
0.000
0.000
0.000
0.000
0.000
0.000
0.000
0.000
0.000
0.000
0.000
0.000
0.000
0.000
0.000
0.000
0.000
0.000
0.000
0.000
0.000
0.000
0.000
0.000
0.000
0.000
0.000
0.000
0.000
0.000
0.000
0.000
0.000
0.000
0.000
0.000
0.000
0.000
0.000
0.000
0.000
0.000
0.000
0.000
0.000
0.000
0.000
0.000
0.000
0.000
0.000
0.000
0.000
0.000
0.000
0.000
0.000
0.000
0.000
0.000
0.000
0.000
0.000
0.000
0.000
0.000
0.000
0.000
0.000
0.000
0.639
0.069
0.000
0.000
0.000
0.680
0.254
7.206
0.512
0.154
0.323
5.915
10.392
0.872
0.000
0.000
0.000
0.000
0.000
0.000
0.000
0.000
0.000
0.457
1.699
0.522
0.093
0.024
0.000
1.016
1.136
0.000
0.000
0.000
0.000
0.000
0.000
0.000
0.628
0.161
0.635
0.151
0.017
0.000
0.000
0.000
0.000
0.000
0.000
0.041
0.007
0.000
0.000
0.000
4.127
8.587
7.344
37.348
3.778
3.581
0.378
2.705
1.019
1.802
1.244
11.632
2.688
2.194
13.752
14.150
63.465
2.729
13.603
7.472
1.325
0.956
7.926
0.780
1.428
0.000
0.000
0.093
0.010
0.000
0.000
2.380
1.945
0.180
0.000
0.278
0.000
0.000
0.000
0.000
0.003
0.609
1.018
0.340
21.321
15.803
12.523
12.938
14.688
2.644
1.547
1.767
27.714
8.144
22.313
5.845
7.823
0.000
3.790
11.322
20.263
2.405
0.539
2.058
1.739
0.957
0.185
0.143
3.697
0.141
0.000
0.000
0.000
0.000
0.000
0.000
0.000
0.000
0.000
0.000
0.000
0.000
0.000
0.000
0.000
0.731
0.000
0.245
0.235
0.000
0.000
0.000
0.000
0.000
0.000
0.000
0.000
0.000
0.000
0.000
0.000
0.000
0.000
0.072
0.047
0.113
0.000
0.000
0.000
0.000
0.000
0.000
0.000
0.000
0.000
0.000
0.000
0.000
0.000
0.000
0.000
0.000
0.000
0.000
0.000
0.000
0.000
0.000
0.000
0.000
0.000
0.000
0.000
0.000
0.000
0.000
0.000
0.000
0.000
0.000
0.000
0.000
0.000
0.000
0.000
0.000
0.000
0.000
0.000
0.000
0.000
0.000
0.000
0.000
0.000
0.000
0.000
0.000
0.000
0.000
0.000
0.000
0.000
0.000
0.000
0.000
0.000
0.000
0.000
0.000
0.000
0.000
0.000
0.000
0.000
0.000
0.000
0.000
0.000
0.000
0.000
0.000
0.000
0.000
1.828
0.288
0.000
0.000
0.000
0.000
0.000
0.000
0.000
0.000
0.000
0.000
0.000
0.000
0.000
0.000
0.000
0.000
0.000
0.000
0.000
0.000
0.000
0.000
0.000
0.000
0.000
0.000
0.000
0.000
0.000
0.000
0.000
0.000
0.000
0.000
0.000
0.000
0.000
0.000
0.000
0.000
0.000
0.000
0.000
0.000
0.000
0.000
0.000
0.000
0.000
0.000
0.000
0.000
0.000
0.000
0.000
0.000
0.000
0.000
0.000
0.000
0.000
0.000
0.000
0.000
0.000
0.000
0.000
0.000
0.000
0.000
0.000
0.000
0.000
0.000
0.000
0.000
0.000
0.000
0.000
0.000
0.000
0.000
0.000
0.000
0.000
0.000
0.000
0.000
0.000
0.000
0.000
0.000
0.000
0.000
0.000
0.000
0.000
0.000
0.000
0.000
0.000
0.000
0.017
0.000
0.000
0.010
0.069
0.000
0.000
0.000
0.000
0.000
0.000
0.000
0.000
0.000
0.000
0.000
0.000
0.000
0.000
0.000
0.000
0.000
0.000
0.000
0.000
0.000
0.000
0.000
0.000
0.000
0.000
0.000
0.000
0.000
0.204
1.804
0.249
0.000
1.172
0.144
0.000
0.000
0.129
0.010
0.000
0.000
0.373
18.886
4.952
0.427
0.086
0.652
0.723
0.378
4.008
0.017
3.159
3.984
7.938
23.130
43.326
14.528
20.472
23.806
6.568
34.236
20.599
4.268
0.079
0.000
0.000
0.000
0.896
0.591
2.919
0.245
1.032
1.131
0.076
4.504
4.913
34.320
217.739
26.287
2.489
7.814
11.694
31.572
4.678
44.143
22.900
18.994
5.153
8.954
4.274
4.285
3.840
1.075
59.019
29.182
13.187
32.671
20.682
18.121
15.616
16.352
21.725
3.713
2.156
0.357
5.210
0.515
0.212
6.653
7.941
3.401
29.807
30.969
38.500
29.128
15.559
6.719
16.575
7.855
11.979
43.181
61.977
0.378
0.000
0.034
0.427
1.222
1.110
12.468
10.195
0.539
0.000
0.127
0.014
0.163
0.000
0.000
0.000
0.000
0.529
0.069
0.000
1.917
5.725
0.072
0.000
0.000
0.000
0.551
1.132
0.045
0.017
0.000
0.000
0.108
1.718
1.020
0.000
0.000
0.000
0.000
0.000
0.000
0.000
0.000
0.000
0.000
0.000
1.334
1.596
0.000
0.000
0.000
0.136
0.000
9.294
20.923
73.409
25.559
0.367
0.000
0.000
0.000
0.000
0.000
0.000
0.000
0.000
0.000
0.000
0.000
0.000
0.000
0.000
0.000
0.000
0.000
0.000
0.000
0.000
0.000
0.000
0.000
0.000
0.000
0.000
0.000
0.000
0.000
0.000
0.000
0.000
0.000
0.000
0.000
0.000
0.000
0.000
0.000
0.000
0.000
0.000
0.000
0.000
0.000
0.000
0.000
0.000
0.000
0.000
0.000
0.000
0.000
0.000
0.000
0.000
0.000
0.000
0.000
0.000
0.000
0.000
0.000
0.000
0.000
0.000
0.000
0.000
0.000
0.000
0.000
0.000
0.000
0.000
0.000
0.000
0.000
0.000
0.000
0.000
0.000
0.000
0.000
0.000
0.000
0.000
0.000
0.000
0.000
0.000
0.000
0.000
0.311
0.022
0.000
0.000
0.000
0.000
0.000
0.000
0.000
0.000
0.000
0.000
0.000
0.000
0.000
0.000
0.000
0.000
0.000
0.000
0.000
0.000
0.000
0.000
0.000
0.000
1.330
0.000
0.000
0.000
0.000
0.000
0.000
0.000
0.000
0.000
0.000
0.000
0.000
0.000
0.000
0.000
0.000
0.000
0.000
0.000
0.000
0.000
0.000
0.000
0.000
0.000
0.000
0.000
0.000
0.000
0.014
0.000
0.661
0.000
0.000
0.000
0.000
0.000
0.000
0.000
0.000
0.000
0.000
0.000
0.000
0.000
0.000
0.000
0.000
0.000
0.000
0.000
0.000
0.000
0.000
0.000
0.409
0.172
0.000
0.000
0.000
0.000
0.000
0.000
0.000
0.000
0.000
0.000
0.000
0.034
0.000
0.000
0.000
0.000
0.000
0.000
0.000
0.000
0.000
0.000
0.000
0.000
0.000
0.000
0.000
0.000
0.000
0.000
0.069
0.003
0.000
0.000
0.000
0.000
0.000
0.000
0.000
0.000
0.000
0.000
0.000
0.000
0.000
0.000
0.000
0.000
0.000
0.158
1.186
0.237
0.050
0.017
0.000
0.000
0.000
0.000
0.058
0.014
0.000
0.000
0.000
0.000
0.954
1.003
3.648
8.240
18.811
9.386
1.160
0.429
10.993
16.068
0.000
0.000
0.000
0.841
6.029
30.408
40.979
104.092
44.913
0.892
0.115
0.021
0.086
0.010
0.663
0.053
0.000
0.003
1.325
0.273
0.173
1.534
1.833
9.989
7.977
1.873
10.983
11.060
9.318
0.213
3.023
3.576
2.316
2.699
2.692
0.463
0.000
0.000
0.000
0.000
0.000
9.658
0.000
0.467
9.977
57.228
70.062
9.737
92.465
0.566
0.596
3.622
4.213
5.806
2.711
0.182
0.124
0.323
0.194
0.000
0.010
0.000
12.494
29.962
19.339
5.672
0.680
0.027
0.041
3.150
17.786
15.608
31.627
35.940
10.672
0.103
0.000
0.000
0.000
0.000
0.000
0.000
0.000
0.000
0.000
0.000
0.000
0.007
0.000
0.000
0.041
0.000
0.048
0.093
0.000
0.850
0.274
0.010
0.000
0.000
0.000
0.000
0.000
0.000
0.000
0.000
0.000
0.000
0.000
0.000
0.000
0.000
0.000
0.000
0.000
0.000
0.000
0.000
0.000
0.000
0.000
0.000
0.000
0.000
0.000
0.000
0.000
0.000
0.000
0.000
0.000
0.000
0.000
0.000
0.000
0.000
0.000
0.192
0.069
0.000
0.000
0.000
0.518
0.000
0.000
0.000
0.000
0.000
0.000
0.000
0.000
0.000
0.000
0.000
0.000
0.000
0.000
0.000
0.000
0.000
0.000
0.000
0.000
0.000
0.000
0.000
0.000
0.000
0.000
0.000
0.000
0.000
0.000
0.000
0.000
0.000
0.000
0.000
0.000
0.000
0.000
0.000
0.000
0.000
0.000
0.000
0.000
0.000
0.000
0.000
0.000
1.195
0.340
0.000
0.000
0.000
0.000
0.000
0.000
0.000
0.000
0.000
0.000
0.000
0.000
0.000
0.000
0.000
0.000
0.000
0.000
0.000
0.000
0.000
0.000
0.000
0.000
0.000
0.000
0.000
0.000
0.000
0.000
3.073
0.309
0.000
0.000
0.000
0.000
0.000
0.000
0.000
0.000
0.000
0.000
0.000
0.000
0.000
0.000
0.000
1.943
6.894
0.000
0.000
0.000
0.000
0.000
0.000
0.000
0.000
0.000
0.000
0.000
0.000
0.000
0.000
0.000
0.000
0.000
0.000
0.000
0.000
0.000
0.000
0.000
0.000
0.000
0.000
0.000
0.000
0.000
0.000
0.000
0.000
0.000
0.000
0.000
0.000
0.000
0.000
0.000
0.000
0.000
0.000
0.000
0.000
0.000
0.000
0.000
0.000
0.000
0.000
0.000
0.000
0.000
0.000
0.000
0.000
0.000
0.000
0.000
0.000
0.000
0.000
0.000
0.000
0.000
0.000
0.000
0.000
0.000
0.000
0.000
0.000
0.000
0.000
0.000
0.000
0.000
0.000
0.000
0.000
0.000
0.000
0.000
0.000
0.000
0.000
0.000
0.000
0.000
0.000
0.000
0.000
0.000
0.000
0.000
0.000
0.000
0.000
0.000
0.000
0.000
0.000
0.000
0.000
0.000
0.000
0.000
0.000
0.000
0.000
0.000
0.000
0.000
0.000
0.000
0.000
0.017
11.513
15.783
37.913
25.145
4.535
0.745
10.025
1.250
0.803
9.520
1.713
0.041
15.214
9.119
3.828
4.259
22.900
32.623
11.287
55.296
26.922
16.879
15.798
28.156
17.736
27.639
0.645
13.251
13.842
20.175
87.923
18.301
14.409
19.957
23.748
15.005
8.865
17.134
21.061
29.539
3.349
6.861
21.017
10.890
3.869
7.213
2.391
13.764
9.486
18.047
30.700
4.250
6.836
26.278
19.319
22.419
9.441
5.771
3.890
3.062
0.247
0.000
0.000
0.158
0.512
0.645
0.391
3.492
28.602
14.001
4.238
2.695
16.469
18.883
11.814
42.479
41.451
5.454
1.914
4.029
1.526
1.593
1.772
0.783
0.000
0.000
1.818
0.000
0.000
0.000
1.926
1.205
0.000
4.158
4.237
3.959
0.092
12.511
4.820
0.733
0.000
2.498
2.226
0.237
0.000
1.105
0.129
0.494
0.034
0.027
0.000
0.000
0.000
0.000
0.000
0.000
0.000
0.000
0.000
0.000
0.000
0.000
0.000
0.000
0.000
0.000
0.000
0.000
0.000
0.000
0.000
0.000
0.000
0.000
0.000
0.000
0.000
0.000
0.000
0.000
0.000
0.000
0.000
0.000
0.000
0.000
0.000
0.000
0.000
0.000
0.000
0.000
0.000
0.000
0.000
0.000
0.000
0.000
0.000
0.000
0.000
0.003
0.000
0.000
0.000
0.000
0.000
0.000
0.000
0.000
0.000
0.000
0.000
0.000
0.000
0.000
0.000
0.000
0.000
0.000
0.000
0.000
0.000
0.000
0.000
0.000
0.000
0.000
0.000
0.000
0.000
0.000
0.000
0.000
0.000
0.000
0.000
0.000
0.000
0.000
0.000
0.000
0.000
0.000
0.093
0.000
0.000
0.000
0.000
0.000
0.000
0.000
0.000
0.000
0.000
0.000
0.000
0.000
0.000
0.000
0.000
0.000
0.000
0.000
0.000
0.000
0.000
0.000
0.000
0.000
0.000
0.000
0.000
0.000
0.000
0.000
0.000
0.000
0.000
0.000
0.000
0.000
0.000
0.000
0.000
0.000
0.000
0.000
0.000
0.000
0.000
0.000
0.000
0.000
0.000
0.000
0.000
0.000
0.000
0.000
0.000
0.000
0.000
0.000
0.000
0.000
0.000
0.000
0.000
0.000
0.000
0.000
0.000
0.000
0.000
0.000
0.000
0.000
0.000
0.000
0.000
0.000
0.000
0.000
0.000
0.000
0.000
0.000
0.000
0.000
0.000
0.000
0.000
0.000
0.000
0.000
0.000
0.000
0.000
0.000
0.000
0.000
0.000
0.000
0.000
0.000
0.000
0.000
0.000
0.000
0.000
0.000
0.000
0.000
0.000
0.000
0.000
0.000
0.000
0.000
0.000
0.000
0.000
0.000
0.000
0.000
0.000
0.041
1.837
6.283
6.952
3.059
4.144
0.000
0.000
0.000
0.041
0.000
0.000
0.000
0.000
0.000
0.000
0.000
0.000
0.000
0.000
0.000
0.000
0.000
0.000
0.000
0.000
0.000
0.000
0.000
0.000
0.000
0.000
2.475
2.815
0.065
0.000
2.458
2.266
3.114
0.927
11.618
2.345
0.209
0.000
0.000
0.000
1.016
3.545
3.620
3.258
1.466
9.500
22.738
18.309
0.669
0.515
0.191
0.000
70.053
22.278
1.324
12.294
6.892
0.084
1.030
0.103
0.113
0.323
0.355
0.215
0.630
6.230
11.330
1.978
0.385
0.024
0.034
0.000
0.136
0.010
0.000
0.079
5.877
1.196
0.018
9.921
2.733
5.672
1.398
2.765
5.541
31.172
10.297
3.171
8.827
7.491
51.826
18.844
20.537
3.591
11.690
9.645
1.751
2.814
5.685
1.430
1.602
1.394
0.000
0.010
0.000
0.000
0.053
0.003
0.424
0.141
0.230
1.211
0.884
0.000
0.000
0.000
0.000
0.000
0.000
0.000
0.000
0.453
0.196
0.007
0.415
5.224
2.731
4.843
19.202
0.210
0.038
0.000
0.000
0.038
4.908
9.067
0.113
0.046
4.525
37.287
7.759
51.604
29.939
22.579
17.473
10.573
0.000
0.089
3.210
6.137
0.033
0.000
0.000
0.000
0.000
0.000
0.000
0.000
0.000
0.000
0.000
0.000
0.000
0.000
0.000
0.000
0.000
0.000
0.000
0.000
0.000
0.000
0.000
0.000
0.000
0.000
0.000
0.000
0.000
0.000
0.000
0.213
0.000
0.000
0.000
0.000
0.000
0.000
0.000
0.000
0.000
0.000
0.000
0.000
0.000
0.000
0.000
0.000
0.000
0.000
0.000
0.000
0.000
0.000
0.000
0.000
0.000
0.000
0.000
0.000
0.000
0.000
0.000
0.000
0.000
0.000
0.000
0.000
0.000
0.000
0.000
0.000
0.000
0.000
0.000
0.000
0.000
0.000
0.000
0.000
0.000
0.034
0.000
0.000
0.000
0.000
0.000
0.000
0.000
0.000
0.000
0.000
0.000
0.000
0.000
0.000
0.000
0.000
0.000
0.000
0.000
0.000
0.000
0.000
0.000
0.000
0.000
0.000
0.000
0.000
0.000
0.656
0.100
0.000
0.000
0.000
0.000
0.000
0.000
0.000
0.000
0.000
0.000
0.000
0.000
0.000
0.000
0.000
0.000
0.000
0.000
0.000
0.000
0.000
0.000
0.000
0.000
0.000
0.000
0.000
0.000
0.000
0.000
0.000
0.000
0.000
0.000
0.000
0.000
0.000
0.000
0.000
0.000
0.000
0.000
0.000
0.000
0.000
0.000
0.000
0.000
0.000
0.000
0.000
0.000
0.000
0.000
0.000
0.000
0.000
0.000
0.000
0.000
0.000
0.000
0.000
0.000
0.000
0.000
0.000
0.000
0.000
0.000
0.000
0.000
0.000
0.000
0.000
0.000
0.000
0.000
0.000
0.000
0.000
0.000
0.000
0.000
0.000
0.000
0.000
1.090
0.134
0.000
0.007
0.000
0.000
0.000
0.000
0.000
0.000
0.000
0.000
0.000
0.000
0.000
0.000
0.000
0.000
0.000
0.000
0.000
0.000
0.000
0.000
0.000
0.000
0.000
0.000
0.000
0.000
0.000
0.000
0.000
0.000
0.000
0.000
0.000
0.000
0.000
0.000
0.000
0.000
0.000
0.165
5.208
15.765
9.043
0.000
0.000
0.000
0.000
0.014
0.000
7.565
0.000
0.972
1.222
10.979
4.225
0.072
14.147
13.481
8.861
17.591
30.154
14.849
19.822
0.299
12.693
6.139
0.439
0.633
0.101
0.484
23.116
0.784
16.704
14.421
1.193
2.455
7.400
2.235
0.000
0.000
0.000
0.000
0.003
1.523
3.532
31.318
34.883
21.758
14.686
16.117
7.934
3.385
4.522
25.574
1.679
2.091
2.699
1.868
1.287
5.737
0.781
0.347
0.034
0.845
0.000
3.744
0.968
0.158
2.767
6.283
3.183
4.961
1.459
0.189
0.113
1.284
0.062
0.000
0.062
2.359
0.055
0.000
0.000
0.000
0.000
0.000
0.275
3.227
5.618
0.633
0.789
13.937
40.145
6.744
17.264
14.578
16.388
32.864
35.251
7.752
18.872
0.000
2.420
5.591
12.241
0.374
0.611
1.354
0.560
0.113
0.000
0.000
0.000
0.000
0.000
0.000
0.000
0.000
0.000
0.000
0.000
0.000
0.000
0.000
0.000
0.000
0.000
0.000
0.000
0.000
0.000
0.000
0.000
0.000
0.000
0.000
0.000
0.000
0.000
0.000
0.000
0.000
0.000
0.000
0.000
0.000
0.000
0.000
0.000
0.000
0.000
0.000
0.000
0.000
0.000
0.000
0.000
0.000
0.000
0.000
0.000
0.000
0.000
0.000
0.000
0.000
0.000
0.000
0.000
0.000
0.000
0.000
0.000
0.000
0.000
0.000
0.000
0.000
0.000
0.000
0.000
0.000
0.000
0.000
0.000
0.000
0.000
0.000
0.000
0.000
0.000
0.000
0.000
0.000
0.000
0.000
0.000
0.000
0.000
0.000
0.000
0.000
0.000
0.000
0.000
0.000
0.000
0.000
0.000
0.000
0.000
0.000
0.000
0.000
0.000
0.000
0.000
0.000
0.000
0.000
0.000
0.000
0.000
0.000
0.000
0.000
0.000
0.000
0.000
0.000
0.000
0.000
0.000
0.000
0.000
0.000
0.000
0.000
0.000
0.000
0.000
0.000
0.000
0.000
0.000
0.000
0.000
0.000
0.000
0.000
0.000
0.000
0.000
0.000
0.000
0.000
0.000
0.000
0.000
0.000
0.000
0.000
0.000
0.000
0.000
0.000
0.000
0.000
0.000
0.000
1.289
6.030
0.000
0.000
0.000
0.148
0.000
0.000
0.000
0.000
0.000
0.000
0.000
0.000
0.000
0.000
0.000
0.000
0.000
0.000
0.000
0.000
0.000
0.000
0.000
0.000
0.000
0.000
0.000
0.000
0.000
0.000
0.000
0.000
0.000
0.000
0.000
0.000
0.000
0.000
0.000
0.000
0.000
0.000
0.000
0.000
0.000
0.000
0.000
0.000
0.000
0.000
0.000
0.000
0.000
0.000
0.000
0.000
0.000
0.000
0.000
0.000
0.000
0.000
0.000
0.000
0.000
0.000
0.000
0.000
0.000
0.000
0.730
0.916
4.543
0.568
0.000
0.000
1.366
0.112
0.000
0.000
0.000
0.000
14.478
22.477
1.840
0.003
0.000
0.014
0.007
0.000
0.000
0.000
0.000
0.398
0.196
0.036
0.000
0.000
0.000
0.000
1.222
0.062
0.000
0.000
0.000
0.735
0.865
14.176
15.034
21.468
12.044
6.909
2.510
0.180
0.000
0.000
0.000
7.957
3.380
21.860
5.986
17.463
12.595
1.354
0.430
0.302
0.900
0.022
6.862
5.758
3.259
6.380
12.926
2.364
7.420
11.323
6.390
8.344
13.161
10.119
63.716
41.715
24.163
16.377
24.292
5.815
9.780
33.596
21.097
15.836
21.490
4.236
16.618
31.668
19.054
29.474
5.984
5.186
10.243
1.167
26.642
39.314
44.970
20.275
20.340
13.688
2.431
1.221
4.451
2.249
5.663
1.507
0.007
1.157
11.524
2.075
5.661
0.213
4.156
3.873
0.996
1.442
0.129
0.378
0.000
0.000
0.000
1.778
1.957
3.674
0.354
0.000
1.219
2.934
0.223
13.902
14.988
23.619
4.358
9.266
13.946
4.237
1.389
0.115
0.000
0.000
0.000
0.000
0.000
0.000
0.000
0.000
0.000
0.000
0.000
0.000
0.000
0.000
0.000
0.000
0.000
0.000
0.161
0.039
0.000
0.000
0.000
0.000
0.000
0.000
0.000
0.000
0.000
0.000
0.000
0.000
0.000
0.000
0.000
0.000
0.000
0.000
0.000
0.000
0.000
0.000
0.000
0.000
0.000
0.000
0.000
0.000
0.000
0.000
0.000
0.000
0.000
0.000
0.000
0.000
0.000
0.000
0.000
0.000
0.000
0.000
0.000
0.000
0.000
0.017
0.017
0.000
0.000
0.000
0.000
0.000
0.000
0.000
0.000
0.000
0.000
0.000
0.000
0.000
0.000
0.000
0.000
0.000
0.000
0.000
0.000
0.000
0.000
0.000
0.000
0.000
0.000
0.000
0.000
0.000
0.000
0.000
0.000
0.000
0.000
0.000
0.000
0.000
0.000
0.000
0.000
0.000
0.000
0.000
0.000
0.000
0.000
0.000
0.000
0.000
0.000
0.000
0.000
0.000
0.250
0.885
0.000
0.000
0.000
0.000
0.000
0.000
0.000
0.000
0.000
0.000
0.112
0.050
0.000
0.096
0.000
0.000
0.000
0.000
0.000
0.000
0.000
0.000
0.000
0.000
0.000
0.000
0.000
0.000
0.000
0.000
0.000
0.000
0.000
0.000
0.000
0.000
0.000
0.000
0.000
0.000
0.038
0.407
0.000
0.000
0.000
0.000
0.000
0.000
0.304
0.024
0.000
0.000
0.000
0.000
0.000
0.000
0.000
0.000
0.000
0.000
0.000
0.000
0.000
0.000
0.000
0.000
0.000
0.000
0.000
0.000
0.000
0.000
0.000
0.000
0.000
0.000
0.000
0.000
0.000
0.017
0.000
0.000
0.000
0.000
0.000
0.000
0.000
0.000
0.000
0.000
0.000
0.000
0.000
0.000
0.021
0.079
0.000
0.000
0.000
0.000
0.000
0.000
0.000
0.000
0.000
0.000
0.000
0.000
0.000
0.000
0.000
0.000
0.000
0.000
0.000
0.000
0.000
0.000
0.000
0.000
0.000
0.000
0.089
11.752
1.188
0.045
0.240
0.103
0.000
0.000
0.000
0.000
0.000
0.000
2.372
7.869
3.062
0.089
2.506
0.364
28.674
23.020
4.223
0.333
0.536
20.637
0.769
7.721
0.007
1.818
0.134
2.978
54.312
76.319
77.589
4.477
7.629
0.082
22.168
142.536
4.005
6.681
4.356
23.241
2.626
0.229
6.113
4.163
3.411
0.448
0.750
0.000
1.138
12.182
1.432
13.031
0.093
6.932
10.392
4.661
8.168
5.493
5.346
11.357
18.745
8.520
14.186
7.546
84.013
25.207
14.437
2.187
10.489
12.100
11.028
7.117
2.867
4.187
2.781
3.554
0.616
0.091
1.231
9.036
31.235
0.146
0.000
1.190
12.792
9.431
1.408
13.602
10.884
5.459
23.684
25.432
7.484
7.431
6.494
0.719
0.172
0.046
0.961
0.640
0.017
1.554
0.000
0.000
0.055
0.017
0.000
0.014
2.453
2.290
1.869
9.057
0.409
1.375
0.357
0.673
0.043
0.000
0.000
0.000
0.000
0.000
0.000
0.000
0.000
0.000
0.000
0.000
0.000
0.000
0.000
0.000
0.000
0.000
0.000
0.000
0.000
0.000
0.000
0.000
0.000
0.000
0.000
0.000
0.000
0.000
0.000
0.000
0.000
0.000
0.000
0.000
0.000
0.000
0.000
0.000
0.000
0.000
0.000
0.000
0.000
0.000
0.000
0.000
0.000
0.000
0.000
0.000
0.000
0.000
0.000
0.000
0.000
0.000
0.000
0.000
0.000
0.000
0.000
0.000
0.000
0.076
0.000
0.000
0.000
0.000
0.000
0.000
0.000
0.000
0.000
0.000
0.000
0.000
0.000
0.000
0.000
0.000
0.000
0.000
0.000
0.000
0.000
0.000
0.000
0.000
0.000
0.000
0.000
0.000
0.000
0.000
0.000
0.000
0.000
0.000
0.000
0.000
0.000
0.000
0.000
0.000
0.000
0.000
0.000
0.000
0.000
0.000
0.000
0.000
0.000
0.000
0.000
0.000
0.000
0.000
0.000
0.000
0.000
0.000
0.000
0.000
0.000
0.000
0.309
0.000
0.000
0.000
0.000
0.000
0.000
0.000
0.000
0.000
0.000
0.000
0.000
0.000
0.000
0.000
0.000
0.000
0.000
0.000
0.000
0.000
0.000
0.000
0.000
0.000
0.000
0.000
0.000
0.000
0.000
0.000
0.000
0.000
0.000
0.000
0.000
0.000
0.089
0.096
0.000
0.000
0.000
0.000
0.000
0.000
0.000
0.000
0.000
0.000
0.000
0.000
0.000
0.000
0.000
0.000
0.000
0.000
0.000
0.000
0.000
46.474
7.436
0.000
0.027
0.007
0.000
0.000
0.000
0.000
0.000
0.000
0.000
0.000
0.000
0.000
0.000
0.000
0.000
0.000
0.000
0.000
0.000
0.000
0.000
0.000
0.000
0.000
0.000
0.000
0.000
0.000
0.000
0.010
0.010
0.003
0.000
0.000
0.000
0.000
0.000
0.000
0.000
0.000
0.000
0.000
0.000
0.000
0.000
0.000
0.000
0.000
0.000
0.000
0.000
0.000
0.000
0.000
0.000
0.000
0.079
0.017
0.000
1.507
17.623
4.583
6.338
0.254
1.562
3.356
136.045
26.271
34.349
2.644
0.000
2.647
0.000
0.597
0.913
0.120
1.744
0.233
0.000
2.650
0.608
5.490
0.000
7.129
8.710
5.481
18.030
2.913
4.487
0.470
0.125
3.268
3.891
32.925
35.625
21.889
2.329
6.212
1.596
0.000
0.103
0.000
0.076
0.146
0.089
0.122
0.671
1.416
11.754
2.464
3.308
13.141
182.168
0.086
11.620
15.401
14.614
122.432
23.073
9.291
19.521
6.085
1.870
7.486
2.379
3.092
20.738
148.927
22.707
5.201
0.503
0.733
0.065
0.197
0.245
0.014
0.000
0.419
4.352
0.623
11.100
1.622
0.100
0.000
0.000
0.000
0.000
0.000
0.000
0.000
0.000
0.055
11.417
0.642
0.851
0.000
0.378
6.695
14.605
13.599
13.400
7.210
3.304
7.124
21.375
6.544
0.000
0.000
0.793
0.292
0.000
0.000
0.000
0.000
0.000
0.000
0.000
0.000
1.943
3.294
0.000
2.520
0.000
0.615
0.000
0.000
0.000
0.000
0.000
0.000
0.000
0.000
0.000
0.000
0.000
0.000
0.000
0.000
0.000
0.000
0.000
0.000
0.000
0.000
0.000
0.000
0.000
0.000
0.000
0.000
0.000
0.000
0.000
0.000
0.000
0.000
0.000
0.000
0.000
0.000
0.000
0.000
0.000
0.000
0.000
0.067
1.806
0.000
0.000
0.000
0.000
0.000
0.000
0.000
0.000
0.000
0.000
0.014
0.951
0.041
0.000
0.000
0.000
0.000
0.000
0.000
0.000
0.000
0.000
0.000
0.000
0.000
0.000
0.000
0.000
0.000
0.000
0.000
0.000
0.000
0.000
0.000
0.000
0.000
0.000
0.000
0.000
0.000
0.000
0.000
0.000
0.000
0.000
0.211
0.000
0.000
0.000
0.000
0.000
0.000
0.000
0.000
0.000
0.000
0.000
0.000
0.000
0.000
0.000
0.000
0.000
0.000
0.000
0.000
0.000
0.000
0.000
0.000
0.000
0.000
0.000
0.000
0.000
0.000
0.000
0.000
0.000
0.000
0.000
0.000
0.000
0.000
0.000
0.000
0.000
0.000
0.000
0.000
0.000
0.000
0.000
0.000
0.000
0.000
0.000
0.000
0.000
0.000
0.000
0.000
0.000
0.000
0.000
0.000
0.000
0.000
0.000
0.000
0.000
0.000
0.000
0.000
0.000
0.000
0.000
0.000
0.000
0.000
0.000
0.000
0.000
0.000
0.000
0.000
0.000
0.000
0.000
0.000
0.000
0.000
0.000
0.000
0.000
1.109
0.302
0.000
0.000
0.000
0.000
0.000
0.000
0.000
0.000
0.000
0.000
0.000
0.000
0.000
0.000
0.000
0.000
0.000
0.000
0.000
0.000
0.000
0.000
0.000
0.000
0.000
0.000
0.000
0.000
0.000
0.000
0.000
0.000
0.000
0.000
0.000
0.000
0.000
0.000
0.000
0.000
0.000
0.000
0.000
0.529
0.000
0.000
0.000
0.000
0.000
0.000
0.000
0.000
0.000
0.141
0.096
0.000
0.000
0.000
0.000
0.000
0.000
0.000
0.000
0.000
0.000
0.000
0.137
0.029
0.000
0.000
0.000
0.017
0.064
0.000
0.000
0.000
0.000
0.021
28.825
1.378
0.105
3.280
12.627
0.906
0.161
0.579
7.363
3.462
0.457
0.342
0.000
0.000
0.000
20.855
193.497
8.822
9.101
28.225
25.701
73.480
12.554
30.310
28.243
4.511
5.095
44.397
6.422
34.507
3.368
13.321
15.915
3.171
1.591
3.001
1.258
0.618
2.549
1.849
0.100
0.003
0.000
0.187
0.050
0.033
2.620
3.521
0.046
0.181
1.352
0.419
0.934
0.276
0.000
0.000
0.000
0.000
0.000
0.000
0.000
0.039
0.949
3.284
0.553
19.611
34.686
73.143
3.591
10.822
1.490
0.306
0.817
6.458
4.089
0.704
0.003
0.000
0.000
0.000
0.000
0.000
0.000
0.000
0.000
0.000
0.000
0.000
0.000
0.000
0.000
0.000
0.000
0.000
0.000
0.000
0.000
0.000
0.096
0.000
0.000
0.003
3.014
1.439
0.000
0.000
0.000
0.000
0.000
0.000
0.000
0.000
0.000
0.000
0.000
0.000
0.000
0.000
0.000
0.000
0.000
0.000
0.000
0.000
0.000
0.000
0.000
0.000
0.000
0.000
0.000
0.000
0.000
0.000
0.000
0.000
0.000
0.000
0.000
0.000
0.000
0.081
0.000
0.000
0.000
0.000
0.000
0.000
0.000
0.000
0.000
0.000
0.000
0.000
0.000
0.000
0.000
0.000
0.000
0.000
0.000
0.000
0.000
0.000
0.000
0.000
0.000
0.000
0.000
0.000
0.000
0.000
0.000
0.000
0.000
0.000
0.000
0.000
0.000
0.000
0.000
0.000
0.000
0.000
0.000
0.000
0.000
0.000
0.000
0.000
0.000
0.000
0.000
0.034
0.000
0.000
0.000
0.000
0.000
0.000
0.000
0.000
0.000
0.000
0.000
0.000
0.000
0.000
0.000
0.000
0.000
0.000
0.000
0.000
0.000
0.000
0.000
0.000
0.000
0.000
0.000
0.000
0.000
0.000
0.000
0.000
0.000
0.000
0.000
0.000
0.000
0.000
0.000
0.000
0.000
0.000
0.000
0.000
0.000
0.000
0.000
0.000
0.000
0.132
0.000
0.000
0.000
0.000
0.000
0.000
0.000
0.000
0.000
0.000
0.000
0.000
0.000
0.000
0.000
0.000
0.000
0.000
0.000
0.000
0.000
0.000
0.000
0.000
0.000
0.000
0.000
0.000
0.000
0.000
0.000
0.000
0.000
0.000
0.000
0.000
0.000
0.000
0.000
0.000
0.000
0.000
0.000
0.000
0.000
0.000
0.000
0.000
0.000
0.000
0.000
0.000
0.000
0.000
0.000
0.000
0.000
0.000
0.000
0.000
0.000
0.000
0.000
0.000
0.000
0.000
0.000
0.000
0.000
0.000
0.000
0.000
0.000
0.000
0.000
0.000
0.000
0.000
0.000
0.000
0.000
0.000
0.000
0.000
0.000
0.000
0.000
0.000
0.000
0.000
0.000
0.000
0.000
0.000
0.000
0.000
0.000
0.000
0.000
1.605
4.583
0.316
3.179
1.593
4.491
0.172
0.000
0.000
0.031
0.000
0.000
0.000
0.419
0.045
0.496
0.000
0.000
0.000
0.000
2.034
1.022
0.984
0.273
0.010
0.000
1.305
0.000
0.000
0.000
0.249
3.533
7.290
6.041
10.832
10.516
14.037
3.268
2.294
10.425
2.559
22.024
22.858
4.340
1.054
7.682
0.870
0.731
4.997
8.015
13.676
15.329
30.633
42.133
5.041
12.547
5.792
1.833
2.079
5.093
59.651
11.290
7.927
22.048
11.295
1.390
22.594
16.236
3.543
19.195
19.102
10.715
5.122
2.880
5.655
1.634
4.110
5.569
6.207
0.858
1.751
12.847
0.450
0.385
1.390
14.227
20.531
2.156
22.488
7.872
21.609
5.466
3.133
0.748
7.481
4.494
7.443
16.806
5.349
32.708
10.509
8.672
2.335
11.106
16.195
13.788
4.619
1.408
0.007
0.000
0.000
0.000
0.000
0.072
0.000
0.000
0.000
0.000
0.000
0.000
0.000
0.000
0.000
0.000
0.000
0.000
0.000
0.000
0.000
0.000
0.000
0.000
6.879
0.101
0.000
0.000
0.000
0.000
0.000
0.000
2.661
0.000
0.000
0.000
0.000
0.000
0.000
0.000
0.000
0.000
0.000
0.000
0.000
0.000
0.000
0.000
0.000
0.000
0.000
0.000
0.120
0.463
0.834
0.924
11.954
0.711
2.252
3.303
9.273
0.621
0.003
0.000
0.000
4.501
1.543
6.884
0.560
0.000
0.000
0.000
0.000
0.000
0.000
0.000
0.000
0.000
0.000
0.000
0.000
0.000
0.000
0.000
0.000
0.000
0.000
0.000
0.000
0.000
0.000
0.000
0.000
0.000
0.000
0.000
0.000
0.000
0.000
0.000
0.000
1.473
1.473
0.003
0.000
0.000
0.000
0.000
0.000
0.000
0.000
0.000
0.000
0.000
0.000
0.000
0.000
0.000
0.000
0.000
0.000
0.000
0.000
0.000
0.000
0.000
0.000
0.000
0.000
0.000
0.000
0.000
0.003
0.000
0.000
0.000
0.000
0.000
0.002
0.000
0.000
0.000
0.000
0.000
0.000
0.000
0.002
0.002
0.000
0.000
1.411
0.062
0.000
0.000
0.000
0.000
0.000
0.000
0.000
0.000
0.000
0.000
0.000
0.000
0.000
0.002
0.000
0.000
0.000
0.000
0.000
0.000
0.000
0.000
0.002
0.000
0.002
0.002
0.000
0.000
0.000
0.000
0.000
0.000
0.000
0.000
0.000
0.002
0.002
0.000
0.002
0.000
0.000
0.000
0.002
0.000
0.000
0.000
0.000
0.000
0.000
0.000
0.000
0.000
0.000
0.000
0.000
0.002
0.000
0.000
0.000
0.000
0.000
0.000
0.000
0.000
0.000
0.002
0.000
0.000
0.000
0.000
0.000
0.000
0.000
0.014
0.000
0.000
0.000
0.000
0.000
0.000
0.000
0.000
0.000
0.000
0.000
0.000
0.000
0.000
0.000
0.154
0.000
0.000
0.000
0.065
0.014
1.044
0.000
0.000
0.000
0.000
0.000
0.000
0.000
0.000
0.000
0.000
0.021
0.000
0.000
0.000
0.002
1.459
2.771
0.271
0.134
0.000
0.000
1.325
5.404
0.130
0.505
2.360
1.530
0.436
0.098
2.721
1.133
3.797
0.278
0.839
8.617
347.130
0.845
1.265
1.226
1.964
2.506
4.082
0.003
236.427
62.468
56.023
32.162
20.630
13.328
7.169
8.094
24.901
5.455
7.939
19.516
29.498
2.338
0.548
1.531
4.405
14.220
3.464
8.435
11.206
13.599
19.762
9.953
6.992
17.764
16.593
4.642
15.927
6.338
11.412
3.371
1.267
29.375
101.888
11.354
31.383
10.423
21.423
58.078
46.321
10.597
7.920
3.928
5.541
13.609
29.342
10.358
7.416
7.969
15.388
4.494
19.834
24.372
23.576
7.105
19.523
121.159
10.897
9.699
33.594
27.009
11.103
4.896
6.475
10.174
3.897
7.883
27.497
3.244
0.144
1.775
4.609
18.881
3.873
2.489
3.145
0.141
4.116
1.480
0.769
4.607
1.092
0.501
0.000
0.542
0.254
0.002
0.000
0.002
0.000
0.000
0.000
0.000
0.711
0.182
0.000
0.000
0.000
0.000
0.000
0.000
0.681
0.021
0.261
0.000
0.000
0.000
0.000
0.000
0.000
0.000
0.000
0.000
0.000
0.002
0.000
0.000
0.000
0.002
0.000
0.000
0.000
0.000
0.000
0.000
0.000
0.000
0.000
0.000
0.000
0.000
0.000
0.000
0.000
0.000
0.000
0.000
0.000
0.000
0.000
0.000
0.000
0.002
0.000
0.000
0.000
0.000
0.000
0.000
0.000
0.000
0.000
0.000
0.000
0.000
0.000
0.002
0.000
0.000
0.000
0.000
0.000
0.000
0.000
0.000
0.000
0.000
0.000
0.000
0.000
0.000
0.000
0.000
0.000
0.000
0.000
0.000
0.000
0.000
0.000
0.000
0.000
0.000
0.000
0.000
0.000
0.003
0.000
0.000
0.000
0.000
0.000
0.000
0.002
0.000
0.000
0.002
0.000
0.000
0.000
0.000
0.000
0.000
0.000
0.000
0.003
0.000
0.000
0.000
0.000
0.000
0.000
0.000
0.000
0.000
0.000
0.000
0.000
0.000
0.000
0.000
0.000
0.000
0.000
0.002
0.000
0.000
0.000
0.000
0.000
0.000
0.000
0.000
0.000
0.000
0.000
0.000
0.002
0.000
0.000
0.000
0.000
0.000
0.000
0.000
0.000
0.000
0.000
0.000
0.000
0.000
0.000
0.000
0.000
0.002
0.000
0.000
0.000
0.000
0.000
0.000
0.000
0.000
0.000
0.000
0.000
0.000
0.000
0.000
0.000
0.000
0.000
0.000
0.000
0.000
0.000
0.000
0.000
0.000
0.000
0.000
0.000
0.000
0.000
0.000
0.000
0.000
0.000
4.043
0.000
0.000
0.000
0.000
0.000
0.000
0.000
0.000
0.000
0.000
0.000
0.000
0.000
0.000
0.000
0.000
0.010
3.121
0.000
0.002
0.000
0.130
0.130
0.000
0.000
0.000
0.000
0.000
0.000
0.000
0.000
0.000
0.000
0.000
0.000
0.000
0.000
0.000
0.000
0.000
0.000
0.000
0.000
0.000
0.000
0.000
0.000
0.000
0.000
0.003
0.000
3.224
0.046
3.490
3.965
0.721
1.421
0.292
0.010
0.003
0.034
0.093
0.055
0.038
0.000
0.010
0.264
0.076
0.000
0.000
0.000
2.544
2.673
2.173
18.533
39.875
8.013
3.831
5.639
4.250
20.915
46.967
10.128
19.326
5.950
4.231
4.808
7.668
18.658
3.512
1.734
0.793
4.494
1.047
14.553
5.974
11.524
9.105
7.893
9.592
8.810
5.617
1.669
5.363
6.612
3.351
5.359
11.967
15.092
14.981
4.278
1.128
7.989
13.244
9.809
35.517
4.947
15.383
16.383
7.175
3.732
1.758
15.422
7.364
15.621
27.097
15.353
6.309
15.020
20.889
25.531
12.440
21.918
21.276
9.797
21.396
30.569
10.797
35.161
52.116
18.244
12.823
20.953
19.109
5.103
11.711
17.554
2.287
0.554
1.442
3.831
1.421
6.211
14.208
14.964
13.462
9.435
0.240
0.000
0.000
0.000
0.000
0.000
0.000
0.000
0.000
2.070
0.158
0.000
0.146
0.000
0.000
0.000
0.000
0.000
0.000
0.000
0.000
0.000
0.000
0.000
0.000
0.000
0.000
0.000
0.000
0.002
0.000
0.000
0.000
0.000
0.000
0.002
0.000
0.000
0.000
0.000
0.000
0.000
0.000
0.000
0.000
0.000
0.002
0.000
0.000
0.000
0.000
0.000
0.002
0.000
0.000
0.000
0.000
0.000
0.002
0.000
0.000
0.000
0.000
0.000
0.000
0.000
0.000
0.000
0.000
0.003
0.000
0.000
0.000
0.000
0.000
0.000
0.000
0.000
0.000
0.002
0.010
0.000
0.000
0.000
0.000
0.000
0.000
0.000
0.000
0.000
0.000
0.000
0.002
0.000
0.000
0.000
0.000
0.000
0.000
0.000
0.000
0.000
0.000
0.000
0.000
0.000
0.000
0.000
0.000
0.000
0.000
0.000
0.000
0.000
0.007
0.316
0.000
0.000
0.000
0.002
0.000
0.000
0.002
0.000
0.000
0.000
0.000
0.000
0.000
0.000
0.000
0.000
0.079
0.106
0.000
0.000
0.000
0.000
0.000
0.000
0.000
0.000
0.003
0.470
0.003
0.000
0.000
0.000
0.000
0.000
0.000
0.000
0.003
0.000
0.000
0.000
0.000
0.000
0.000
0.000
0.000
0.000
0.000
0.000
0.000
0.000
0.000
0.000
0.002
0.002
0.000
0.000
0.000
0.000
0.000
0.000
0.000
0.000
0.000
0.002
0.000
0.000
0.000
0.000
0.000
0.000
0.000
0.000
0.000
0.000
0.000
0.000
0.000
0.000
0.000
0.000
0.055
0.003
0.000
0.000
0.000
0.000
0.000
0.000
0.000
0.000
0.000
0.463
0.165
0.072
0.024
0.000
0.000
0.000
0.000
0.000
0.000
0.000
0.003
0.000
0.000
0.000
0.000
0.000
0.000
0.000
0.000
0.000
0.000
0.000
0.000
0.000
0.000
0.000
0.000
0.000
0.000
0.000
0.000
0.000
0.000
0.002
0.000
0.000
0.029
0.019
0.000
0.000
0.000
0.000
0.060
2.977
0.051
0.960
0.261
1.051
18.253
0.000
15.115
2.403
11.113
3.355
1.148
0.292
4.892
8.943
109.752
7.340
0.838
0.051
0.551
0.053
0.054
3.668
4.134
0.573
0.465
0.441
0.527
12.327
1.495
0.331
8.544
3.900
8.514
23.076
32.835
29.529
20.266
11.323
8.398
14.166
7.982
15.010
9.632
22.433
185.432
14.662
17.032
10.688
167.299
1.009
26.707
167.499
62.231
25.847
39.959
10.035
14.838
3.524
17.475
20.611
17.568
10.894
4.168
14.234
19.387
13.496
17.887
19.753
9.829
15.625
30.065
20.895
18.172
8.109
17.269
8.961
0.206
2.305
24.395
10.557
5.394
20.455
10.298
7.575
0.611
0.175
0.817
2.235
0.841
4.074
1.365
3.595
0.493
1.911
3.176
5.296
6.254
0.489
0.002
0.158
2.513
1.730
7.804
1.109
4.618
2.225
0.385
0.010
0.367
26.865
28.352
26.577
26.278
12.737
57.170
10.626
27.133
28.237
14.935
8.231
5.309
10.495
0.264
3.588
0.731
20.637
10.547
6.927
5.531
0.326
0.051
0.000
0.000
0.027
0.000
0.000
0.000
0.000
0.000
0.000
0.000
0.000
0.000
0.000
0.000
0.000
0.002
0.000
0.000
0.000
0.000
0.000
0.000
0.000
0.000
0.000
0.000
0.000
0.000
0.000
0.001
0.000
0.000
0.000
0.000
0.000
0.000
0.000
0.000
0.000
0.000
0.000
0.000
0.000
0.000
0.000
0.000
0.000
0.000
0.000
0.000
0.002
0.000
0.000
0.000
0.000
0.000
0.002
0.000
0.000
0.000
0.000
0.000
0.003
0.002
0.000
0.000
0.002
0.000
0.000
0.000
0.000
0.000
0.000
0.000
0.000
0.002
0.000
0.000
0.000
0.000
0.000
0.000
0.000
0.000
0.000
0.000
0.000
0.000
0.000
0.000
0.000
0.000
0.000
0.000
0.000
0.000
0.000
0.000
0.000
0.000
6.506
0.015
0.000
0.002
0.000
0.000
0.000
0.000
0.000
0.000
0.000
0.000
0.000
0.000
0.000
0.000
0.000
0.000
0.000
0.000
0.000
0.000
0.000
0.000
0.000
0.000
0.000
0.000
0.000
0.000
0.000
0.000
0.000
0.000
0.007
0.137
0.017
0.000
0.000
0.002
0.000
0.000
0.002
0.000
0.000
0.000
0.000
0.000
0.003
0.000
0.000
0.000
0.000
0.000
0.000
0.000
0.000
0.000
0.000
0.000
0.002
0.000
0.000
0.000
0.000
0.000
0.000
0.000
0.000
0.000
0.000
0.000
0.000
0.003
0.002
0.000
0.000
0.000
0.000
0.000
0.000
0.000
0.000
0.000
0.000
0.000
0.000
0.000
1.531
0.748
0.072
0.000
0.000
0.000
0.000
0.000
0.000
0.000
0.000
0.000
0.003
0.000
0.000
0.000
0.079
0.000
0.000
0.002
0.000
0.000
0.000
0.000
0.000
0.000
0.000
0.996
0.470
0.000
0.000
0.000
0.000
0.000
0.000
0.000
0.000
0.000
0.000
0.000
0.000
0.000
0.000
0.002
0.000
0.003
0.000
0.000
0.002
0.000
0.000
0.000
0.000
0.000
0.000
0.093
0.031
0.112
0.014
0.539
0.000
0.752
0.000
0.000
0.194
0.010
0.000
0.069
0.017
0.000
0.000
0.002
0.000
0.000
0.019
2.261
0.000
0.002
0.000
0.000
0.000
0.000
3.996
1.013
2.994
8.070
21.485
3.886
4.916
4.958
42.922
115.006
2.695
4.446
5.758
31.035
61.070
52.144
8.808
17.518
187.272
147.864
33.646
13.455
