20000101
0.000
0.000
0.000
0.000
0.000
0.000
0.000
0.000
0.000
0.000
0.000
0.000
0.000
0.000
0.000
0.000
0.000
0.000
0.000
0.000
0.000
0.000
0.000
0.000
0.000
0.000
0.000
0.000
0.000
0.000
0.000
0.010
0.000
0.000
0.000
0.302
0.000
0.000
0.000
0.000
0.000
0.000
0.000
0.000
0.000
0.000
0.000
0.000
0.000
0.000
0.000
0.000
0.000
0.000
0.000
0.000
0.000
0.000
0.000
0.000
0.000
0.000
0.000
0.000
0.000
0.000
0.000
0.000
0.000
0.000
0.000
0.000
0.000
0.000
0.000
0.000
0.000
0.000
0.000
0.000
0.000
0.000
0.000
0.000
0.000
0.000
0.000
0.000
0.000
0.000
0.000
0.000
0.000
0.000
0.000
0.000
0.000
0.000
0.000
0.000
0.000
0.000
0.000
0.000
0.000
0.000
0.000
0.000
0.000
0.000
0.000
0.000
0.000
0.000
0.000
0.000
0.000
0.000
0.000
0.000
0.000
0.000
0.000
0.000
0.000
0.000
1.669
0.288
0.007
0.000
0.007
0.000
0.154
6.990
0.632
0.043
0.076
4.398
8.851
8.652
1.090
0.000
0.000
0.000
0.000
0.000
0.000
0.000
0.000
0.082
0.450
0.817
0.680
0.048
0.000
1.404
0.257
0.000
0.024
4.522
0.000
0.000
0.000
0.000
0.179
0.168
0.645
0.093
0.000
0.000
0.000
0.000
0.000
0.000
0.007
0.000
0.000
0.000
0.000
0.000
1.044
4.262
9.483
17.124
0.853
11.738
0.018
4.623
4.447
8.116
2.029
20.528
8.236
8.639
10.378
28.794
10.542
0.904
13.051
9.938
0.003
5.501
10.073
4.401
1.451
0.033
0.000
0.000
0.000
0.000
0.105
1.286
0.251
0.058
0.000
0.069
0.000
0.000
0.000
0.000
0.003
0.093
2.020
0.541
20.750
14.423
7.663
11.712
2.238
1.652
1.373
2.390
7.188
3.795
14.211
6.683
9.120
0.000
11.326
7.183
7.547
7.276
0.524
1.133
1.554
0.498
0.473
0.324
9.138
0.683
0.000
0.034
0.000
0.000
0.000
0.000
0.000
0.000
0.000
0.000
0.000
0.000
0.000
0.000
0.000
0.000
0.000
0.978
0.795
0.000
0.000
0.000
0.000
0.000
0.000
0.000
0.000
0.000
0.000
0.000
0.000
0.000
0.000
0.024
0.014
0.000
0.000
0.000
0.000
0.000
0.000
0.000
0.000
0.000
0.000
0.000
0.000
0.000
0.000
0.000
0.000
0.000
0.000
0.000
0.000
0.000
0.000
0.000
0.000
0.000
0.000
0.000
0.000
0.000
0.000
0.000
0.000
0.000
0.000
0.000
0.000
0.000
0.000
0.000
0.000
0.000
0.000
0.000
0.000
0.000
0.000
0.000
0.000
0.000
0.000
0.000
0.000
0.000
0.000
0.000
0.000
0.000
0.000
0.000
0.000
0.000
0.000
0.000
0.000
0.000
0.000
0.000
0.000
0.000
0.000
0.000
0.000
0.000
0.000
0.000
0.000
0.000
0.000
0.000
3.538
3.426
0.000
0.000
0.000
0.000
0.000
0.000
0.000
0.000
0.000
0.000
0.000
0.000
0.000
0.000
0.000
0.000
0.000
0.000
0.000
0.000
0.000
0.000
0.000
0.000
0.000
0.000
0.000
0.000
0.000
0.000
0.000
0.000
0.000
0.000
0.000
0.000
0.000
0.000
0.000
0.000
0.000
0.000
0.000
0.000
0.000
0.000
0.000
0.000
0.000
0.000
0.000
0.000
0.000
0.000
0.000
0.000
0.000
0.000
0.000
0.000
0.000
0.000
0.000
0.000
0.000
0.000
0.000
0.000
0.000
0.000
0.000
0.000
0.000
0.000
0.000
0.000
0.000
0.000
0.000
0.000
0.000
0.000
0.000
0.000
0.000
0.000
0.000
0.000
0.000
0.000
0.000
0.000
0.000
0.000
0.000
0.000
0.000
0.000
0.000
0.000
0.000
0.007
0.000
0.000
0.000
0.000
0.000
0.000
0.000
0.000
0.000
0.000
0.000
0.000
0.000
0.000
0.000
0.000
0.000
0.000
0.000
0.000
0.000
0.000
0.000
0.000
0.000
0.000
0.000
0.000
0.000
0.000
0.000
0.000
0.000
0.000
0.161
3.358
3.727
0.093
0.767
0.125
0.000
0.010
0.089
0.007
0.058
0.003
0.036
10.344
6.668
0.603
0.536
0.383
0.857
0.697
1.918
0.046
5.335
2.947
2.266
11.148
3.474
6.575
8.979
10.145
29.945
7.905
45.732
26.740
0.036
0.003
0.000
0.000
0.525
1.084
1.520
0.069
1.476
5.074
1.916
0.244
4.755
26.699
79.627
24.512
0.058
1.548
22.666
16.792
5.152
17.226
12.100
13.309
5.208
5.229
2.067
3.203
1.715
0.388
60.548
28.341
8.386
98.980
9.316
6.444
6.774
8.635
12.154
18.011
2.324
10.015
5.752
0.429
0.007
7.368
16.528
3.037
11.299
6.051
3.633
15.925
24.851
7.881
14.034
6.141
5.176
197.823
70.656
1.451
0.033
0.089
0.982
1.950
3.465
18.437
4.710
0.010
0.000
0.089
0.233
0.232
0.000
0.000
0.000
0.000
0.156
0.014
0.000
0.041
3.171
0.000
0.000
0.000
0.014
0.069
0.024
0.058
0.003
0.000
0.000
0.000
0.211
0.699
0.000
0.031
0.000
0.000
0.000
0.000
0.000
0.000
0.000
0.000
0.000
2.364
4.144
1.147
0.003
0.000
0.000
0.000
5.926
9.307
130.229
0.000
0.043
0.000
0.000
0.000
0.000
0.000
0.000
0.000
0.000
0.000
0.000
0.000
0.000
0.000
0.000
0.000
0.000
0.000
0.000
0.000
0.000
0.000
0.000
0.000
0.000
0.000
0.000
0.000
0.000
0.000
0.000
0.000
0.000
0.000
0.000
0.000
0.000
0.000
0.000
0.000
0.000
0.000
0.000
0.000
0.000
0.000
0.000
0.000
0.000
0.000
0.000
0.000
0.000
0.000
0.000
0.000
0.000
0.000
0.000
0.000
0.000
0.000
0.000
0.000
0.000
0.000
0.000
0.000
0.000
0.000
0.000
0.000
0.000
0.000
0.000
0.000
0.000
0.000
0.000
0.000
0.000
0.000
0.000
0.000
0.000
0.000
0.000
0.000
0.000
0.000
0.000
0.000
0.000
0.439
0.062
0.000
0.000
0.000
0.000
0.000
0.000
0.000
0.000
0.000
0.000
0.000
0.000
0.000
0.000
0.000
0.000
0.000
0.000
0.000
0.000
0.000
0.000
0.000
0.000
1.382
0.000
0.000
0.000
0.000
0.000
0.000
0.000
0.000
0.000
0.000
0.000
0.000
0.000
0.000
0.000
0.000
0.000
0.000
0.000
0.000
0.000
0.000
0.000
0.000
0.000
0.000
0.000
0.000
0.000
0.242
0.184
1.904
0.000
0.000
0.000
0.000
0.000
0.000
0.000
0.000
0.000
0.000
0.000
0.000
0.000
0.000
0.000
0.000
0.000
0.000
0.000
0.000
0.000
0.000
0.021
0.113
0.381
0.000
0.000
0.000
0.000
0.000
0.000
0.000
0.000
0.000
0.000
0.000
0.000
0.000
0.000
0.000
0.000
0.000
0.000
0.000
0.000
0.000
0.000
0.000
0.000
0.000
0.000
0.000
0.000
0.000
0.000
0.000
0.000
0.000
0.000
0.000
0.000
0.000
0.000
0.000
0.000
0.000
0.000
0.000
0.000
0.000
0.000
0.000
0.000
0.000
0.055
1.857
0.191
0.010
0.003
0.000
0.000
0.182
0.021
0.000
0.000
0.000
0.000
0.000
0.000
0.240
0.312
3.483
7.467
6.070
1.469
4.278
0.951
4.285
9.225
0.079
0.000
0.000
1.112
5.280
7.656
19.429
58.760
15.827
0.591
0.101
0.000
0.055
0.000
0.000
0.000
0.007
0.000
0.912
0.136
0.050
0.068
1.356
2.050
1.313
0.130
16.941
7.742
5.311
0.163
3.058
4.954
4.098
3.030
2.934
0.772
0.000
0.000
0.000
0.000
0.000
4.207
0.021
0.779
10.399
84.876
32.005
26.724
18.732
3.871
0.760
4.209
4.491
5.506
3.265
3.650
3.251
0.896
0.791
0.045
0.254
0.312
49.998
28.570
26.882
2.674
1.789
0.671
0.082
1.440
30.796
35.700
16.339
21.566
5.957
2.107
0.050
0.000
0.000
0.000
0.000
0.000
0.000
0.000
0.000
0.000
0.000
0.000
0.000
0.000
0.000
0.000
0.000
0.000
0.000
0.399
0.051
0.000
0.000
0.000
0.000
0.000
0.000
0.000
0.000
0.000
0.000
0.000
0.000
0.000
0.000
0.000
0.000
0.000
0.000
0.000
0.000
0.000
0.000
0.000
0.000
0.000
0.000
0.000
0.000
0.000
0.000
0.000
0.000
0.000
0.000
0.000
0.000
0.000
0.000
0.000
0.000
0.000
0.000
0.000
0.000
0.000
0.233
0.007
0.000
0.000
0.000
0.000
0.000
0.000
0.000
0.000
0.000
0.000
0.000
0.000
0.000
0.000
0.000
0.000
0.000
0.000
0.000
0.000
0.000
0.000
0.000
0.000
0.000
0.000
0.000
0.000
0.000
0.000
0.000
0.000
0.000
0.000
0.000
0.000
0.000
0.000
0.000
0.000
0.000
0.000
0.000
0.000
0.000
0.000
0.000
0.350
1.658
0.000
0.000
0.000
0.000
0.000
0.000
0.000
0.000
0.000
0.690
0.000
0.000
0.000
0.000
0.000
0.000
0.000
0.000
0.000
0.000
0.000
0.000
0.000
0.000
0.000
0.000
0.017
0.000
0.000
0.000
3.193
0.474
0.000
0.000
0.000
0.000
0.000
0.000
0.000
0.000
0.000
0.000
0.000
0.000
0.000
0.000
0.000
0.007
15.271
0.913
0.000
0.000
0.000
0.000
0.000
0.000
0.000
0.000
0.000
0.000
0.000
0.000
0.000
0.000
0.000
0.000
0.000
0.000
0.000
0.000
0.000
0.000
0.000
0.000
0.000
0.000
0.000
0.000
0.000
0.000
0.000
0.000
0.000
0.000
0.000
0.000
0.000
0.000
0.000
0.000
0.000
0.000
0.000
0.000
0.000
0.000
0.000
0.000
0.000
0.000
0.000
0.000
0.000
0.000
0.000
0.000
0.000
0.000
0.000
0.000
0.000
0.000
0.000
0.000
0.000
0.000
0.000
0.000
0.000
0.000
0.000
0.000
0.000
0.000
0.000
0.000
0.000
0.000
0.000
0.000
0.000
0.000
0.000
0.000
0.000
0.000
0.000
0.000
0.000
0.000
0.000
0.000
0.000
0.000
0.000
0.000
0.010
0.000
0.000
0.000
0.000
0.000
0.000
0.000
0.000
0.000
0.000
0.257
0.051
0.000
0.000
0.000
0.000
0.000
0.000
0.891
12.140
12.689
39.874
9.005
11.419
0.944
10.001
3.471
1.284
6.602
0.573
0.000
16.455
6.829
0.412
3.931
3.141
12.751
17.760
53.563
19.693
17.351
12.370
12.016
9.239
7.773
0.151
10.599
4.170
27.181
30.823
6.218
1.624
11.579
14.777
8.377
2.051
9.728
21.265
12.324
3.203
4.165
11.851
7.072
1.099
4.052
3.528
8.229
10.688
14.711
20.146
4.868
2.551
18.948
17.334
11.958
5.775
4.601
4.583
0.546
3.284
0.034
0.000
0.065
0.656
0.568
1.274
0.275
5.709
37.843
7.864
3.073
9.541
12.550
11.249
131.115
35.106
2.496
3.150
2.221
0.846
0.266
1.301
0.889
0.000
0.000
0.920
0.851
0.000
0.000
2.606
4.446
0.003
0.081
3.389
1.693
0.079
0.486
3.342
1.262
0.700
1.876
0.980
0.000
0.000
0.220
0.982
0.041
0.772
0.000
0.000
0.000
0.000
0.000
0.000
0.000
0.000
0.000
0.000
0.000
0.000
0.000
0.000
0.000
0.000
0.000
0.000
0.000
0.000
0.000
0.000
0.000
0.000
0.000
0.000
0.000
0.000
0.000
0.000
0.000
0.000
0.000
0.000
0.000
0.000
0.000
0.000
0.000
0.000
0.000
0.000
0.000
0.000
0.000
0.000
0.000
0.000
0.000
0.000
0.000
0.000
0.000
0.000
0.000
0.000
0.000
0.000
0.000
0.000
0.000
0.000
0.000
0.000
0.000
0.000
0.000
0.000
0.000
0.000
0.000
0.000
0.000
0.000
0.000
0.000
0.000
0.000
0.000
0.000
0.000
0.000
0.000
0.000
0.000
0.000
0.000
0.000
0.000
0.000
0.000
0.000
0.000
0.000
0.000
0.185
0.000
0.000
0.000
0.000
0.000
0.000
0.000
0.000
0.000
0.000
0.000
0.000
0.000
0.000
0.000
0.000
0.000
0.000
0.000
0.000
0.000
0.000
0.000
0.000
0.000
0.000
0.000
0.000
0.000
0.000
0.000
0.000
0.000
0.000
0.000
0.000
0.000
0.000
0.000
0.000
0.000
0.000
0.000
0.000
0.000
0.000
0.000
0.000
0.000
0.000
0.000
0.000
0.000
0.000
0.000
0.000
0.000
0.000
0.000
0.000
0.000
0.000
0.000
0.000
0.000
0.000
0.000
0.000
0.000
0.000
0.000
0.000
0.000
0.000
0.000
0.000
0.000
0.000
0.000
0.000
0.000
0.000
0.000
0.000
0.000
0.000
0.000
0.000
0.000
0.000
0.000
0.000
0.000
0.000
0.000
0.000
0.000
0.000
0.000
0.000
0.000
0.000
0.000
0.000
0.000
0.000
0.000
0.000
0.000
0.000
0.000
0.000
0.000
0.000
0.000
0.000
0.000
0.000
0.000
0.000
0.000
0.000
0.694
0.137
0.089
2.410
2.482
16.215
0.041
0.000
0.000
0.014
0.000
0.000
0.000
0.000
0.000
0.000
0.000
0.000
0.000
0.000
0.000
0.000
0.000
0.000
0.000
0.000
0.000
0.000
0.000
0.000
0.000
0.021
3.794
4.915
0.282
0.000
0.306
1.334
4.065
3.188
7.646
0.951
0.000
0.010
0.000
0.000
0.000
0.609
3.600
1.928
7.653
16.634
15.783
8.803
1.189
1.790
0.151
0.000
10.186
1.514
0.124
4.808
3.462
2.793
0.117
2.999
0.000
0.000
1.231
0.352
0.039
6.654
3.780
3.203
0.038
0.010
0.218
0.000
0.038
0.003
0.010
0.000
3.020
3.286
0.050
6.400
1.396
3.147
5.307
3.760
4.617
3.516
16.657
2.953
3.498
8.908
22.540
11.235
15.607
5.064
56.605
6.383
3.196
8.382
5.315
0.919
13.061
8.365
0.189
0.197
0.000
0.000
0.041
0.000
0.158
0.010
0.014
3.565
1.692
0.177
0.000
0.000
0.000
0.000
0.000
0.000
0.000
0.275
0.010
0.836
0.906
1.624
2.173
19.725
21.791
0.000
0.140
0.000
0.038
0.000
1.196
4.849
0.000
0.587
1.064
103.138
9.182
13.394
20.235
22.544
16.921
5.279
4.225
0.000
0.585
1.216
0.206
0.000
0.000
0.000
0.000
0.000
0.000
0.000
0.000
0.000
0.000
0.000
0.000
0.000
0.000
0.000
0.000
0.000
0.000
0.000
0.000
0.000
0.000
0.000
0.000
0.000
0.000
0.000
0.000
0.000
0.000
0.307
0.014
0.000
0.000
0.000
0.000
0.000
0.000
0.000
0.000
0.000
0.000
0.000
0.000
0.000
0.000
0.000
0.000
0.000
0.000
0.000
0.000
0.000
0.000
0.000
0.000
0.000
0.000
0.000
0.000
0.000
0.000
0.000
0.000
0.000
0.000
0.000
0.000
0.000
0.000
0.000
0.000
0.000
0.000
0.000
0.000
0.000
0.000
0.000
0.000
0.314
0.000
0.000
0.000
0.000
0.000
0.000
0.000
0.000
0.000
0.000
0.000
0.000
0.000
0.000
0.000
0.000
0.000
0.000
0.000
0.000
0.000
0.000
0.000
0.000
0.000
0.000
0.000
0.000
0.007
0.797
0.100
0.000
0.000
0.000
0.000
0.000
0.000
0.000
0.000
0.000
0.000
0.000
0.000
0.000
0.000
0.000
0.000
0.000
0.000
0.000
0.000
0.000
0.000
0.000
0.000
0.000
0.000
0.000
0.000
0.000
0.000
0.000
0.000
0.000
0.000
0.000
0.000
0.000
0.000
0.000
0.000
0.000
0.000
0.000
0.000
0.000
0.000
0.000
0.000
0.000
0.000
0.000
0.000
0.000
0.000
0.000
0.000
0.000
0.000
0.000
0.000
0.000
0.000
0.000
0.000
0.000
0.000
0.000
0.000
0.000
0.000
0.000
0.000
0.000
0.000
0.000
0.000
0.000
0.000
0.000
0.000
0.000
0.000
0.000
0.000
0.000
0.000
0.000
1.538
0.204
0.000
0.000
0.000
0.000
0.000
0.000
0.000
0.000
0.000
0.000
0.000
0.000
0.000
0.000
0.000
0.000
0.000
0.000
0.000
0.000
0.000
0.000
0.000
0.000
0.000
0.000
0.000
0.000
0.031
0.000
0.000
0.000
0.003
0.010
0.000
0.000
0.000
0.000
0.000
0.000
0.000
0.000
2.208
1.324
6.089
0.000
0.000
0.000
0.000
0.000
0.000
0.132
0.007
0.000
0.807
8.750
4.165
0.010
8.998
5.470
8.810
17.196
6.612
22.125
13.917
10.717
10.240
3.123
0.137
0.039
2.070
0.175
13.611
0.542
16.013
5.948
7.989
0.482
10.379
5.344
0.000
0.000
0.000
0.000
0.000
1.057
4.891
10.348
29.977
10.159
2.705
9.126
6.585
5.989
4.152
1.535
3.792
3.816
2.765
1.586
1.691
7.672
0.055
0.817
0.007
0.117
0.000
0.103
1.322
0.312
0.965
1.287
3.244
1.765
1.399
0.034
0.000
0.336
0.000
0.113
0.000
0.055
0.000
0.000
0.000
0.000
0.000
0.024
0.326
1.318
4.065
4.309
0.728
19.096
20.947
12.597
22.857
8.896
16.522
30.142
19.955
2.326
12.890
0.029
4.413
4.968
24.707
0.132
2.089
0.242
0.488
0.026
0.003
0.014
0.000
0.154
0.000
0.000
0.000
0.000
0.000
0.000
0.000
0.000
0.000
0.000
0.000
0.000
0.000
0.000
0.000
0.000
0.000
0.000
0.000
0.000
0.000
0.000
0.000
0.000
0.000
0.000
0.000
0.000
0.000
0.000
0.000
0.000
0.000
0.000
0.000
0.000
0.000
0.000
0.000
0.000
0.000
0.000
0.000
0.000
0.000
0.000
0.000
0.000
0.000
0.000
0.000
0.000
0.000
0.000
0.000
0.000
0.000
0.000
0.000
0.000
0.000
0.000
0.000
0.000
0.000
0.000
0.000
0.000
0.000
0.000
0.000
0.000
0.000
0.000
0.000
0.000
0.000
0.000
0.000
0.000
0.000
0.000
0.000
0.000
0.000
0.000
0.000
0.000
0.000
0.000
0.000
0.000
0.000
0.000
0.000
0.000
0.000
0.000
0.000
0.000
0.000
0.000
0.000
0.000
0.000
0.000
0.000
0.000
0.000
0.000
0.000
0.000
0.000
0.000
0.000
0.000
0.000
0.000
0.000
0.000
0.000
0.000
0.000
0.000
0.000
0.000
0.000
0.000
0.000
0.000
0.000
0.000
0.000
0.000
0.000
0.000
0.000
0.000
0.000
0.000
0.000
0.000
0.000
0.000
0.000
0.000
0.000
0.000
0.000
0.000
0.000
0.000
0.000
0.000
0.000
0.000
6.767
2.302
0.021
0.000
0.000
1.006
0.000
0.000
0.000
0.000
0.000
0.000
0.000
0.000
0.000
0.000
0.000
0.000
0.000
0.000
0.000
0.000
0.000
0.000
0.000
0.000
0.000
0.000
0.000
0.000
0.000
0.000
0.000
0.000
0.000
0.000
0.000
0.000
0.000
0.000
0.000
0.000
0.000
0.000
0.000
0.000
0.000
0.000
0.000
0.000
0.000
0.000
0.000
0.000
0.000
0.000
0.000
0.000
0.000
0.000
0.000
0.000
0.000
0.000
0.000
0.000
0.000
0.000
0.000
0.000
0.000
0.000
0.424
1.519
0.684
1.073
0.000
0.000
0.000
0.000
0.000
0.000
0.000
0.000
0.927
13.705
10.159
0.299
0.000
0.000
0.000
0.000
0.000
0.000
0.000
0.172
0.041
0.034
0.000
0.000
0.000
0.000
1.339
0.227
0.000
0.000
0.000
0.175
0.429
12.813
12.456
15.178
1.662
2.094
0.045
0.000
0.000
0.000
0.254
3.392
2.836
8.304
5.124
9.209
10.627
4.107
2.931
0.000
0.875
5.756
3.724
10.143
7.050
5.094
11.393
2.362
6.937
7.620
14.456
6.640
8.635
4.034
9.416
12.913
9.632
11.018
12.627
3.730
10.581
14.802
19.369
5.342
26.010
22.663
41.609
46.540
13.635
11.134
3.663
9.622
6.659
2.407
25.911
75.976
17.895
6.608
9.415
9.290
1.478
1.986
2.285
1.772
1.844
0.668
0.010
22.571
16.186
0.549
3.378
4.089
13.108
14.617
3.196
0.395
0.160
0.000
8.123
0.225
0.191
0.027
0.942
0.000
0.000
1.979
4.309
2.484
0.846
7.593
6.805
9.112
0.184
2.841
4.942
1.912
0.086
0.000
0.000
0.000
0.000
0.000
0.000
0.000
0.000
0.000
0.000
0.000
0.000
0.000
0.000
0.000
0.000
0.000
0.000
0.000
0.000
0.000
0.000
0.000
0.000
0.000
0.000
0.000
0.000
0.000
0.000
0.000
0.000
0.000
0.000
0.000
0.000
0.000
0.000
0.000
0.096
0.000
0.000
0.000
0.000
0.000
0.000
0.000
0.000
0.000
0.000
0.000
0.000
0.000
0.000
0.000
0.000
0.000
0.000
0.000
0.000
0.000
0.000
0.000
0.000
0.000
0.000
0.000
0.000
0.000
0.000
0.000
0.000
0.000
0.000
0.000
0.000
0.000
0.000
0.000
0.000
0.000
0.000
0.000
0.000
0.000
0.000
0.000
0.000
0.000
0.000
0.000
0.000
0.000
0.000
0.000
0.000
0.000
0.000
0.000
0.000
0.000
0.000
0.000
0.000
0.000
0.000
0.000
0.000
0.000
0.000
0.000
0.000
0.000
0.000
0.000
0.000
0.000
0.000
0.000
0.000
0.000
0.000
0.542
0.000
0.000
0.000
0.000
0.000
0.000
0.000
0.000
0.000
0.003
0.311
0.936
0.000
0.130
0.000
0.000
0.000
0.000
0.000
0.000
0.000
0.000
0.000
0.000
0.051
0.000
0.000
0.000
0.000
0.197
0.000
0.000
0.000
0.000
0.000
0.000
0.000
0.000
0.000
0.000
0.003
0.000
0.000
0.000
0.000
0.000
0.000
0.000
0.000
0.000
0.000
0.000
0.000
0.000
0.000
0.000
0.000
0.000
0.000
0.000
0.000
0.000
0.000
0.000
0.000
0.000
0.000
0.000
0.000
0.000
0.000
0.000
0.000
0.000
0.000
0.000
0.000
0.000
0.000
0.000
0.000
0.000
0.000
0.000
0.000
0.000
0.000
0.000
0.000
0.000
0.000
0.000
0.000
0.000
0.000
0.000
0.000
0.000
0.000
0.000
0.000
0.000
0.000
0.000
0.000
0.000
0.000
0.000
0.000
0.000
0.000
0.000
0.000
0.000
0.000
0.000
0.000
0.000
0.000
0.000
0.000
0.000
0.014
1.449
2.874
0.244
0.010
0.076
0.000
0.000
0.000
0.000
0.000
0.000
0.584
2.613
0.007
1.311
0.786
1.778
9.682
1.123
0.385
0.021
0.930
19.096
0.319
6.231
0.208
3.253
0.800
3.052
21.375
155.558
63.568
2.808
16.842
6.710
51.504
110.557
14.351
18.863
1.726
9.898
2.324
0.163
8.241
4.820
1.741
0.148
1.363
0.142
3.605
4.866
0.223
17.250
0.082
3.356
11.086
1.857
8.410
0.560
5.981
10.161
11.628
2.973
7.373
12.720
67.993
29.316
8.367
4.626
4.383
6.942
8.533
5.503
2.364
5.047
2.805
0.947
0.409
0.283
3.444
5.363
14.886
0.065
0.021
3.081
21.969
10.392
2.067
16.452
8.487
5.362
12.919
6.444
6.005
12.576
11.438
1.521
1.287
0.120
3.718
1.267
0.021
2.081
0.000
0.003
0.194
0.000
0.391
1.845
1.490
7.642
12.790
9.371
0.148
0.673
3.811
5.164
0.161
0.000
0.000
0.000
0.000
0.000
0.000
0.000
0.000
0.000
0.000
0.000
0.000
0.000
0.000
0.000
0.000
0.000
0.000
0.000
0.000
0.000
0.000
0.000
0.000
0.000
0.000
0.000
0.000
0.000
0.000
0.000
0.000
0.000
0.000
0.000
0.000
0.000
0.000
0.000
0.000
0.000
0.000
0.000
0.000
0.000
0.000
0.000
0.000
0.000
0.000
0.000
0.000
0.000
0.000
0.000
0.000
0.000
0.000
0.000
0.000
0.000
0.000
0.000
0.000
0.239
0.000
0.000
0.000
0.000
0.000
0.000
0.000
0.000
0.000
0.000
0.000
0.000
0.000
0.000
0.000
0.000
0.000
0.000
0.000
0.000
0.000
0.000
0.000
0.000
0.000
0.000
0.000
0.000
0.000
0.000
0.000
0.000
0.000
0.000
0.000
0.000
0.000
0.000
0.000
0.000
0.000
0.000
0.000
0.000
0.000
0.000
0.000
0.000
0.000
0.000
0.000
0.000
0.000
0.000
0.000
0.000
0.000
0.000
0.275
0.000
0.000
0.000
0.115
0.000
0.000
0.000
0.000
0.000
0.000
0.000
0.000
0.000
0.000
0.000
0.000
0.000
0.000
0.000
0.000
0.000
0.000
0.000
0.000
0.000
0.000
0.000
0.000
0.000
0.000
0.000
0.000
0.000
0.000
0.000
0.000
0.000
0.000
0.000
0.000
0.000
0.000
0.101
0.000
0.000
0.000
0.000
0.000
0.000
0.000
0.000
0.000
0.000
0.000
0.021
0.000
0.000
0.000
0.000
0.045
0.000
0.000
0.000
0.010
2.829
5.165
0.000
0.000
0.000
0.000
0.000
0.000
0.000
0.000
0.000
0.000
0.000
0.000
0.000
0.000
0.000
0.000
0.000
0.000
0.000
0.000
0.000
0.000
0.000
0.000
0.000
0.000
0.000
0.000
0.000
0.000
0.048
0.003
0.000
0.000
0.000
0.000
0.000
0.000
0.000
0.000
0.000
0.000
0.000
0.000
0.000
0.000
0.000
0.000
0.000
0.000
0.000
0.000
0.000
0.000
0.000
0.000
0.024
0.007
0.000
0.000
5.819
17.527
1.868
9.050
0.227
0.192
5.128
120.400
11.312
24.680
3.038
0.206
0.467
0.027
0.556
1.600
0.669
0.146
0.213
0.161
2.455
0.491
1.912
0.144
7.598
16.184
2.297
5.071
4.185
1.239
1.275
0.889
2.566
0.841
24.618
25.814
13.848
8.806
3.384
2.619
0.173
0.021
0.000
0.342
0.117
3.150
1.837
0.398
1.030
8.650
2.297
5.009
22.541
142.790
6.532
14.141
4.655
5.921
28.221
12.214
6.093
15.297
1.914
1.669
11.946
1.914
1.669
16.084
48.424
9.764
5.728
1.787
0.393
0.213
0.239
0.282
0.000
0.034
0.120
0.561
0.220
9.541
0.343
0.206
0.000
0.000
0.003
0.000
0.000
0.000
0.000
0.470
5.792
8.865
13.980
0.048
0.000
3.708
16.655
14.351
13.163
7.158
8.326
6.557
19.860
18.546
12.253
0.093
1.504
0.230
0.000
0.000
0.000
0.000
0.027
0.038
0.000
0.000
0.000
2.434
0.970
0.000
0.000
0.000
0.628
0.072
0.000
0.000
0.000
0.000
0.000
0.000
0.000
0.000
0.000
0.000
0.000
0.000
0.000
0.000
0.000
0.000
0.000
0.000
0.000
0.000
0.000
0.000
0.000
0.000
0.000
0.000
0.000
0.000
0.000
0.000
0.000
0.000
0.000
0.000
0.000
0.000
0.000
0.000
0.000
0.000
3.347
5.225
0.000
0.000
0.000
0.000
0.000
0.000
0.000
0.000
0.000
0.000
0.000
3.885
0.000
0.000
0.000
0.000
0.000
0.000
0.000
0.000
0.000
0.000
0.000
0.000
0.000
0.000
0.000
0.000
0.000
0.000
0.000
0.000
0.000
0.000
0.000
0.000
0.000
0.000
0.000
0.000
0.000
0.000
0.000
0.000
0.000
0.000
0.000
0.000
0.000
0.000
0.000
0.000
0.000
0.000
0.000
0.000
0.000
0.000
0.000
0.000
0.000
0.000
0.000
0.000
0.000
0.000
0.000
0.000
0.000
0.000
0.000
0.000
0.000
0.000
0.000
0.000
0.000
0.000
0.000
0.000
0.000
0.000
0.000
0.000
0.000
0.000
0.000
0.000
0.000
0.000
0.000
0.000
0.000
0.000
0.000
0.000
0.000
0.000
0.000
0.000
0.000
0.000
0.000
0.000
0.000
0.000
0.000
0.000
0.000
0.000
0.000
0.000
0.000
0.000
0.000
0.000
0.000
0.000
0.000
0.000
0.000
0.000
0.000
0.000
0.000
0.000
0.000
0.000
0.000
0.000
0.000
0.000
0.000
0.000
0.000
0.000
0.072
0.422
0.000
0.000
0.000
0.000
0.000
0.000
0.000
0.000
0.000
0.000
0.000
0.000
0.000
0.000
0.000
0.000
0.000
0.000
0.000
0.000
0.000
0.000
0.000
0.000
0.000
0.000
0.000
0.000
0.000
0.000
0.000
0.000
0.000
0.000
0.000
0.000
0.000
0.000
0.000
0.000
0.000
0.000
0.000
0.429
0.000
0.000
0.000
0.000
0.000
0.000
0.000
0.000
0.000
0.594
0.525
0.000
0.000
0.000
0.000
0.000
0.000
0.000
0.000
0.000
0.000
0.000
0.000
0.000
0.000
0.000
0.000
2.538
0.000
0.000
0.000
0.000
0.000
0.237
13.309
0.975
0.338
16.239
17.158
0.542
0.049
1.893
9.330
2.069
0.328
0.031
0.000
0.000
0.000
103.258
52.817
7.138
10.574
15.253
64.979
43.360
8.842
30.381
11.443
0.837
10.406
11.146
8.451
44.449
7.672
10.917
5.555
0.922
1.399
2.973
2.075
0.928
1.617
2.319
0.591
0.060
0.445
0.870
0.373
0.664
2.592
1.428
0.053
1.581
11.688
0.656
0.949
0.833
0.000
0.000
0.000
0.000
1.351
0.000
0.000
0.000
0.021
1.260
2.027
41.558
17.525
17.770
2.937
0.192
10.719
3.227
4.237
9.153
2.482
0.323
0.000
0.000
0.000
0.000
0.000
0.000
0.000
0.000
0.000
0.000
0.000
0.000
0.000
0.000
0.000
0.000
0.000
0.000
0.000
0.000
0.000
0.000
1.078
0.000
0.000
1.483
19.858
3.399
0.000
0.000
0.000
0.000
0.000
0.000
0.889
0.000
0.000
0.000
0.000
0.000
0.000
0.000
0.000
0.000
0.000
0.000
0.000
0.000
0.000
0.000
0.000
0.000
0.000
0.000
0.000
0.000
0.000
0.000
0.000
0.000
0.000
0.000
0.000
0.000
1.451
2.127
0.069
0.000
0.000
0.000
0.086
0.000
0.000
0.000
0.000
0.000
0.000
0.000
0.000
0.000
0.000
0.000
0.000
0.000
0.000
0.000
0.000
0.000
0.000
0.000
0.000
0.000
0.000
0.000
0.000
0.000
0.000
0.000
0.000
0.000
0.000
0.000
0.000
0.000
0.000
0.000
0.000
0.000
0.000
0.000
0.000
0.000
0.352
0.000
0.000
0.000
0.000
0.010
0.000
0.000
0.000
0.000
0.000
0.000
0.000
0.000
0.697
0.000
0.000
0.000
0.000
0.000
0.000
0.000
0.000
0.000
0.000
0.000
0.000
0.000
0.000
0.000
0.000
0.000
0.000
0.000
0.000
0.000
0.000
0.014
0.000
0.000
0.000
0.000
0.000
0.000
0.000
0.000
0.000
0.000
0.000
0.000
0.000
0.000
0.000
0.000
0.000
0.312
0.000
0.000
0.000
0.000
0.000
0.000
0.000
0.000
0.000
0.000
0.000
0.000
0.000
0.000
0.000
0.000
0.000
0.000
0.000
0.000
0.000
0.000
0.000
0.000
0.000
0.000
0.000
0.000
0.000
0.000
0.000
0.000
0.000
0.000
0.000
0.000
0.000
0.000
0.000
0.000
0.000
0.000
0.000
0.000
0.000
0.000
0.000
0.000
0.000
0.000
0.000
0.000
0.000
0.000
0.000
0.000
0.000
0.000
0.000
0.000
0.000
0.000
0.000
0.000
0.000
0.000
0.000
0.000
0.000
0.000
0.000
0.000
0.000
0.000
0.000
0.000
0.000
0.000
0.000
0.000
0.000
0.000
0.000
0.000
0.000
0.000
0.000
0.000
0.000
0.000
0.000
0.000
0.000
0.000
0.000
0.000
0.000
0.000
0.000
0.565
3.332
0.127
1.756
0.170
2.562
0.173
0.000
0.000
0.027
0.000
0.000
0.000
9.151
6.291
0.647
0.000
0.000
0.000
0.000
0.810
0.124
0.936
1.492
0.479
0.000
0.053
0.091
0.000
0.000
0.089
0.578
14.100
24.517
8.037
14.495
11.528
5.838
0.424
3.916
1.912
15.108
8.985
1.861
0.712
4.764
0.342
0.230
1.217
4.470
13.736
6.346
23.258
7.660
1.308
6.851
1.669
0.855
3.243
6.128
24.331
8.865
7.412
11.841
4.673
1.548
27.483
1.394
2.798
9.023
5.325
2.589
4.243
3.440
3.018
0.810
3.971
3.612
3.653
0.948
1.710
8.583
0.491
1.905
1.765
11.834
18.443
3.186
13.388
9.517
16.129
2.105
1.998
0.954
2.386
6.283
5.418
6.674
10.739
26.364
4.504
3.650
1.895
3.073
16.459
16.744
7.203
0.731
0.000
0.041
0.000
0.000
0.003
0.223
0.000
0.000
0.000
0.000
0.000
0.000
0.000
0.000
0.000
0.000
0.000
0.000
0.000
0.000
0.000
0.000
0.000
0.000
0.723
0.003
0.000
0.000
0.000
0.000
0.312
0.348
0.127
0.000
0.027
0.000
0.000
0.000
0.000
0.000
0.000
0.000
0.000
0.003
0.000
0.000
0.000
0.000
0.000
0.000
0.000
0.000
0.041
0.220
0.374
0.628
11.580
1.816
6.091
0.889
7.004
0.041
0.003
0.000
0.000
2.606
4.892
10.619
0.309
0.041
0.000
0.000
0.000
0.000
0.000
0.000
0.000
0.000
0.000
0.000
0.000
0.000
0.000
0.000
0.000
0.000
0.000
0.000
0.000
0.000
0.000
0.000
0.000
0.000
0.000
0.000
0.000
0.000
0.000
0.000
0.000
0.285
2.225
1.655
0.000
0.000
0.000
0.000
0.000
0.000
0.000
0.000
0.000
0.000
0.000
0.000
0.000
0.000
0.000
0.000
0.000
0.000
0.000
0.000
0.000
0.000
0.000
0.000
0.000
0.000
0.000
0.000
0.003
0.000
0.000
0.000
0.000
0.000
0.002
0.000
0.000
0.000
0.000
0.000
0.000
0.000
0.002
0.002
0.000
0.000
0.673
0.151
0.000
0.000
0.000
0.000
0.000
0.000
0.000
0.000
0.000
0.000
0.000
0.000
0.000
0.002
0.000
0.000
0.000
0.000
0.000
0.000
0.000
0.000
0.002
0.000
0.002
0.002
0.000
0.000
0.000
0.000
0.000
0.000
0.000
0.000
0.000
0.002
0.002
0.000
0.002
0.000
0.000
0.000
0.002
0.000
0.000
0.000
0.000
0.000
0.000
0.000
0.000
0.000
0.000
0.000
0.000
0.002
0.000
0.000
0.000
0.000
0.000
0.000
0.000
0.000
0.000
0.002
0.000
0.000
0.000
0.000
0.000
0.000
0.000
0.000
0.000
0.000
0.000
0.000
0.000
0.000
0.000
0.000
0.000
0.000
0.000
0.000
0.000
0.000
0.000
0.000
0.000
0.000
0.000
0.154
0.079
1.226
0.000
0.000
0.000
0.000
0.000
0.000
0.000
0.000
0.295
0.144
0.110
0.151
0.000
0.014
0.053
0.168
0.093
0.003
0.000
0.000
0.694
1.390
4.340
0.000
2.238
4.546
0.887
1.809
0.014
6.147
4.243
27.498
1.202
0.500
23.480
113.468
6.376
6.772
2.987
14.677
7.903
11.295
8.497
38.256
23.090
21.969
16.332
93.507
22.436
6.662
5.227
25.299
13.455
14.466
9.810
71.871
4.542
1.773
1.401
5.112
29.409
9.156
4.219
19.370
20.194
19.432
13.151
6.896
34.641
17.928
14.859
14.869
12.282
11.900
5.747
2.880
41.741
64.613
30.418
11.034
12.686
12.514
48.409
32.526
10.257
8.274
3.917
9.356
19.734
16.586
11.206
12.243
17.207
23.058
6.623
13.520
33.443
22.906
45.878
39.939
35.510
21.296
25.172
64.653
35.046
6.966
6.628
11.749
9.721
8.657
14.780
18.842
5.881
0.172
9.682
7.874
19.132
3.701
2.414
6.327
0.584
5.133
2.894
0.851
5.524
7.096
3.032
1.092
2.057
0.000
0.002
0.000
0.002
0.000
0.000
0.000
0.000
0.216
0.000
0.000
0.000
0.000
0.000
0.000
0.000
0.012
0.014
0.000
0.000
0.000
0.000
0.000
0.000
0.000
0.000
0.000
0.000
0.000
0.002
0.000
0.000
0.000
0.002
0.000
0.000
0.000
0.000
0.000
0.000
0.000
0.000
0.000
0.000
0.000
0.000
0.000
0.000
0.000
0.000
0.000
0.000
0.000
0.000
0.000
0.000
0.000
0.002
0.000
0.000
0.000
0.000
0.000
0.000
0.000
0.000
0.000
0.000
0.000
0.000
0.000
0.002
0.000
0.000
0.000
0.000
0.000
0.000
0.000
0.000
0.000
0.000
0.000
0.000
0.000
0.000
0.000
0.000
0.000
0.000
0.000
0.000
0.000
0.000
0.000
0.000
0.000
0.000
0.000
0.000
0.000
0.003
0.000
0.000
0.000
0.000
0.000
0.000
0.002
0.000
0.000
0.002
0.000
0.000
0.000
0.000
0.000
0.000
0.000
0.000
0.003
0.000
0.000
0.000
0.000
0.000
0.000
0.000
0.120
0.000
0.000
0.000
0.000
0.000
0.000
0.000
0.000
0.000
0.000
0.002
0.000
0.000
0.000
0.000
0.000
0.000
0.000
0.000
0.000
0.000
0.000
0.000
0.002
0.000
0.000
0.000
0.000
0.000
0.000
0.000
0.000
0.000
0.000
0.000
0.000
0.000
0.000
0.000
0.000
0.002
0.000
0.000
0.000
0.000
0.000
0.000
0.000
0.000
0.000
0.000
0.000
0.000
0.000
0.000
0.000
0.000
0.000
0.000
0.000
0.000
0.000
0.000
0.000
0.000
0.000
0.000
0.000
0.000
0.000
0.000
0.000
0.000
0.000
3.531
0.000
0.000
0.000
0.000
0.000
0.000
0.000
0.000
0.000
0.000
0.000
0.000
0.000
0.000
0.000
0.000
0.151
1.542
0.000
0.002
0.000
0.031
0.024
0.000
0.000
0.000
0.000
0.000
0.000
0.000
0.000
0.000
0.000
0.000
0.000
0.000
0.000
0.000
0.000
0.000
0.000
0.000
0.000
0.000
0.000
0.000
0.000
0.000
0.082
0.154
0.003
1.342
0.697
6.327
7.333
2.043
4.456
0.831
0.017
0.010
0.821
0.179
0.010
0.000
0.000
0.000
0.597
0.134
0.182
0.093
0.014
10.226
6.400
2.369
129.594
51.722
23.550
5.730
18.304
7.289
121.976
105.019
21.130
9.730
5.373
5.974
17.530
8.396
8.478
4.498
0.893
1.792
24.489
3.524
3.409
10.530
9.433
1.943
8.559
18.073
8.655
25.602
2.063
24.894
10.348
3.962
6.403
9.783
34.942
25.181
12.246
6.545
23.583
11.422
17.302
125.687
7.735
7.785
18.752
3.279
4.528
7.653
16.981
11.122
19.535
18.031
15.072
12.118
17.956
21.197
4.163
15.331
31.339
30.652
10.166
27.823
26.848
17.901
50.441
72.805
19.144
10.983
6.544
8.394
7.967
8.786
10.849
4.659
0.529
3.704
5.400
0.913
7.797
9.601
12.851
13.441
9.694
1.620
0.000
0.000
0.000
0.000
0.000
0.000
0.000
0.000
0.113
0.027
0.000
0.000
0.000
0.000
0.000
0.000
0.000
0.000
0.000
0.000
0.000
0.000
0.000
0.000
0.000
0.000
0.000
0.000
0.002
0.000
0.000
0.000
0.000
0.000
0.002
0.000
0.000
0.000
0.000
0.000
0.000
0.000
0.000
0.000
0.000
0.002
0.000
0.000
0.000
0.000
0.000
0.002
0.000
0.000
0.000
0.000
0.000
0.002
0.000
0.000
0.000
0.000
0.000
0.000
0.000
0.000
0.000
0.000
0.003
0.000
0.000
0.000
0.000
0.000
0.000
0.000
0.000
0.000
0.002
0.000
0.000
0.000
0.000
0.000
0.000
0.000
0.000
0.000
0.000
0.000
0.000
0.002
0.000
0.000
0.000
0.000
0.000
0.000
0.000
0.000
0.000
0.000
0.000
0.000
0.000
0.000
0.000
0.000
0.000
0.000
0.000
0.000
0.000
0.000
0.034
0.000
0.000
0.000
0.002
0.000
0.000
0.002
0.000
0.000
0.000
0.000
0.000
0.000
0.000
0.000
0.000
0.000
0.000
0.000
0.000
0.000
0.000
0.000
0.000
0.000
0.000
0.065
1.181
0.007
0.000
0.000
0.000
0.000
0.000
0.000
0.000
0.003
0.000
0.000
0.000
0.000
0.000
0.000
0.000
0.000
0.000
0.000
0.000
0.000
0.000
0.000
0.000
0.002
0.002
0.000
0.000
0.014
0.000
0.000
0.000
0.000
0.000
0.000
0.002
0.000
0.000
0.000
0.017
0.000
0.000
0.000
0.000
0.000
0.000
0.000
0.000
0.000
0.000
0.000
0.000
0.055
0.003
0.000
0.000
0.000
0.000
0.000
0.000
0.000
0.000
0.027
0.645
0.158
0.106
0.172
0.000
0.000
0.000
0.000
0.000
0.000
0.000
0.003
0.000
0.000
0.000
0.000
0.000
0.000
0.000
0.000
0.000
0.000
0.000
0.000
0.000
0.000
0.000
0.000
0.000
0.000
0.000
0.000
0.000
0.000
0.002
0.000
0.000
0.000
0.000
0.000
0.000
0.000
0.000
0.910
6.659
0.200
1.088
23.907
7.900
2.149
0.764
2.279
0.143
15.877
3.060
0.822
0.172
7.548
21.149
78.247
5.131
0.132
3.674
2.031
0.249
0.001
4.106
1.079
3.869
7.814
1.135
0.657
12.706
0.718
4.005
10.578
1.128
13.589
24.041
17.192
24.311
14.481
20.153
8.162
12.397
30.478
19.240
0.814
13.973
37.535
15.952
19.339
9.525
58.162
1.861
16.411
17.875
10.537
15.252
106.935
12.087
7.666
2.783
31.304
23.408
10.269
9.685
1.772
11.010
12.809
16.668
11.052
19.389
8.758
10.324
25.777
17.321
15.240
8.768
13.997
6.362
2.070
6.243
15.472
24.079
11.433
11.021
7.766
6.557
0.000
0.065
1.143
2.458
4.546
3.771
9.735
5.064
4.779
2.225
0.862
12.595
9.435
0.421
0.002
0.000
2.880
0.007
0.021
0.045
2.733
2.355
0.000
0.003
0.000
11.364
45.837
55.162
28.279
7.000
14.794
3.838
17.175
12.878
12.871
9.462
11.132
3.104
2.036
9.982
6.712
21.870
16.466
14.574
5.133
3.742
0.649
0.021
0.000
0.000
0.000
0.000
0.000
0.000
0.000
0.000
0.000
0.000
0.000
0.000
0.000
0.000
0.002
0.000
0.000
0.000
0.000
0.000
0.000
0.000
0.000
0.000
0.022
0.000
0.000
0.000
0.001
0.000
0.000
0.000
0.000
0.000
0.000
0.000
0.000
0.000
0.000
0.000
0.000
0.000
0.000
0.000
0.000
0.000
0.000
0.000
0.000
0.002
0.000
0.000
0.000
0.000
0.000
0.002
0.000
0.000
0.000
0.000
0.000
0.003
0.002
0.000
0.000
0.002
0.000
0.000
0.000
0.000
0.000
0.000
0.000
0.000
0.019
0.000
0.000
0.000
0.000
0.000
0.000
0.027
0.206
0.000
0.000
0.000
0.000
0.000
0.000
0.000
0.000
0.000
0.000
0.000
0.000
0.000
0.000
0.000
0.000
21.362
14.844
0.000
0.002
0.000
0.000
0.000
0.000
0.000
0.000
0.000
0.000
0.000
0.000
0.000
0.000
0.000
0.000
0.000
0.000
0.000
0.000
0.000
0.000
0.000
0.000
0.000
0.000
0.000
0.000
0.000
0.070
0.000
0.000
0.156
0.151
0.129
0.003
0.000
0.002
0.000
0.000
0.002
0.000
0.000
0.000
0.000
0.000
0.003
0.000
0.000
0.000
0.000
0.000
0.000
0.000
0.000
0.000
0.000
0.000
0.002
0.000
0.000
0.000
0.000
0.000
0.000
0.000
0.000
0.000
0.000
0.000
0.000
0.003
0.002
0.000
0.000
0.000
0.000
0.000
0.000
0.000
0.000
0.000
0.000
0.000
0.000
0.000
0.455
0.172
0.014
0.000
0.000
0.000
0.000
0.000
0.000
0.000
0.000
0.000
0.003
0.000
0.000
0.027
0.017
0.000
0.000
0.002
0.000
0.000
0.003
0.000
0.000
0.000
0.000
0.591
0.539
0.000
0.000
0.000
0.000
0.000
0.000
0.000
0.000
0.000
0.000
0.000
0.000
0.000
0.000
0.002
0.000
0.003
0.000
0.079
0.002
0.000
0.000
0.000
0.000
1.658
0.714
0.000
2.571
0.106
0.151
0.388
0.055
2.970
0.000
0.000
0.000
0.951
0.357
0.580
0.378
0.000
0.000
0.002
0.000
0.017
0.220
2.250
0.000
0.002
0.000
0.024
0.003
0.257
1.878
3.478
2.077
2.621
14.818
3.519
13.496
5.407
14.018
83.414
4.999
2.132
7.072
46.285
28.664
41.374
17.019
10.231
82.099
173.539
27.713
4.336
