20000101
0.000
0.000
0.000
0.000
0.000
0.000
0.000
0.000
0.000
0.000
0.000
0.000
0.000
0.000
0.000
0.000
0.000
0.000
0.000
0.000
0.000
0.000
0.000
0.000
0.000
0.000
0.000
0.000
0.000
0.000
0.000
0.000
0.000
0.000
0.000
0.671
0.000
0.000
0.000
0.000
0.000
0.000
0.000
0.000
0.000
0.000
0.000
0.000
0.000
0.000
0.000
0.000
0.000
0.000
0.027
0.000
0.000
0.000
0.000
0.000
0.000
0.000
0.000
0.000
0.000
0.000
0.000
0.000
0.000
0.000
0.000
0.000
0.000
0.000
0.000
0.000
0.000
0.000
0.000
0.000
0.000
0.000
0.000
0.000
0.000
0.000
0.000
0.000
0.000
0.000
0.000
0.000
0.000
0.000
0.000
0.000
0.000
0.000
0.000
0.000
0.000
0.000
0.000
0.000
0.000
0.000
0.000
0.000
0.000
0.000
0.000
0.000
0.000
0.000
0.000
0.000
0.000
0.000
0.000
0.000
0.000
0.000
0.000
0.000
0.000
0.000
2.379
0.282
0.000
0.000
0.082
0.168
2.094
8.415
0.869
0.029
0.196
4.518
8.580
2.125
0.093
0.000
0.000
0.000
0.000
0.000
0.000
0.000
0.000
0.120
0.076
0.182
0.048
0.000
0.000
0.010
0.003
0.000
0.000
2.077
0.000
0.000
0.000
0.000
0.718
2.067
0.724
0.141
0.069
0.000
0.000
0.000
0.000
0.000
0.000
0.089
0.027
0.000
0.000
0.000
1.003
4.019
4.684
26.462
0.603
7.433
0.461
2.959
1.251
3.835
0.657
17.623
7.339
5.152
14.068
17.894
40.661
3.362
16.080
4.032
0.043
6.696
10.848
2.537
1.606
0.000
0.000
0.000
0.000
0.000
0.100
0.288
0.194
0.029
0.000
0.089
0.000
0.000
0.000
0.000
0.068
0.345
0.857
0.240
25.554
6.630
8.296
6.873
6.346
2.693
0.597
1.864
22.604
8.002
27.010
5.108
11.468
0.144
2.551
11.250
13.284
5.691
0.266
1.463
1.907
0.403
0.079
0.384
9.447
0.566
0.000
0.089
0.000
0.000
0.000
0.000
0.000
0.000
0.000
0.000
0.000
0.000
0.000
0.000
0.000
0.000
0.000
0.027
2.019
0.000
0.000
0.000
0.000
0.000
0.000
0.000
0.000
0.000
0.000
0.000
0.000
0.000
0.000
0.184
0.018
0.021
0.000
0.000
0.000
0.000
0.000
0.000
0.000
0.000
0.000
0.000
0.000
0.000
0.000
0.000
0.000
0.000
0.000
0.000
0.000
0.000
0.000
0.000
0.000
0.000
0.000
0.000
0.000
0.000
0.000
0.000
0.000
0.000
0.000
0.000
0.000
0.000
0.000
0.000
0.000
0.000
0.000
0.000
0.000
0.000
0.000
0.000
0.000
0.000
0.000
0.000
0.000
0.000
0.000
0.000
0.000
0.000
0.000
0.000
0.000
0.000
0.000
0.000
0.000
0.000
0.000
0.000
0.000
0.000
0.000
0.000
0.000
0.000
0.000
0.000
0.000
0.000
0.000
0.000
4.080
1.208
0.000
0.000
0.000
0.000
0.000
0.000
0.000
0.000
0.000
0.000
0.000
0.000
0.000
0.000
0.000
0.000
0.000
0.000
0.000
0.000
0.000
0.000
0.000
0.000
0.000
0.000
0.000
0.000
0.000
0.000
0.000
0.000
0.000
0.000
0.000
0.000
0.000
0.000
0.000
0.000
0.000
0.000
0.000
0.000
0.000
0.000
0.000
0.000
0.000
0.000
0.000
0.000
0.000
0.000
0.000
0.000
0.000
0.000
0.000
0.000
0.000
0.000
0.000
0.000
0.000
0.000
0.000
0.000
0.000
0.000
0.000
0.000
0.000
0.000
0.000
0.000
0.000
0.000
0.000
0.000
0.000
0.000
0.000
0.000
0.000
0.000
0.000
0.000
0.000
0.000
0.000
0.000
0.000
0.000
0.000
0.000
0.000
0.000
0.000
0.000
0.000
0.000
0.000
0.000
0.000
0.014
0.105
0.014
0.000
0.000
0.000
0.000
0.000
0.000
0.000
0.000
0.000
0.000
0.000
0.000
0.000
0.000
0.000
0.000
0.000
0.000
0.000
0.000
0.000
0.000
0.000
0.000
0.000
0.000
0.000
0.000
0.100
3.246
2.184
0.058
0.551
0.172
0.000
0.034
0.369
0.041
0.007
0.007
0.086
13.091
5.473
0.125
0.007
0.076
0.196
0.410
1.281
0.036
1.892
3.437
3.287
35.228
29.915
34.432
26.639
18.121
26.244
12.571
32.050
5.778
0.010
0.000
0.000
0.010
0.220
0.972
1.639
0.323
1.078
4.892
1.081
0.412
4.422
38.174
96.537
36.957
0.237
2.228
23.985
18.337
11.664
53.122
23.380
16.095
6.351
7.728
4.432
5.054
1.981
0.450
36.857
21.852
11.658
42.294
12.691
13.741
8.336
6.647
16.912
13.144
4.841
10.102
4.843
0.112
0.130
6.186
21.799
2.929
15.879
15.347
10.681
23.068
31.187
12.554
25.699
11.626
19.172
134.347
92.010
2.341
0.000
0.000
1.530
0.647
2.596
7.611
4.357
0.232
0.000
0.027
0.151
0.151
0.000
0.000
0.000
0.000
0.388
0.027
0.014
0.522
4.712
0.029
0.000
0.000
0.000
0.236
0.094
0.058
0.010
0.000
0.000
0.000
0.388
0.000
0.000
0.000
0.000
0.000
0.000
0.000
0.000
0.000
0.000
0.000
0.000
2.062
3.392
0.000
0.000
0.000
0.000
0.000
4.326
19.596
66.589
6.617
0.123
0.000
0.000
0.000
0.000
0.000
0.000
0.000
0.000
0.000
0.000
0.000
0.000
0.000
0.000
0.000
0.000
0.000
0.000
0.000
0.000
0.000
0.000
0.000
0.000
0.000
0.000
0.000
0.000
0.000
0.000
0.000
0.000
0.000
0.000
0.000
0.000
0.000
0.000
0.000
0.000
0.000
0.000
0.000
0.000
0.000
0.000
0.000
0.000
0.000
0.000
0.000
0.000
0.000
0.000
0.000
0.000
0.000
0.000
0.000
0.000
0.000
0.000
0.000
0.000
0.000
0.000
0.000
0.000
0.000
0.000
0.000
0.000
0.000
0.000
0.000
0.000
0.000
0.000
0.000
0.000
0.000
0.000
0.000
0.000
0.000
0.000
0.000
0.000
0.000
0.000
0.000
0.000
0.213
0.022
0.000
0.003
0.000
0.000
0.000
0.000
0.000
0.000
0.000
0.000
0.000
0.000
0.000
0.000
0.000
0.000
0.000
0.000
0.000
0.000
0.000
0.000
0.000
0.000
2.535
0.000
0.000
0.000
0.000
0.000
0.000
0.000
0.000
0.000
0.000
0.000
0.000
0.000
0.000
0.000
0.000
0.000
0.000
0.000
0.000
0.000
0.000
0.000
0.000
0.000
0.000
0.000
0.000
0.000
0.000
0.000
0.000
0.000
0.000
0.000
0.000
0.000
0.000
0.000
0.000
0.000
0.000
0.000
0.000
0.000
0.000
0.000
0.000
0.000
0.000
0.000
0.000
0.000
0.000
0.000
0.048
0.113
0.000
0.000
0.000
0.000
0.000
0.000
0.000
0.000
0.000
0.000
0.024
0.069
0.000
0.000
0.000
0.000
0.000
0.000
0.000
0.000
0.000
0.000
0.000
0.000
0.000
0.000
0.000
0.000
0.000
0.000
0.000
0.000
0.000
0.000
0.000
0.000
0.000
0.000
0.000
0.000
0.000
0.000
0.000
0.000
0.000
0.000
0.000
0.000
0.000
0.230
0.429
0.082
0.053
0.003
0.031
0.292
0.055
0.007
0.000
0.000
0.000
0.000
0.000
0.000
0.424
0.237
3.399
7.220
11.168
2.472
3.076
1.631
11.920
10.437
0.003
0.003
0.000
0.378
4.861
8.054
33.519
106.248
26.360
1.828
0.285
0.007
0.130
0.000
0.000
0.118
0.007
0.000
0.283
0.136
0.017
0.167
1.435
0.712
1.044
0.208
14.059
3.330
6.422
0.821
3.623
4.252
2.980
3.807
2.784
0.367
0.000
0.000
0.000
0.000
0.000
4.060
0.086
0.752
13.472
42.466
55.083
20.273
45.614
1.753
0.237
4.326
5.569
5.804
2.956
0.429
1.734
1.020
1.087
0.000
0.079
0.331
11.251
39.158
14.656
3.763
1.772
0.388
0.048
1.996
22.544
32.518
31.831
24.733
7.153
0.425
0.043
0.000
0.000
0.000
0.000
0.000
0.000
0.000
0.000
0.000
0.000
0.000
0.000
0.000
0.204
0.000
0.000
0.000
0.000
0.191
0.077
0.007
0.000
0.000
0.000
0.000
0.000
0.000
0.000
0.000
0.000
0.000
0.000
0.000
0.000
0.000
0.000
0.000
0.000
0.000
0.000
0.000
0.000
0.000
0.000
0.000
0.000
0.000
0.000
0.000
0.000
0.000
0.000
0.000
0.000
0.000
0.000
0.000
0.000
0.000
0.000
0.003
0.000
0.000
0.000
0.000
0.100
0.000
0.000
0.000
0.000
0.000
0.000
0.000
0.000
0.000
0.000
0.000
0.000
0.000
0.000
0.000
0.000
0.000
0.000
0.000
0.000
0.000
0.000
0.000
0.000
0.000
0.000
0.000
0.000
0.000
0.000
0.000
0.000
0.000
0.000
0.000
0.000
0.000
0.000
0.000
0.000
0.000
0.000
0.000
0.000
0.000
0.000
0.000
0.000
0.757
0.759
0.000
0.000
0.000
0.000
0.000
0.000
0.000
0.000
0.000
0.000
0.000
0.000
0.000
0.000
0.000
0.000
0.000
0.000
0.000
0.000
0.000
0.000
0.000
0.000
0.000
0.000
0.014
0.000
0.000
0.000
3.653
0.343
0.000
0.000
0.000
0.000
0.000
0.000
0.000
0.000
0.000
0.000
0.000
0.000
0.000
0.000
0.000
0.810
11.424
0.203
0.000
0.000
0.000
0.000
0.000
0.000
0.000
0.000
0.000
0.000
0.000
0.000
0.000
0.000
0.000
0.000
0.000
0.000
0.000
0.000
0.000
0.000
0.000
0.000
0.000
0.000
0.000
0.000
0.000
0.000
0.000
0.000
0.000
0.000
0.000
0.000
0.000
0.000
0.000
0.000
0.000
0.000
0.000
0.000
0.000
0.000
0.000
0.000
0.000
0.000
0.000
0.000
0.000
0.000
0.000
0.000
0.000
0.000
0.000
0.000
0.000
0.000
0.000
0.000
0.000
0.000
0.000
0.000
0.000
0.000
0.000
0.000
0.000
0.000
0.000
0.000
0.000
0.000
0.000
0.000
0.000
0.000
0.000
0.000
0.000
0.000
0.000
0.000
0.000
0.000
0.000
0.000
0.000
0.000
0.000
0.000
0.000
0.000
0.000
0.000
0.000
0.000
0.000
0.000
0.000
0.000
0.000
0.000
0.000
0.000
0.000
0.000
0.000
0.000
0.000
0.980
13.312
5.830
60.670
21.379
8.947
3.921
10.083
1.318
1.634
3.433
1.154
0.000
12.820
9.043
1.384
2.134
1.449
17.610
15.508
48.810
23.550
22.927
12.722
15.338
12.555
4.493
3.181
13.863
14.632
28.091
75.921
15.988
7.455
19.488
18.122
11.505
1.659
11.699
32.142
19.508
2.462
16.879
22.970
15.252
1.655
1.440
2.431
6.964
9.345
23.373
27.246
4.103
5.939
21.729
26.580
21.289
5.775
2.153
4.662
1.281
4.031
0.096
0.000
0.027
0.051
0.457
2.249
1.665
5.524
21.286
8.360
2.812
14.450
15.425
8.760
147.248
45.607
1.784
2.601
6.024
2.547
0.594
1.931
1.485
0.039
0.000
2.168
0.637
0.000
0.000
2.508
2.839
0.007
3.334
4.408
2.301
0.007
6.846
6.202
0.560
0.573
0.767
1.421
0.134
0.000
0.089
0.208
0.580
0.470
0.000
0.000
0.000
0.000
0.000
0.000
0.000
0.000
0.000
0.000
0.000
0.000
0.000
0.000
0.000
0.000
0.000
0.000
0.000
0.000
0.000
0.000
0.000
0.000
0.000
0.000
0.000
0.000
0.000
0.000
0.000
0.000
0.000
0.000
0.000
0.000
0.000
0.000
0.000
0.000
0.000
0.000
0.000
0.000
0.000
0.000
0.000
0.000
0.000
0.000
0.000
0.000
0.000
0.000
0.000
0.000
0.000
0.000
0.000
0.000
0.000
0.000
0.000
0.000
0.000
0.000
0.000
0.000
0.000
0.000
0.000
0.000
0.000
0.000
0.000
0.000
0.000
0.000
0.000
0.000
0.000
0.000
0.000
0.000
0.000
0.000
0.000
0.000
0.000
0.000
0.000
0.000
0.000
0.000
0.000
0.017
0.000
0.000
0.000
0.000
0.000
0.000
0.000
0.000
0.000
0.000
0.000
0.000
0.000
0.000
0.007
0.000
0.000
0.000
0.000
0.000
0.000
0.000
0.000
0.000
0.000
0.000
0.000
0.000
0.000
0.000
0.000
0.000
0.000
0.000
0.000
0.000
0.000
0.000
0.000
0.000
0.000
0.000
0.000
0.000
0.000
0.000
0.000
0.000
0.000
0.000
0.000
0.000
0.000
0.000
0.000
0.000
0.000
0.000
0.000
0.000
0.000
0.000
0.000
0.000
0.000
0.000
0.000
0.000
0.000
0.000
0.000
0.000
0.000
0.000
0.000
0.000
0.000
0.000
0.000
0.000
0.000
0.000
0.000
0.000
0.000
0.000
0.000
0.000
0.000
0.000
0.000
0.000
0.000
0.000
0.000
0.000
0.000
0.000
0.000
0.000
0.000
0.000
0.000
0.000
0.000
0.000
0.000
0.000
0.000
0.000
0.000
0.000
0.000
0.000
0.000
0.000
0.000
0.000
0.000
0.000
0.000
0.000
0.213
1.140
0.501
5.663
1.349
17.290
0.172
0.000
0.000
0.014
0.000
0.000
0.000
0.000
0.000
0.000
0.000
0.000
0.000
0.000
0.000
0.000
0.000
0.000
0.000
0.000
0.000
0.000
0.000
0.000
0.000
0.045
5.222
0.740
0.017
0.000
0.048
2.518
7.632
0.975
11.415
1.171
0.000
0.000
0.000
0.000
0.000
1.433
1.409
0.283
2.705
15.862
16.085
9.929
0.893
0.570
0.039
0.000
8.532
0.647
0.007
3.679
3.677
1.298
0.069
0.211
0.000
0.000
0.443
0.347
0.642
3.219
6.552
1.212
0.043
0.010
0.060
0.000
0.000
0.000
0.000
0.180
1.030
3.760
0.014
9.473
0.404
3.325
0.943
0.361
5.259
7.663
28.302
2.020
6.391
9.167
31.295
12.369
23.499
4.365
9.156
8.192
2.156
6.496
3.229
1.160
15.366
7.719
0.300
0.561
0.000
0.000
0.010
0.043
0.067
0.003
0.115
2.606
0.242
0.082
0.000
0.000
0.000
0.000
0.000
0.000
0.000
0.072
0.000
0.530
1.766
4.228
0.596
32.750
28.328
0.073
0.162
0.003
0.000
0.000
1.021
2.460
0.000
0.098
4.601
78.741
3.804
21.088
14.720
27.539
20.325
6.442
0.348
0.000
3.153
1.001
0.053
0.000
0.000
0.000
0.000
0.000
0.000
0.000
0.000
0.000
0.000
0.000
0.000
0.000
0.000
0.000
0.000
0.000
0.000
0.000
0.000
0.000
0.000
0.000
0.000
0.000
0.000
0.000
0.000
0.000
0.000
0.000
0.000
0.000
0.000
0.000
0.000
0.000
0.000
0.000
0.000
0.000
0.000
0.000
0.000
0.000
0.000
0.000
0.000
0.000
0.000
0.000
0.000
0.000
0.000
0.000
0.000
0.000
0.000
0.000
0.000
0.000
0.000
0.000
0.000
0.000
0.000
0.000
0.000
0.000
0.000
0.000
0.000
0.000
0.000
0.000
0.000
0.000
0.000
0.000
0.000
0.103
0.000
0.000
0.000
0.000
0.000
0.000
0.000
0.000
0.000
0.000
0.000
0.000
0.000
0.000
0.000
0.000
0.000
0.000
0.000
0.000
0.000
0.000
0.000
0.000
0.000
0.000
0.000
0.000
0.000
0.666
0.137
0.000
0.000
0.000
0.000
0.000
0.000
0.000
0.000
0.000
0.000
0.000
0.000
0.000
0.000
0.000
0.000
0.000
0.000
0.000
0.000
0.000
0.000
0.000
0.000
0.000
0.000
0.000
0.000
0.000
0.000
0.000
0.000
0.000
0.000
0.000
0.003
0.000
0.000
0.000
0.000
0.000
0.000
0.000
0.000
0.000
0.000
0.000
0.000
0.000
0.000
0.000
0.000
0.000
0.000
0.000
0.000
0.000
0.000
0.000
0.000
0.000
0.000
0.000
0.000
0.000
0.000
0.000
0.000
0.000
0.000
0.000
0.000
0.000
0.000
0.000
0.000
0.000
0.000
0.000
0.000
0.000
0.000
0.000
0.000
0.000
0.000
0.065
1.629
0.318
0.000
0.000
0.000
0.000
0.000
0.000
0.000
0.000
0.000
0.000
0.000
0.000
0.000
0.000
0.000
0.000
0.000
0.000
0.000
0.000
0.000
0.000
0.000
0.000
0.000
0.000
0.000
0.000
0.034
0.000
0.000
0.000
0.000
0.000
0.000
0.000
0.000
0.000
0.000
0.000
0.000
0.000
2.181
8.573
32.770
0.000
0.000
0.000
0.000
0.000
0.000
0.980
0.000
0.950
0.527
6.429
3.686
0.000
10.963
4.678
5.672
13.453
22.493
24.165
16.518
11.035
13.493
9.913
0.694
2.017
3.164
0.112
17.179
1.214
13.024
11.052
3.035
0.855
9.290
3.256
0.000
0.000
0.000
0.000
0.000
0.633
8.683
8.585
36.159
7.212
2.717
14.305
9.901
14.061
3.821
9.009
3.536
2.501
1.693
1.929
1.233
3.035
0.003
0.027
0.000
1.463
0.000
1.287
1.634
0.412
1.174
2.839
5.167
2.959
0.642
0.058
0.000
0.185
0.017
0.034
0.000
0.189
0.017
0.007
0.000
0.000
0.000
0.000
0.446
2.599
1.378
1.799
1.113
13.944
24.304
7.908
38.793
21.707
29.621
15.693
30.469
7.100
17.652
0.429
1.806
7.862
35.240
0.076
1.794
0.409
0.891
0.043
0.238
0.000
0.000
0.000
0.000
0.000
0.000
0.000
0.000
0.000
0.000
0.000
0.000
0.000
0.000
0.000
0.000
0.000
0.000
0.000
0.000
0.000
0.000
0.000
0.000
0.000
0.000
0.000
0.000
0.000
0.000
0.000
0.000
0.000
0.000
0.000
0.000
0.000
0.000
0.000
0.000
0.000
0.000
0.000
0.000
0.000
0.000
0.000
0.000
0.000
0.000
0.000
0.000
0.000
0.000
0.000
0.000
0.000
0.000
0.000
0.000
0.000
0.000
0.000
0.000
0.000
0.000
0.000
0.000
0.000
0.000
0.000
0.000
0.000
0.000
0.000
0.000
0.000
0.000
0.000
0.000
0.000
0.000
0.000
0.000
0.000
0.000
0.000
0.000
0.000
0.000
0.000
0.000
0.000
0.000
0.000
0.000
0.000
0.000
0.000
0.000
0.000
0.000
0.000
0.000
0.000
0.000
0.000
0.000
0.000
0.000
0.000
0.000
0.000
0.000
0.000
0.000
0.000
0.000
0.000
0.000
0.000
0.000
0.000
0.000
0.000
0.000
0.000
0.000
0.000
0.000
0.000
0.000
0.000
0.000
0.000
0.000
0.000
0.000
0.000
0.000
0.000
0.000
0.000
0.000
0.000
0.000
0.000
0.000
0.000
0.000
0.000
0.000
0.000
0.000
0.000
0.000
0.000
0.000
0.000
3.004
7.363
0.405
0.000
0.000
1.150
0.000
0.000
0.000
0.000
0.000
0.000
0.000
0.000
0.000
0.000
0.000
0.000
0.000
0.000
0.000
0.000
0.000
0.000
0.000
0.000
0.000
0.000
0.000
0.000
0.000
0.000
0.000
0.000
0.000
0.000
0.000
0.000
0.000
0.000
0.000
0.000
0.000
0.000
0.000
0.000
0.000
0.000
0.000
0.000
0.000
0.000
0.000
0.000
0.000
0.000
0.000
0.000
0.000
0.000
0.000
0.000
0.000
0.000
0.000
0.000
0.000
0.000
0.000
0.000
0.000
0.000
0.688
1.979
0.817
0.388
0.000
0.000
0.069
0.003
0.000
0.000
0.000
0.000
5.431
22.440
5.926
0.000
0.000
0.000
0.000
0.000
0.000
0.000
0.000
0.282
0.209
0.067
0.000
0.000
0.000
0.000
0.903
0.000
0.000
0.000
0.000
0.014
0.752
15.278
16.057
21.313
5.438
4.484
0.254
0.000
0.000
0.000
0.527
11.632
1.375
8.802
5.842
12.422
10.560
6.703
1.180
0.000
0.990
1.023
5.085
12.153
5.936
7.517
7.812
3.178
13.136
10.392
11.192
10.111
6.244
6.090
40.097
30.198
12.131
13.822
16.171
4.533
6.808
14.336
20.084
4.671
20.740
14.805
27.926
31.587
16.967
23.600
6.443
15.195
5.943
2.032
16.141
35.947
40.555
16.613
18.046
10.731
1.911
1.808
1.863
1.351
1.449
0.663
0.053
12.034
10.698
3.603
3.581
2.642
3.366
11.793
3.646
0.743
0.469
0.000
0.070
0.010
0.000
0.024
0.249
1.399
0.105
0.000
3.416
7.438
0.403
13.880
15.108
23.531
0.640
5.976
4.925
0.628
1.390
0.003
0.000
0.000
0.000
0.000
0.000
0.000
0.000
0.000
0.000
0.000
0.000
0.000
0.000
0.000
0.000
0.000
0.000
0.000
0.000
0.000
0.007
0.003
0.000
0.000
0.000
0.000
0.000
0.000
0.000
0.000
0.000
0.000
0.000
0.000
0.000
0.000
0.000
0.000
0.000
0.000
0.000
0.000
0.000
0.000
0.000
0.000
0.000
0.000
0.000
0.000
0.000
0.000
0.000
0.000
0.000
0.000
0.000
0.000
0.000
0.000
0.000
0.000
0.000
0.000
0.000
0.000
0.045
0.000
0.000
0.000
0.000
0.000
0.000
0.000
0.000
0.000
0.000
0.000
0.000
0.000
0.000
0.000
0.000
0.000
0.000
0.000
0.000
0.000
0.000
0.000
0.000
0.000
0.000
0.000
0.000
0.000
0.000
0.000
0.000
0.000
0.000
0.000
0.000
0.000
0.000
0.000
0.000
0.000
0.000
0.000
0.000
0.000
0.000
0.000
0.000
0.000
0.000
0.000
0.000
0.000
0.045
0.605
0.000
0.000
0.000
0.000
0.000
0.000
0.000
0.000
0.000
0.000
0.187
0.161
0.000
0.694
0.000
0.000
0.000
0.000
0.000
0.000
0.000
0.000
0.000
0.000
0.130
0.000
0.000
0.000
0.000
0.017
0.000
0.000
0.000
0.000
0.000
0.000
0.000
0.000
0.000
0.000
0.151
0.050
0.000
0.000
0.000
0.000
0.000
0.000
0.003
0.000
0.000
0.000
0.000
0.000
0.000
0.000
0.000
0.000
0.000
0.000
0.000
0.000
0.000
0.000
0.000
0.000
0.000
0.000
0.000
0.000
0.000
0.000
0.000
0.000
0.000
0.000
0.000
0.000
0.000
0.003
0.000
0.000
0.000
0.000
0.000
0.000
0.000
0.000
0.000
0.000
0.000
0.000
0.000
0.000
0.000
0.065
0.000
0.000
0.000
0.000
0.000
0.000
0.000
0.000
0.000
0.000
0.000
0.000
0.000
0.000
0.000
0.000
0.000
0.000
0.000
0.000
0.000
0.000
0.000
0.000
0.000
0.000
0.000
3.897
2.070
6.235
0.003
0.000
0.000
0.000
0.000
0.000
0.357
0.089
0.257
6.993
1.205
3.715
1.195
3.770
16.301
2.156
1.037
0.000
0.774
39.235
0.879
6.671
0.024
4.576
0.288
1.777
34.856
146.321
142.027
2.958
9.357
0.563
64.824
89.873
16.413
19.767
3.126
16.067
2.609
0.000
17.388
2.029
0.635
0.673
0.810
0.000
7.536
8.477
0.414
30.611
2.238
2.422
7.407
3.122
12.306
3.890
7.816
15.661
16.385
2.341
13.362
21.216
68.793
27.299
11.858
6.904
5.108
7.551
6.127
8.619
3.450
4.537
3.246
0.343
1.650
0.486
2.662
12.267
31.845
0.189
0.045
6.463
14.124
12.524
5.464
21.058
15.092
11.737
17.940
21.949
10.425
7.776
3.620
3.392
0.692
0.141
2.007
1.806
0.041
1.377
0.000
0.024
0.058
0.007
2.607
0.503
7.922
6.364
5.025
4.778
0.560
1.727
0.445
1.375
0.307
0.000
0.000
0.000
0.000
0.000
0.000
0.000
0.000
0.000
0.000
0.000
0.000
0.000
0.000
0.000
0.000
0.000
0.000
0.000
0.000
0.000
0.000
0.000
0.000
0.000
0.000
0.000
0.000
0.000
0.000
0.000
0.000
0.000
0.000
0.000
0.000
0.000
0.000
0.000
0.000
0.000
0.000
0.000
0.000
0.000
0.000
0.000
0.000
0.000
0.000
0.000
0.000
0.000
0.000
0.000
0.000
0.000
0.000
0.000
0.000
0.000
0.000
0.000
0.000
0.000
0.000
0.000
0.000
0.000
0.000
0.000
0.000
0.000
0.000
0.000
0.000
0.000
0.000
0.000
0.000
0.000
0.000
0.000
0.000
0.000
0.000
0.000
0.000
0.000
0.000
0.000
0.000
0.000
0.000
0.000
0.000
0.000
0.000
0.000
0.000
0.000
0.000
0.000
0.000
0.000
0.000
0.000
0.000
0.000
0.000
0.000
0.000
0.000
0.000
0.000
0.000
0.000
0.000
0.000
0.000
0.000
0.000
0.000
0.100
0.000
0.000
0.000
0.017
0.000
0.000
0.000
0.000
0.000
0.000
0.000
0.000
0.000
0.000
0.000
0.000
0.000
0.000
0.000
0.000
0.000
0.000
0.000
0.000
0.000
0.000
0.000
0.000
0.000
0.000
0.000
0.000
0.000
0.000
0.000
0.000
0.000
0.000
0.000
0.000
0.000
0.007
0.324
0.000
0.000
0.000
0.000
0.000
0.000
0.000
0.000
0.000
0.000
0.000
0.000
0.000
0.000
0.000
0.000
0.003
0.000
0.000
0.000
0.000
8.393
3.047
0.000
0.000
0.000
0.000
0.000
0.000
0.000
0.000
0.000
0.000
0.000
0.000
0.000
0.000
0.000
0.000
0.000
0.000
0.000
0.000
0.000
0.000
0.000
0.000
0.000
0.000
0.000
0.000
0.000
0.000
0.422
0.055
0.000
0.120
0.007
0.000
0.000
0.000
0.000
0.000
0.000
0.000
0.000
0.000
0.000
0.000
0.000
0.000
0.000
0.000
0.000
0.000
0.000
0.000
0.000
0.000
0.144
0.079
0.271
0.100
1.349
11.148
2.019
10.660
0.288
2.774
11.057
141.665
8.758
31.081
6.176
0.000
0.378
0.000
0.810
0.834
1.706
0.433
0.153
0.048
2.458
2.029
3.900
0.127
6.080
6.053
8.058
12.277
0.546
1.051
0.597
0.027
3.134
3.060
18.912
41.559
12.718
5.269
7.546
0.429
0.000
0.027
0.000
0.000
0.000
3.710
2.474
1.071
0.700
15.417
4.656
10.162
20.850
128.459
5.861
16.787
14.174
11.515
55.175
10.578
9.769
24.527
2.621
1.362
2.517
1.119
2.044
22.639
88.768
12.176
5.945
0.973
0.117
0.134
0.379
0.259
0.000
0.007
0.000
1.746
1.469
8.241
0.130
0.362
0.000
0.000
0.000
0.000
0.000
0.000
0.000
1.933
1.861
11.458
10.969
0.027
0.000
1.160
14.279
20.050
8.768
13.451
12.655
3.428
20.208
17.067
7.522
0.106
2.594
2.729
0.172
0.000
0.000
0.000
0.017
0.045
0.000
0.000
0.000
1.984
0.000
0.000
1.236
0.000
0.220
0.000
0.000
0.000
0.000
0.000
0.000
0.000
0.000
0.000
0.000
0.000
0.000
0.000
0.000
0.000
0.000
0.000
0.000
0.000
0.000
0.000
0.000
0.000
0.000
0.000
0.000
0.000
0.000
0.000
0.000
0.000
0.000
0.000
0.000
0.000
0.000
0.000
0.000
0.000
0.000
0.000
0.275
2.220
0.000
0.000
0.000
0.000
0.000
0.000
0.000
0.000
0.000
0.000
0.137
6.544
0.003
0.000
0.000
0.000
0.000
0.000
0.000
0.000
0.000
0.000
0.000
0.000
0.000
0.000
0.000
0.000
0.000
0.000
0.000
0.000
0.000
0.000
0.000
0.000
0.000
0.000
0.000
0.000
0.000
0.000
0.000
0.000
0.000
0.000
0.000
0.000
0.000
0.000
0.021
0.000
0.000
0.000
0.000
0.000
0.000
0.000
0.000
0.000
0.000
0.000
0.000
0.000
0.000
0.000
0.000
0.000
0.000
0.000
0.000
0.000
0.000
0.000
0.000
0.000
0.000
0.000
0.000
0.000
0.000
0.000
0.000
0.000
0.000
0.000
0.000
0.000
0.000
0.000
0.000
0.000
0.000
0.000
0.000
0.000
0.000
0.000
0.000
0.000
0.000
0.000
0.000
0.000
0.000
0.000
0.000
0.000
0.000
0.000
0.000
0.000
0.000
0.000
0.000
0.000
0.000
0.000
0.000
0.000
0.000
0.000
0.000
0.000
0.000
0.000
0.000
0.000
0.000
0.000
0.000
0.000
0.000
0.000
0.000
0.000
0.278
0.175
0.000
0.000
0.000
0.000
0.000
0.000
0.000
0.000
0.000
0.000
0.000
0.000
0.000
0.000
0.000
0.000
0.000
0.000
0.000
0.000
0.000
0.000
0.000
0.000
0.000
0.000
0.000
0.000
0.000
0.000
0.000
0.000
0.000
0.000
0.000
0.000
0.000
0.000
0.000
0.000
0.000
0.000
0.000
0.216
0.000
0.000
0.000
0.000
0.000
0.000
0.000
0.000
0.000
0.951
0.900
0.003
0.000
0.000
0.000
0.000
0.000
0.000
0.000
0.000
0.000
0.000
0.240
0.194
0.000
0.000
0.237
1.136
0.000
0.000
0.000
0.000
0.000
0.292
26.360
0.415
1.660
26.707
31.538
2.091
0.161
0.530
7.895
1.691
0.177
0.000
0.000
0.000
0.000
105.872
71.748
7.060
10.589
21.003
67.348
32.279
10.897
48.179
39.474
3.193
7.919
11.831
11.603
54.438
8.187
9.856
9.538
1.596
2.113
3.912
1.734
1.051
2.038
1.687
0.326
0.000
0.221
0.379
0.096
0.446
6.830
4.522
0.072
0.252
3.310
0.220
0.912
0.354
0.000
0.000
0.000
0.000
0.060
0.172
0.000
0.000
2.741
3.332
0.371
39.000
40.157
23.173
4.767
1.774
14.986
6.557
8.271
7.800
4.007
1.933
0.223
0.000
0.000
0.000
0.000
0.000
0.000
0.000
0.000
0.000
0.000
0.000
0.000
0.000
0.000
0.000
0.000
0.000
0.000
0.000
0.000
0.000
0.515
0.000
0.000
2.280
17.297
1.051
0.000
0.000
0.000
0.000
0.000
0.000
1.569
0.000
0.000
0.000
0.000
0.000
0.000
0.000
0.000
0.000
0.000
0.000
0.000
0.000
0.000
0.000
0.000
0.000
0.000
0.000
0.000
0.000
0.000
0.000
0.000
0.000
0.000
0.000
0.000
0.000
0.086
0.884
0.014
0.062
0.000
0.000
0.000
0.000
0.000
0.000
0.000
0.000
0.000
0.000
0.000
0.000
0.000
0.000
0.000
0.000
0.000
0.000
0.000
0.000
0.000
0.000
0.000
0.000
0.000
0.000
0.000
0.000
0.000
0.000
0.000
0.000
0.000
0.000
0.000
0.000
0.000
0.000
0.000
0.000
0.000
0.000
0.000
0.000
0.082
0.003
0.000
0.000
0.000
0.017
0.000
0.000
0.000
0.000
0.000
0.000
0.000
0.000
0.079
0.000
0.000
0.000
0.000
0.000
0.000
0.000
0.000
0.000
0.000
0.000
0.000
0.000
0.000
0.000
0.000
0.000
0.000
0.000
0.000
0.000
0.000
0.000
0.000
0.000
0.000
0.000
0.000
0.000
0.000
0.000
0.000
0.000
0.000
0.000
0.000
0.000
0.000
0.000
0.000
0.233
0.000
0.000
0.000
0.000
0.000
0.000
0.000
0.000
0.000
0.000
0.000
0.000
0.000
0.000
0.000
0.000
0.000
0.000
0.000
0.000
0.000
0.000
0.000
0.000
0.000
0.000
0.000
0.000
0.000
0.000
0.000
0.000
0.000
0.000
0.000
0.000
0.000
0.000
0.000
0.000
0.000
0.000
0.000
0.000
0.000
0.000
0.000
0.000
0.000
0.000
0.000
0.000
0.000
0.000
0.000
0.000
0.000
0.000
0.000
0.000
0.000
0.000
0.000
0.000
0.000
0.000
0.000
0.000
0.000
0.000
0.000
0.000
0.000
0.000
0.000
0.000
0.000
0.000
0.000
0.000
0.000
0.000
0.000
0.000
0.000
0.000
0.000
0.000
0.000
0.000
0.000
0.000
0.000
0.000
0.000
0.000
0.000
0.000
0.000
1.243
3.941
0.089
1.091
0.082
5.091
0.237
0.000
0.000
0.154
0.000
0.000
0.000
1.289
5.764
0.156
0.000
0.000
0.000
0.000
0.839
0.096
1.224
2.800
0.669
0.141
0.978
0.000
0.000
0.000
1.044
1.564
9.653
10.262
13.654
22.438
18.886
7.808
1.135
6.719
1.425
14.320
10.516
5.196
0.139
7.091
3.251
0.706
4.243
8.049
17.084
13.561
25.566
12.684
1.879
12.051
5.934
1.341
3.711
16.945
82.162
17.116
5.555
26.168
12.820
3.140
24.970
2.788
9.040
14.337
11.505
6.801
8.974
10.046
7.004
2.729
5.517
6.582
6.660
0.326
2.039
17.599
0.309
0.429
1.421
15.226
20.651
2.592
17.499
5.897
20.129
3.107
3.989
2.867
10.935
5.184
10.997
12.157
9.606
36.427
10.028
4.528
2.547
5.970
18.279
12.401
6.817
0.247
0.000
0.027
0.000
0.000
0.000
0.000
0.000
0.000
0.000
0.000
0.000
0.000
0.000
0.000
0.000
0.000
0.000
0.000
0.000
0.000
0.000
0.000
0.000
0.198
4.159
0.007
0.000
0.000
0.000
0.000
0.062
1.028
0.244
0.000
0.000
0.000
0.000
0.000
0.000
0.000
0.000
0.000
0.000
0.000
0.000
0.000
0.000
0.000
0.000
0.000
0.000
0.000
0.086
0.467
0.405
0.906
11.000
0.663
2.620
2.977
10.523
0.700
0.022
0.000
0.000
3.464
1.245
9.431
0.604
0.000
0.000
0.000
0.000
0.000
0.000
0.000
0.000
0.000
0.000
0.000
0.000
0.000
0.000
0.000
0.000
0.000
0.000
0.000
0.000
0.000
0.000
0.000
0.000
0.000
0.000
0.000
0.000
0.000
0.000
0.000
0.000
0.913
2.638
0.378
0.000
0.000
0.000
0.000
0.000
0.000
0.000
0.000
0.000
0.000
0.000
0.000
0.000
0.000
0.000
0.000
0.000
0.000
0.000
0.000
0.000
0.000
0.000
0.000
0.000
0.000
0.000
0.000
0.003
0.000
0.000
0.000
0.000
0.000
0.002
0.000
0.000
0.000
0.000
0.000
0.000
0.000
0.002
0.002
0.000
0.000
1.497
0.299
0.000
0.000
0.000
0.000
0.000
0.000
0.000
0.000
0.000
0.000
0.000
0.000
0.000
0.002
0.000
0.000
0.000
0.000
0.000
0.000
0.000
0.000
0.002
0.000
0.002
0.002
0.000
0.000
0.000
0.000
0.000
0.000
0.000
0.000
0.000
0.002
0.002
0.000
0.002
0.000
0.000
0.000
0.002
0.000
0.000
0.000
0.000
0.000
0.000
0.000
0.000
0.000
0.000
0.000
0.000
0.002
0.000
0.000
0.000
0.000
0.000
0.000
0.000
0.000
0.000
0.002
0.000
0.000
0.000
0.000
0.000
0.000
0.000
0.000
0.000
0.000
0.000
0.000
0.000
0.000
0.000
0.000
0.000
0.000
0.000
0.000
0.000
0.000
0.000
0.010
0.000
0.000
0.000
0.312
0.312
0.488
0.000
0.000
0.000
0.000
0.000
0.000
0.000
0.000
0.014
0.003
0.000
0.003
0.000
0.000
0.000
2.008
0.477
0.203
0.048
0.196
1.823
2.369
2.918
0.000
0.096
4.075
0.745
1.669
0.045
3.545
0.954
9.574
0.354
0.434
94.675
245.129
4.473
2.070
1.861
1.322
5.503
8.751
2.108
74.791
30.844
55.182
19.295
117.094
15.504
8.176
9.756
24.191
13.391
18.809
48.987
73.025
4.940
1.799
0.745
4.137
29.237
4.510
2.980
11.062
16.002
13.257
23.087
22.742
58.698
31.637
20.126
30.721
13.213
13.857
8.326
6.121
77.759
62.375
14.904
23.610
11.206
26.535
51.479
47.004
15.134
6.012
5.618
9.005
25.159
27.780
24.242
23.610
18.742
45.010
13.063
25.878
29.002
26.144
38.948
39.515
23.717
24.139
17.283
32.878
42.548
14.509
10.128
6.307
11.620
16.128
36.942
35.379
4.374
0.086
12.064
7.751
26.398
2.750
5.454
3.584
0.206
2.626
3.327
2.541
4.961
5.260
0.779
0.106
1.475
0.003
0.002
0.000
0.002
0.000
0.000
0.000
0.000
1.126
0.000
0.000
0.000
0.000
0.000
0.000
0.000
0.033
0.000
0.000
0.000
0.000
0.000
0.000
0.000
0.000
0.000
0.000
0.000
0.000
0.002
0.000
0.000
0.000
0.002
0.000
0.000
0.000
0.000
0.000
0.000
0.000
0.000
0.000
0.000
0.000
0.000
0.000
0.000
0.000
0.000
0.000
0.000
0.000
0.000
0.000
0.000
0.000
0.002
0.000
0.000
0.000
0.000
0.000
0.000
0.000
0.000
0.000
0.000
0.000
0.000
0.000
0.002
0.000
0.000
0.000
0.000
0.000
0.000
0.000
0.000
0.000
0.000
0.000
0.000
0.000
0.000
0.000
0.000
0.000
0.000
0.000
0.000
0.000
0.000
0.000
0.000
0.000
0.000
0.000
0.000
0.000
0.003
0.000
0.000
0.000
0.000
0.000
0.000
0.002
0.000
0.000
0.002
0.000
0.000
0.000
0.000
0.000
0.000
0.000
0.000
0.003
0.000
0.000
0.000
0.000
0.000
0.000
0.000
0.000
0.000
0.000
0.000
0.000
0.000
0.000
0.000
0.000
0.000
0.000
0.002
0.000
0.000
0.000
0.000
0.000
0.000
0.000
0.000
0.000
0.000
0.000
0.000
0.002
0.000
0.000
0.000
0.000
0.000
0.000
0.000
0.000
0.000
0.000
0.000
0.000
0.000
0.000
0.000
0.000
0.002
0.000
0.000
0.000
0.000
0.000
0.000
0.000
0.000
0.000
0.000
0.000
0.000
0.000
0.000
0.000
0.000
0.000
0.000
0.000
0.000
0.000
0.000
0.000
0.000
0.000
0.000
0.000
0.000
0.000
0.000
0.000
0.000
0.000
2.642
0.000
0.000
0.000
0.000
0.000
0.000
0.000
0.000
0.000
0.000
0.000
0.000
0.000
0.000
0.000
0.000
0.261
3.691
0.000
0.002
0.000
0.000
0.000
0.000
0.000
0.000
0.000
0.000
0.000
0.000
0.000
0.000
0.000
0.000
0.000
0.000
0.000
0.000
0.000
0.000
0.000
0.000
0.000
0.000
0.003
0.000
0.000
0.000
0.000
0.021
0.000
1.068
0.656
4.439
1.215
3.780
0.518
0.295
0.014
0.000
0.700
0.179
0.010
0.000
0.000
0.000
0.110
0.038
0.003
0.000
0.000
5.649
2.479
0.999
33.666
31.421
11.477
3.667
19.954
7.124
82.157
207.872
24.158
22.041
8.545
4.503
12.190
4.118
22.972
3.959
1.116
1.078
28.249
2.709
6.200
14.224
11.891
2.575
4.436
12.933
13.599
21.420
5.318
14.516
6.791
3.265
5.311
14.184
30.121
23.001
17.345
8.587
19.923
17.448
8.511
109.170
6.969
11.757
12.408
8.329
9.167
9.946
24.977
30.916
39.262
22.335
14.330
14.037
26.288
41.132
14.483
15.427
21.087
39.283
15.554
22.886
20.119
18.471
32.502
75.680
22.017
9.088
9.081
9.222
12.106
12.318
18.268
6.152
1.593
5.177
4.058
2.252
7.268
9.086
13.292
5.136
2.537
0.306
0.000
0.000
0.000
0.000
0.000
0.000
0.000
0.000
0.144
0.000
0.000
0.000
0.000
0.000
0.000
0.000
0.000
0.000
0.000
0.000
0.000
0.000
0.000
0.000
0.000
0.000
0.000
0.000
0.002
0.000
0.000
0.000
0.000
0.000
0.002
0.000
0.000
0.000
0.000
0.000
0.000
0.000
0.000
0.000
0.000
0.002
0.000
0.000
0.000
0.000
0.000
0.002
0.000
0.000
0.000
0.000
0.000
0.002
0.000
0.000
0.000
0.000
0.000
0.000
0.000
0.000
0.000
0.000
0.003
0.000
0.000
0.000
0.000
0.000
0.000
0.000
0.000
0.000
0.002
0.000
0.000
0.000
0.000
0.000
0.000
0.000
0.000
0.000
0.000
0.000
0.000
0.002
0.000
0.000
0.000
0.000
0.000
0.000
0.000
0.000
0.000
0.000
0.000
0.000
0.000
0.000
0.000
0.000
0.000
0.000
0.000
0.000
0.000
0.000
0.449
0.000
0.000
0.000
0.002
0.000
0.000
0.002
0.000
0.000
0.000
0.000
0.000
0.000
0.000
0.000
0.000
0.000
0.045
0.000
0.000
0.000
0.000
0.000
0.000
0.000
0.000
0.113
1.274
0.010
0.000
0.000
0.000
0.000
0.000
0.000
0.000
0.003
0.000
0.000
0.000
0.000
0.000
0.000
0.000
0.000
0.000
0.000
0.000
0.000
0.000
0.000
0.000
0.002
0.002
0.000
0.000
0.003
0.000
0.000
0.000
0.000
0.000
0.000
0.002
0.000
0.000
0.000
0.000
0.007
0.000
0.000
0.000
0.000
0.000
0.000
0.000
0.000
0.000
0.000
0.000
0.086
0.010
0.000
0.000
0.000
0.000
0.000
0.000
0.000
0.000
0.000
0.192
0.038
0.031
0.072
0.000
0.000
0.000
0.000
0.000
0.000
0.000
0.003
0.000
0.000
0.000
0.000
0.000
0.000
0.000
0.000
0.000
0.000
0.000
0.000
0.000
0.000
0.000
0.000
0.000
0.000
0.000
0.000
0.000
0.000
0.002
0.000
0.000
0.000
0.000
0.000
0.000
0.000
0.000
0.562
2.842
0.409
0.156
16.928
40.198
31.150
0.584
2.473
0.114
11.012
7.364
0.350
0.074
3.418
24.545
93.962
6.065
0.062
4.649
0.999
0.082
0.010
2.558
0.534
9.544
0.917
1.109
2.541
9.900
0.000
1.109
8.619
2.242
22.230
55.972
48.218
36.808
22.058
30.504
15.511
2.170
25.785
21.334
17.655
32.418
96.894
27.910
30.806
18.955
143.231
0.395
6.233
29.152
11.783
19.703
136.134
32.842
18.464
8.530
32.607
17.707
19.411
17.455
4.910
14.193
28.238
30.590
45.628
56.247
21.997
17.842
43.901
38.819
20.435
7.309
16.486
8.770
0.474
6.842
11.944
21.224
16.867
10.614
10.131
8.096
0.000
0.082
1.610
0.429
4.769
3.310
4.341
2.918
3.389
0.364
1.318
14.152
8.118
0.115
0.002
0.024
1.243
0.058
0.508
2.783
1.236
0.577
0.041
0.003
0.000
35.630
49.669
39.317
34.583
4.508
19.175
8.264
39.341
30.650
17.921
6.491
15.958
7.811
0.450
0.520
4.683
24.180
15.587
11.984
2.561
5.826
0.949
0.000
0.000
0.000
0.000
0.000
0.000
0.000
0.000
0.000
0.000
0.000
0.000
0.000
0.000
0.000
0.002
0.000
0.000
0.000
0.000
0.000
0.000
0.000
0.000
0.000
0.003
0.000
0.000
0.000
0.001
0.000
0.000
0.000
0.000
0.000
0.000
0.000
0.000
0.000
0.000
0.000
0.000
0.000
0.000
0.000
0.000
0.000
0.000
0.000
0.000
0.002
0.000
0.000
0.000
0.000
0.000
0.002
0.000
0.000
0.000
0.000
0.000
0.003
0.002
0.000
0.000
0.002
0.000
0.000
0.000
0.000
0.000
0.000
0.000
0.000
0.002
0.000
0.000
0.000
0.000
0.000
0.000
0.051
0.007
0.000
0.000
0.000
0.000
0.000
0.000
0.000
0.000
0.000
0.000
0.000
0.000
0.000
0.000
0.000
0.007
16.359
0.151
0.000
0.002
0.000
0.000
0.000
0.000
0.000
0.000
0.000
0.000
0.000
0.000
0.000
0.000
0.000
0.000
0.000
0.000
0.000
0.000
0.000
0.000
0.000
0.000
0.000
0.000
0.000
0.000
0.000
0.000
0.000
0.000
0.000
0.027
0.009
0.000
0.000
0.002
0.000
0.000
0.002
0.000
0.000
0.000
0.000
0.000
0.003
0.000
0.000
0.000
0.000
0.000
0.000
0.000
0.000
0.000
0.000
0.000
0.002
0.000
0.000
0.000
0.000
0.000
0.000
0.000
0.000
0.000
0.000
0.000
0.000
0.003
0.002
0.000
0.000
0.000
0.000
0.000
0.000
0.000
0.000
0.000
0.000
0.000
0.000
0.000
0.429
0.206
0.014
0.000
0.000
0.000
0.000
0.000
0.000
0.000
0.000
0.000
0.003
0.000
0.000
0.003
0.027
0.000
0.000
0.002
0.000
0.000
0.000
0.000
0.000
0.000
0.010
0.577
0.199
0.000
0.000
0.000
0.000
0.000
0.000
0.000
0.000
0.000
0.000
0.000
0.000
0.000
0.000
0.002
0.000
0.003
0.000
0.000
0.002
0.000
0.000
0.000
0.000
1.136
0.134
0.000
0.000
0.000
0.302
0.000
0.000
1.954
0.000
0.000
0.031
0.704
0.151
0.124
0.017
0.000
0.000
0.002
0.000
0.000
0.000
0.433
0.000
0.002
0.000
0.000
0.000
0.000
0.175
0.189
5.394
22.385
44.316
12.332
20.119
5.658
16.940
74.528
3.196
2.753
12.971
23.809
50.664
42.984
34.384
31.672
163.267
147.893
40.179
12.820
