20000101
0.000
0.000
0.000
0.000
0.000
0.000
0.000
0.000
0.000
0.000
0.000
0.000
0.000
0.000
0.000
0.000
0.000
0.000
0.000
0.000
0.007
0.000
0.000
0.000
0.000
0.000
0.000
0.000
0.000
0.000
0.000
0.000
0.000
0.000
0.031
0.863
0.000
0.000
0.000
0.000
0.000
0.000
0.000
0.000
0.000
0.000
0.000
0.000
0.000
0.000
0.000
0.000
0.000
0.000
0.021
0.000
0.000
0.000
0.000
0.000
0.000
0.000
0.000
0.000
0.000
0.000
0.000
0.000
0.000
0.000
0.000
0.000
0.000
0.000
0.000
0.000
0.000
0.000
0.000
0.000
0.000
0.000
0.000
0.000
0.000
0.000
0.000
0.000
0.000
0.000
0.000
0.000
0.000
0.000
0.000
0.000
0.000
0.000
0.000
0.000
0.000
0.000
0.000
0.000
0.000
0.000
0.000
0.000
0.000
0.000
0.000
0.000
0.000
0.000
0.000
0.000
0.000
0.000
0.000
0.000
0.000
0.000
0.000
0.000
0.000
0.000
0.948
0.076
0.000
0.000
0.000
0.189
0.000
7.617
0.553
0.021
0.003
4.312
6.939
0.834
0.003
0.000
0.000
0.000
0.000
0.000
0.000
0.000
0.000
0.000
0.072
0.041
0.058
0.027
0.000
0.093
0.501
0.021
0.000
0.000
0.000
0.000
0.000
0.000
0.179
0.027
0.460
0.110
0.017
0.000
0.000
0.000
0.000
0.000
0.000
0.000
0.014
0.000
0.000
0.000
0.992
4.048
1.155
21.452
0.033
2.511
0.000
1.602
0.307
0.141
0.645
7.953
2.436
3.056
12.860
12.992
91.156
7.512
12.826
5.093
1.169
0.944
10.490
1.215
1.466
0.000
0.000
0.000
0.000
0.000
0.014
0.314
0.435
0.053
0.000
0.424
0.000
0.000
0.000
0.000
0.029
0.501
0.331
0.394
18.735
6.780
1.528
6.878
4.725
3.006
1.195
0.818
25.378
7.323
15.510
2.126
4.470
0.000
0.000
8.525
19.856
2.495
0.512
2.050
2.096
0.870
0.130
0.000
4.255
0.077
0.000
0.000
0.000
0.000
0.000
0.000
0.000
0.000
0.000
0.000
0.000
0.000
0.000
0.000
0.000
0.525
0.000
0.000
0.000
0.000
0.000
0.000
0.000
0.000
0.000
0.000
0.000
0.000
0.000
0.000
0.000
0.000
0.000
0.028
0.014
0.026
0.000
0.000
0.000
0.000
0.000
0.000
0.000
0.000
0.000
0.000
0.000
0.000
0.000
0.000
0.000
0.000
0.000
0.000
0.000
0.000
0.000
0.000
0.000
0.000
0.000
0.000
0.000
0.000
0.000
0.000
0.000
0.000
0.000
0.000
0.000
0.000
0.000
0.000
0.000
0.000
0.000
0.000
0.000
0.000
0.000
0.000
0.000
0.000
0.000
0.000
0.000
0.000
0.000
0.000
0.000
0.000
0.000
0.000
0.000
0.000
0.000
0.000
0.000
0.000
0.000
0.000
0.000
0.000
0.000
0.000
0.000
0.000
0.000
0.000
0.000
0.000
0.000
0.000
0.724
0.076
0.000
0.000
0.000
0.000
0.000
0.000
0.000
0.000
0.000
0.000
0.000
0.000
0.000
0.000
0.000
0.000
0.000
0.000
0.000
0.000
0.000
0.000
0.000
0.000
0.000
0.000
0.000
0.000
0.000
0.000
0.000
0.000
0.000
0.000
0.000
0.000
0.000
0.000
0.000
0.000
0.000
0.000
0.000
0.000
0.000
0.000
0.000
0.000
0.000
0.000
0.000
0.000
0.000
0.000
0.000
0.000
0.000
0.000
0.000
0.000
0.000
0.000
0.000
0.000
0.000
0.000
0.000
0.000
0.000
0.000
0.000
0.000
0.000
0.000
0.000
0.000
0.000
0.000
0.000
0.000
0.000
0.000
0.000
0.000
0.000
0.000
0.000
0.000
0.000
0.000
0.000
0.000
0.000
0.000
0.000
0.000
0.000
0.000
0.000
0.000
0.000
0.000
0.000
0.000
0.000
0.043
0.439
0.000
0.000
0.000
0.000
0.000
0.000
0.000
0.000
0.000
0.000
0.000
0.000
0.000
0.000
0.000
0.000
0.000
0.000
0.000
0.000
0.000
0.000
0.000
0.000
0.000
0.000
0.000
0.000
0.000
0.000
1.159
0.194
0.000
0.673
0.101
0.000
0.000
0.017
0.003
0.000
0.000
0.088
10.780
2.032
0.014
0.010
0.007
0.000
0.050
1.480
0.057
0.743
2.829
3.057
31.581
43.254
18.690
48.954
24.470
5.809
21.763
19.099
4.458
0.000
0.000
0.000
0.000
0.191
0.263
0.495
0.681
0.719
0.884
0.058
0.678
2.312
24.407
159.563
17.614
0.137
2.304
9.084
25.251
6.133
78.087
17.480
17.190
3.172
6.980
3.943
5.697
3.595
0.680
29.074
30.384
11.161
23.627
15.808
11.776
6.339
5.476
17.259
1.308
2.860
0.410
0.624
0.029
0.368
5.215
9.850
6.994
25.075
25.238
15.269
20.038
20.709
8.533
20.842
6.851
8.811
29.062
63.169
0.302
0.000
0.000
0.093
0.295
1.093
5.043
4.475
0.161
0.000
0.051
0.051
0.276
0.000
0.000
0.000
0.000
0.266
0.021
0.000
1.763
4.388
0.050
0.000
0.000
0.000
0.256
0.112
0.096
0.034
0.000
0.000
0.026
0.839
1.111
0.000
0.000
0.000
0.000
0.000
0.000
0.000
0.000
0.000
0.000
0.000
0.745
0.666
0.000
0.000
0.000
0.051
0.000
2.777
20.188
47.725
20.445
0.000
0.000
0.000
0.000
0.000
0.000
0.000
0.000
0.000
0.000
0.000
0.000
0.000
0.000
0.000
0.000
0.000
0.000
0.000
0.000
0.000
0.000
0.000
0.000
0.000
0.000
0.000
0.000
0.000
0.000
0.000
0.000
0.000
0.000
0.000
0.000
0.000
0.000
0.000
0.000
0.000
0.000
0.000
0.000
0.000
0.000
0.000
0.000
0.000
0.000
0.000
0.000
0.000
0.000
0.000
0.000
0.000
0.000
0.000
0.000
0.000
0.000
0.000
0.000
0.000
0.000
0.000
0.000
0.000
0.000
0.000
0.000
0.000
0.000
0.000
0.000
0.000
0.000
0.000
0.000
0.000
0.000
0.000
0.000
0.000
0.000
0.000
0.000
0.000
0.000
0.000
0.000
0.000
0.137
0.010
0.000
0.000
0.000
0.000
0.000
0.000
0.000
0.000
0.000
0.000
0.000
0.000
0.000
0.000
0.000
0.000
0.000
0.000
0.000
0.000
0.000
0.000
0.000
0.000
1.968
1.008
0.000
0.000
0.000
0.000
0.000
0.000
0.000
0.000
0.000
0.000
0.000
0.000
0.000
0.000
0.000
0.000
0.000
0.000
0.000
0.000
0.000
0.000
0.000
0.000
0.000
0.000
0.000
0.000
0.000
0.000
0.000
0.000
0.000
0.000
0.000
0.000
0.000
0.000
0.000
0.000
0.000
0.000
0.000
0.000
0.000
0.000
0.000
0.000
0.000
0.000
0.000
0.000
0.000
0.000
0.419
0.000
0.000
0.000
0.000
0.000
0.000
0.000
0.000
0.000
0.000
0.000
0.000
0.014
0.000
0.000
0.000
0.000
0.000
0.000
0.000
0.000
0.000
0.000
0.000
0.000
0.000
0.000
0.000
0.000
0.000
0.000
0.000
0.000
0.000
0.000
0.000
0.000
0.000
0.000
0.000
0.000
0.000
0.000
0.000
0.000
0.000
0.000
0.000
0.000
0.000
0.000
0.898
0.165
0.014
0.007
0.000
0.041
0.000
0.000
0.000
0.000
0.000
0.000
0.000
0.000
0.397
0.367
2.728
3.368
12.133
2.398
0.254
0.405
9.026
4.741
0.000
0.000
0.000
0.000
0.704
23.597
28.643
93.555
42.332
0.730
0.112
0.000
0.225
0.000
0.172
0.014
0.000
0.000
0.000
0.177
0.050
0.031
0.695
4.431
5.438
1.428
7.210
6.880
3.085
0.640
3.963
3.492
2.858
3.513
3.008
0.446
0.000
0.000
0.000
0.000
0.000
5.723
0.034
0.340
16.984
22.251
58.011
16.823
72.814
0.127
0.426
3.831
5.243
6.164
2.249
0.168
1.140
0.130
0.069
0.000
0.000
0.000
12.078
24.898
12.027
4.062
0.316
0.000
0.000
3.232
11.311
12.215
24.412
27.864
3.689
0.048
0.000
0.000
0.000
0.000
0.000
0.000
0.000
0.000
0.000
0.000
0.000
0.000
0.000
0.000
0.021
0.000
0.000
0.034
0.000
0.070
0.032
0.000
0.000
0.000
0.000
0.000
0.000
0.000
0.000
0.000
0.000
0.000
0.000
0.000
0.000
0.000
0.000
0.000
0.000
0.000
0.000
0.000
0.000
0.000
0.000
0.000
0.000
0.000
0.000
0.000
0.000
0.000
0.000
0.000
0.000
0.000
0.000
0.000
0.000
0.000
0.000
0.137
0.000
0.000
0.000
0.000
0.345
0.000
0.000
0.000
0.000
0.000
0.000
0.000
0.000
0.000
0.000
0.000
0.000
0.000
0.000
0.000
0.000
0.000
0.000
0.000
0.000
0.000
0.000
0.000
0.000
0.000
0.000
0.000
0.000
0.000
0.000
0.000
0.000
0.000
0.000
0.000
0.000
0.000
0.000
0.000
0.000
0.000
0.000
0.000
0.000
0.000
0.000
0.000
0.000
1.596
0.385
0.000
0.000
0.000
0.000
0.000
0.000
0.000
0.000
0.000
0.000
0.000
0.000
0.000
0.000
0.000
0.000
0.000
0.000
0.000
0.000
0.000
0.000
0.000
0.000
0.000
0.000
0.000
0.000
0.000
0.000
3.753
0.350
0.000
0.000
0.000
0.000
0.000
0.000
0.000
0.000
0.000
0.000
0.000
0.000
0.000
0.000
0.000
1.315
7.174
0.000
0.000
0.000
0.000
0.000
0.000
0.000
0.000
0.000
0.000
0.000
0.000
0.000
0.000
0.000
0.000
0.000
0.000
0.000
0.000
0.000
0.000
0.000
0.000
0.000
0.000
0.000
0.000
0.000
0.000
0.000
0.000
0.000
0.000
0.000
0.000
0.000
0.000
0.000
0.000
0.000
0.000
0.000
0.000
0.000
0.000
0.000
0.000
0.000
0.000
0.000
0.000
0.000
0.000
0.000
0.000
0.000
0.000
0.000
0.000
0.000
0.000
0.000
0.000
0.000
0.000
0.000
0.000
0.000
0.000
0.000
0.000
0.000
0.000
0.000
0.000
0.000
0.000
0.000
0.000
0.000
0.000
0.000
0.000
0.000
0.000
0.000
0.000
0.000
0.000
0.000
0.000
0.000
0.000
0.000
0.000
0.000
0.000
0.000
0.000
0.000
0.000
0.000
0.000
0.000
0.000
0.000
0.000
0.000
0.000
0.000
0.000
0.000
0.000
0.000
0.000
0.000
7.290
7.567
38.188
26.896
4.988
0.539
7.704
0.900
1.353
3.279
0.604
0.000
7.725
5.809
1.387
4.300
8.253
17.588
19.518
46.774
24.442
10.441
11.285
23.240
14.373
7.302
3.680
9.937
11.516
17.521
128.541
9.089
5.150
15.299
18.526
12.135
2.502
9.290
26.520
21.792
1.190
9.347
15.098
9.192
1.181
1.090
1.710
5.479
6.269
15.019
26.377
1.878
4.741
10.204
11.426
14.835
1.126
0.213
1.476
0.896
0.453
0.000
0.000
0.079
0.340
0.060
0.027
3.289
8.262
14.066
24.826
2.070
14.502
5.692
14.749
64.255
59.273
0.591
2.268
2.185
0.793
1.428
1.296
0.240
0.000
0.000
2.599
0.000
0.000
0.000
1.514
0.312
0.000
2.768
1.354
3.316
0.000
14.008
2.125
0.021
0.010
2.206
1.233
0.003
0.000
0.070
0.014
0.542
0.072
0.316
0.000
0.000
0.000
0.000
0.000
0.000
0.000
0.000
0.000
0.000
0.000
0.000
0.000
0.000
0.000
0.000
0.000
0.000
0.000
0.000
0.000
0.000
0.000
0.000
0.000
0.000
0.000
0.000
0.000
0.000
0.000
0.000
0.000
0.000
0.000
0.000
0.000
0.000
0.000
0.000
0.000
0.000
0.000
0.000
0.000
0.000
0.000
0.000
0.000
0.000
0.000
0.000
0.000
0.000
0.000
0.000
0.000
0.000
0.000
0.000
0.000
0.000
0.000
0.000
0.000
0.000
0.000
0.000
0.000
0.000
0.000
0.000
0.000
0.000
0.000
0.000
0.000
0.000
0.000
0.000
0.000
0.000
0.000
0.000
0.000
0.000
0.000
0.000
0.000
0.000
0.000
0.000
0.000
0.000
0.209
0.000
0.000
0.000
0.000
0.000
0.000
0.000
0.000
0.000
0.000
0.000
0.000
0.000
0.000
0.010
0.000
0.000
0.000
0.000
0.000
0.000
0.000
0.000
0.000
0.000
0.000
0.000
0.000
0.000
0.000
0.000
0.000
0.000
0.000
0.000
0.000
0.000
0.000
0.000
0.000
0.000
0.000
0.000
0.000
0.000
0.000
0.000
0.000
0.000
0.000
0.000
0.000
0.000
0.000
0.000
0.000
0.000
0.000
0.000
0.000
0.000
0.000
0.000
0.000
0.000
0.000
0.000
0.000
0.000
0.000
0.000
0.000
0.000
0.000
0.000
0.000
0.000
0.000
0.000
0.000
0.000
0.000
0.000
0.000
0.000
0.000
0.000
0.000
0.000
0.000
0.000
0.000
0.000
0.000
0.000
0.000
0.000
0.000
0.000
0.000
0.000
0.000
0.000
0.000
0.000
0.000
0.000
0.000
0.000
0.000
0.000
0.000
0.000
0.000
0.000
0.000
0.000
0.000
0.000
0.000
0.000
0.000
0.041
0.865
3.258
6.218
2.135
2.043
0.000
0.000
0.000
0.000
0.000
0.000
0.000
0.000
0.000
0.000
0.000
0.000
0.000
0.000
0.000
0.000
0.000
0.000
0.000
0.000
0.000
0.000
0.000
0.000
0.000
0.000
1.809
0.215
0.007
0.000
2.819
2.273
2.118
0.886
5.291
1.023
0.086
0.000
0.000
0.000
0.896
2.075
1.581
1.663
0.532
8.058
10.698
6.242
0.395
0.048
0.003
0.000
34.537
11.888
0.627
4.149
5.249
0.000
0.481
0.165
0.038
0.000
0.000
0.106
0.256
4.144
8.854
0.848
0.196
0.000
0.014
0.024
0.070
0.003
0.000
0.568
1.572
0.625
0.010
6.489
1.866
5.049
0.158
0.084
7.275
13.298
9.620
1.113
6.628
3.668
42.969
11.930
17.152
3.086
4.019
9.465
1.004
1.023
0.451
1.531
1.856
0.149
0.000
0.000
0.000
0.000
0.000
0.000
0.000
0.000
0.000
0.678
0.031
0.010
0.000
0.000
0.000
0.000
0.000
0.000
0.000
0.029
0.017
0.031
0.173
1.576
0.069
5.400
10.798
0.031
0.000
0.000
0.000
0.065
4.233
2.700
0.007
0.007
4.358
52.171
6.188
30.528
24.192
25.183
13.084
6.916
1.049
0.000
2.254
3.329
0.000
0.000
0.000
0.000
0.000
0.000
0.000
0.000
0.000
0.000
0.000
0.000
0.000
0.000
0.000
0.000
0.000
0.000
0.000
0.000
0.000
0.000
0.000
0.000
0.000
0.000
0.000
0.000
0.000
0.000
0.000
0.000
0.000
0.000
0.000
0.000
0.000
0.000
0.000
0.000
0.000
0.000
0.000
0.000
0.000
0.000
0.000
0.000
0.000
0.000
0.000
0.000
0.000
0.000
0.000
0.000
0.000
0.000
0.000
0.000
0.000
0.000
0.000
0.000
0.000
0.000
0.000
0.000
0.000
0.000
0.000
0.000
0.000
0.000
0.000
0.000
0.000
0.000
0.000
0.000
0.000
0.024
0.000
0.000
0.000
0.000
0.000
0.000
0.000
0.000
0.000
0.000
0.000
0.000
0.000
0.000
0.000
0.000
0.000
0.000
0.000
0.000
0.000
0.000
0.000
0.000
0.000
0.000
0.000
0.000
0.000
0.082
0.024
0.000
0.000
0.000
0.000
0.000
0.000
0.000
0.000
0.000
0.000
0.000
0.000
0.000
0.000
0.000
0.000
0.000
0.000
0.000
0.000
0.000
0.000
0.000
0.000
0.000
0.000
0.000
0.000
0.000
0.000
0.000
0.000
0.000
0.000
0.000
0.000
0.000
0.000
0.000
0.000
0.000
0.000
0.000
0.000
0.000
0.000
0.000
0.000
0.000
0.000
0.000
0.000
0.000
0.000
0.000
0.000
0.000
0.000
0.000
0.000
0.000
0.000
0.000
0.000
0.000
0.000
0.000
0.000
0.000
0.000
0.000
0.000
0.000
0.000
0.000
0.000
0.000
0.000
0.000
0.000
0.000
0.000
0.000
0.000
0.000
0.000
0.000
0.692
0.094
0.000
0.000
0.000
0.000
0.000
0.000
0.000
0.000
0.000
0.000
0.000
0.000
0.000
0.000
0.000
0.000
0.000
0.000
0.000
0.000
0.000
0.000
0.000
0.000
0.000
0.000
0.000
0.000
0.000
0.000
0.000
0.000
0.000
0.000
0.000
0.000
0.000
0.000
0.000
0.000
0.000
0.000
2.279
12.945
11.531
0.000
0.000
0.000
0.000
0.000
0.000
2.424
0.000
0.587
0.098
3.198
0.961
0.000
9.503
4.369
2.644
12.174
9.649
8.552
12.256
0.212
10.304
7.108
0.544
2.791
0.318
0.367
24.466
0.110
13.891
8.430
1.505
1.905
5.886
2.671
0.000
0.000
0.000
0.000
0.000
0.189
2.499
14.624
19.617
12.415
1.924
11.325
7.160
4.563
3.773
15.810
1.140
2.247
2.405
2.060
1.435
1.487
0.101
0.082
0.000
0.673
0.000
2.705
1.432
0.124
0.704
1.368
2.927
2.729
0.510
0.168
0.045
1.009
0.000
0.000
0.000
0.364
0.000
0.000
0.000
0.000
0.000
0.000
0.203
0.835
2.571
0.312
0.193
2.989
34.573
6.661
21.015
19.266
18.717
8.352
40.740
8.279
20.622
0.007
0.300
5.110
18.018
0.203
1.148
2.288
0.409
0.043
0.000
0.000
0.000
0.000
0.000
0.000
0.000
0.000
0.000
0.000
0.000
0.000
0.000
0.000
0.000
0.000
0.000
0.000
0.000
0.000
0.000
0.000
0.000
0.000
0.000
0.000
0.000
0.000
0.000
0.000
0.000
0.000
0.000
0.000
0.000
0.000
0.000
0.000
0.000
0.000
0.000
0.000
0.000
0.000
0.000
0.000
0.000
0.000
0.000
0.000
0.000
0.000
0.000
0.000
0.000
0.000
0.000
0.000
0.000
0.000
0.000
0.000
0.000
0.000
0.000
0.000
0.000
0.000
0.000
0.000
0.000
0.000
0.000
0.000
0.000
0.000
0.000
0.000
0.000
0.000
0.000
0.000
0.000
0.000
0.000
0.000
0.000
0.000
0.000
0.000
0.000
0.000
0.000
0.000
0.000
0.000
0.000
0.000
0.000
0.000
0.000
0.000
0.000
0.000
0.000
0.000
0.000
0.000
0.000
0.000
0.000
0.000
0.000
0.000
0.000
0.000
0.000
0.000
0.000
0.000
0.000
0.000
0.000
0.000
0.000
0.000
0.000
0.000
0.000
0.000
0.000
0.000
0.000
0.000
0.000
0.000
0.000
0.000
0.000
0.000
0.000
0.000
0.000
0.000
0.000
0.000
0.000
0.000
0.000
0.000
0.000
0.000
0.000
0.000
0.000
0.000
0.000
0.000
0.000
0.000
0.877
8.130
0.007
0.000
0.000
0.072
0.000
0.000
0.000
0.000
0.000
0.000
0.000
0.000
0.000
0.000
0.000
0.000
0.000
0.000
0.000
0.000
0.000
0.000
0.000
0.000
0.000
0.000
0.000
0.000
0.000
0.000
0.000
0.000
0.000
0.000
0.000
0.000
0.000
0.000
0.000
0.000
0.000
0.000
0.000
0.000
0.000
0.000
0.000
0.000
0.000
0.000
0.000
0.000
0.000
0.000
0.000
0.000
0.000
0.000
0.000
0.000
0.000
0.000
0.000
0.000
0.000
0.000
0.000
0.000
0.000
0.000
0.683
1.224
1.810
0.191
0.000
0.000
0.287
0.022
0.000
0.000
0.000
0.000
9.270
21.636
1.751
0.000
0.000
0.000
0.000
0.000
0.000
0.000
0.000
0.220
0.220
0.069
0.000
0.000
0.000
0.000
0.707
0.034
0.000
0.000
0.000
0.017
0.206
9.943
17.554
20.764
5.967
1.487
0.103
0.000
0.000
0.000
0.124
14.248
2.324
12.615
2.003
14.365
7.113
0.980
0.175
0.123
0.178
0.003
5.951
6.868
4.246
4.720
4.861
2.695
7.466
8.061
5.461
7.775
6.133
10.453
48.529
38.172
12.634
13.542
19.691
5.385
7.068
24.441
19.626
7.440
16.270
5.251
13.392
21.751
19.144
24.546
2.271
2.998
6.985
0.975
13.302
20.044
62.234
34.428
25.697
9.570
1.250
0.769
3.238
1.516
3.519
1.203
0.000
0.548
4.489
3.275
2.597
0.003
0.829
4.334
0.409
0.661
0.053
0.000
0.000
0.000
0.000
0.637
0.385
7.575
0.716
0.000
0.302
2.695
0.000
8.351
11.438
26.111
0.920
3.141
8.075
0.388
0.637
0.017
0.000
0.000
0.000
0.000
0.000
0.000
0.000
0.000
0.000
0.000
0.000
0.000
0.000
0.000
0.034
0.000
0.000
0.000
0.041
0.010
0.000
0.000
0.000
0.000
0.000
0.000
0.000
0.000
0.000
0.000
0.000
0.000
0.000
0.000
0.000
0.000
0.000
0.000
0.000
0.000
0.000
0.000
0.000
0.000
0.000
0.000
0.000
0.000
0.000
0.000
0.000
0.000
0.000
0.000
0.000
0.000
0.000
0.000
0.000
0.000
0.000
0.000
0.000
0.000
0.000
0.048
0.096
0.000
0.000
0.000
0.000
0.000
0.000
0.000
0.000
0.000
0.000
0.000
0.000
0.000
0.000
0.000
0.000
0.000
0.000
0.000
0.000
0.000
0.000
0.000
0.000
0.000
0.000
0.000
0.000
0.000
0.000
0.000
0.000
0.000
0.000
0.000
0.000
0.000
0.000
0.000
0.000
0.000
0.000
0.000
0.000
0.000
0.000
0.000
0.000
0.000
0.000
0.000
0.000
0.000
0.249
0.554
0.000
0.000
0.000
0.000
0.000
0.000
0.000
0.000
0.000
0.000
0.106
0.043
0.000
0.869
0.000
0.000
0.000
0.000
0.000
0.000
0.000
0.000
0.000
0.000
0.000
0.000
0.000
0.000
0.000
0.000
0.000
0.000
0.000
0.000
0.000
0.000
0.000
0.000
0.000
0.000
0.000
0.407
0.000
0.000
0.000
0.000
0.000
0.000
0.316
0.024
0.000
0.000
0.000
0.000
0.000
0.000
0.000
0.000
0.000
0.000
0.000
0.000
0.000
0.000
0.000
0.000
0.000
0.000
0.000
0.000
0.000
0.000
0.000
0.000
0.000
0.000
0.000
0.000
0.000
0.000
0.000
0.000
0.000
0.000
0.000
0.000
0.000
0.000
0.000
0.000
0.000
0.000
0.000
0.000
0.000
0.000
0.000
0.000
0.000
0.000
0.000
0.000
0.000
0.000
0.000
0.000
0.000
0.000
0.000
0.000
0.000
0.000
0.000
0.000
0.000
0.000
0.000
0.000
0.000
0.000
0.000
0.000
0.000
4.552
0.225
0.268
0.038
0.000
0.000
0.000
0.000
0.000
0.014
0.007
0.000
18.917
3.921
0.021
1.222
0.041
9.792
10.688
5.037
0.900
0.350
20.263
0.302
2.753
0.084
1.169
0.007
1.253
53.665
80.725
137.833
3.287
6.360
0.024
37.424
83.884
2.748
11.512
1.428
12.382
0.093
0.022
5.299
1.773
2.125
0.033
1.196
0.000
0.862
6.848
2.074
16.924
1.140
3.304
2.414
2.544
5.449
3.121
2.714
11.821
16.725
1.178
10.645
9.812
43.585
18.090
6.887
2.687
9.556
9.747
6.248
7.354
3.172
3.095
3.308
0.679
0.348
0.000
1.287
13.233
12.288
0.065
0.000
1.504
8.348
6.365
1.622
15.580
18.008
4.921
15.872
19.976
11.314
2.123
3.349
0.427
0.220
0.007
1.378
0.805
0.017
0.513
0.000
0.000
0.096
0.472
0.000
0.000
2.518
2.139
0.688
4.402
0.043
0.857
0.000
0.000
0.038
0.000
0.000
0.000
0.000
0.000
0.000
0.000
0.000
0.000
0.000
0.000
0.000
0.000
0.000
0.000
0.000
0.000
0.000
0.000
0.000
0.000
0.000
0.000
0.000
0.000
0.000
0.000
0.000
0.000
0.000
0.000
0.000
0.000
0.000
0.000
0.000
0.000
0.000
0.000
0.000
0.000
0.000
0.000
0.000
0.000
0.000
0.000
0.000
0.000
0.000
0.000
0.000
0.000
0.000
0.000
0.000
0.000
0.000
0.000
0.000
0.000
0.000
0.000
0.000
0.000
0.000
0.000
0.000
0.000
0.000
0.000
0.000
0.000
0.000
0.000
0.000
0.000
0.000
0.000
0.000
0.000
0.000
0.000
0.000
0.000
0.000
0.000
0.000
0.000
0.000
0.000
0.000
0.000
0.000
0.000
0.000
0.000
0.000
0.000
0.000
0.000
0.000
0.000
0.000
0.000
0.000
0.000
0.000
0.000
0.000
0.000
0.000
0.000
0.000
0.000
0.000
0.000
0.000
0.000
0.000
0.000
0.000
0.000
0.000
0.000
0.000
0.000
0.645
0.000
0.000
0.000
0.000
0.000
0.000
0.000
0.000
0.000
0.000
0.000
0.000
0.000
0.000
0.000
0.000
0.000
0.000
0.000
0.000
0.000
0.000
0.000
0.000
0.000
0.000
0.000
0.000
0.000
0.000
0.000
0.000
0.000
0.000
0.000
0.000
0.000
0.041
0.055
0.000
0.000
0.000
0.000
0.000
0.000
0.000
0.000
0.000
0.000
0.000
0.000
0.000
0.000
0.000
0.000
0.000
0.000
0.000
0.000
0.000
44.067
6.245
0.000
0.000
0.000
0.000
0.000
0.000
0.000
0.000
0.000
0.000
0.000
0.000
0.000
0.000
0.000
0.000
0.000
0.000
0.000
0.000
0.000
0.000
0.000
0.000
0.000
0.000
0.000
0.000
0.000
0.000
0.079
0.007
0.000
0.000
0.000
0.000
0.000
0.000
0.000
0.000
0.000
0.000
0.000
0.000
0.000
0.000
0.000
0.000
0.000
0.000
0.000
0.000
0.000
0.000
0.000
0.000
0.010
0.027
0.048
0.007
0.096
3.104
0.731
3.564
0.117
2.156
4.745
139.372
16.431
15.367
1.507
0.000
0.845
0.000
0.137
0.168
0.117
0.477
0.149
0.017
1.160
0.223
1.222
0.000
2.608
4.226
3.593
7.720
2.209
0.000
0.007
0.003
3.022
1.805
22.325
22.264
15.091
1.896
8.120
0.554
0.000
0.106
0.000
0.003
0.003
0.003
0.010
0.187
0.000
7.876
0.735
3.699
12.059
118.852
0.410
9.253
17.283
8.685
111.654
10.192
9.370
19.708
6.322
2.063
3.316
1.701
3.139
17.836
190.934
15.980
3.888
0.937
0.359
0.058
0.172
0.228
0.000
0.000
0.014
1.414
0.706
5.061
0.230
0.038
0.000
0.000
0.000
0.000
0.000
0.000
0.000
0.000
0.000
6.875
0.309
0.041
0.000
0.093
9.510
8.006
10.578
9.290
4.185
1.399
6.669
17.094
8.257
0.000
0.000
1.737
0.196
0.000
0.000
0.000
0.000
0.003
0.000
0.000
0.000
1.263
0.000
0.000
0.208
0.000
0.000
0.000
0.000
0.051
0.000
0.000
0.000
0.000
0.000
0.000
0.000
0.000
0.000
0.000
0.000
0.000
0.000
0.000
0.000
0.000
0.000
0.000
0.000
0.000
0.000
0.000
0.000
0.000
0.000
0.000
0.000
0.000
0.000
0.000
0.000
0.000
0.000
0.000
0.000
0.000
0.000
0.000
0.000
0.184
0.000
0.000
0.000
0.000
0.000
0.000
0.000
0.000
0.000
0.000
0.259
6.056
0.055
0.000
0.000
0.000
0.000
0.000
0.000
0.000
0.000
0.000
0.000
0.000
0.000
0.000
0.000
0.000
0.000
0.000
0.000
0.000
0.000
0.000
0.000
0.000
0.000
0.000
0.000
0.000
0.000
0.000
0.000
0.000
0.000
0.000
0.041
0.000
0.000
0.000
0.000
0.000
0.000
0.000
0.000
0.000
0.000
0.000
0.000
0.000
0.000
0.000
0.000
0.000
0.000
0.000
0.000
0.000
0.000
0.000
0.000
0.000
0.000
0.000
0.000
0.000
0.000
0.000
0.000
0.000
0.000
0.000
0.000
0.000
0.000
0.000
0.000
0.000
0.000
0.000
0.000
0.000
0.000
0.000
0.000
0.000
0.000
0.000
0.000
0.000
0.000
0.000
0.000
0.000
0.000
0.000
0.000
0.000
0.000
0.000
0.000
0.000
0.000
0.000
0.000
0.000
0.000
0.000
0.000
0.000
0.000
0.000
0.000
0.000
0.000
0.000
0.000
0.000
0.000
0.000
0.000
0.000
0.000
0.000
0.000
0.000
1.305
0.271
0.000
0.000
0.000
0.000
0.000
0.000
0.000
0.000
0.000
0.000
0.000
0.000
0.000
0.000
0.000
0.000
0.000
0.000
0.000
0.000
0.000
0.000
0.000
0.000
0.000
0.000
0.000
0.000
0.000
0.000
0.000
0.000
0.000
0.000
0.000
0.000
0.000
0.000
0.000
0.000
0.000
0.000
0.000
0.141
0.000
0.000
0.000
0.000
0.000
0.000
0.000
0.000
0.000
0.288
2.244
0.017
0.000
0.000
0.000
0.000
0.000
0.000
0.000
0.000
0.000
0.000
0.039
0.039
0.000
0.000
0.122
0.153
0.003
0.000
0.000
0.000
0.000
0.038
28.887
0.094
0.007
4.695
16.495
2.142
0.080
0.186
3.200
1.317
0.050
1.137
0.220
0.000
0.000
20.701
125.126
3.650
5.578
18.373
24.582
46.166
11.029
31.496
27.621
3.789
0.742
25.109
7.006
31.611
4.084
7.684
13.235
2.414
2.213
3.856
2.075
0.755
2.737
2.020
0.091
0.000
0.051
0.014
0.000
0.105
3.066
1.190
0.000
0.792
0.451
0.057
0.627
0.400
0.000
0.000
0.000
0.000
0.000
0.000
0.000
0.652
2.422
1.737
0.146
16.797
36.440
57.110
3.540
1.840
3.162
0.021
0.539
3.025
3.169
0.299
0.017
0.000
0.000
0.000
0.000
0.000
0.000
0.000
0.000
0.000
0.000
0.000
0.000
0.000
0.000
0.000
0.000
0.000
0.000
0.000
0.000
0.000
0.027
0.000
0.000
0.079
1.631
0.367
0.000
0.000
0.000
0.000
0.000
0.000
0.000
0.000
0.000
0.000
0.000
0.000
0.000
0.000
0.000
0.000
0.000
0.000
0.000
0.000
0.000
0.000
0.000
0.000
0.000
0.000
0.000
0.000
0.000
0.000
0.000
0.000
0.000
0.000
0.000
0.000
0.000
0.027
0.000
0.000
0.000
0.000
0.000
0.000
0.000
0.000
0.000
0.000
0.000
0.000
0.000
0.000
0.000
0.000
0.000
0.000
0.000
0.000
0.000
0.000
0.000
0.000
0.000
0.000
0.000
0.000
0.000
0.000
0.000
0.000
0.000
0.000
0.000
0.000
0.000
0.000
0.000
0.000
0.000
0.000
0.000
0.000
0.000
0.000
0.000
0.000
0.000
0.000
0.000
0.041
0.000
0.000
0.000
0.000
0.000
0.000
0.000
0.000
0.000
0.000
0.000
0.000
0.000
0.000
0.000
0.000
0.000
0.000
0.000
0.000
0.000
0.000
0.000
0.000
0.000
0.000
0.000
0.000
0.000
0.000
0.000
0.000
0.000
0.000
0.000
0.000
0.000
0.000
0.000
0.000
0.000
0.000
0.000
0.000
0.000
0.000
0.000
0.000
0.000
0.000
0.000
0.000
0.000
0.000
0.000
0.000
0.000
0.000
0.000
0.000
0.000
0.000
0.000
0.000
0.000
0.000
0.000
0.000
0.000
0.000
0.000
0.000
0.000
0.000
0.000
0.000
0.000
0.000
0.000
0.000
0.000
0.000
0.000
0.000
0.000
0.000
0.000
0.000
0.000
0.000
0.000
0.000
0.000
0.000
0.000
0.000
0.000
0.000
0.000
0.000
0.000
0.000
0.000
0.000
0.000
0.000
0.000
0.000
0.000
0.000
0.000
0.000
0.000
0.000
0.000
0.000
0.000
0.000
0.000
0.000
0.000
0.000
0.000
0.000
0.000
0.000
0.000
0.000
0.000
0.000
0.000
0.000
0.000
0.000
0.000
0.000
0.000
0.000
0.000
0.000
0.000
0.000
0.000
0.000
0.000
0.000
0.000
0.000
0.000
0.000
2.989
0.175
0.174
1.493
5.140
0.383
0.000
0.000
0.003
0.000
0.000
0.000
0.082
0.000
0.220
0.000
0.000
0.000
0.000
2.417
0.669
0.354
1.131
0.276
0.000
0.151
0.000
0.000
0.000
1.011
2.537
5.158
5.140
7.929
8.992
16.087
6.505
0.566
1.941
1.329
15.511
17.381
6.006
0.278
4.041
0.500
0.115
4.551
6.913
8.585
10.916
14.763
38.286
1.917
6.630
4.594
0.666
1.445
6.378
96.994
13.391
5.153
22.117
5.579
2.501
20.181
1.864
4.892
13.232
7.907
4.724
4.027
6.224
7.972
1.517
2.146
1.775
4.800
0.158
0.745
16.668
0.000
0.086
0.343
15.741
18.172
0.958
16.998
6.145
20.771
2.448
1.377
0.371
2.111
1.851
7.732
7.996
5.140
32.942
12.548
6.355
1.905
6.097
13.166
10.791
3.843
1.174
0.017
0.000
0.000
0.000
0.000
0.031
0.000
0.000
0.000
0.000
0.000
0.000
0.000
0.000
0.000
0.000
0.000
0.000
0.000
0.000
0.000
0.000
0.000
0.000
2.956
0.036
0.000
0.000
0.000
0.000
0.010
0.010
0.000
0.000
0.000
0.000
0.000
0.000
0.000
0.000
0.000
0.000
0.000
0.000
0.000
0.000
0.000
0.000
0.000
0.000
0.000
0.000
0.072
0.632
0.402
0.460
2.908
0.045
0.718
1.868
8.583
0.017
0.000
0.000
0.000
4.590
1.780
8.635
0.302
0.000
0.000
0.000
0.000
0.000
0.000
0.000
0.000
0.000
0.000
0.000
0.000
0.000
0.000
0.000
0.000
0.000
0.000
0.000
0.000
0.000
0.000
0.000
0.000
0.000
0.000
0.000
0.000
0.000
0.000
0.000
0.000
0.814
0.742
0.000
0.000
0.000
0.000
0.000
0.000
0.000
0.000
0.000
0.000
0.000
0.000
0.000
0.000
0.000
0.000
0.000
0.000
0.000
0.000
0.000
0.000
0.000
0.000
0.000
0.000
0.000
0.000
0.000
0.003
0.000
0.000
0.000
0.000
0.000
0.002
0.000
0.000
0.000
0.000
0.000
0.000
0.000
0.002
0.002
0.000
0.000
1.291
0.000
0.000
0.000
0.000
0.000
0.000
0.000
0.000
0.000
0.000
0.000
0.000
0.000
0.000
0.002
0.000
0.000
0.000
0.000
0.000
0.000
0.000
0.000
0.002
0.000
0.002
0.002
0.000
0.000
0.000
0.000
0.000
0.000
0.000
0.000
0.000
0.002
0.002
0.000
0.002
0.000
0.000
0.000
0.002
0.000
0.000
0.000
0.000
0.000
0.000
0.000
0.000
0.000
0.000
0.000
0.000
0.002
0.000
0.000
0.000
0.000
0.000
0.000
0.000
0.000
0.000
0.002
0.000
0.000
0.000
0.000
0.000
0.000
0.000
0.027
0.000
0.000
0.000
0.000
0.000
0.000
0.000
0.000
0.000
0.000
0.000
0.000
0.000
0.000
0.000
0.082
0.000
0.000
0.000
0.000
0.000
0.137
0.000
0.000
0.000
0.000
0.000
0.000
0.000
0.000
0.000
0.000
0.000
0.000
0.000
0.000
0.000
0.227
0.048
0.560
0.264
0.113
0.038
0.848
2.784
0.017
0.129
0.867
1.408
0.158
0.005
0.402
0.336
0.172
0.007
0.403
18.048
238.050
0.154
1.576
1.274
0.735
3.073
2.468
0.261
196.890
62.777
65.942
54.770
48.371
10.557
3.825
5.217
15.637
5.143
10.545
27.535
26.093
2.513
2.024
0.536
1.294
14.045
3.205
2.826
6.273
13.774
18.941
9.402
5.491
14.543
12.610
0.735
18.745
8.149
4.666
3.183
0.038
33.663
89.796
16.081
54.928
11.601
26.590
25.008
40.433
10.760
5.919
1.112
3.742
9.047
17.249
10.810
9.809
2.510
10.592
2.129
21.647
21.365
35.603
22.898
21.259
70.841
17.115
15.628
19.571
27.219
14.732
11.155
4.309
13.455
5.991
7.543
27.758
2.393
0.093
3.728
4.525
21.592
2.467
2.590
2.129
0.160
1.548
1.854
0.834
2.963
1.105
0.058
0.000
0.009
0.014
0.002
0.000
0.002
0.000
0.000
0.000
0.000
0.594
0.003
0.000
0.000
0.000
0.000
0.000
0.000
0.002
0.000
0.000
0.000
0.000
0.000
0.000
0.000
0.000
0.000
0.000
0.000
0.000
0.002
0.000
0.000
0.000
0.002
0.000
0.000
0.000
0.000
0.000
0.000
0.000
0.000
0.000
0.000
0.000
0.000
0.000
0.000
0.000
0.000
0.000
0.000
0.000
0.000
0.000
0.000
0.000
0.002
0.000
0.000
0.000
0.000
0.000
0.000
0.000
0.000
0.000
0.000
0.000
0.000
0.000
0.002
0.000
0.000
0.000
0.000
0.000
0.000
0.000
0.000
0.000
0.000
0.000
0.000
0.000
0.000
0.000
0.000
0.000
0.000
0.000
0.000
0.000
0.000
0.000
0.000
0.000
0.000
0.000
0.000
0.000
0.003
0.000
0.000
0.000
0.000
0.000
0.000
0.033
0.000
0.000
0.002
0.000
0.000
0.000
0.000
0.000
0.000
0.000
0.000
0.003
0.000
0.000
0.000
0.000
0.000
0.000
0.000
0.000
0.000
0.000
0.000
0.000
0.000
0.000
0.000
0.000
0.000
0.000
0.002
0.000
0.000
0.000
0.000
0.000
0.000
0.000
0.000
0.000
0.000
0.000
0.000
0.002
0.000
0.000
0.000
0.000
0.000
0.000
0.000
0.000
0.000
0.000
0.000
0.000
0.000
0.000
0.000
0.000
0.002
0.000
0.000
0.000
0.000
0.000
0.000
0.000
0.000
0.000
0.000
0.000
0.000
0.000
0.000
0.000
0.000
0.000
0.000
0.000
0.000
0.000
0.000
0.000
0.000
0.000
0.000
0.000
0.000
0.000
0.000
0.000
0.000
0.000
5.239
0.000
0.000
0.000
0.000
0.000
0.000
0.000
0.000
0.000
0.000
0.000
0.000
0.000
0.000
0.000
0.000
0.000
1.373
0.000
0.002
0.000
0.000
0.000
0.000
0.000
0.000
0.000
0.000
0.000
0.000
0.000
0.000
0.000
0.000
0.000
0.000
0.000
0.000
0.000
0.000
0.000
0.000
0.000
0.000
0.000
0.000
0.000
0.000
0.000
0.000
0.000
2.094
0.033
2.220
4.882
0.295
0.076
0.055
0.010
0.000
0.007
0.000
0.000
0.000
0.000
0.000
0.175
0.051
0.007
0.000
0.000
1.081
4.824
0.470
6.468
16.998
3.464
2.596
9.398
5.548
29.306
75.095
4.506
52.865
6.581
2.383
4.043
16.325
8.446
4.312
1.665
0.879
1.631
0.156
13.853
5.260
0.343
1.713
0.254
7.327
6.156
4.686
3.643
14.632
3.876
1.964
4.782
10.020
6.036
10.950
1.851
2.966
8.473
5.787
2.146
25.018
5.644
20.817
12.627
3.605
1.435
8.350
18.522
9.551
19.580
19.231
12.466
3.014
12.456
19.099
21.724
12.718
20.826
25.567
15.050
27.160
32.571
13.283
35.445
57.326
24.173
19.034
20.514
10.403
4.491
11.642
18.392
2.410
0.323
1.960
3.519
1.559
5.442
9.457
15.065
7.776
1.710
0.257
0.000
0.000
0.000
0.000
0.000
0.000
0.000
0.000
1.236
0.000
0.010
0.003
0.000
0.000
0.000
0.000
0.000
0.000
0.000
0.000
0.000
0.000
0.000
0.000
0.000
0.000
0.000
0.000
0.002
0.000
0.000
0.000
0.000
0.000
0.002
0.000
0.000
0.000
0.000
0.000
0.000
0.000
0.000
0.000
0.000
0.002
0.000
0.000
0.000
0.000
0.000
0.002
0.000
0.000
0.000
0.000
0.000
0.002
0.000
0.000
0.000
0.000
0.000
0.000
0.000
0.000
0.000
0.000
0.003
0.000
0.000
0.000
0.000
0.000
0.000
0.000
0.000
0.000
0.002
0.000
0.000
0.000
0.000
0.000
0.000
0.000
0.000
0.000
0.000
0.000
0.000
0.002
0.000
0.000
0.000
0.000
0.000
0.000
0.000
0.000
0.000
0.000
0.000
0.000
0.000
0.000
0.000
0.000
0.000
0.000
0.000
0.000
0.000
0.142
0.539
0.000
0.000
0.000
0.002
0.000
0.000
0.002
0.000
0.000
0.000
0.000
0.000
0.000
0.000
0.000
0.000
0.168
0.470
0.000
0.000
0.000
0.000
0.000
0.000
0.000
0.000
0.086
0.237
0.058
0.000
0.000
0.000
0.000
0.000
0.000
0.000
0.003
0.000
0.000
0.000
0.000
0.000
0.000
0.000
0.000
0.000
0.000
0.000
0.000
0.000
0.000
0.000
0.002
0.002
0.000
0.000
0.000
0.000
0.000
0.000
0.000
0.000
0.000
0.002
0.000
0.000
0.000
0.000
0.000
0.000
0.000
0.000
0.000
0.000
0.000
0.000
0.000
0.000
0.000
0.000
0.148
0.010
0.000
0.000
0.000
0.000
0.000
0.000
0.000
0.000
0.000
0.199
0.285
0.038
0.027
0.000
0.000
0.000
0.000
0.000
0.000
0.000
0.003
0.000
0.000
0.000
0.000
0.000
0.000
0.000
0.000
0.000
0.000
0.000
0.000
0.000
0.000
0.000
0.000
0.000
0.000
0.000
0.000
0.000
0.000
0.002
0.000
0.000
0.000
0.000
0.000
0.000
0.000
0.000
0.002
2.113
0.000
0.608
0.182
1.329
16.552
1.157
5.043
0.009
20.273
10.834
0.000
0.000
3.201
7.623
137.901
3.241
0.101
0.062
0.027
0.156
0.039
3.093
4.477
2.848
0.064
0.182
1.033
10.111
0.000
0.575
6.163
3.938
6.111
20.271
52.537
35.328
21.719
9.414
14.797
4.738
7.860
12.356
6.044
20.716
201.070
14.703
18.787
7.368
168.331
0.996
21.566
91.782
51.869
19.006
57.156
13.302
15.134
2.647
17.037
19.497
15.635
10.574
2.482
6.290
20.115
13.949
20.435
21.439
11.196
10.612
33.869
43.863
27.377
4.127
14.347
7.280
0.103
0.228
12.921
4.079
2.232
9.314
12.045
4.302
0.151
0.388
1.548
0.762
0.766
2.867
1.148
0.639
1.995
0.391
0.814
6.154
6.001
0.177
0.002
0.144
1.377
0.192
7.275
1.409
2.228
8.185
1.497
0.003
0.216
14.502
22.855
20.974
29.255
12.682
47.753
13.324
56.665
26.668
10.894
6.769
6.173
4.590
0.144
1.126
3.413
18.093
12.641
4.940
7.557
0.385
0.115
0.000
0.000
0.000
0.000
0.000
0.000
0.000
0.000
0.000
0.000
0.000
0.000
0.000
0.000
0.000
0.002
0.000
0.000
0.000
0.000
0.000
0.000
0.000
0.000
0.000
0.000
0.000
0.000
0.000
0.001
0.000
0.000
0.000
0.000
0.000
0.000
0.000
0.000
0.000
0.000
0.000
0.000
0.000
0.000
0.000
0.000
0.000
0.000
0.000
0.000
0.002
0.000
0.000
0.000
0.000
0.000
0.002
0.000
0.000
0.000
0.000
0.000
0.003
0.002
0.000
0.000
0.002
0.000
0.000
0.000
0.000
0.000
0.000
0.000
0.000
0.002
0.000
0.000
0.000
0.000
0.000
0.000
0.000
0.000
0.000
0.000
0.000
0.000
0.000
0.000
0.000
0.000
0.000
0.000
0.000
0.000
0.000
0.000
0.000
0.000
4.501
0.050
0.000
0.002
0.000
0.000
0.000
0.000
0.000
0.000
0.000
0.000
0.000
0.000
0.000
0.000
0.000
0.000
0.000
0.000
0.000
0.000
0.000
0.000
0.000
0.000
0.000
0.000
0.000
0.000
0.000
0.000
0.000
0.000
0.000
0.000
0.000
0.000
0.000
0.002
0.000
0.000
0.002
0.000
0.000
0.000
0.000
0.000
0.003
0.000
0.000
0.000
0.000
0.000
0.000
0.000
0.000
0.000
0.000
0.000
0.002
0.000
0.000
0.000
0.000
0.000
0.000
0.000
0.000
0.000
0.000
0.000
0.000
0.003
0.002
0.000
0.000
0.000
0.000
0.000
0.000
0.000
0.000
0.000
0.000
0.000
0.000
0.000
1.032
0.439
0.034
0.000
0.000
0.000
0.000
0.000
0.000
0.000
0.000
0.000
0.003
0.000
0.000
0.000
0.031
0.000
0.000
0.002
0.000
0.000
0.000
0.000
0.000
0.000
0.003
0.659
0.124
0.000
0.000
0.000
0.000
0.000
0.000
0.000
0.000
0.000
0.000
0.000
0.000
0.000
0.000
0.002
0.000
0.003
0.000
0.000
0.002
0.000
0.000
0.000
0.000
0.000
0.000
0.062
0.415
0.014
0.000
0.007
0.000
1.263
0.000
0.000
0.137
0.003
0.000
0.000
0.000
0.000
0.000
0.002
0.000
0.000
0.501
3.292
0.000
0.002
0.000
0.000
0.000
0.000
2.723
0.357
2.378
5.279
18.200
0.137
3.116
4.336
27.102
75.067
2.678
1.023
4.165
19.003
72.774
48.058
9.613
21.430
239.610
92.587
30.971
11.666
