20000101
0.000
0.000
0.000
0.000
0.000
0.000
0.000
0.000
0.000
0.000
0.000
0.000
0.000
0.000
0.000
0.000
0.000
0.000
0.000
0.000
0.000
0.000
0.000
0.000
0.000
0.000
0.000
0.000
0.000
0.000
0.000
0.000
0.000
0.000
0.000
0.568
0.000
0.000
0.000
0.000
0.000
0.000
0.000
0.000
0.000
0.000
0.000
0.000
0.000
0.000
0.000
0.000
0.000
0.000
0.014
0.000
0.000
0.000
0.000
0.000
0.000
0.000
0.000
0.000
0.000
0.000
0.000
0.000
0.000
0.000
0.000
0.000
0.000
0.000
0.000
0.000
0.000
0.000
0.000
0.000
0.000
0.000
0.000
0.000
0.000
0.000
0.000
0.000
0.000
0.000
0.000
0.000
0.000
0.000
0.000
0.000
0.000
0.000
0.000
0.000
0.000
0.000
0.000
0.000
0.000
0.000
0.000
0.000
0.000
0.000
0.000
0.000
0.000
0.000
0.000
0.000
0.000
0.000
0.000
0.000
0.000
0.000
0.000
0.000
0.000
0.000
2.458
0.343
0.000
0.000
0.093
0.055
1.202
7.050
0.707
0.029
0.079
2.760
7.426
3.976
0.223
0.000
0.000
0.000
0.000
0.000
0.000
0.000
0.000
0.017
0.000
0.058
0.014
0.000
0.000
0.000
0.000
0.000
0.000
4.013
0.000
0.000
0.000
0.000
0.742
3.883
0.536
0.100
0.007
0.000
0.000
0.000
0.000
0.000
0.000
0.007
0.010
0.000
0.000
0.000
0.271
2.240
4.155
24.297
2.554
8.624
0.184
2.132
2.035
6.442
0.233
10.252
2.625
3.976
11.332
16.030
15.248
2.339
7.486
3.110
0.000
13.822
9.797
2.630
0.421
0.000
0.000
0.000
0.000
0.000
0.124
0.277
0.034
0.003
0.000
0.062
0.000
0.000
0.000
0.000
0.007
0.003
0.604
0.061
19.753
9.289
11.568
4.659
1.268
1.516
0.311
2.547
14.503
5.251
19.388
1.917
7.458
0.196
2.439
9.363
6.355
4.871
0.321
0.950
1.552
0.255
0.161
0.017
8.229
0.709
0.000
0.117
0.000
0.000
0.000
0.000
0.000
0.000
0.000
0.000
0.000
0.000
0.000
0.000
0.000
0.000
0.000
0.088
1.279
0.000
0.000
0.000
0.000
0.000
0.000
0.000
0.000
0.000
0.000
0.000
0.000
0.000
0.000
0.081
0.007
0.000
0.000
0.000
0.000
0.000
0.000
0.000
0.000
0.000
0.000
0.000
0.000
0.000
0.000
0.000
0.000
0.000
0.000
0.000
0.000
0.000
0.000
0.000
0.000
0.000
0.000
0.000
0.000
0.000
0.000
0.000
0.000
0.000
0.000
0.000
0.000
0.000
0.000
0.000
0.000
0.000
0.000
0.000
0.000
0.000
0.000
0.000
0.000
0.000
0.000
0.000
0.000
0.000
0.000
0.000
0.000
0.000
0.000
0.000
0.000
0.000
0.000
0.000
0.000
0.000
0.000
0.000
0.000
0.000
0.000
0.000
0.000
0.000
0.000
0.000
0.000
0.000
0.000
0.000
3.936
2.527
0.000
0.000
0.000
0.000
0.000
0.000
0.000
0.000
0.000
0.000
0.000
0.000
0.000
0.000
0.000
0.000
0.000
0.000
0.000
0.000
0.000
0.000
0.000
0.000
0.000
0.000
0.000
0.000
0.000
0.000
0.000
0.000
0.000
0.000
0.000
0.000
0.000
0.000
0.000
0.000
0.000
0.000
0.000
0.000
0.000
0.000
0.000
0.000
0.000
0.000
0.000
0.000
0.000
0.000
0.000
0.000
0.000
0.000
0.000
0.000
0.000
0.000
0.000
0.000
0.000
0.000
0.000
0.000
0.000
0.000
0.000
0.000
0.000
0.000
0.000
0.000
0.000
0.000
0.000
0.000
0.000
0.000
0.000
0.000
0.000
0.000
0.000
0.000
0.000
0.000
0.000
0.000
0.000
0.000
0.000
0.000
0.000
0.000
0.000
0.000
0.000
0.003
0.000
0.000
0.000
0.014
0.041
0.007
0.000
0.000
0.000
0.000
0.000
0.000
0.000
0.000
0.000
0.000
0.000
0.000
0.000
0.000
0.000
0.000
0.000
0.000
0.000
0.000
0.000
0.000
0.000
0.000
0.000
0.000
0.000
0.000
0.112
4.262
3.011
0.065
0.324
0.072
0.000
0.014
0.139
0.021
0.010
0.007
0.000
5.194
1.317
0.144
0.058
0.034
0.343
0.367
0.884
0.029
0.403
2.319
1.112
15.657
17.022
26.635
16.280
21.217
32.818
7.253
43.098
6.437
0.036
0.000
0.000
0.000
0.126
0.950
1.193
0.104
0.889
3.885
0.736
0.678
3.126
36.099
65.672
31.574
0.076
0.532
22.354
11.532
7.220
25.229
14.569
10.168
2.997
4.405
2.961
3.329
1.384
0.209
21.700
10.935
7.405
41.006
7.615
6.846
3.438
3.722
5.383
10.233
2.184
5.675
3.067
0.039
0.024
5.730
20.629
2.282
10.171
4.528
0.953
17.029
25.638
11.295
13.741
6.607
5.657
163.403
75.101
2.888
0.000
0.000
1.205
0.474
1.355
3.771
1.227
0.024
0.000
0.000
0.179
0.129
0.000
0.000
0.000
0.000
0.142
0.010
0.007
0.031
1.743
0.000
0.000
0.000
0.014
0.110
0.007
0.014
0.000
0.000
0.000
0.000
0.070
0.175
0.000
0.000
0.000
0.000
0.000
0.000
0.000
0.000
0.000
0.000
0.000
2.141
1.904
0.441
0.000
0.000
0.000
0.000
2.287
12.890
47.787
1.171
0.148
0.000
0.000
0.000
0.000
0.000
0.000
0.000
0.000
0.000
0.000
0.000
0.000
0.000
0.000
0.000
0.000
0.000
0.000
0.000
0.000
0.000
0.000
0.000
0.000
0.000
0.000
0.000
0.000
0.000
0.000
0.000
0.000
0.000
0.000
0.000
0.000
0.000
0.000
0.000
0.000
0.000
0.000
0.000
0.000
0.000
0.000
0.000
0.000
0.000
0.000
0.000
0.000
0.000
0.000
0.000
0.000
0.000
0.000
0.000
0.000
0.000
0.000
0.000
0.000
0.000
0.000
0.000
0.000
0.000
0.000
0.000
0.000
0.000
0.000
0.000
0.000
0.000
0.000
0.000
0.000
0.000
0.000
0.000
0.000
0.000
0.000
0.000
0.000
0.000
0.000
0.000
0.000
0.149
0.017
0.000
0.017
0.000
0.000
0.000
0.000
0.000
0.000
0.000
0.000
0.000
0.000
0.000
0.000
0.000
0.000
0.000
0.000
0.000
0.000
0.000
0.000
0.000
0.000
2.044
0.000
0.000
0.000
0.000
0.000
0.000
0.000
0.000
0.000
0.000
0.000
0.000
0.000
0.000
0.000
0.000
0.000
0.000
0.000
0.000
0.000
0.000
0.000
0.000
0.000
0.000
0.000
0.000
0.000
0.000
0.000
0.000
0.000
0.000
0.000
0.000
0.000
0.000
0.000
0.000
0.000
0.000
0.000
0.000
0.000
0.000
0.000
0.000
0.000
0.000
0.000
0.000
0.000
0.000
0.000
0.034
0.041
0.000
0.000
0.000
0.000
0.000
0.000
0.000
0.000
0.000
0.000
0.007
0.041
0.000
0.000
0.000
0.000
0.000
0.000
0.000
0.000
0.000
0.000
0.000
0.000
0.000
0.000
0.000
0.000
0.000
0.000
0.000
0.000
0.000
0.000
0.000
0.000
0.000
0.000
0.000
0.000
0.000
0.000
0.000
0.000
0.000
0.000
0.000
0.000
0.000
0.117
0.048
0.014
0.010
0.003
0.000
0.154
0.089
0.007
0.000
0.000
0.000
0.000
0.000
0.000
0.055
0.072
3.186
5.758
7.697
1.138
3.080
1.442
7.203
9.898
0.010
0.017
0.000
0.326
6.259
5.170
20.884
65.194
11.470
0.570
0.086
0.000
0.082
0.000
0.000
0.031
0.003
0.000
0.333
0.060
0.014
0.106
0.733
0.362
0.352
0.014
10.610
3.828
3.512
0.371
2.967
3.624
2.544
3.198
2.257
0.232
0.000
0.000
0.000
0.000
0.000
2.081
0.082
0.412
12.202
43.235
39.388
27.813
27.014
3.275
0.185
3.533
4.662
4.722
1.992
0.505
1.497
0.669
2.000
0.000
0.175
0.800
12.856
26.904
8.635
2.829
2.211
0.589
0.069
1.833
28.389
35.281
20.491
13.154
4.836
0.714
0.069
0.000
0.000
0.000
0.000
0.000
0.000
0.000
0.000
0.000
0.000
0.000
0.000
0.000
0.053
0.000
0.000
0.000
0.000
0.101
0.015
0.000
0.000
0.000
0.000
0.000
0.000
0.000
0.000
0.000
0.000
0.000
0.000
0.000
0.000
0.000
0.000
0.000
0.000
0.000
0.000
0.000
0.000
0.000
0.000
0.000
0.000
0.000
0.000
0.000
0.000
0.000
0.000
0.000
0.000
0.000
0.000
0.000
0.000
0.000
0.000
0.000
0.000
0.000
0.000
0.000
0.072
0.007
0.000
0.000
0.000
0.000
0.000
0.000
0.000
0.000
0.000
0.000
0.000
0.000
0.000
0.000
0.000
0.000
0.000
0.000
0.000
0.000
0.000
0.000
0.000
0.000
0.000
0.000
0.000
0.000
0.000
0.000
0.000
0.000
0.000
0.000
0.000
0.000
0.000
0.000
0.000
0.000
0.000
0.000
0.000
0.000
0.000
0.000
0.000
0.542
2.087
0.000
0.000
0.000
0.000
0.000
0.000
0.000
0.000
0.000
0.000
0.000
0.000
0.000
0.000
0.000
0.000
0.000
0.000
0.000
0.000
0.000
0.000
0.000
0.000
0.000
0.000
0.031
0.007
0.000
0.000
3.289
0.309
0.000
0.000
0.000
0.000
0.000
0.000
0.000
0.000
0.000
0.000
0.000
0.000
0.000
0.000
0.000
0.113
15.276
0.470
0.000
0.000
0.000
0.000
0.000
0.000
0.000
0.000
0.000
0.000
0.000
0.000
0.000
0.000
0.000
0.000
0.000
0.000
0.000
0.000
0.000
0.000
0.000
0.000
0.000
0.000
0.000
0.000
0.000
0.000
0.000
0.000
0.000
0.000
0.000
0.000
0.000
0.000
0.000
0.000
0.000
0.000
0.000
0.000
0.000
0.000
0.000
0.000
0.000
0.000
0.000
0.000
0.000
0.000
0.000
0.000
0.000
0.000
0.000
0.000
0.000
0.000
0.000
0.000
0.000
0.000
0.000
0.000
0.000
0.000
0.000
0.000
0.000
0.000
0.000
0.000
0.000
0.000
0.000
0.000
0.000
0.000
0.000
0.000
0.000
0.000
0.000
0.000
0.000
0.000
0.000
0.000
0.000
0.000
0.000
0.000
0.003
0.000
0.000
0.000
0.000
0.000
0.000
0.000
0.000
0.000
0.000
0.000
0.000
0.000
0.000
0.000
0.000
0.000
0.000
1.511
13.915
4.031
49.519
14.145
11.745
2.802
5.476
1.286
0.656
2.596
0.182
0.000
11.494
4.923
0.371
0.257
0.651
7.296
17.456
69.974
18.222
12.887
10.154
7.986
7.661
1.948
1.979
9.683
10.771
24.076
32.023
7.500
2.356
9.176
9.841
6.197
0.940
9.804
50.000
11.867
1.466
9.519
13.409
10.559
0.678
0.900
1.370
6.104
7.890
16.885
16.136
2.238
3.766
18.419
19.563
12.332
3.093
2.026
3.571
0.690
4.250
0.048
0.000
0.031
0.034
0.039
0.954
0.621
1.957
25.310
6.999
2.482
11.275
14.147
9.967
181.195
28.180
1.366
1.588
2.656
1.432
0.445
1.663
0.972
0.000
0.000
2.216
1.051
0.000
0.000
2.843
2.523
0.007
1.699
3.819
1.034
0.036
0.671
0.173
0.100
0.493
0.932
0.271
0.000
0.000
0.021
0.278
0.148
0.556
0.000
0.000
0.000
0.000
0.000
0.000
0.000
0.000
0.000
0.000
0.000
0.000
0.000
0.000
0.000
0.000
0.000
0.000
0.000
0.000
0.000
0.000
0.000
0.000
0.000
0.000
0.000
0.000
0.000
0.000
0.000
0.000
0.000
0.000
0.000
0.000
0.000
0.000
0.000
0.000
0.000
0.000
0.000
0.000
0.000
0.000
0.000
0.000
0.000
0.000
0.000
0.000
0.000
0.000
0.000
0.000
0.000
0.000
0.000
0.000
0.000
0.000
0.000
0.000
0.000
0.000
0.000
0.000
0.000
0.000
0.000
0.000
0.000
0.000
0.000
0.000
0.000
0.000
0.000
0.000
0.000
0.000
0.000
0.000
0.000
0.000
0.000
0.000
0.000
0.000
0.000
0.000
0.000
0.000
0.000
0.000
0.000
0.000
0.000
0.000
0.000
0.000
0.000
0.000
0.000
0.000
0.000
0.000
0.000
0.000
0.000
0.000
0.000
0.000
0.000
0.000
0.000
0.000
0.000
0.000
0.000
0.000
0.000
0.000
0.000
0.000
0.000
0.000
0.000
0.000
0.000
0.000
0.000
0.000
0.000
0.000
0.000
0.000
0.000
0.000
0.000
0.000
0.000
0.000
0.000
0.000
0.000
0.000
0.000
0.000
0.000
0.000
0.000
0.000
0.000
0.000
0.000
0.000
0.000
0.000
0.000
0.000
0.000
0.000
0.000
0.000
0.000
0.000
0.000
0.000
0.000
0.000
0.000
0.000
0.000
0.000
0.000
0.000
0.000
0.000
0.000
0.000
0.000
0.000
0.000
0.000
0.000
0.000
0.000
0.000
0.000
0.000
0.000
0.000
0.000
0.000
0.000
0.000
0.000
0.000
0.000
0.000
0.000
0.000
0.000
0.000
0.000
0.000
0.000
0.000
0.000
0.000
0.000
0.000
0.000
0.000
0.000
0.000
0.436
0.494
0.048
3.353
0.858
15.175
0.000
0.000
0.000
0.010
0.000
0.000
0.000
0.000
0.000
0.000
0.000
0.000
0.000
0.000
0.000
0.000
0.000
0.000
0.000
0.000
0.000
0.000
0.000
0.000
0.000
0.062
3.989
1.069
0.024
0.000
0.000
1.447
5.116
0.621
7.100
1.528
0.000
0.000
0.000
0.000
0.000
0.259
0.838
0.014
2.517
11.999
13.201
7.721
0.209
0.142
0.026
0.026
2.335
0.635
0.014
2.141
1.648
2.499
0.003
0.110
0.000
0.000
0.735
0.184
0.270
1.863
3.215
2.044
0.022
0.000
0.034
0.000
0.000
0.000
0.000
0.024
0.215
2.776
0.007
6.107
0.188
0.793
0.846
0.305
2.738
3.618
35.595
1.669
3.789
7.794
16.058
8.126
16.566
5.467
15.482
7.611
1.052
6.460
1.411
2.007
15.251
4.779
0.175
0.321
0.000
0.000
0.010
0.053
0.113
0.003
0.000
0.763
0.022
0.017
0.000
0.000
0.000
0.000
0.000
0.000
0.000
0.000
0.000
0.455
0.618
1.998
0.268
26.610
18.570
0.014
0.190
0.000
0.000
0.000
0.280
2.683
0.000
0.343
4.240
86.066
0.978
15.668
14.148
25.063
14.411
4.496
0.000
0.000
1.632
0.755
0.064
0.000
0.000
0.000
0.000
0.000
0.000
0.000
0.000
0.000
0.000
0.000
0.000
0.000
0.000
0.000
0.000
0.000
0.000
0.000
0.000
0.000
0.000
0.000
0.000
0.000
0.000
0.000
0.000
0.000
0.000
0.000
0.000
0.000
0.000
0.000
0.000
0.000
0.000
0.000
0.000
0.000
0.000
0.000
0.000
0.000
0.000
0.000
0.000
0.000
0.000
0.000
0.000
0.000
0.000
0.000
0.000
0.000
0.000
0.000
0.000
0.000
0.000
0.000
0.000
0.000
0.000
0.000
0.000
0.000
0.000
0.000
0.000
0.000
0.000
0.000
0.000
0.000
0.000
0.000
0.000
0.168
0.000
0.000
0.000
0.000
0.000
0.000
0.000
0.000
0.000
0.000
0.000
0.000
0.000
0.000
0.000
0.000
0.000
0.000
0.000
0.000
0.000
0.000
0.000
0.000
0.000
0.000
0.000
0.000
0.000
0.580
0.100
0.000
0.000
0.000
0.000
0.000
0.000
0.000
0.000
0.000
0.000
0.000
0.000
0.000
0.000
0.000
0.000
0.000
0.000
0.000
0.000
0.000
0.000
0.000
0.000
0.000
0.000
0.000
0.000
0.000
0.000
0.000
0.000
0.000
0.000
0.000
0.000
0.000
0.000
0.000
0.000
0.000
0.000
0.000
0.000
0.000
0.000
0.000
0.000
0.000
0.000
0.000
0.000
0.000
0.000
0.000
0.000
0.000
0.000
0.000
0.000
0.000
0.000
0.000
0.000
0.000
0.000
0.000
0.000
0.000
0.000
0.000
0.000
0.000
0.000
0.000
0.000
0.000
0.000
0.000
0.000
0.000
0.000
0.000
0.000
0.000
0.000
0.093
1.183
0.245
0.000
0.000
0.000
0.000
0.000
0.000
0.000
0.000
0.000
0.000
0.000
0.000
0.000
0.000
0.000
0.000
0.000
0.000
0.000
0.000
0.000
0.000
0.000
0.000
0.000
0.000
0.000
0.000
0.007
0.000
0.000
0.000
0.000
0.000
0.000
0.000
0.000
0.000
0.000
0.000
0.000
0.000
0.000
2.503
25.009
0.000
0.000
0.000
0.000
0.000
0.000
1.262
0.000
0.000
0.158
2.939
2.175
0.000
6.225
3.083
5.303
12.263
18.153
20.404
8.696
11.294
10.158
4.467
0.204
1.674
3.747
0.051
10.548
0.045
11.409
3.107
4.709
2.059
9.510
1.214
0.000
0.000
0.000
0.000
0.000
0.601
10.232
8.643
23.487
5.802
1.368
8.072
8.391
8.997
3.620
2.685
2.640
1.754
1.543
1.789
0.944
2.887
0.000
0.014
0.000
0.690
0.000
0.000
1.226
0.261
0.927
1.339
3.873
0.690
0.695
0.048
0.000
0.045
0.017
0.082
0.000
0.000
0.027
0.007
0.000
0.000
0.000
0.000
0.484
1.558
3.526
2.971
0.621
16.263
17.993
10.572
39.756
15.420
20.053
16.621
16.418
4.460
11.555
0.168
0.627
6.760
30.334
0.089
1.320
0.378
0.319
0.010
0.094
0.000
0.000
0.000
0.000
0.000
0.000
0.000
0.000
0.000
0.000
0.000
0.000
0.000
0.000
0.000
0.000
0.000
0.000
0.000
0.000
0.000
0.000
0.000
0.000
0.000
0.000
0.000
0.000
0.000
0.000
0.000
0.000
0.000
0.000
0.000
0.000
0.000
0.000
0.000
0.000
0.000
0.000
0.000
0.000
0.000
0.000
0.000
0.000
0.000
0.000
0.000
0.000
0.000
0.000
0.000
0.000
0.000
0.000
0.000
0.000
0.000
0.000
0.000
0.000
0.000
0.000
0.000
0.000
0.000
0.000
0.000
0.000
0.000
0.000
0.000
0.000
0.000
0.000
0.000
0.000
0.000
0.000
0.000
0.000
0.000
0.000
0.000
0.000
0.000
0.000
0.000
0.000
0.000
0.000
0.000
0.000
0.000
0.000
0.000
0.000
0.000
0.000
0.000
0.000
0.000
0.000
0.000
0.000
0.000
0.000
0.000
0.000
0.000
0.000
0.000
0.000
0.000
0.000
0.000
0.000
0.000
0.000
0.000
0.000
0.000
0.000
0.000
0.000
0.000
0.000
0.000
0.000
0.000
0.000
0.000
0.000
0.000
0.000
0.000
0.000
0.000
0.000
0.000
0.000
0.000
0.000
0.000
0.000
0.000
0.000
0.000
0.000
0.000
0.000
0.000
0.000
0.000
0.000
0.000
6.479
4.250
0.288
0.000
0.000
1.511
0.000
0.000
0.000
0.000
0.000
0.000
0.000
0.000
0.000
0.000
0.000
0.000
0.000
0.000
0.000
0.000
0.000
0.000
0.000
0.000
0.000
0.000
0.000
0.000
0.000
0.000
0.000
0.000
0.000
0.000
0.000
0.000
0.000
0.000
0.000
0.000
0.000
0.000
0.000
0.000
0.000
0.000
0.000
0.000
0.000
0.000
0.000
0.000
0.000
0.000
0.000
0.000
0.000
0.000
0.000
0.000
0.000
0.000
0.000
0.000
0.000
0.000
0.000
0.000
0.000
0.000
0.405
1.214
0.555
4.123
0.000
0.000
0.014
0.000
0.000
0.000
0.000
0.000
1.926
13.469
8.185
0.065
0.000
0.000
0.000
0.000
0.000
0.000
0.000
0.089
0.094
0.064
0.000
0.000
0.000
0.000
0.666
0.000
0.000
0.000
0.000
0.000
0.203
10.997
9.544
16.246
1.593
1.466
0.093
0.000
0.000
0.000
0.433
7.035
1.116
4.580
2.636
10.057
7.216
9.312
0.755
0.000
0.851
0.851
2.946
8.362
8.714
6.867
5.514
2.978
7.659
7.151
8.345
5.473
5.402
2.765
12.173
15.898
7.469
12.294
11.064
3.899
7.531
7.908
15.940
3.823
18.512
13.776
37.523
21.737
15.844
14.758
2.508
12.004
4.597
1.318
13.132
39.347
21.507
6.656
10.464
7.165
0.846
1.063
0.687
0.944
1.018
0.288
0.031
20.788
6.384
0.764
2.779
0.887
1.533
7.637
2.772
0.527
0.409
0.000
2.019
0.017
0.206
0.148
0.014
0.000
0.000
0.000
0.999
3.021
0.220
11.153
8.719
14.639
0.209
2.717
4.547
0.245
0.501
0.000
0.000
0.000
0.000
0.000
0.000
0.000
0.000
0.000
0.000
0.000
0.000
0.000
0.000
0.000
0.000
0.000
0.000
0.000
0.000
0.000
0.003
0.003
0.000
0.000
0.000
0.000
0.000
0.000
0.000
0.000
0.000
0.000
0.000
0.000
0.000
0.000
0.000
0.000
0.000
0.000
0.000
0.000
0.000
0.000
0.000
0.000
0.000
0.000
0.000
0.000
0.000
0.000
0.000
0.000
0.000
0.000
0.000
0.000
0.000
0.000
0.000
0.000
0.000
0.000
0.000
0.000
0.000
0.000
0.000
0.000
0.000
0.000
0.000
0.000
0.000
0.000
0.000
0.000
0.000
0.000
0.000
0.000
0.000
0.000
0.000
0.000
0.000
0.000
0.000
0.000
0.000
0.000
0.000
0.000
0.000
0.000
0.000
0.000
0.000
0.000
0.000
0.000
0.000
0.000
0.000
0.000
0.000
0.000
0.000
0.000
0.000
0.000
0.000
0.000
0.000
0.000
0.000
0.000
0.000
0.000
0.007
0.414
0.000
0.000
0.000
0.000
0.000
0.000
0.000
0.000
0.000
0.000
0.537
0.486
0.000
0.755
0.000
0.000
0.000
0.000
0.000
0.000
0.000
0.000
0.000
0.000
0.131
0.000
0.000
0.000
0.000
0.055
0.000
0.000
0.000
0.000
0.000
0.000
0.000
0.000
0.000
0.000
0.041
0.007
0.000
0.000
0.000
0.000
0.000
0.000
0.000
0.000
0.000
0.000
0.000
0.000
0.000
0.000
0.000
0.000
0.000
0.000
0.000
0.000
0.000
0.000
0.000
0.000
0.000
0.000
0.000
0.000
0.000
0.000
0.000
0.000
0.000
0.000
0.000
0.000
0.000
0.000
0.000
0.000
0.000
0.000
0.000
0.000
0.000
0.000
0.000
0.000
0.000
0.000
0.000
0.000
0.000
0.041
0.000
0.000
0.000
0.000
0.000
0.000
0.000
0.000
0.000
0.000
0.000
0.000
0.000
0.000
0.000
0.000
0.000
0.000
0.000
0.000
0.000
0.000
0.000
0.000
0.000
0.000
0.000
2.386
1.600
3.032
0.000
0.000
0.000
0.000
0.000
0.000
0.103
0.021
0.000
4.652
0.048
1.991
0.237
3.955
12.679
1.480
0.652
0.000
0.748
33.014
0.790
2.856
0.027
4.165
0.350
0.172
23.190
138.511
107.548
1.773
9.483
8.493
52.056
65.515
16.743
17.080
1.249
7.912
0.479
0.000
13.347
0.937
0.760
0.496
0.252
0.000
4.863
5.292
0.098
24.639
2.898
2.141
6.722
1.190
6.291
0.745
4.575
3.670
14.682
1.904
10.090
14.955
58.935
22.936
9.706
7.030
2.185
3.914
3.846
7.383
2.237
3.576
1.960
0.360
0.657
0.240
1.873
7.555
14.456
0.199
0.051
4.067
14.380
10.739
4.197
17.765
9.140
9.141
16.100
8.702
6.880
7.912
2.036
0.522
0.889
0.113
1.947
0.797
0.031
0.500
0.000
0.014
0.021
0.000
1.552
0.327
5.016
6.236
3.165
3.911
0.548
1.020
0.259
0.767
0.142
0.000
0.000
0.000
0.000
0.000
0.000
0.000
0.000
0.000
0.000
0.000
0.000
0.000
0.000
0.000
0.000
0.000
0.000
0.000
0.000
0.000
0.000
0.000
0.000
0.000
0.000
0.000
0.000
0.000
0.000
0.000
0.000
0.000
0.000
0.000
0.000
0.000
0.000
0.000
0.000
0.000
0.000
0.000
0.000
0.000
0.000
0.000
0.000
0.000
0.000
0.000
0.000
0.000
0.000
0.000
0.000
0.000
0.000
0.000
0.000
0.000
0.000
0.000
0.000
0.000
0.000
0.000
0.000
0.000
0.000
0.000
0.000
0.000
0.000
0.000
0.000
0.000
0.000
0.000
0.000
0.000
0.000
0.000
0.000
0.000
0.000
0.000
0.000
0.000
0.000
0.000
0.000
0.000
0.000
0.000
0.000
0.000
0.000
0.000
0.000
0.000
0.000
0.000
0.000
0.000
0.000
0.000
0.000
0.000
0.000
0.000
0.000
0.000
0.000
0.000
0.000
0.000
0.000
0.000
0.000
0.000
0.000
0.000
0.182
0.000
0.000
0.000
0.021
0.000
0.000
0.000
0.000
0.000
0.000
0.000
0.000
0.000
0.000
0.000
0.000
0.000
0.000
0.000
0.000
0.000
0.000
0.000
0.000
0.000
0.000
0.000
0.000
0.000
0.000
0.000
0.000
0.000
0.000
0.000
0.000
0.000
0.000
0.000
0.000
0.000
0.000
0.309
0.000
0.000
0.000
0.000
0.000
0.000
0.000
0.000
0.000
0.000
0.000
0.000
0.000
0.000
0.000
0.000
0.007
0.000
0.000
0.000
0.000
1.444
1.284
0.000
0.000
0.000
0.000
0.000
0.000
0.000
0.000
0.000
0.000
0.000
0.000
0.000
0.000
0.000
0.000
0.000
0.000
0.000
0.000
0.000
0.000
0.000
0.000
0.000
0.000
0.000
0.000
0.000
0.000
0.292
0.027
0.000
0.086
0.117
0.000
0.000
0.000
0.000
0.000
0.000
0.000
0.000
0.000
0.000
0.000
0.000
0.000
0.000
0.000
0.000
0.000
0.000
0.000
0.000
0.000
0.185
0.158
0.117
0.021
2.300
5.974
0.268
10.798
0.206
0.031
9.649
105.939
7.917
16.795
2.465
0.058
0.158
0.000
0.312
0.735
0.463
0.100
0.048
0.021
1.586
1.212
1.998
0.168
4.525
9.671
7.553
4.353
1.444
0.506
0.419
0.021
2.024
2.064
14.979
32.427
9.756
7.500
2.051
0.103
0.000
0.000
0.000
0.000
0.000
4.417
2.189
0.227
0.742
18.802
1.285
6.345
28.269
114.924
4.420
11.534
4.915
4.435
24.086
6.726
5.386
19.454
2.690
0.736
1.890
1.171
1.675
17.370
77.642
6.961
5.061
0.730
0.076
0.165
0.263
0.154
0.000
0.000
0.000
0.474
0.476
6.975
0.076
0.385
0.000
0.000
0.000
0.000
0.000
0.000
0.000
1.075
1.857
7.244
10.166
0.048
0.000
1.706
12.748
15.401
8.590
12.785
9.538
5.746
18.847
13.084
8.099
0.093
3.229
0.045
0.000
0.000
0.000
0.000
0.021
0.045
0.000
0.000
0.000
1.916
0.000
0.000
0.580
0.000
0.151
0.000
0.000
0.000
0.000
0.000
0.000
0.000
0.000
0.000
0.000
0.000
0.000
0.000
0.000
0.000
0.000
0.000
0.000
0.000
0.000
0.000
0.000
0.000
0.000
0.000
0.000
0.000
0.000
0.000
0.000
0.000
0.000
0.000
0.000
0.000
0.000
0.000
0.000
0.000
0.000
0.000
0.500
3.589
0.000
0.000
0.000
0.000
0.000
0.000
0.000
0.000
0.000
0.000
0.034
4.635
0.000
0.000
0.000
0.000
0.000
0.000
0.000
0.000
0.000
0.000
0.000
0.000
0.000
0.000
0.000
0.000
0.000
0.000
0.000
0.000
0.000
0.000
0.000
0.000
0.000
0.000
0.000
0.000
0.000
0.000
0.000
0.000
0.000
0.000
0.000
0.000
0.000
0.000
0.031
0.000
0.000
0.000
0.000
0.000
0.000
0.000
0.000
0.000
0.000
0.000
0.000
0.000
0.000
0.000
0.000
0.000
0.000
0.000
0.000
0.000
0.000
0.000
0.000
0.000
0.000
0.000
0.000
0.000
0.000
0.000
0.000
0.000
0.000
0.000
0.000
0.000
0.000
0.000
0.000
0.000
0.000
0.000
0.000
0.000
0.000
0.000
0.000
0.000
0.000
0.000
0.000
0.000
0.000
0.000
0.000
0.000
0.000
0.000
0.000
0.000
0.000
0.000
0.000
0.000
0.000
0.000
0.000
0.000
0.000
0.000
0.000
0.000
0.000
0.000
0.000
0.000
0.000
0.000
0.000
0.000
0.000
0.000
0.000
0.000
0.385
0.391
0.000
0.000
0.000
0.000
0.000
0.000
0.000
0.000
0.000
0.000
0.000
0.000
0.000
0.000
0.000
0.000
0.000
0.000
0.000
0.000
0.000
0.000
0.000
0.000
0.000
0.000
0.000
0.000
0.000
0.000
0.000
0.000
0.000
0.000
0.000
0.000
0.000
0.000
0.000
0.000
0.000
0.000
0.000
0.072
0.000
0.000
0.000
0.000
0.000
0.000
0.000
0.000
0.000
0.694
0.233
0.000
0.000
0.000
0.000
0.000
0.000
0.000
0.000
0.000
0.000
0.000
0.151
0.108
0.000
0.017
0.240
0.768
0.000
0.000
0.000
0.000
0.000
0.220
17.614
0.003
1.485
24.765
21.120
0.989
0.035
0.072
5.280
1.105
0.101
0.000
0.000
0.000
0.000
134.622
42.455
4.075
5.067
14.154
82.509
22.235
11.231
39.345
24.572
1.095
5.845
5.533
7.650
46.502
7.672
6.710
4.103
1.138
1.572
3.279
1.385
0.827
1.526
1.356
0.462
0.000
0.209
0.403
0.144
0.491
5.788
1.899
0.026
0.451
4.528
0.165
0.527
0.505
0.000
0.000
0.000
0.000
0.070
0.189
0.000
0.000
0.578
2.892
0.630
44.440
21.468
11.287
3.026
0.317
11.028
3.952
4.999
6.180
2.321
0.858
0.141
0.000
0.000
0.000
0.000
0.000
0.000
0.000
0.000
0.000
0.000
0.000
0.000
0.000
0.000
0.000
0.000
0.000
0.000
0.000
0.000
0.000
0.690
0.000
0.000
1.493
16.582
1.456
0.000
0.000
0.000
0.000
0.000
0.000
2.046
0.000
0.000
0.000
0.000
0.000
0.000
0.000
0.000
0.000
0.000
0.000
0.000
0.000
0.000
0.000
0.000
0.000
0.000
0.000
0.000
0.000
0.000
0.000
0.000
0.000
0.000
0.000
0.000
0.000
0.208
1.851
0.098
0.137
0.000
0.000
0.000
0.000
0.000
0.000
0.000
0.000
0.000
0.000
0.000
0.000
0.000
0.000
0.000
0.000
0.000
0.000
0.000
0.000
0.000
0.000
0.000
0.000
0.000
0.000
0.000
0.000
0.000
0.000
0.000
0.000
0.000
0.000
0.000
0.000
0.000
0.000
0.000
0.000
0.000
0.000
0.000
0.000
0.263
0.014
0.000
0.000
0.000
0.014
0.000
0.000
0.000
0.000
0.000
0.000
0.000
0.000
0.027
0.000
0.000
0.000
0.000
0.000
0.000
0.000
0.000
0.000
0.000
0.000
0.000
0.000
0.000
0.000
0.000
0.000
0.000
0.000
0.000
0.000
0.000
0.000
0.000
0.000
0.000
0.000
0.000
0.000
0.000
0.000
0.000
0.000
0.000
0.000
0.000
0.000
0.000
0.000
0.000
0.268
0.000
0.000
0.000
0.000
0.000
0.000
0.000
0.000
0.000
0.000
0.000
0.000
0.000
0.000
0.000
0.000
0.000
0.000
0.000
0.000
0.000
0.000
0.000
0.000
0.000
0.000
0.000
0.000
0.000
0.000
0.000
0.000
0.000
0.000
0.000
0.000
0.000
0.000
0.000
0.000
0.000
0.000
0.000
0.000
0.000
0.000
0.000
0.000
0.000
0.000
0.000
0.000
0.000
0.000
0.000
0.000
0.000
0.000
0.000
0.000
0.000
0.000
0.000
0.000
0.000
0.000
0.000
0.000
0.000
0.000
0.000
0.000
0.000
0.000
0.000
0.000
0.000
0.000
0.000
0.000
0.000
0.000
0.000
0.000
0.000
0.000
0.000
0.000
0.000
0.000
0.000
0.000
0.000
0.000
0.000
0.000
0.000
0.000
0.000
0.640
2.656
0.017
1.210
0.094
2.214
0.141
0.000
0.000
0.017
0.000
0.000
0.000
2.946
7.931
0.616
0.000
0.000
0.000
0.000
0.194
0.027
1.066
1.655
0.457
0.000
0.158
0.000
0.000
0.000
0.441
0.633
9.871
13.129
6.341
19.003
15.121
5.302
0.584
1.109
0.748
12.900
5.644
0.980
0.101
3.833
1.037
0.865
1.440
4.187
12.736
5.667
16.043
3.878
1.153
10.940
2.745
0.417
2.682
11.201
42.287
9.843
4.192
16.064
3.948
1.732
19.566
1.119
3.028
5.720
4.707
3.330
5.112
7.972
3.560
1.061
5.042
2.489
3.159
0.584
2.129
13.767
0.203
0.292
0.762
11.621
17.400
1.995
10.461
4.103
11.865
1.212
2.664
2.532
5.857
4.621
7.399
9.606
9.146
25.907
5.490
2.657
1.267
2.699
11.855
10.760
5.407
0.213
0.000
0.021
0.000
0.000
0.000
0.000
0.000
0.000
0.000
0.000
0.000
0.000
0.000
0.000
0.000
0.000
0.000
0.000
0.000
0.000
0.000
0.000
0.000
0.000
0.603
0.007
0.000
0.000
0.000
0.000
0.034
0.412
0.295
0.000
0.000
0.000
0.000
0.000
0.000
0.000
0.000
0.000
0.000
0.000
0.000
0.000
0.000
0.000
0.000
0.000
0.000
0.000
0.041
0.117
0.199
0.577
9.304
1.257
4.278
2.118
8.830
0.276
0.014
0.000
0.000
3.224
1.576
10.138
0.419
0.000
0.000
0.000
0.000
0.000
0.000
0.000
0.000
0.000
0.000
0.000
0.000
0.000
0.000
0.000
0.000
0.000
0.000
0.000
0.000
0.000
0.000
0.000
0.000
0.000
0.000
0.000
0.000
0.000
0.000
0.000
0.000
0.216
2.934
1.064
0.000
0.000
0.000
0.000
0.000
0.000
0.000
0.000
0.000
0.000
0.000
0.000
0.000
0.000
0.000
0.000
0.000
0.000
0.000
0.000
0.000
0.000
0.000
0.000
0.000
0.000
0.000
0.000
0.003
0.000
0.000
0.000
0.000
0.000
0.002
0.000
0.000
0.000
0.000
0.000
0.000
0.000
0.002
0.002
0.000
0.000
1.356
0.299
0.000
0.000
0.000
0.000
0.000
0.000
0.000
0.000
0.000
0.000
0.000
0.000
0.000
0.002
0.000
0.000
0.000
0.000
0.000
0.000
0.000
0.000
0.002
0.000
0.002
0.002
0.000
0.000
0.000
0.000
0.000
0.000
0.000
0.000
0.000
0.002
0.002
0.000
0.002
0.000
0.000
0.000
0.002
0.000
0.000
0.000
0.000
0.000
0.000
0.000
0.000
0.000
0.000
0.000
0.000
0.002
0.000
0.000
0.000
0.000
0.000
0.000
0.000
0.000
0.000
0.002
0.000
0.000
0.000
0.000
0.000
0.000
0.000
0.000
0.000
0.000
0.000
0.000
0.000
0.000
0.000
0.000
0.000
0.000
0.000
0.000
0.000
0.000
0.000
0.000
0.000
0.000
0.000
0.203
0.172
0.189
0.000
0.000
0.000
0.000
0.000
0.000
0.000
0.000
0.041
0.014
0.000
0.003
0.000
0.000
0.000
0.213
0.041
0.007
0.003
0.343
3.251
3.227
4.017
0.000
0.259
2.898
0.783
2.163
0.127
9.211
3.227
26.189
0.652
0.170
82.540
113.781
6.726
3.347
1.579
3.605
5.658
8.384
4.642
55.713
19.607
19.267
7.481
108.013
20.980
4.889
7.340
25.360
17.389
16.697
31.435
71.857
4.425
0.929
0.233
1.940
30.789
7.232
2.448
13.922
14.420
10.195
9.083
11.215
38.995
10.701
14.924
27.260
8.489
11.549
5.026
3.457
73.402
33.687
18.392
10.966
13.836
19.120
49.823
36.070
6.420
4.614
5.454
11.103
18.469
19.085
20.649
15.412
17.187
26.735
5.140
13.760
22.364
26.814
66.994
51.504
27.260
27.826
21.035
45.873
43.427
16.359
9.326
6.815
8.470
11.007
17.884
18.303
5.160
0.161
10.550
8.084
16.878
2.039
5.958
6.341
1.195
4.491
4.165
1.778
5.153
6.866
0.803
0.460
0.628
0.010
0.002
0.000
0.002
0.000
0.000
0.000
0.000
0.446
0.000
0.000
0.000
0.000
0.000
0.000
0.000
0.009
0.000
0.000
0.000
0.000
0.000
0.000
0.000
0.000
0.000
0.000
0.000
0.000
0.002
0.000
0.000
0.000
0.002
0.000
0.000
0.000
0.000
0.000
0.000
0.000
0.000
0.000
0.000
0.000
0.000
0.000
0.000
0.000
0.000
0.000
0.000
0.000
0.000
0.000
0.000
0.000
0.002
0.000
0.000
0.000
0.000
0.000
0.000
0.000
0.000
0.000
0.000
0.000
0.000
0.000
0.002
0.000
0.000
0.000
0.000
0.000
0.000
0.000
0.000
0.000
0.000
0.000
0.000
0.000
0.000
0.000
0.000
0.000
0.000
0.000
0.000
0.000
0.000
0.000
0.000
0.000
0.000
0.000
0.000
0.000
0.003
0.000
0.000
0.000
0.000
0.000
0.000
0.002
0.000
0.000
0.002
0.000
0.000
0.000
0.000
0.000
0.000
0.000
0.000
0.003
0.000
0.000
0.000
0.000
0.000
0.000
0.000
0.045
0.000
0.000
0.000
0.000
0.000
0.000
0.000
0.000
0.000
0.000
0.002
0.000
0.000
0.000
0.000
0.000
0.000
0.000
0.000
0.000
0.000
0.000
0.000
0.002
0.000
0.000
0.000
0.000
0.000
0.000
0.000
0.000
0.000
0.000
0.000
0.000
0.000
0.000
0.000
0.000
0.002
0.000
0.000
0.000
0.000
0.000
0.000
0.000
0.000
0.000
0.000
0.000
0.000
0.000
0.000
0.000
0.000
0.000
0.000
0.000
0.000
0.000
0.000
0.000
0.000
0.000
0.000
0.000
0.000
0.000
0.000
0.000
0.000
0.000
3.785
0.000
0.000
0.000
0.000
0.000
0.000
0.000
0.000
0.000
0.000
0.000
0.000
0.000
0.000
0.000
0.000
0.673
4.192
0.000
0.002
0.000
0.000
0.000
0.000
0.000
0.000
0.000
0.000
0.000
0.000
0.000
0.000
0.000
0.000
0.000
0.000
0.000
0.000
0.000
0.000
0.000
0.000
0.000
0.000
0.003
0.000
0.000
0.000
0.000
0.014
0.000
1.617
0.697
5.373
6.993
8.161
1.336
0.402
0.014
0.000
1.339
0.292
0.007
0.000
0.000
0.000
0.151
0.069
0.027
0.000
0.014
6.844
4.055
0.299
58.567
43.372
11.422
3.176
13.614
4.807
114.323
173.430
17.980
10.458
7.141
3.009
15.117
4.168
10.724
2.822
1.023
1.191
12.562
0.771
1.840
8.710
5.229
2.276
6.063
12.768
6.187
18.148
5.119
21.894
7.859
3.265
2.417
11.767
22.016
16.809
10.760
13.563
30.669
12.758
11.146
141.899
5.737
6.041
10.701
3.639
3.488
10.708
11.515
10.796
26.508
12.020
13.424
9.471
17.623
29.436
6.204
14.318
25.773
30.027
15.149
23.909
12.775
16.785
37.275
93.295
27.895
12.648
3.711
3.886
11.870
9.702
11.433
4.370
1.171
4.044
4.116
2.774
7.625
10.363
16.021
8.410
5.768
1.174
0.000
0.000
0.000
0.000
0.000
0.000
0.000
0.000
0.336
0.000
0.000
0.000
0.000
0.000
0.000
0.000
0.000
0.000
0.000
0.000
0.000
0.000
0.000
0.000
0.000
0.000
0.000
0.000
0.002
0.000
0.000
0.000
0.000
0.000
0.002
0.000
0.000
0.000
0.000
0.000
0.000
0.000
0.000
0.000
0.000
0.002
0.000
0.000
0.000
0.000
0.000
0.002
0.000
0.000
0.000
0.000
0.000
0.002
0.000
0.000
0.000
0.000
0.000
0.000
0.000
0.000
0.000
0.000
0.003
0.000
0.000
0.000
0.000
0.000
0.000
0.000
0.000
0.000
0.002
0.000
0.000
0.000
0.000
0.000
0.000
0.000
0.000
0.000
0.000
0.000
0.000
0.002
0.000
0.000
0.000
0.000
0.000
0.000
0.000
0.000
0.000
0.000
0.000
0.000
0.000
0.000
0.000
0.000
0.000
0.000
0.000
0.000
0.000
0.000
0.246
0.000
0.000
0.000
0.002
0.000
0.000
0.002
0.000
0.000
0.000
0.000
0.000
0.000
0.000
0.000
0.000
0.000
0.034
0.000
0.000
0.000
0.000
0.000
0.000
0.000
0.000
0.220
1.844
0.017
0.000
0.000
0.000
0.000
0.000
0.000
0.000
0.003
0.000
0.000
0.000
0.000
0.000
0.000
0.000
0.000
0.000
0.000
0.000
0.000
0.000
0.000
0.000
0.002
0.002
0.000
0.000
0.045
0.000
0.000
0.000
0.000
0.000
0.000
0.002
0.000
0.000
0.000
0.000
0.000
0.000
0.000
0.000
0.000
0.000
0.000
0.000
0.000
0.000
0.000
0.000
0.120
0.014
0.000
0.000
0.000
0.000
0.000
0.000
0.000
0.000
0.027
0.323
0.038
0.120
0.172
0.000
0.000
0.000
0.000
0.000
0.000
0.000
0.003
0.000
0.000
0.000
0.000
0.000
0.000
0.000
0.000
0.000
0.000
0.000
0.000
0.000
0.000
0.000
0.000
0.000
0.000
0.000
0.000
0.000
0.000
0.002
0.000
0.000
0.000
0.000
0.000
0.000
0.000
0.000
0.928
3.925
0.507
0.096
58.111
31.479
10.363
0.728
1.927
0.048
13.859
2.424
0.088
0.017
3.607
23.961
39.963
2.755
0.106
2.084
0.394
0.211
0.002
3.959
1.448
2.129
2.520
0.730
1.265
6.530
0.230
1.160
4.044
0.687
15.254
27.497
23.602
16.957
13.774
16.558
7.278
2.549
15.590
26.295
7.440
20.428
37.187
9.998
15.896
9.259
49.085
0.391
6.288
26.863
10.612
12.229
81.800
15.269
5.184
4.128
31.103
33.095
10.248
7.993
1.881
9.184
6.657
24.328
9.215
16.921
8.154
7.917
17.908
17.376
14.976
5.215
11.536
5.304
2.297
9.584
15.019
19.444
10.506
6.139
11.925
7.062
0.000
0.096
0.803
1.068
4.875
4.372
7.841
5.019
6.412
1.016
0.875
11.675
7.883
0.122
0.002
0.000
1.181
0.117
0.000
0.247
2.005
0.625
0.000
0.003
0.000
28.825
40.739
38.205
31.902
6.255
11.680
8.635
21.719
20.877
12.885
8.142
11.809
4.683
0.975
1.591
4.618
22.728
19.803
10.876
0.889
6.434
0.929
0.000
0.000
0.000
0.000
0.000
0.000
0.000
0.000
0.000
0.000
0.000
0.000
0.000
0.000
0.000
0.002
0.000
0.000
0.000
0.000
0.000
0.000
0.000
0.000
0.000
0.003
0.000
0.000
0.000
0.001
0.000
0.000
0.000
0.000
0.000
0.000
0.000
0.000
0.000
0.000
0.000
0.000
0.000
0.000
0.000
0.000
0.000
0.000
0.000
0.000
0.002
0.000
0.000
0.000
0.000
0.000
0.002
0.000
0.000
0.000
0.000
0.000
0.003
0.002
0.000
0.000
0.002
0.000
0.000
0.000
0.000
0.000
0.000
0.000
0.000
0.002
0.000
0.000
0.000
0.000
0.000
0.000
0.141
0.069
0.000
0.000
0.000
0.000
0.000
0.000
0.000
0.000
0.000
0.000
0.000
0.000
0.000
0.000
0.000
0.003
23.476
4.096
0.000
0.002
0.000
0.000
0.000
0.000
0.000
0.000
0.000
0.000
0.000
0.000
0.000
0.000
0.000
0.000
0.000
0.000
0.000
0.000
0.000
0.000
0.000
0.000
0.000
0.000
0.000
0.000
0.000
0.003
0.000
0.000
0.021
0.076
0.057
0.000
0.000
0.002
0.000
0.000
0.002
0.000
0.000
0.000
0.000
0.000
0.003
0.000
0.000
0.000
0.000
0.000
0.000
0.000
0.000
0.000
0.000
0.000
0.002
0.000
0.000
0.000
0.000
0.000
0.000
0.000
0.000
0.000
0.000
0.000
0.000
0.003
0.002
0.000
0.000
0.000
0.000
0.000
0.000
0.000
0.000
0.000
0.000
0.000
0.000
0.000
0.402
0.141
0.007
0.000
0.000
0.000
0.000
0.000
0.000
0.000
0.000
0.000
0.003
0.000
0.000
0.010
0.038
0.000
0.000
0.002
0.000
0.000
0.000
0.000
0.000
0.000
0.046
0.580
0.137
0.000
0.000
0.000
0.000
0.000
0.000
0.000
0.000
0.000
0.000
0.000
0.000
0.000
0.000
0.002
0.000
0.003
0.000
0.000
0.002
0.000
0.017
0.000
0.000
1.586
0.628
0.000
0.711
0.007
0.161
0.000
0.000
1.384
0.000
0.000
0.003
1.013
0.264
0.134
0.014
0.000
0.000
0.002
0.000
0.000
0.000
0.563
0.000
0.002
0.000
0.000
0.000
0.000
0.724
1.545
7.457
9.704
24.675
2.568
12.387
5.280
10.574
42.740
2.280
0.889
5.431
30.564
40.172
47.756
26.032
15.952
54.236
95.341
25.605
3.028
