20000101
0.000
0.000
0.000
0.000
0.000
0.000
0.000
0.000
0.000
0.000
0.000
0.000
0.000
0.000
0.000
0.000
0.000
0.000
0.000
0.000
0.000
0.000
0.000
0.000
0.000
0.000
0.000
0.000
0.000
0.000
0.000
0.000
0.000
0.000
0.007
0.723
0.000
0.000
0.000
0.000
0.000
0.000
0.000
0.000
0.000
0.000
0.000
0.000
0.000
0.000
0.000
0.000
0.000
0.000
0.041
0.000
0.000
0.000
0.000
0.000
0.000
0.000
0.000
0.000
0.000
0.000
0.000
0.000
0.000
0.000
0.000
0.000
0.000
0.000
0.000
0.000
0.000
0.000
0.000
0.000
0.000
0.000
0.000
0.000
0.000
0.000
0.000
0.000
0.000
0.000
0.000
0.000
0.000
0.000
0.000
0.000
0.000
0.000
0.000
0.000
0.000
0.000
0.000
0.000
0.000
0.000
0.000
0.000
0.000
0.000
0.000
0.000
0.000
0.000
0.000
0.000
0.000
0.000
0.000
0.000
0.000
0.000
0.000
0.000
0.000
0.000
1.418
0.127
0.000
0.000
0.000
0.271
1.023
8.243
0.735
0.024
0.124
4.920
7.203
1.143
0.021
0.000
0.000
0.000
0.000
0.000
0.000
0.000
0.000
0.096
0.144
0.158
0.045
0.010
0.000
0.055
0.070
0.000
0.000
0.000
0.000
0.000
0.000
0.000
0.409
0.467
0.697
0.154
0.076
0.000
0.000
0.000
0.000
0.000
0.000
0.076
0.045
0.000
0.000
0.000
1.243
4.576
3.660
21.985
0.021
4.782
0.292
2.841
0.522
1.844
0.783
16.368
7.114
5.747
15.094
16.582
69.959
5.199
19.776
3.901
0.306
1.851
10.979
1.804
2.078
0.000
0.000
0.000
0.000
0.000
0.041
0.373
0.471
0.065
0.000
0.196
0.000
0.000
0.000
0.000
0.087
0.738
0.569
0.432
30.910
6.263
4.551
8.487
8.864
3.278
0.958
1.459
24.777
8.928
26.026
5.188
10.440
0.045
0.678
9.891
15.700
3.650
0.326
1.931
2.158
0.872
0.163
0.356
7.560
0.294
0.000
0.034
0.000
0.000
0.000
0.000
0.000
0.000
0.000
0.000
0.000
0.000
0.000
0.000
0.000
0.185
0.000
0.000
0.893
0.000
0.000
0.000
0.000
0.000
0.000
0.000
0.000
0.000
0.000
0.000
0.000
0.000
0.000
0.126
0.025
0.044
0.000
0.000
0.000
0.000
0.000
0.000
0.000
0.000
0.000
0.000
0.000
0.000
0.000
0.000
0.000
0.000
0.000
0.000
0.000
0.000
0.000
0.000
0.000
0.000
0.000
0.000
0.000
0.000
0.000
0.000
0.000
0.000
0.000
0.000
0.000
0.000
0.000
0.000
0.000
0.000
0.000
0.000
0.000
0.000
0.000
0.000
0.000
0.000
0.000
0.000
0.000
0.000
0.000
0.000
0.000
0.000
0.000
0.000
0.000
0.000
0.000
0.000
0.000
0.000
0.000
0.000
0.000
0.000
0.000
0.000
0.000
0.000
0.000
0.000
0.000
0.000
0.000
0.000
2.436
0.374
0.000
0.000
0.000
0.000
0.000
0.000
0.000
0.000
0.000
0.000
0.000
0.000
0.000
0.000
0.000
0.000
0.000
0.000
0.000
0.000
0.000
0.000
0.000
0.000
0.000
0.000
0.000
0.000
0.000
0.000
0.000
0.000
0.000
0.000
0.000
0.000
0.000
0.000
0.000
0.000
0.000
0.000
0.000
0.000
0.000
0.000
0.000
0.000
0.000
0.000
0.000
0.000
0.000
0.000
0.000
0.000
0.000
0.000
0.000
0.000
0.000
0.000
0.000
0.000
0.000
0.000
0.000
0.000
0.000
0.000
0.000
0.000
0.000
0.000
0.000
0.000
0.000
0.000
0.000
0.000
0.000
0.000
0.000
0.000
0.000
0.000
0.000
0.000
0.000
0.000
0.000
0.000
0.000
0.000
0.000
0.000
0.000
0.000
0.000
0.000
0.000
0.000
0.000
0.000
0.000
0.024
0.254
0.003
0.000
0.000
0.000
0.000
0.000
0.000
0.000
0.000
0.000
0.000
0.000
0.000
0.000
0.000
0.000
0.000
0.000
0.000
0.000
0.000
0.000
0.000
0.000
0.000
0.000
0.000
0.000
0.000
0.027
2.185
1.016
0.021
0.616
0.172
0.000
0.024
0.266
0.027
0.000
0.000
0.134
15.331
5.703
0.064
0.010
0.058
0.053
0.163
0.850
0.070
1.729
3.507
4.542
44.857
38.813
29.562
36.403
16.227
14.634
19.875
23.167
6.250
0.000
0.000
0.000
0.010
0.255
0.609
1.161
0.548
1.021
3.140
0.669
0.285
4.173
32.542
131.443
31.926
0.227
2.726
18.169
23.099
12.696
76.199
24.968
19.823
6.516
8.631
4.922
6.056
2.740
0.611
45.832
31.459
13.529
35.815
15.486
16.375
9.144
7.199
23.504
8.305
5.074
6.856
3.665
0.101
0.284
5.747
18.191
3.953
23.334
19.017
18.980
24.596
28.307
13.151
30.563
12.233
20.049
80.665
85.480
1.099
0.000
0.000
0.582
0.458
2.276
7.449
6.811
0.352
0.000
0.065
0.096
0.221
0.000
0.000
0.000
0.000
0.439
0.034
0.007
1.360
5.433
0.072
0.000
0.000
0.000
0.282
0.151
0.086
0.024
0.000
0.000
0.000
0.760
0.566
0.000
0.000
0.000
0.000
0.000
0.000
0.000
0.000
0.000
0.000
0.000
1.274
2.626
0.000
0.000
0.000
0.000
0.000
3.845
23.148
63.292
17.150
0.000
0.000
0.000
0.000
0.000
0.000
0.000
0.000
0.000
0.000
0.000
0.000
0.000
0.000
0.000
0.000
0.000
0.000
0.000
0.000
0.000
0.000
0.000
0.000
0.000
0.000
0.000
0.000
0.000
0.000
0.000
0.000
0.000
0.000
0.000
0.000
0.000
0.000
0.000
0.000
0.000
0.000
0.000
0.000
0.000
0.000
0.000
0.000
0.000
0.000
0.000
0.000
0.000
0.000
0.000
0.000
0.000
0.000
0.000
0.000
0.000
0.000
0.000
0.000
0.000
0.000
0.000
0.000
0.000
0.000
0.000
0.000
0.000
0.000
0.000
0.000
0.000
0.000
0.000
0.000
0.000
0.000
0.000
0.000
0.000
0.000
0.000
0.000
0.000
0.000
0.000
0.000
0.000
0.191
0.014
0.000
0.000
0.000
0.000
0.000
0.000
0.000
0.000
0.000
0.000
0.000
0.000
0.000
0.000
0.000
0.000
0.000
0.000
0.000
0.000
0.000
0.000
0.000
0.000
2.462
0.462
0.000
0.000
0.000
0.000
0.000
0.000
0.000
0.000
0.000
0.000
0.000
0.000
0.000
0.000
0.000
0.000
0.000
0.000
0.000
0.000
0.000
0.000
0.000
0.000
0.000
0.000
0.000
0.000
0.000
0.000
0.000
0.000
0.000
0.000
0.000
0.000
0.000
0.000
0.000
0.000
0.000
0.000
0.000
0.000
0.000
0.000
0.000
0.000
0.000
0.000
0.000
0.000
0.000
0.000
0.093
0.093
0.000
0.000
0.000
0.000
0.000
0.000
0.000
0.000
0.000
0.000
0.017
0.062
0.000
0.000
0.000
0.000
0.000
0.000
0.000
0.000
0.000
0.000
0.000
0.000
0.000
0.000
0.000
0.000
0.000
0.000
0.000
0.000
0.000
0.000
0.000
0.000
0.000
0.000
0.000
0.000
0.000
0.000
0.000
0.000
0.000
0.000
0.000
0.000
0.000
0.130
0.949
0.175
0.053
0.007
0.031
0.185
0.014
0.003
0.000
0.000
0.000
0.000
0.000
0.000
0.699
0.422
3.140
5.514
11.896
3.059
1.669
0.841
12.586
9.246
0.000
0.000
0.000
0.093
2.249
9.156
32.441
119.346
40.745
2.005
0.306
0.007
0.201
0.000
0.041
0.085
0.007
0.000
0.252
0.180
0.022
0.091
1.265
2.010
2.463
0.702
13.379
3.617
6.221
0.930
4.074
4.228
2.987
3.972
3.140
0.486
0.000
0.000
0.000
0.000
0.000
5.603
0.055
0.766
14.639
36.097
62.782
16.981
66.472
0.216
0.347
4.552
5.843
6.333
3.123
0.426
1.181
0.659
0.266
0.000
0.038
0.000
11.455
37.288
15.298
3.876
0.680
0.045
0.000
2.743
15.686
23.263
33.546
30.596
6.861
0.098
0.000
0.000
0.000
0.000
0.000
0.000
0.000
0.000
0.000
0.000
0.000
0.000
0.000
0.000
0.165
0.000
0.000
0.000
0.000
0.170
0.081
0.007
0.000
0.000
0.000
0.000
0.000
0.000
0.000
0.000
0.000
0.000
0.000
0.000
0.000
0.000
0.000
0.000
0.000
0.000
0.000
0.000
0.000
0.000
0.000
0.000
0.000
0.000
0.000
0.000
0.000
0.000
0.000
0.000
0.000
0.000
0.000
0.000
0.000
0.000
0.000
0.072
0.000
0.000
0.000
0.000
0.245
0.000
0.000
0.000
0.000
0.000
0.000
0.000
0.000
0.000
0.000
0.000
0.000
0.000
0.000
0.000
0.000
0.000
0.000
0.000
0.000
0.000
0.000
0.000
0.000
0.000
0.000
0.000
0.000
0.000
0.000
0.000
0.000
0.000
0.000
0.000
0.000
0.000
0.000
0.000
0.000
0.000
0.000
0.000
0.000
0.000
0.000
0.000
0.000
1.305
0.409
0.000
0.000
0.000
0.000
0.000
0.000
0.000
0.000
0.000
0.000
0.000
0.000
0.000
0.000
0.000
0.000
0.000
0.000
0.000
0.000
0.000
0.000
0.000
0.000
0.000
0.000
0.003
0.000
0.000
0.000
3.907
0.391
0.000
0.000
0.000
0.000
0.000
0.000
0.000
0.000
0.000
0.000
0.000
0.000
0.000
0.000
0.000
1.493
8.350
0.000
0.000
0.000
0.000
0.000
0.000
0.000
0.000
0.000
0.000
0.000
0.000
0.000
0.000
0.000
0.000
0.000
0.000
0.000
0.000
0.000
0.000
0.000
0.000
0.000
0.000
0.000
0.000
0.000
0.000
0.000
0.000
0.000
0.000
0.000
0.000
0.000
0.000
0.000
0.000
0.000
0.000
0.000
0.000
0.000
0.000
0.000
0.000
0.000
0.000
0.000
0.000
0.000
0.000
0.000
0.000
0.000
0.000
0.000
0.000
0.000
0.000
0.000
0.000
0.000
0.000
0.000
0.000
0.000
0.000
0.000
0.000
0.000
0.000
0.000
0.000
0.000
0.000
0.000
0.000
0.000
0.000
0.000
0.000
0.000
0.000
0.000
0.000
0.000
0.000
0.000
0.000
0.000
0.000
0.000
0.000
0.000
0.000
0.000
0.000
0.000
0.000
0.000
0.000
0.000
0.000
0.000
0.000
0.000
0.000
0.000
0.000
0.000
0.000
0.000
0.000
0.180
10.373
6.386
52.055
25.104
7.299
1.960
10.217
1.311
2.087
3.361
1.257
0.000
11.246
8.954
1.693
4.048
2.868
21.528
16.566
45.260
26.850
23.044
14.722
24.527
16.534
7.793
3.732
13.414
14.548
23.818
116.763
15.065
8.665
23.185
20.354
15.549
2.087
11.287
29.188
23.864
2.262
15.245
22.731
14.256
1.869
1.292
2.365
6.988
8.775
21.118
31.593
4.003
6.817
16.788
24.050
21.355
4.477
0.848
3.780
1.191
2.211
0.055
0.000
0.031
0.134
0.469
1.469
2.582
11.285
19.278
14.801
2.740
17.355
12.799
13.680
104.550
60.584
1.349
2.983
4.927
1.948
1.425
1.990
1.150
0.039
0.000
3.160
0.208
0.000
0.000
2.838
1.998
0.003
3.035
2.829
3.335
0.000
13.946
6.731
0.506
0.225
1.729
1.663
0.129
0.000
0.108
0.010
0.797
0.189
0.189
0.000
0.000
0.000
0.000
0.000
0.000
0.000
0.000
0.000
0.000
0.000
0.000
0.000
0.000
0.000
0.000
0.000
0.000
0.000
0.000
0.000
0.000
0.000
0.000
0.000
0.000
0.000
0.000
0.000
0.000
0.000
0.000
0.000
0.000
0.000
0.000
0.000
0.000
0.000
0.000
0.000
0.000
0.000
0.000
0.000
0.000
0.000
0.000
0.000
0.000
0.000
0.000
0.000
0.000
0.000
0.000
0.000
0.000
0.000
0.000
0.000
0.000
0.000
0.000
0.000
0.000
0.000
0.000
0.000
0.000
0.000
0.000
0.000
0.000
0.000
0.000
0.000
0.000
0.000
0.000
0.000
0.000
0.000
0.000
0.000
0.000
0.000
0.000
0.000
0.000
0.000
0.000
0.000
0.000
0.045
0.000
0.000
0.000
0.000
0.000
0.000
0.000
0.000
0.000
0.000
0.000
0.000
0.000
0.000
0.017
0.000
0.000
0.000
0.000
0.000
0.000
0.000
0.000
0.000
0.000
0.000
0.000
0.000
0.000
0.000
0.000
0.000
0.000
0.000
0.000
0.000
0.000
0.000
0.000
0.000
0.000
0.000
0.000
0.000
0.000
0.000
0.000
0.000
0.000
0.000
0.000
0.000
0.000
0.000
0.000
0.000
0.000
0.000
0.000
0.000
0.000
0.000
0.000
0.000
0.000
0.000
0.000
0.000
0.000
0.000
0.000
0.000
0.000
0.000
0.000
0.000
0.000
0.000
0.000
0.000
0.000
0.000
0.000
0.000
0.000
0.000
0.000
0.000
0.000
0.000
0.000
0.000
0.000
0.000
0.000
0.000
0.000
0.000
0.000
0.000
0.000
0.000
0.000
0.000
0.000
0.000
0.000
0.000
0.000
0.000
0.000
0.000
0.000
0.000
0.000
0.000
0.000
0.000
0.000
0.000
0.000
0.000
0.093
1.040
1.658
6.480
1.761
10.801
0.165
0.000
0.000
0.000
0.000
0.000
0.000
0.000
0.000
0.000
0.000
0.000
0.000
0.000
0.000
0.000
0.000
0.000
0.000
0.000
0.000
0.000
0.000
0.000
0.000
0.000
3.677
0.412
0.010
0.000
0.045
2.917
4.625
0.992
10.859
0.989
0.000
0.000
0.000
0.000
0.254
2.302
1.569
1.044
1.813
14.389
14.265
8.477
1.044
0.517
0.039
0.000
18.713
1.871
0.000
2.287
4.934
0.014
0.227
0.225
0.000
0.000
0.000
0.261
0.448
4.197
8.271
0.918
0.192
0.010
0.041
0.000
0.000
0.000
0.000
0.355
1.931
1.469
0.014
10.258
0.689
4.577
0.279
0.186
9.076
11.117
18.110
1.787
8.296
7.098
42.752
14.657
25.211
4.132
6.508
7.590
1.718
3.704
2.769
1.346
8.130
4.570
0.213
0.302
0.000
0.000
0.000
0.000
0.000
0.000
0.110
2.496
0.221
0.079
0.000
0.000
0.000
0.000
0.000
0.000
0.000
0.098
0.017
0.311
1.377
4.135
0.434
18.679
24.694
0.094
0.000
0.003
0.000
0.000
2.202
1.301
0.003
0.003
3.967
63.695
6.348
26.006
18.512
25.369
16.373
10.056
0.350
0.000
3.143
1.175
0.000
0.000
0.000
0.000
0.000
0.000
0.000
0.000
0.000
0.000
0.000
0.000
0.000
0.000
0.000
0.000
0.000
0.000
0.000
0.000
0.000
0.000
0.000
0.000
0.000
0.000
0.000
0.000
0.000
0.000
0.000
0.000
0.000
0.000
0.000
0.000
0.000
0.000
0.000
0.000
0.000
0.000
0.000
0.000
0.000
0.000
0.000
0.000
0.000
0.000
0.000
0.000
0.000
0.000
0.000
0.000
0.000
0.000
0.000
0.000
0.000
0.000
0.000
0.000
0.000
0.000
0.000
0.000
0.000
0.000
0.000
0.000
0.000
0.000
0.000
0.000
0.000
0.000
0.000
0.000
0.000
0.053
0.000
0.000
0.000
0.000
0.000
0.000
0.000
0.000
0.000
0.000
0.000
0.000
0.000
0.000
0.000
0.000
0.000
0.000
0.000
0.000
0.000
0.000
0.000
0.000
0.000
0.000
0.000
0.000
0.000
0.330
0.086
0.000
0.000
0.000
0.000
0.000
0.000
0.000
0.000
0.000
0.000
0.000
0.000
0.000
0.000
0.000
0.000
0.000
0.000
0.000
0.000
0.000
0.000
0.000
0.000
0.000
0.000
0.000
0.000
0.000
0.000
0.000
0.000
0.000
0.000
0.000
0.003
0.000
0.000
0.000
0.000
0.000
0.000
0.000
0.000
0.000
0.000
0.000
0.000
0.000
0.000
0.000
0.000
0.000
0.000
0.000
0.000
0.000
0.000
0.000
0.000
0.000
0.000
0.000
0.000
0.000
0.000
0.000
0.000
0.000
0.000
0.000
0.000
0.000
0.000
0.000
0.000
0.000
0.000
0.000
0.000
0.000
0.000
0.000
0.000
0.000
0.000
0.000
1.339
0.218
0.000
0.000
0.000
0.000
0.000
0.000
0.000
0.000
0.000
0.000
0.000
0.000
0.000
0.000
0.000
0.000
0.000
0.000
0.000
0.000
0.000
0.000
0.000
0.000
0.000
0.000
0.000
0.000
0.031
0.000
0.000
0.000
0.000
0.000
0.000
0.000
0.000
0.000
0.000
0.000
0.000
0.000
3.436
15.911
25.686
0.000
0.000
0.000
0.000
0.000
0.000
1.233
0.000
1.152
0.421
5.421
3.004
0.000
11.296
3.620
4.870
13.841
17.846
18.356
19.664
4.378
12.725
11.137
0.910
2.329
1.368
0.204
22.392
1.210
14.418
13.762
1.929
0.527
5.849
4.372
0.000
0.000
0.000
0.000
0.000
0.400
4.673
10.131
35.579
8.691
2.664
15.284
10.128
9.495
4.130
15.103
2.571
2.750
1.943
2.026
1.542
1.665
0.021
0.051
0.000
1.339
0.000
2.980
1.432
0.271
1.229
2.905
4.439
4.834
0.747
0.158
0.000
0.484
0.007
0.000
0.000
0.367
0.000
0.000
0.000
0.000
0.000
0.000
0.251
1.334
1.763
0.348
0.764
7.723
29.062
7.090
28.486
23.359
28.806
9.984
46.211
8.756
19.849
0.280
1.372
8.761
28.868
0.105
1.900
1.833
0.908
0.046
0.149
0.000
0.000
0.000
0.000
0.000
0.000
0.000
0.000
0.000
0.000
0.000
0.000
0.000
0.000
0.000
0.000
0.000
0.000
0.000
0.000
0.000
0.000
0.000
0.000
0.000
0.000
0.000
0.000
0.000
0.000
0.000
0.000
0.000
0.000
0.000
0.000
0.000
0.000
0.000
0.000
0.000
0.000
0.000
0.000
0.000
0.000
0.000
0.000
0.000
0.000
0.000
0.000
0.000
0.000
0.000
0.000
0.000
0.000
0.000
0.000
0.000
0.000
0.000
0.000
0.000
0.000
0.000
0.000
0.000
0.000
0.000
0.000
0.000
0.000
0.000
0.000
0.000
0.000
0.000
0.000
0.000
0.000
0.000
0.000
0.000
0.000
0.000
0.000
0.000
0.000
0.000
0.000
0.000
0.000
0.000
0.000
0.000
0.000
0.000
0.000
0.000
0.000
0.000
0.000
0.000
0.000
0.000
0.000
0.000
0.000
0.000
0.000
0.000
0.000
0.000
0.000
0.000
0.000
0.000
0.000
0.000
0.000
0.000
0.000
0.000
0.000
0.000
0.000
0.000
0.000
0.000
0.000
0.000
0.000
0.000
0.000
0.000
0.000
0.000
0.000
0.000
0.000
0.000
0.000
0.000
0.000
0.000
0.000
0.000
0.000
0.000
0.000
0.000
0.000
0.000
0.000
0.000
0.000
0.000
1.530
8.061
0.158
0.000
0.000
0.436
0.000
0.000
0.000
0.000
0.000
0.000
0.000
0.000
0.000
0.000
0.000
0.000
0.000
0.000
0.000
0.000
0.000
0.000
0.000
0.000
0.000
0.000
0.000
0.000
0.000
0.000
0.000
0.000
0.000
0.000
0.000
0.000
0.000
0.000
0.000
0.000
0.000
0.000
0.000
0.000
0.000
0.000
0.000
0.000
0.000
0.000
0.000
0.000
0.000
0.000
0.000
0.000
0.000
0.000
0.000
0.000
0.000
0.000
0.000
0.000
0.000
0.000
0.000
0.000
0.000
0.000
0.845
2.022
1.253
0.184
0.003
0.000
0.228
0.017
0.000
0.000
0.000
0.000
7.872
24.015
3.124
0.000
0.000
0.000
0.000
0.000
0.000
0.000
0.000
0.336
0.249
0.053
0.000
0.000
0.000
0.000
0.930
0.027
0.000
0.000
0.000
0.017
0.721
16.459
22.096
24.479
6.444
4.367
0.254
0.000
0.000
0.000
0.431
16.287
1.444
12.916
4.995
14.438
11.469
3.228
0.597
0.031
0.563
0.328
6.345
13.129
4.706
6.763
7.172
3.624
14.771
11.385
10.616
11.646
7.043
10.550
59.288
40.357
11.479
14.573
19.401
5.117
6.066
22.352
20.121
5.309
20.823
11.624
22.702
34.603
17.604
26.165
5.950
9.878
7.021
1.669
17.570
28.167
57.798
30.624
23.112
11.500
1.996
1.449
2.865
1.739
2.244
1.018
0.031
3.992
9.294
4.252
3.555
1.881
2.393
10.995
2.113
0.553
0.205
0.000
0.000
0.000
0.000
0.192
0.300
5.030
0.410
0.000
2.723
6.466
0.206
11.137
17.686
20.531
0.936
5.169
4.254
0.651
1.461
0.014
0.000
0.000
0.000
0.000
0.000
0.000
0.000
0.000
0.000
0.000
0.000
0.000
0.000
0.000
0.034
0.000
0.000
0.000
0.000
0.000
0.000
0.000
0.000
0.000
0.000
0.000
0.000
0.000
0.000
0.000
0.000
0.000
0.000
0.000
0.000
0.000
0.000
0.000
0.000
0.000
0.000
0.000
0.000
0.000
0.000
0.000
0.000
0.000
0.000
0.000
0.000
0.000
0.000
0.000
0.000
0.000
0.000
0.000
0.000
0.000
0.000
0.000
0.000
0.000
0.000
0.007
0.079
0.000
0.000
0.000
0.000
0.000
0.000
0.000
0.000
0.000
0.000
0.000
0.000
0.000
0.000
0.000
0.000
0.000
0.000
0.000
0.000
0.000
0.000
0.000
0.000
0.000
0.000
0.000
0.000
0.000
0.000
0.000
0.000
0.000
0.000
0.000
0.000
0.000
0.000
0.000
0.000
0.000
0.000
0.000
0.000
0.000
0.000
0.000
0.000
0.000
0.000
0.000
0.000
0.000
0.143
0.688
0.000
0.000
0.000
0.000
0.000
0.000
0.000
0.000
0.000
0.000
0.153
0.079
0.000
0.654
0.000
0.000
0.000
0.000
0.000
0.000
0.000
0.000
0.000
0.000
0.034
0.000
0.000
0.000
0.000
0.000
0.000
0.000
0.000
0.000
0.000
0.000
0.000
0.000
0.000
0.000
0.108
0.160
0.000
0.000
0.000
0.000
0.000
0.000
0.031
0.003
0.000
0.000
0.000
0.000
0.000
0.000
0.000
0.000
0.000
0.000
0.000
0.000
0.000
0.000
0.000
0.000
0.000
0.000
0.000
0.000
0.000
0.000
0.000
0.000
0.000
0.000
0.000
0.000
0.000
0.003
0.000
0.000
0.000
0.000
0.000
0.000
0.000
0.000
0.000
0.000
0.000
0.000
0.000
0.000
0.000
0.024
0.000
0.000
0.000
0.000
0.000
0.000
0.000
0.000
0.000
0.000
0.000
0.000
0.000
0.000
0.000
0.000
0.000
0.000
0.000
0.000
0.000
0.000
0.000
0.000
0.000
0.000
0.000
3.904
1.033
4.195
0.024
0.000
0.000
0.000
0.000
0.000
0.264
0.069
0.251
15.062
2.726
1.936
1.253
1.432
14.832
3.924
1.905
0.000
0.496
31.170
0.666
6.894
0.003
1.988
0.000
2.626
51.344
117.559
156.620
3.818
8.363
0.134
57.958
105.874
8.814
17.434
2.962
19.025
2.094
0.003
12.435
2.343
1.334
0.311
1.581
0.000
4.257
9.665
1.473
27.311
1.881
3.383
5.509
3.848
11.232
5.421
6.020
20.888
18.474
2.178
13.014
19.308
57.558
23.188
9.994
4.207
8.747
9.687
7.020
8.727
3.761
4.152
3.715
0.413
1.358
0.311
2.393
13.269
25.744
0.065
0.000
5.255
10.434
10.758
3.723
18.812
20.422
8.401
19.049
23.202
14.656
5.217
3.306
3.272
0.348
0.055
2.115
1.964
0.034
1.231
0.000
0.017
0.098
0.170
1.300
0.227
5.067
3.650
2.863
4.435
0.088
1.638
0.251
0.704
0.221
0.000
0.000
0.000
0.000
0.000
0.000
0.000
0.000
0.000
0.000
0.000
0.000
0.000
0.000
0.000
0.000
0.000
0.000
0.000
0.000
0.000
0.000
0.000
0.000
0.000
0.000
0.000
0.000
0.000
0.000
0.000
0.000
0.000
0.000
0.000
0.000
0.000
0.000
0.000
0.000
0.000
0.000
0.000
0.000
0.000
0.000
0.000
0.000
0.000
0.000
0.000
0.000
0.000
0.000
0.000
0.000
0.000
0.000
0.000
0.000
0.000
0.000
0.000
0.000
0.000
0.000
0.000
0.000
0.000
0.000
0.000
0.000
0.000
0.000
0.000
0.000
0.000
0.000
0.000
0.000
0.000
0.000
0.000
0.000
0.000
0.000
0.000
0.000
0.000
0.000
0.000
0.000
0.000
0.000
0.000
0.000
0.000
0.000
0.000
0.000
0.000
0.000
0.000
0.000
0.000
0.000
0.000
0.000
0.000
0.000
0.000
0.000
0.000
0.000
0.000
0.000
0.000
0.000
0.000
0.000
0.000
0.000
0.000
0.014
0.000
0.000
0.000
0.206
0.000
0.000
0.000
0.000
0.000
0.000
0.000
0.000
0.000
0.000
0.000
0.000
0.000
0.000
0.000
0.000
0.000
0.000
0.000
0.000
0.000
0.000
0.000
0.000
0.000
0.000
0.000
0.000
0.000
0.000
0.000
0.000
0.000
0.000
0.000
0.000
0.000
0.031
0.149
0.000
0.000
0.000
0.000
0.000
0.000
0.000
0.000
0.000
0.000
0.000
0.000
0.000
0.000
0.000
0.000
0.000
0.000
0.000
0.000
0.000
24.335
5.189
0.000
0.000
0.000
0.000
0.000
0.000
0.000
0.000
0.000
0.000
0.000
0.000
0.000
0.000
0.000
0.000
0.000
0.000
0.000
0.000
0.000
0.000
0.000
0.000
0.000
0.000
0.000
0.000
0.000
0.000
0.306
0.045
0.000
0.041
0.000
0.000
0.000
0.000
0.000
0.000
0.000
0.000
0.000
0.000
0.000
0.000
0.000
0.000
0.000
0.000
0.000
0.000
0.000
0.000
0.000
0.000
0.055
0.048
0.227
0.086
0.525
8.466
2.314
7.419
0.189
4.429
9.728
156.257
11.295
27.116
5.850
0.000
0.742
0.000
0.735
0.532
1.284
0.390
0.165
0.045
2.644
1.360
3.159
0.017
4.412
3.718
4.053
13.776
2.347
0.678
0.230
0.007
3.359
2.644
21.416
33.755
14.387
3.329
11.103
0.596
0.000
0.079
0.000
0.000
0.000
0.972
1.047
0.858
0.268
10.279
4.310
9.227
17.484
118.299
2.755
16.220
21.719
14.047
92.755
11.113
13.033
24.778
5.510
1.842
3.177
1.267
2.353
25.213
122.044
15.219
5.086
1.130
0.237
0.089
0.338
0.300
0.000
0.007
0.000
2.455
1.681
7.345
0.185
0.182
0.000
0.000
0.000
0.000
0.000
0.000
0.000
1.085
0.618
13.927
5.473
0.000
0.000
0.230
12.349
17.317
10.513
10.595
9.572
2.699
16.413
19.497
8.504
0.038
1.013
4.213
0.347
0.000
0.000
0.000
0.010
0.031
0.000
0.000
0.000
1.844
0.000
0.000
0.843
0.000
0.100
0.000
0.000
0.045
0.000
0.000
0.000
0.000
0.000
0.000
0.000
0.000
0.000
0.000
0.000
0.000
0.000
0.000
0.000
0.000
0.000
0.000
0.000
0.000
0.000
0.000
0.000
0.000
0.000
0.000
0.000
0.000
0.000
0.000
0.000
0.000
0.000
0.000
0.000
0.000
0.000
0.000
0.055
0.910
0.000
0.000
0.000
0.000
0.000
0.000
0.000
0.000
0.000
0.000
0.228
5.823
0.027
0.000
0.000
0.000
0.000
0.000
0.000
0.000
0.000
0.000
0.000
0.000
0.000
0.000
0.000
0.000
0.000
0.000
0.000
0.000
0.000
0.000
0.000
0.000
0.000
0.000
0.000
0.000
0.000
0.000
0.000
0.000
0.000
0.000
0.027
0.000
0.000
0.000
0.000
0.000
0.000
0.000
0.000
0.000
0.000
0.000
0.000
0.000
0.000
0.000
0.000
0.000
0.000
0.000
0.000
0.000
0.000
0.000
0.000
0.000
0.000
0.000
0.000
0.000
0.000
0.000
0.000
0.000
0.000
0.000
0.000
0.000
0.000
0.000
0.000
0.000
0.000
0.000
0.000
0.000
0.000
0.000
0.000
0.000
0.000
0.000
0.000
0.000
0.000
0.000
0.000
0.000
0.000
0.000
0.000
0.000
0.000
0.000
0.000
0.000
0.000
0.000
0.000
0.000
0.000
0.000
0.000
0.000
0.000
0.000
0.000
0.000
0.000
0.000
0.000
0.000
0.000
0.000
0.000
0.000
0.000
0.000
0.000
0.000
0.642
0.185
0.000
0.000
0.000
0.000
0.000
0.000
0.000
0.000
0.000
0.000
0.000
0.000
0.000
0.000
0.000
0.000
0.000
0.000
0.000
0.000
0.000
0.000
0.000
0.000
0.000
0.000
0.000
0.000
0.000
0.000
0.000
0.000
0.000
0.000
0.000
0.000
0.000
0.000
0.000
0.000
0.000
0.000
0.000
0.244
0.000
0.000
0.000
0.000
0.000
0.000
0.000
0.000
0.000
0.625
1.875
0.010
0.000
0.000
0.000
0.000
0.000
0.000
0.000
0.000
0.000
0.000
0.161
0.151
0.000
0.000
0.220
0.721
0.003
0.000
0.000
0.000
0.000
0.127
28.563
0.482
0.390
17.336
30.259
2.716
0.154
0.524
6.684
1.421
0.141
0.000
0.122
0.000
0.000
55.232
96.833
6.163
10.446
23.960
46.670
40.772
11.190
37.604
37.338
4.566
4.515
19.851
12.497
46.716
6.336
10.654
14.169
2.386
2.417
4.134
2.019
1.055
2.565
2.046
0.199
0.000
0.154
0.065
0.010
0.173
5.533
3.346
0.046
0.743
1.613
0.172
0.900
0.113
0.000
0.000
0.000
0.000
0.000
0.045
0.000
0.175
3.847
2.843
0.220
26.137
44.622
41.312
4.556
3.247
11.295
3.890
5.157
5.699
3.454
1.363
0.120
0.000
0.000
0.000
0.000
0.000
0.000
0.000
0.000
0.000
0.000
0.000
0.000
0.000
0.000
0.000
0.000
0.000
0.000
0.000
0.000
0.000
0.220
0.000
0.000
1.171
7.433
0.948
0.000
0.000
0.000
0.000
0.000
0.000
0.364
0.000
0.000
0.000
0.000
0.000
0.000
0.000
0.000
0.000
0.000
0.000
0.000
0.000
0.000
0.000
0.000
0.000
0.000
0.000
0.000
0.000
0.000
0.000
0.000
0.000
0.000
0.000
0.000
0.000
0.000
0.247
0.000
0.000
0.000
0.000
0.000
0.000
0.000
0.000
0.000
0.000
0.000
0.000
0.000
0.000
0.000
0.000
0.000
0.000
0.000
0.000
0.000
0.000
0.000
0.000
0.000
0.000
0.000
0.000
0.000
0.000
0.000
0.000
0.000
0.000
0.000
0.000
0.000
0.000
0.000
0.000
0.000
0.000
0.000
0.000
0.000
0.000
0.000
0.000
0.000
0.000
0.000
0.027
0.000
0.000
0.000
0.000
0.000
0.000
0.000
0.000
0.045
0.000
0.000
0.000
0.000
0.000
0.000
0.000
0.000
0.000
0.000
0.000
0.000
0.000
0.000
0.000
0.000
0.000
0.000
0.000
0.000
0.000
0.000
0.000
0.000
0.000
0.000
0.000
0.000
0.000
0.000
0.000
0.000
0.000
0.000
0.000
0.000
0.000
0.000
0.000
0.000
0.074
0.000
0.000
0.000
0.000
0.000
0.000
0.000
0.000
0.000
0.000
0.000
0.000
0.000
0.000
0.000
0.000
0.000
0.000
0.000
0.000
0.000
0.000
0.000
0.000
0.000
0.000
0.000
0.000
0.000
0.000
0.000
0.000
0.000
0.000
0.000
0.000
0.000
0.000
0.000
0.000
0.000
0.000
0.000
0.000
0.000
0.000
0.000
0.000
0.000
0.000
0.000
0.000
0.000
0.000
0.000
0.000
0.000
0.000
0.000
0.000
0.000
0.000
0.000
0.000
0.000
0.000
0.000
0.000
0.000
0.000
0.000
0.000
0.000
0.000
0.000
0.000
0.000
0.000
0.000
0.000
0.000
0.000
0.000
0.000
0.000
0.000
0.000
0.000
0.000
0.000
0.000
0.000
0.000
0.000
0.000
0.000
0.000
0.000
0.000
0.659
3.766
0.158
0.506
0.261
6.061
0.306
0.000
0.000
0.136
0.000
0.000
0.000
0.173
2.357
0.223
0.000
0.000
0.000
0.000
2.027
0.348
0.882
2.616
0.597
0.127
0.930
0.000
0.000
0.000
1.167
2.820
7.030
5.897
13.486
18.783
19.019
5.957
0.822
6.981
1.713
17.444
18.308
8.315
0.094
7.452
2.711
0.373
5.711
9.479
15.080
16.479
23.983
27.668
2.329
8.782
6.772
1.404
2.977
14.345
107.960
19.808
6.115
28.582
12.456
4.381
27.074
3.104
10.214
17.561
12.748
8.305
8.707
9.259
9.877
2.791
4.049
5.610
7.388
0.336
1.607
18.320
0.158
0.189
0.961
17.808
20.757
2.084
19.684
6.609
24.005
3.227
3.090
1.186
7.484
4.741
11.515
11.076
7.268
37.714
15.340
5.620
2.843
7.337
19.521
11.927
6.228
0.378
0.014
0.027
0.000
0.000
0.000
0.017
0.000
0.000
0.000
0.000
0.000
0.000
0.000
0.000
0.000
0.000
0.000
0.000
0.000
0.000
0.000
0.000
0.000
0.179
4.765
0.000
0.000
0.000
0.000
0.000
0.034
0.635
0.000
0.000
0.000
0.000
0.000
0.000
0.000
0.000
0.000
0.000
0.000
0.000
0.000
0.000
0.000
0.000
0.000
0.000
0.000
0.000
0.113
0.649
0.436
0.752
6.454
0.299
0.831
2.252
9.287
0.460
0.007
0.000
0.000
3.783
0.860
5.806
0.512
0.000
0.000
0.000
0.000
0.000
0.000
0.000
0.000
0.000
0.000
0.000
0.000
0.000
0.000
0.000
0.000
0.000
0.000
0.000
0.000
0.000
0.000
0.000
0.000
0.000
0.000
0.000
0.000
0.000
0.000
0.000
0.000
1.311
1.390
0.048
0.000
0.000
0.000
0.000
0.000
0.000
0.000
0.000
0.000
0.000
0.000
0.000
0.000
0.000
0.000
0.000
0.000
0.000
0.000
0.000
0.000
0.000
0.000
0.000
0.000
0.000
0.000
0.000
0.003
0.000
0.000
0.000
0.000
0.000
0.002
0.000
0.000
0.000
0.000
0.000
0.000
0.000
0.002
0.002
0.000
0.000
0.731
0.127
0.000
0.000
0.000
0.000
0.000
0.000
0.000
0.000
0.000
0.000
0.000
0.000
0.000
0.002
0.000
0.000
0.000
0.000
0.000
0.000
0.000
0.000
0.002
0.000
0.002
0.002
0.000
0.000
0.000
0.000
0.000
0.000
0.000
0.000
0.000
0.002
0.002
0.000
0.002
0.000
0.000
0.000
0.002
0.000
0.000
0.000
0.000
0.000
0.000
0.000
0.000
0.000
0.000
0.000
0.000
0.002
0.000
0.000
0.000
0.000
0.000
0.000
0.000
0.000
0.000
0.002
0.000
0.000
0.000
0.000
0.000
0.000
0.000
0.000
0.000
0.000
0.000
0.000
0.000
0.000
0.000
0.000
0.000
0.000
0.000
0.000
0.000
0.000
0.000
0.062
0.000
0.000
0.000
0.051
0.048
0.000
0.000
0.000
0.000
0.000
0.000
0.000
0.000
0.000
0.000
0.000
0.000
0.000
0.000
0.000
0.002
1.610
0.618
0.484
0.141
0.041
0.010
0.817
2.674
0.003
0.000
1.723
0.003
0.000
0.002
0.352
0.158
1.548
0.082
0.369
42.436
293.500
1.215
1.253
1.099
1.452
4.072
3.409
0.354
135.970
33.417
70.618
28.204
69.444
4.123
1.437
4.970
17.544
5.749
11.046
45.106
37.134
1.040
1.231
0.333
0.031
21.046
1.677
1.528
5.651
4.116
3.814
6.940
6.676
21.887
21.581
7.635
19.497
6.465
2.541
1.895
0.076
50.063
76.099
10.022
36.348
8.010
22.697
22.632
33.759
10.264
4.271
1.586
0.093
10.875
19.319
11.163
5.929
3.148
23.222
3.289
13.034
22.625
31.339
27.565
17.403
38.418
22.618
17.472
26.376
28.698
11.470
8.374
4.134
8.382
5.182
6.336
36.687
1.401
0.038
2.204
1.875
18.998
0.687
1.073
1.459
0.105
0.594
1.991
0.254
0.869
2.585
0.000
0.000
0.417
0.000
0.002
0.000
0.002
0.000
0.000
0.000
0.000
0.821
0.000
0.000
0.000
0.000
0.000
0.000
0.000
0.012
0.000
0.000
0.000
0.000
0.000
0.000
0.000
0.000
0.000
0.000
0.000
0.000
0.002
0.000
0.000
0.000
0.002
0.000
0.000
0.000
0.000
0.000
0.000
0.000
0.000
0.000
0.000
0.000
0.000
0.000
0.000
0.000
0.000
0.000
0.000
0.000
0.000
0.000
0.000
0.000
0.002
0.000
0.000
0.000
0.000
0.000
0.000
0.000
0.000
0.000
0.000
0.000
0.000
0.000
0.002
0.000
0.000
0.000
0.000
0.000
0.000
0.000
0.000
0.000
0.000
0.000
0.000
0.000
0.000
0.000
0.000
0.000
0.000
0.000
0.000
0.000
0.000
0.000
0.000
0.000
0.000
0.000
0.000
0.000
0.003
0.000
0.000
0.000
0.000
0.000
0.000
0.005
0.000
0.000
0.002
0.000
0.000
0.000
0.000
0.000
0.000
0.000
0.000
0.003
0.000
0.000
0.000
0.000
0.000
0.000
0.000
0.000
0.000
0.000
0.000
0.000
0.000
0.000
0.000
0.000
0.000
0.000
0.002
0.000
0.000
0.000
0.000
0.000
0.000
0.000
0.000
0.000
0.000
0.000
0.000
0.002
0.000
0.000
0.000
0.000
0.000
0.000
0.000
0.000
0.000
0.000
0.000
0.000
0.000
0.000
0.000
0.000
0.002
0.000
0.000
0.000
0.000
0.000
0.000
0.000
0.000
0.000
0.000
0.000
0.000
0.000
0.000
0.000
0.000
0.000
0.000
0.000
0.000
0.000
0.000
0.000
0.000
0.000
0.000
0.000
0.000
0.000
0.000
0.000
0.000
0.000
2.814
0.000
0.000
0.000
0.000
0.000
0.000
0.000
0.000
0.000
0.000
0.000
0.000
0.000
0.000
0.000
0.000
0.000
2.692
0.000
0.002
0.000
0.000
0.000
0.000
0.000
0.000
0.000
0.000
0.000
0.000
0.000
0.000
0.000
0.000
0.000
0.000
0.000
0.000
0.000
0.000
0.000
0.000
0.000
0.000
0.000
0.000
0.000
0.000
0.000
0.000
0.000
0.793
0.017
2.002
0.584
0.872
0.000
0.137
0.034
0.000
0.000
0.000
0.003
0.000
0.000
0.000
0.106
0.027
0.007
0.000
0.000
1.742
1.226
0.628
14.488
22.697
3.976
0.244
5.656
5.074
45.672
161.478
2.170
24.733
5.311
1.811
4.544
4.513
7.754
3.320
1.215
0.896
4.896
0.431
9.132
4.254
3.339
0.621
1.957
10.056
5.648
8.219
3.481
8.841
3.746
1.531
2.424
8.320
14.905
15.923
6.908
1.251
5.558
8.161
3.608
55.385
3.179
12.100
8.298
3.622
0.385
2.977
13.276
16.874
24.640
16.708
11.467
4.726
10.897
23.737
7.371
10.253
15.116
22.865
5.893
12.040
20.417
13.685
30.209
65.999
18.656
10.931
11.718
6.478
7.623
10.035
23.816
3.605
0.240
0.731
3.193
1.188
5.503
3.169
3.486
2.554
0.824
0.254
0.000
0.000
0.000
0.000
0.000
0.000
0.000
0.000
0.402
0.000
0.077
0.015
0.000
0.000
0.000
0.000
0.000
0.000
0.000
0.000
0.000
0.000
0.000
0.000
0.000
0.000
0.000
0.000
0.002
0.000
0.000
0.000
0.000
0.000
0.002
0.000
0.000
0.000
0.000
0.000
0.000
0.000
0.000
0.000
0.000
0.002
0.000
0.000
0.000
0.000
0.000
0.002
0.000
0.000
0.000
0.000
0.000
0.002
0.000
0.000
0.000
0.000
0.000
0.000
0.000
0.000
0.000
0.000
0.003
0.000
0.000
0.000
0.000
0.000
0.000
0.000
0.000
0.000
0.002
0.000
0.000
0.000
0.000
0.000
0.000
0.000
0.000
0.000
0.000
0.000
0.000
0.002
0.000
0.000
0.000
0.000
0.000
0.000
0.000
0.000
0.000
0.000
0.000
0.000
0.000
0.000
0.000
0.000
0.000
0.000
0.000
0.000
0.000
0.005
0.488
0.000
0.000
0.000
0.002
0.000
0.000
0.002
0.000
0.000
0.000
0.000
0.000
0.000
0.000
0.000
0.000
0.000
0.175
0.000
0.000
0.000
0.000
0.000
0.000
0.000
0.000
0.065
0.436
0.003
0.000
0.000
0.000
0.000
0.000
0.000
0.000
0.003
0.000
0.000
0.000
0.000
0.000
0.000
0.000
0.000
0.000
0.000
0.000
0.000
0.000
0.000
0.000
0.002
0.002
0.000
0.000
0.000
0.000
0.000
0.000
0.000
0.000
0.000
0.002
0.000
0.000
0.000
0.000
0.021
0.000
0.000
0.000
0.000
0.000
0.000
0.000
0.000
0.000
0.000
0.000
0.130
0.010
0.000
0.000
0.000
0.000
0.000
0.000
0.000
0.000
0.000
0.196
0.003
0.007
0.015
0.000
0.000
0.000
0.000
0.000
0.000
0.000
0.003
0.000
0.000
0.000
0.000
0.000
0.000
0.000
0.000
0.000
0.000
0.000
0.000
0.000
0.000
0.000
0.000
0.000
0.000
0.000
0.000
0.000
0.000
0.002
0.000
0.000
0.000
0.000
0.000
0.000
0.000
0.000
0.000
1.238
0.009
0.218
0.323
12.509
32.535
0.366
2.559
0.003
11.895
3.001
0.000
0.000
3.102
13.713
122.013
3.167
0.031
2.375
0.618
0.002
0.003
0.441
0.096
0.031
0.029
0.213
1.878
4.082
0.000
0.249
5.067
2.544
6.503
25.181
43.739
24.585
15.504
7.433
17.564
0.776
9.680
10.252
8.466
19.355
156.936
20.728
12.288
9.340
209.629
0.391
8.556
32.949
14.214
15.712
112.637
18.040
8.003
1.660
17.717
17.176
14.093
13.074
1.112
4.443
23.185
19.199
29.309
35.496
13.633
10.863
23.047
28.932
20.465
2.297
8.734
1.545
0.027
0.917
10.815
7.613
6.774
9.641
9.364
3.632
0.082
0.151
0.477
0.027
0.058
0.812
0.498
0.419
0.093
0.007
0.282
6.775
5.337
0.146
0.002
0.175
0.690
0.127
4.611
5.474
1.871
1.811
0.398
0.003
0.058
27.215
27.689
21.482
33.271
5.136
26.456
8.075
38.947
25.231
11.786
5.315
9.855
4.508
0.179
0.529
1.566
13.784
4.140
8.813
5.517
0.635
0.359
0.000
0.000
0.000
0.000
0.000
0.000
0.000
0.000
0.000
0.000
0.000
0.000
0.000
0.000
0.000
0.002
0.000
0.000
0.000
0.000
0.000
0.000
0.000
0.000
0.000
0.000
0.000
0.000
0.000
0.001
0.000
0.000
0.000
0.000
0.000
0.000
0.000
0.000
0.000
0.000
0.000
0.000
0.000
0.000
0.000
0.000
0.000
0.000
0.000
0.000
0.002
0.000
0.000
0.000
0.000
0.000
0.002
0.000
0.000
0.000
0.000
0.000
0.003
0.002
0.000
0.000
0.002
0.000
0.000
0.000
0.000
0.000
0.000
0.000
0.000
0.002
0.000
0.000
0.000
0.000
0.000
0.000
0.003
0.000
0.000
0.000
0.000
0.000
0.000
0.000
0.000
0.000
0.000
0.000
0.000
0.000
0.000
0.000
0.000
0.007
9.517
0.017
0.000
0.002
0.000
0.000
0.000
0.000
0.000
0.000
0.000
0.000
0.000
0.000
0.000
0.000
0.000
0.000
0.000
0.000
0.000
0.000
0.000
0.000
0.000
0.000
0.000
0.000
0.000
0.000
0.000
0.000
0.000
0.000
0.000
0.000
0.000
0.000
0.000
0.002
0.000
0.000
0.002
0.000
0.000
0.000
0.000
0.000
0.003
0.000
0.000
0.000
0.000
0.000
0.000
0.000
0.000
0.000
0.000
0.000
0.002
0.000
0.000
0.000
0.000
0.000
0.000
0.000
0.000
0.000
0.000
0.000
0.000
0.003
0.002
0.000
0.000
0.000
0.000
0.000
0.000
0.000
0.000
0.000
0.000
0.000
0.000
0.000
0.433
0.110
0.007
0.000
0.000
0.000
0.000
0.000
0.000
0.000
0.000
0.000
0.003
0.000
0.000
0.000
0.000
0.000
0.000
0.002
0.000
0.000
0.000
0.000
0.000
0.000
0.000
0.549
0.045
0.000
0.000
0.000
0.000
0.000
0.000
0.000
0.000
0.000
0.000
0.000
0.000
0.000
0.000
0.002
0.000
0.003
0.000
0.000
0.002
0.000
0.000
0.000
0.000
0.003
0.000
0.003
0.076
0.000
0.000
0.000
0.000
1.600
0.000
0.000
0.103
0.007
0.000
0.034
0.003
0.000
0.000
0.002
0.000
0.000
0.005
0.793
0.000
0.002
0.000
0.000
0.000
0.000
0.395
0.000
0.546
13.582
10.688
3.341
7.289
3.104
19.171
77.711
0.093
0.000
4.048
16.716
53.287
36.506
13.148
3.615
235.930
133.257
28.860
7.392
