20000101
0.000
0.000
0.000
0.000
0.000
0.000
0.000
0.000
0.000
0.000
0.000
0.000
0.000
0.000
0.000
0.000
0.000
0.000
0.000
0.000
0.079
0.000
0.000
0.000
0.000
0.000
0.000
0.000
0.000
0.000
0.000
0.000
0.000
0.000
0.264
0.345
0.000
0.000
0.000
0.000
0.000
0.000
0.000
0.000
0.000
0.000
0.000
0.000
0.000
0.000
0.000
0.000
0.000
0.000
0.000
0.000
0.000
0.000
0.000
0.000
0.000
0.000
0.000
0.000
0.000
0.000
0.000
0.000
0.000
0.000
0.000
0.000
0.000
0.000
0.000
0.000
0.000
0.000
0.000
0.000
0.000
0.000
0.000
0.000
0.000
0.000
0.000
0.000
0.000
0.000
0.000
0.000
0.000
0.000
0.000
0.000
0.000
0.000
0.000
0.000
0.000
0.000
0.000
0.000
0.000
0.000
0.000
0.000
0.000
0.000
0.000
0.000
0.003
0.003
0.000
0.000
0.000
0.000
0.000
0.000
0.000
0.000
0.000
0.000
0.000
0.000
0.515
0.034
0.000
0.000
0.000
0.072
0.759
5.400
0.542
0.000
0.330
2.939
5.236
0.748
0.000
0.000
0.000
0.000
0.000
0.000
0.000
0.000
0.000
0.003
0.000
0.000
0.055
0.031
0.000
0.000
1.351
0.045
0.000
0.000
0.000
0.000
0.000
0.003
0.093
0.082
0.443
0.062
0.000
0.000
0.000
0.000
0.000
0.000
0.000
0.000
0.000
0.000
0.000
0.000
0.216
0.834
0.936
19.926
0.007
5.447
0.007
1.142
0.175
0.003
0.348
13.503
1.619
0.402
11.800
15.716
116.603
21.930
9.335
0.497
0.065
1.541
14.159
2.030
1.717
0.000
0.000
0.000
0.000
0.000
0.024
0.028
0.000
0.000
0.000
0.457
0.000
0.000
0.000
0.000
0.044
0.088
0.270
0.430
10.222
4.243
5.217
4.540
0.632
3.046
0.968
0.356
32.365
3.184
8.549
0.942
1.630
0.010
0.259
8.444
19.227
3.395
0.184
1.506
1.818
0.638
0.050
0.087
3.909
0.072
0.000
0.014
0.000
0.000
0.000
0.000
0.000
0.000
0.000
0.000
0.000
0.000
0.000
0.000
0.000
0.354
0.105
0.022
0.000
0.000
0.000
0.000
0.000
0.000
0.000
0.000
0.000
0.000
0.000
0.000
0.000
0.000
0.000
0.123
0.011
0.000
0.000
0.000
0.000
0.000
0.000
0.000
0.000
0.000
0.000
0.000
0.000
0.000
0.000
0.000
0.000
0.000
0.000
0.000
0.000
0.000
0.000
0.000
0.000
0.000
0.000
0.000
0.000
0.000
0.000
0.000
0.000
0.000
0.000
0.000
0.000
0.000
0.000
0.000
0.000
0.000
0.000
0.000
0.000
0.000
0.000
0.000
0.000
0.000
0.000
0.000
0.000
0.000
0.000
0.000
0.000
0.000
0.000
0.000
0.000
0.000
0.000
0.000
0.000
0.000
0.000
0.000
0.000
0.000
0.000
0.000
0.000
0.000
0.000
0.000
0.000
0.000
0.000
0.000
0.409
0.021
0.000
0.000
0.000
0.000
0.000
0.000
0.000
0.000
0.000
0.000
0.000
0.000
0.000
0.000
0.000
0.000
0.000
0.000
0.000
0.000
0.000
0.000
0.000
0.000
0.000
0.000
0.000
0.000
0.000
0.000
0.000
0.000
0.000
0.000
0.000
0.000
0.000
0.000
0.000
0.000
0.000
0.000
0.000
0.000
0.000
0.000
0.000
0.000
0.000
0.000
0.000
0.000
0.000
0.000
0.000
0.000
0.000
0.000
0.000
0.000
0.000
0.000
0.000
0.000
0.000
0.000
0.000
0.000
0.000
0.000
0.000
0.000
0.000
0.000
0.000
0.000
0.000
0.000
0.000
0.000
0.000
0.000
0.000
0.000
0.000
0.000
0.000
0.000
0.000
0.000
0.000
0.000
0.000
0.000
0.000
0.000
0.000
0.000
0.000
0.000
0.000
0.000
0.007
0.000
0.000
0.036
1.061
0.000
0.000
0.000
0.000
0.000
0.000
0.000
0.000
0.000
0.000
0.000
0.000
0.000
0.000
0.000
0.000
0.000
0.000
0.000
0.000
0.000
0.000
0.000
0.000
0.000
0.000
0.000
0.000
0.000
0.000
0.822
0.326
0.003
0.070
0.036
0.000
0.000
0.481
0.103
0.003
0.000
0.064
4.885
1.912
0.010
0.000
0.000
0.462
0.007
0.167
0.007
0.156
0.496
1.766
19.042
21.828
33.086
44.807
20.716
11.419
15.273
12.485
3.727
0.000
0.000
0.000
0.000
0.010
0.163
0.204
0.039
0.048
1.191
0.098
0.512
3.353
13.326
87.465
19.648
0.347
1.751
18.897
25.135
12.085
133.611
18.071
17.187
2.935
4.230
4.803
6.930
4.441
0.597
15.705
29.426
14.802
24.434
21.828
13.415
3.792
1.473
8.253
1.109
3.615
6.336
0.536
0.000
0.533
4.287
13.906
8.187
21.023
17.230
13.853
20.029
26.889
11.266
27.819
3.110
10.485
28.144
52.051
0.223
0.000
0.000
0.000
0.045
0.508
6.132
5.019
0.206
0.000
0.000
0.072
0.242
0.000
0.000
0.000
0.000
0.000
0.000
0.048
2.412
3.895
0.029
0.000
0.000
0.000
0.283
0.094
0.120
0.021
0.000
0.000
0.000
0.000
1.102
0.000
0.000
0.000
0.000
0.000
0.000
0.000
0.000
0.000
0.000
0.000
0.673
0.076
0.000
0.000
0.003
0.373
0.000
5.191
13.499
36.883
13.330
0.187
0.000
0.000
0.000
0.000
0.000
0.000
0.000
0.000
0.000
0.000
0.000
0.000
0.000
0.000
0.000
0.000
0.000
0.000
0.000
0.000
0.000
0.000
0.000
0.000
0.000
0.000
0.000
0.000
0.000
0.000
0.000
0.000
0.000
0.000
0.000
0.000
0.000
0.000
0.000
0.000
0.000
0.000
0.000
0.000
0.000
0.000
0.000
0.000
0.000
0.000
0.000
0.000
0.000
0.000
0.000
0.000
0.000
0.000
0.000
0.000
0.000
0.000
0.000
0.000
0.000
0.000
0.000
0.000
0.000
0.000
0.000
0.000
0.000
0.000
0.000
0.000
0.000
0.000
0.000
0.000
0.000
0.000
0.000
0.000
0.000
0.000
0.000
0.000
0.000
0.000
0.000
0.000
0.000
0.000
0.000
0.000
0.000
0.000
0.000
0.000
0.000
0.000
0.000
0.000
0.000
0.000
0.000
0.000
0.000
0.000
0.000
0.000
0.000
0.000
0.000
0.000
0.000
0.000
2.718
1.193
0.000
0.000
0.000
0.000
0.000
0.000
0.000
0.000
0.000
0.000
0.000
0.000
0.000
0.000
0.000
0.000
0.000
0.000
0.000
0.000
0.000
0.000
0.000
0.000
0.000
0.000
0.000
0.000
0.000
0.000
0.000
0.000
0.000
0.000
0.000
0.000
0.000
0.000
0.000
0.000
0.000
0.000
0.000
0.000
0.000
0.000
0.000
0.000
0.000
0.000
0.000
0.000
0.000
0.000
0.439
0.000
0.000
0.000
0.000
0.000
0.000
0.000
0.000
0.000
0.000
0.000
0.000
0.021
0.000
0.000
0.000
0.000
0.000
0.000
0.000
0.000
0.000
0.000
0.000
0.000
0.000
0.000
0.000
0.000
0.000
0.000
0.000
0.000
0.000
0.000
0.000
0.000
0.000
0.000
0.000
0.000
0.000
0.000
0.000
0.000
0.000
0.000
0.000
0.000
0.000
0.000
0.170
0.050
0.010
0.000
0.024
0.096
0.000
0.000
0.000
0.000
0.000
0.000
0.000
0.000
0.038
0.161
0.936
0.319
9.064
1.708
0.130
0.951
9.115
1.723
0.000
0.000
0.000
0.000
0.481
14.087
26.618
75.624
27.991
0.000
0.000
0.000
0.201
0.000
0.000
0.014
0.000
0.000
0.000
0.027
0.014
0.036
0.316
1.631
2.360
0.949
5.201
1.018
1.600
1.133
3.804
3.371
3.991
4.053
2.750
0.359
0.000
0.000
0.000
0.000
0.000
1.047
0.000
0.312
16.672
4.975
44.771
26.000
34.461
0.192
0.306
3.852
6.084
5.585
1.246
0.010
6.290
0.027
0.017
0.000
0.000
0.000
9.665
23.705
5.219
1.517
0.062
0.003
0.000
3.871
3.679
13.022
18.987
22.192
1.380
0.000
0.014
0.000
0.000
0.000
0.000
0.000
0.000
0.000
0.000
0.000
0.000
0.000
0.000
0.003
0.189
0.017
0.000
0.000
0.000
0.134
0.028
0.076
0.000
0.000
0.000
0.000
0.000
0.000
0.000
0.000
0.000
0.000
0.000
0.000
0.000
0.000
0.000
0.000
0.000
0.000
0.000
0.000
0.000
0.000
0.000
0.000
0.000
0.000
0.000
0.000
0.000
0.000
0.000
0.000
0.000
0.000
0.000
0.000
0.000
0.000
0.000
0.000
0.000
0.000
0.031
0.003
0.290
0.000
0.000
0.000
0.000
0.000
0.000
0.000
0.000
0.000
0.000
0.000
0.000
0.000
0.000
0.000
0.000
0.000
0.000
0.000
0.000
0.000
0.000
0.000
0.000
0.000
0.000
0.000
0.000
0.000
0.000
0.000
0.000
0.000
0.000
0.000
0.000
0.000
0.000
0.000
0.000
0.000
0.000
0.000
0.000
0.000
0.000
0.000
0.000
1.770
0.340
0.000
0.000
0.000
0.000
0.000
0.000
0.000
0.000
0.000
0.000
0.000
0.000
0.000
0.000
0.000
0.000
0.000
0.000
0.000
0.000
0.000
0.000
0.000
0.000
0.000
0.000
0.000
0.000
0.000
0.000
5.064
0.419
0.000
0.000
0.000
0.000
0.000
0.000
0.000
0.000
0.000
0.000
0.000
0.000
0.000
0.000
0.000
0.484
11.501
0.000
0.000
0.000
0.000
0.000
0.000
0.000
0.000
0.000
0.000
0.000
0.000
0.000
0.000
0.000
0.000
0.000
0.000
0.000
0.000
0.000
0.000
0.000
0.000
0.000
0.000
0.000
0.000
0.000
0.000
0.000
0.000
0.000
0.000
0.000
0.000
0.000
0.000
0.000
0.000
0.000
0.000
0.000
0.000
0.000
0.000
0.000
0.000
0.000
0.000
0.000
0.000
0.000
0.000
0.000
0.000
0.000
0.000
0.000
0.000
0.000
0.000
0.000
0.000
0.000
0.000
0.000
0.000
0.000
0.000
0.000
0.000
0.000
0.000
0.000
0.000
0.000
0.000
0.000
0.000
0.000
0.000
0.000
0.000
0.000
0.000
0.000
0.000
0.000
0.000
0.000
0.000
0.000
0.000
0.000
0.000
0.000
0.000
0.000
0.000
0.000
0.000
0.000
0.000
0.000
0.000
0.000
0.000
0.000
0.000
0.000
0.000
0.000
0.000
0.000
0.000
0.100
5.236
2.877
63.055
25.578
1.899
0.076
5.939
0.659
1.929
4.113
0.333
0.000
4.370
5.346
0.591
2.886
1.922
16.412
24.373
42.787
24.811
6.096
8.830
26.280
18.389
2.405
5.165
10.049
12.191
13.984
119.769
10.574
6.447
17.006
19.278
3.747
1.630
11.761
38.366
14.552
1.543
7.751
7.012
9.265
1.258
1.435
4.138
3.231
5.198
23.569
26.838
2.784
4.058
4.326
13.846
10.458
0.597
0.055
2.640
1.318
0.249
0.000
0.000
0.031
0.398
0.014
0.021
3.038
0.426
14.689
32.681
2.118
2.760
7.297
10.070
83.122
58.650
1.265
1.449
2.748
0.573
0.043
1.804
0.570
0.086
0.000
1.797
0.007
0.000
0.000
1.147
0.154
0.000
2.381
1.238
4.300
0.000
7.472
1.059
0.065
0.027
1.246
0.977
0.000
0.000
0.064
0.007
0.336
0.051
1.373
0.000
0.000
0.000
0.000
0.000
0.000
0.000
0.000
0.000
0.000
0.000
0.000
0.000
0.000
0.000
0.000
0.000
0.000
0.000
0.000
0.000
0.000
0.000
0.000
0.000
0.000
0.000
0.000
0.000
0.000
0.000
0.000
0.000
0.000
0.000
0.000
0.000
0.000
0.000
0.000
0.000
0.000
0.000
0.000
0.000
0.000
0.000
0.000
0.000
0.000
0.000
0.000
0.000
0.000
0.000
0.000
0.000
0.000
0.000
0.000
0.000
0.000
0.000
0.000
0.000
0.000
0.000
0.000
0.000
0.000
0.000
0.000
0.000
0.000
0.000
0.000
0.000
0.000
0.000
0.000
0.000
0.000
0.000
0.000
0.000
0.000
0.000
0.000
0.000
0.000
0.000
0.000
0.000
0.000
0.024
0.000
0.000
0.000
0.000
0.000
0.000
0.000
0.000
0.000
0.000
0.000
0.000
0.000
0.000
0.031
0.000
0.000
0.000
0.000
0.000
0.000
0.000
0.000
0.007
0.000
0.000
0.000
0.000
0.000
0.000
0.000
0.000
0.000
0.000
0.000
0.000
0.000
0.000
0.000
0.000
0.000
0.000
0.000
0.000
0.000
0.000
0.000
0.000
0.000
0.000
0.000
0.000
0.000
0.000
0.000
0.000
0.000
0.000
0.000
0.000
0.000
0.000
0.000
0.000
0.000
0.000
0.000
0.000
0.000
0.000
0.000
0.000
0.000
0.000
0.000
0.000
0.000
0.000
0.000
0.000
0.000
0.000
0.000
0.000
0.000
0.000
0.000
0.000
0.000
0.000
0.000
0.000
0.000
0.000
0.000
0.000
0.000
0.000
0.000
0.000
0.000
0.000
0.000
0.000
0.000
0.000
0.000
0.000
0.000
0.000
0.000
0.000
0.000
0.000
0.000
0.000
0.000
0.000
0.000
0.000
0.000
0.000
0.010
0.772
4.583
6.405
2.000
2.496
0.000
0.000
0.000
0.000
0.000
0.000
0.000
0.000
0.000
0.000
0.000
0.000
0.000
0.000
0.000
0.000
0.000
0.000
0.000
0.000
0.000
0.000
0.000
0.000
0.000
0.043
1.191
0.045
0.003
0.000
1.195
2.192
2.784
2.596
0.249
0.000
0.000
0.000
0.000
0.000
0.000
1.478
0.783
1.090
1.092
7.938
3.495
2.589
0.185
0.003
0.000
0.000
10.521
2.305
0.239
0.826
2.985
0.000
0.177
0.112
0.000
0.000
0.000
0.086
0.338
1.863
3.098
0.417
0.010
0.000
0.003
0.045
0.007
0.000
0.000
0.051
0.104
0.018
0.062
2.520
0.980
5.365
0.745
0.296
6.227
11.112
18.042
1.838
5.687
2.547
30.521
9.702
14.129
1.919
3.615
5.177
1.559
0.429
0.122
1.148
0.860
0.079
0.000
0.010
0.000
0.000
0.000
0.000
0.000
0.000
0.000
0.003
0.000
0.010
0.000
0.000
0.000
0.000
0.000
0.000
0.024
0.000
0.000
0.244
0.069
1.679
0.017
4.942
1.703
0.027
0.000
0.000
0.000
0.034
2.677
0.937
0.000
0.000
0.371
45.638
2.154
17.973
11.405
27.952
15.911
4.623
0.000
0.000
1.152
2.467
0.000
0.000
0.000
0.000
0.000
0.000
0.000
0.000
0.000
0.000
0.000
0.000
0.000
0.000
0.000
0.000
0.000
0.000
0.000
0.000
0.000
0.000
0.000
0.000
0.000
0.000
0.000
0.000
0.000
0.000
0.000
0.000
0.000
0.000
0.000
0.000
0.000
0.000
0.000
0.000
0.000
0.000
0.000
0.000
0.000
0.000
0.000
0.000
0.000
0.000
0.000
0.000
0.000
0.000
0.000
0.000
0.000
0.000
0.000
0.000
0.000
0.000
0.000
0.000
0.000
0.000
0.000
0.000
0.000
0.000
0.000
0.000
0.000
0.000
0.000
0.000
0.000
0.000
0.000
0.000
0.000
0.017
0.000
0.000
0.000
0.000
0.000
0.000
0.000
0.000
0.000
0.000
0.000
0.000
0.000
0.000
0.000
0.000
0.000
0.000
0.000
0.000
0.000
0.000
0.000
0.000
0.000
0.000
0.000
0.000
0.000
0.000
0.076
0.000
0.000
0.000
0.000
0.000
0.000
0.000
0.000
0.000
0.000
0.000
0.000
0.000
0.000
0.000
0.000
0.000
0.000
0.000
0.000
0.000
0.000
0.000
0.000
0.000
0.000
0.000
0.000
0.000
0.000
0.000
0.000
0.000
0.000
0.000
0.000
0.000
0.000
0.000
0.000
0.000
0.000
0.000
0.000
0.000
0.000
0.000
0.000
0.000
0.000
0.000
0.000
0.000
0.000
0.000
0.000
0.000
0.000
0.000
0.000
0.000
0.000
0.000
0.000
0.000
0.000
0.000
0.000
0.000
0.000
0.000
0.000
0.000
0.000
0.000
0.000
0.000
0.000
0.000
0.000
0.000
0.000
0.000
0.000
0.000
0.000
0.000
0.108
0.120
0.000
0.000
0.000
0.000
0.000
0.000
0.000
0.000
0.000
0.000
0.000
0.000
0.000
0.000
0.000
0.000
0.000
0.000
0.000
0.000
0.000
0.000
0.000
0.000
0.000
0.000
0.050
0.003
0.000
0.000
0.000
0.000
0.000
0.000
0.000
0.000
0.000
0.000
0.000
0.000
0.000
0.000
0.167
4.738
10.489
0.000
0.000
0.000
0.000
0.000
0.014
1.263
0.000
0.000
0.007
2.434
1.229
0.000
6.376
1.521
0.163
14.602
9.172
9.024
7.923
0.130
9.114
5.375
0.357
5.121
1.281
0.283
15.465
5.989
12.476
8.422
1.711
0.623
2.160
1.648
0.000
0.000
0.000
0.000
0.000
0.000
1.674
2.891
16.691
8.245
1.969
13.682
7.151
8.060
2.465
7.725
1.119
1.761
2.178
1.222
0.385
0.683
0.034
0.027
0.000
0.512
0.000
1.929
0.385
0.055
0.014
0.007
3.018
1.239
0.436
0.175
0.000
0.505
0.003
0.000
0.000
0.110
0.000
0.000
0.000
0.000
0.000
0.000
0.112
0.279
0.962
0.122
0.000
0.098
27.407
9.734
21.824
26.850
22.900
7.241
38.627
7.754
16.124
0.007
0.990
4.534
28.819
0.383
1.509
1.988
0.359
0.046
0.000
0.000
0.000
0.000
0.000
0.000
0.000
0.000
0.000
0.000
0.000
0.000
0.000
0.000
0.000
0.000
0.000
0.000
0.000
0.000
0.000
0.000
0.000
0.000
0.000
0.000
0.000
0.000
0.000
0.000
0.000
0.000
0.000
0.000
0.000
0.000
0.000
0.000
0.000
0.000
0.000
0.000
0.000
0.000
0.000
0.000
0.000
0.000
0.000
0.000
0.000
0.000
0.000
0.000
0.000
0.000
0.000
0.000
0.000
0.000
0.000
0.000
0.000
0.000
0.000
0.000
0.000
0.000
0.000
0.000
0.000
0.000
0.000
0.000
0.000
0.000
0.000
0.000
0.000
0.000
0.000
0.000
0.000
0.000
0.000
0.000
0.000
0.000
0.000
0.000
0.000
0.000
0.000
0.000
0.000
0.000
0.000
0.000
0.000
0.000
0.000
0.000
0.000
0.000
0.000
0.000
0.000
0.000
0.000
0.000
0.000
0.000
0.000
0.000
0.000
0.000
0.000
0.000
0.000
0.000
0.000
0.000
0.000
0.000
0.000
0.000
0.000
0.000
0.000
0.000
0.000
0.000
0.000
0.000
0.000
0.000
0.000
0.000
0.000
0.000
0.000
0.000
0.000
0.000
0.000
0.000
0.000
0.000
0.000
0.000
0.000
0.000
0.000
0.000
0.000
0.000
0.000
0.000
0.000
0.000
0.386
9.709
0.000
0.000
0.000
0.034
0.000
0.000
0.000
0.000
0.000
0.000
0.000
0.000
0.000
0.000
0.000
0.000
0.000
0.000
0.000
0.000
0.000
0.000
0.000
0.000
0.000
0.000
0.000
0.000
0.000
0.000
0.000
0.000
0.000
0.000
0.000
0.000
0.000
0.000
0.000
0.000
0.000
0.000
0.000
0.000
0.000
0.000
0.000
0.000
0.000
0.000
0.000
0.000
0.000
0.000
0.000
0.000
0.000
0.000
0.000
0.000
0.000
0.000
0.000
0.000
0.000
0.000
0.000
0.000
0.000
0.000
0.767
1.392
1.364
0.173
0.000
0.000
0.194
0.014
0.000
0.000
0.000
0.000
2.172
32.914
1.943
0.000
0.000
0.000
0.000
0.000
0.000
0.000
0.000
0.055
0.122
0.086
0.000
0.000
0.000
0.000
0.223
0.007
0.000
0.000
0.000
0.000
0.082
11.594
15.250
14.008
3.289
1.054
0.045
0.021
0.000
0.000
0.117
14.507
1.864
2.335
2.455
12.989
3.806
0.807
0.045
0.027
0.381
0.010
3.424
4.237
3.616
4.766
3.378
3.074
6.332
3.861
6.443
4.992
6.170
7.748
32.478
28.068
4.527
16.625
14.703
5.450
5.473
13.684
18.642
3.732
15.803
4.854
7.769
14.644
9.877
16.634
0.711
0.851
5.006
0.685
5.804
14.699
74.224
32.857
26.385
8.439
1.995
1.032
2.014
1.219
2.110
0.730
0.064
0.476
0.285
2.613
1.730
0.065
0.003
4.242
0.201
0.237
0.000
0.000
0.000
0.000
0.000
0.100
0.045
1.701
0.259
0.000
0.000
5.275
0.338
8.037
13.317
28.798
1.097
3.246
4.988
1.631
0.554
0.000
0.000
0.000
0.000
0.000
0.000
0.000
0.000
0.000
0.000
0.000
0.000
0.000
0.000
0.000
0.000
0.000
0.000
0.000
0.000
0.000
0.000
0.000
0.000
0.000
0.000
0.000
0.000
0.000
0.000
0.000
0.000
0.000
0.000
0.000
0.000
0.000
0.000
0.000
0.000
0.000
0.000
0.000
0.000
0.000
0.000
0.000
0.000
0.000
0.000
0.000
0.000
0.000
0.000
0.000
0.000
0.000
0.000
0.000
0.000
0.000
0.000
0.000
0.000
0.000
0.000
0.093
0.302
0.000
0.000
0.000
0.000
0.000
0.000
0.000
0.000
0.000
0.000
0.000
0.000
0.000
0.000
0.000
0.000
0.000
0.000
0.000
0.000
0.000
0.000
0.000
0.000
0.000
0.000
0.000
0.000
0.000
0.000
0.000
0.000
0.000
0.000
0.000
0.000
0.000
0.000
0.000
0.000
0.000
0.000
0.000
0.000
0.000
0.000
0.000
0.000
0.000
0.000
0.000
0.000
0.000
0.548
0.445
0.000
0.000
0.000
0.000
0.000
0.000
0.000
0.000
0.000
0.014
0.330
0.050
0.000
3.382
0.000
0.000
0.000
0.000
0.000
0.000
0.000
0.000
0.000
0.000
0.000
0.000
0.000
0.000
0.000
0.000
0.000
0.000
0.000
0.000
0.000
0.000
0.000
0.000
0.000
0.000
0.024
0.053
0.000
0.000
0.000
0.000
0.000
0.000
0.244
0.017
0.000
0.000
0.000
0.000
0.000
0.000
0.000
0.000
0.000
0.000
0.000
0.000
0.000
0.000
0.000
0.000
0.000
0.000
0.000
0.000
0.000
0.000
0.000
0.000
0.000
0.000
0.000
0.000
0.000
0.000
0.000
0.000
0.000
0.000
0.000
0.000
0.000
0.000
0.000
0.000
0.000
0.000
0.000
0.000
0.000
0.000
0.000
0.000
0.000
0.000
0.000
0.000
0.000
0.000
0.000
0.000
0.000
0.000
0.000
0.000
0.000
0.000
0.000
0.000
0.000
0.000
0.000
0.000
0.000
0.000
0.000
0.000
0.000
1.318
1.693
3.457
0.065
0.000
0.000
0.000
0.000
0.000
0.000
0.000
0.000
59.680
9.012
0.007
0.529
6.221
3.934
3.416
1.179
0.378
0.282
25.938
0.772
0.930
0.146
0.791
0.034
0.093
36.851
87.301
216.477
3.152
2.525
0.115
37.838
46.373
7.495
19.421
2.639
10.959
0.026
0.000
4.788
0.522
0.671
0.160
0.100
0.000
0.031
6.657
0.273
19.818
3.038
3.857
1.631
2.182
4.494
0.738
4.793
9.754
20.814
5.926
11.901
8.343
27.613
16.749
6.436
2.803
4.195
6.987
5.228
7.771
4.437
1.748
4.365
0.277
0.021
0.000
2.163
23.851
18.261
0.017
0.000
1.981
3.222
7.371
1.533
18.946
21.033
5.113
7.883
18.608
6.154
1.437
2.364
0.685
0.941
0.900
0.058
0.659
0.050
0.112
0.000
0.000
0.845
0.520
0.585
0.181
0.021
2.630
0.953
4.570
0.403
0.865
0.000
0.000
0.228
0.000
0.000
0.000
0.000
0.000
0.000
0.000
0.000
0.000
0.000
0.000
0.000
0.000
0.000
0.000
0.000
0.000
0.000
0.000
0.000
0.000
0.000
0.000
0.000
0.000
0.000
0.000
0.000
0.000
0.000
0.000
0.000
0.000
0.000
0.000
0.000
0.000
0.000
0.000
0.000
0.000
0.000
0.000
0.000
0.000
0.000
0.000
0.000
0.000
0.000
0.000
0.000
0.000
0.000
0.000
0.000
0.000
0.000
0.000
0.000
0.000
0.000
0.000
0.000
0.000
0.000
0.000
0.000
0.000
0.000
0.000
0.000
0.000
0.000
0.000
0.000
0.000
0.000
0.000
0.000
0.000
0.000
0.000
0.000
0.000
0.000
0.000
0.000
0.000
0.000
0.000
0.000
0.000
0.000
0.000
0.000
0.000
0.000
0.000
0.000
0.000
0.000
0.000
0.000
0.000
0.000
0.000
0.000
0.000
0.000
0.000
0.000
0.000
0.000
0.000
0.000
0.000
0.000
0.000
0.000
0.000
0.000
0.000
0.000
0.000
0.000
0.011
1.057
0.000
0.000
0.000
0.000
0.000
0.000
0.000
0.000
0.000
0.000
0.000
0.000
0.000
0.000
0.000
0.000
0.000
0.000
0.000
0.000
0.000
0.000
0.000
0.000
0.000
0.000
0.000
0.000
0.000
0.000
0.000
0.000
0.000
0.000
0.000
0.000
0.000
0.218
0.017
0.000
0.000
0.000
0.000
0.000
0.000
0.000
0.000
0.000
0.000
0.000
0.000
0.000
0.000
0.000
0.000
0.000
0.000
0.000
0.000
0.003
25.444
3.114
0.000
0.000
0.000
0.000
0.000
0.000
0.000
0.000
0.000
0.000
0.000
0.000
0.000
0.000
0.000
0.000
0.000
0.000
0.000
0.000
0.000
0.000
0.000
0.000
0.000
0.000
0.000
0.000
0.000
0.000
0.189
0.014
0.024
0.038
0.000
0.000
0.000
0.000
0.000
0.000
0.000
0.000
0.000
0.000
0.000
0.000
0.000
0.000
0.000
0.000
0.000
0.000
0.000
0.000
0.000
0.000
0.000
0.000
0.409
0.175
0.000
0.319
0.000
5.428
0.546
0.889
0.857
93.360
8.308
9.100
0.858
0.000
2.163
0.000
0.021
0.014
0.841
0.718
0.144
0.000
0.316
0.076
1.346
0.031
2.297
3.382
24.321
6.446
2.880
0.000
0.000
0.000
3.630
1.802
24.225
10.753
9.770
0.828
10.422
0.865
0.000
0.151
0.000
0.000
0.000
0.038
0.038
0.072
0.661
5.531
2.963
9.805
9.210
60.566
0.393
14.924
22.100
3.492
117.882
7.507
8.790
19.151
4.367
2.177
3.724
2.892
2.929
18.368
204.885
10.439
3.243
1.193
0.209
0.134
0.182
0.235
0.000
0.000
0.000
0.848
0.230
3.670
0.051
0.076
0.000
0.000
0.000
0.000
0.000
0.000
0.000
0.000
0.000
4.415
0.154
0.000
0.000
0.275
7.031
7.721
18.502
10.152
3.265
2.989
3.984
13.122
1.844
0.000
0.000
0.323
0.014
0.000
0.000
0.000
0.000
0.000
0.000
0.000
0.010
0.000
0.000
0.000
0.000
0.000
0.000
0.000
0.000
0.000
0.000
0.000
0.000
0.000
0.000
0.000
0.000
0.000
0.000
0.000
0.000
0.000
0.000
0.000
0.000
0.000
0.000
0.000
0.000
0.000
0.000
0.000
0.000
0.000
0.000
0.000
0.000
0.000
0.000
0.000
0.000
0.000
0.000
0.000
0.000
0.000
0.000
0.000
0.000
0.000
0.000
0.000
0.000
0.000
0.000
0.000
0.000
0.000
0.000
0.000
0.283
3.639
0.027
0.000
0.000
0.000
0.000
0.000
0.000
0.000
0.000
0.000
0.000
0.000
0.000
0.000
0.000
0.000
0.000
0.000
0.000
0.000
0.000
0.000
0.000
0.000
0.000
0.000
0.000
0.000
0.000
0.000
0.000
0.000
0.000
0.000
0.000
0.000
0.000
0.000
0.000
0.000
0.000
0.000
0.000
0.000
0.000
0.000
0.000
0.000
0.000
0.000
0.000
0.000
0.000
0.000
0.000
0.000
0.000
0.000
0.000
0.000
0.000
0.000
0.000
0.000
0.000
0.000
0.000
0.000
0.000
0.000
0.000
0.000
0.000
0.000
0.000
0.000
0.000
0.000
0.000
0.000
0.000
0.000
0.000
0.000
0.000
0.000
0.000
0.000
0.000
0.000
0.000
0.000
0.000
0.000
0.000
0.000
0.000
0.000
0.000
0.000
0.000
0.000
0.000
0.000
0.000
0.000
0.000
0.000
0.000
0.000
0.000
0.000
0.000
0.000
0.000
0.000
0.000
0.000
0.000
0.000
0.000
0.000
0.000
0.000
1.452
0.264
0.000
0.000
0.000
0.000
0.000
0.000
0.000
0.000
0.000
0.000
0.000
0.000
0.000
0.000
0.000
0.000
0.000
0.000
0.000
0.000
0.000
0.000
0.000
0.000
0.000
0.000
0.000
0.000
0.000
0.000
0.000
0.000
0.000
0.000
0.000
0.000
0.000
0.000
0.000
0.000
0.000
0.000
0.000
0.082
0.000
0.000
0.000
0.000
0.000
0.000
0.000
0.000
0.000
0.251
2.523
0.039
0.000
0.000
0.000
0.000
0.000
0.000
0.000
0.000
0.000
0.000
0.000
0.014
0.000
0.000
0.154
0.312
0.000
0.000
0.000
0.000
0.000
0.024
29.363
0.000
0.000
7.341
18.854
3.516
0.000
0.084
0.189
0.616
0.000
0.705
0.000
0.000
0.000
13.630
41.121
7.792
1.228
7.344
19.411
24.774
10.168
35.325
50.209
3.660
0.134
11.347
13.181
26.613
5.328
6.087
10.525
1.844
2.597
4.689
2.882
0.622
2.893
2.043
0.070
0.000
0.167
0.088
0.000
0.263
4.407
0.697
0.000
2.602
2.306
0.108
0.336
0.821
0.000
0.000
0.000
0.000
0.000
0.000
0.000
0.783
2.336
1.370
0.057
13.343
26.657
26.517
3.598
5.201
8.586
0.223
0.385
3.650
2.475
0.903
0.000
0.000
0.000
0.000
0.000
0.000
0.000
0.000
0.000
0.000
0.000
0.000
0.000
0.000
0.000
0.000
0.000
0.000
0.000
0.000
0.000
0.000
0.000
0.000
0.000
0.227
1.734
0.244
0.000
0.000
0.000
0.000
0.000
0.000
0.000
0.000
0.000
0.000
0.000
0.000
0.000
0.000
0.000
0.000
0.000
0.000
0.000
0.000
0.000
0.000
0.000
0.000
0.000
0.000
0.000
0.000
0.000
0.000
0.000
0.000
0.000
0.000
0.000
0.000
0.000
0.000
0.000
0.000
0.000
0.000
0.000
0.000
0.000
0.000
0.000
0.000
0.000
0.000
0.000
0.000
0.000
0.000
0.000
0.000
0.000
0.000
0.000
0.000
0.000
0.000
0.000
0.000
0.000
0.000
0.000
0.000
0.000
0.000
0.000
0.000
0.000
0.000
0.000
0.000
0.000
0.000
0.000
0.000
0.000
0.000
0.000
0.000
0.000
0.000
0.000
0.000
0.000
0.038
0.000
0.000
0.000
0.000
0.000
0.000
0.000
0.000
0.000
0.000
0.000
0.000
0.000
0.000
0.000
0.000
0.000
0.000
0.000
0.000
0.000
0.000
0.000
0.000
0.000
0.000
0.000
0.000
0.000
0.000
0.000
0.000
0.000
0.000
0.000
0.000
0.000
0.000
0.000
0.000
0.000
0.000
0.000
0.000
0.000
0.000
0.000
0.000
0.000
0.000
0.000
0.000
0.000
0.000
0.000
0.000
0.000
0.000
0.000
0.000
0.000
0.000
0.000
0.000
0.000
0.000
0.000
0.000
0.000
0.000
0.000
0.000
0.000
0.000
0.000
0.000
0.000
0.000
0.000
0.000
0.000
0.000
0.000
0.000
0.000
0.000
0.000
0.000
0.000
0.000
0.000
0.000
0.000
0.000
0.000
0.000
0.000
0.000
0.000
0.000
0.000
0.000
0.000
0.000
0.000
0.000
0.000
0.000
0.000
0.000
0.000
0.000
0.000
0.000
0.000
0.000
0.000
0.000
0.000
0.000
0.000
0.000
0.000
0.000
0.000
0.000
0.000
0.000
0.000
0.000
0.000
0.000
0.000
0.000
0.000
0.000
0.000
0.000
0.000
0.000
0.000
0.000
0.000
0.000
0.000
0.000
0.000
0.000
0.000
0.000
1.945
0.124
0.000
1.272
7.920
0.791
0.000
0.000
0.000
0.000
0.000
0.000
0.021
0.000
0.048
0.000
0.000
0.000
0.000
0.522
0.039
0.185
1.847
0.515
0.093
0.000
0.000
0.000
0.000
0.879
0.870
3.716
7.460
9.096
8.487
13.554
6.545
0.578
3.201
0.328
6.662
10.130
6.789
0.117
0.585
0.434
0.522
2.456
7.829
13.817
10.976
23.942
31.654
0.786
3.219
4.293
0.409
1.371
8.773
108.390
30.872
3.032
17.983
14.993
2.470
16.373
5.177
10.382
7.790
7.783
6.444
1.384
9.788
8.628
1.844
2.123
2.530
5.881
0.130
1.088
14.962
0.110
0.103
0.704
17.671
13.221
2.750
9.055
6.456
20.421
2.410
1.138
0.306
2.304
0.481
6.303
5.922
4.425
31.641
24.551
3.969
1.943
5.023
14.505
8.260
1.485
0.110
0.003
0.000
0.000
0.000
0.000
0.000
0.000
0.000
0.000
0.000
0.000
0.000
0.000
0.000
0.000
0.000
0.000
0.000
0.000
0.000
0.000
0.000
0.000
0.000
6.103
0.053
0.000
0.000
0.000
0.000
0.021
0.010
0.000
0.000
0.000
0.000
0.000
0.000
0.000
0.000
0.000
0.000
0.000
0.000
0.000
0.000
0.000
0.000
0.000
0.000
0.000
0.000
0.134
1.202
0.419
1.088
3.244
1.895
0.041
2.328
8.738
0.000
0.000
0.000
0.000
6.540
13.079
15.710
0.158
0.000
0.000
0.000
0.000
0.000
0.000
0.000
0.000
0.000
0.000
0.000
0.000
0.000
0.000
0.000
0.000
0.000
0.000
0.000
0.000
0.000
0.000
0.000
0.000
0.000
0.000
0.000
0.000
0.000
0.000
0.000
0.000
0.546
0.769
0.010
0.000
0.000
0.000
0.000
0.000
0.000
0.000
0.000
0.000
0.000
0.000
0.000
0.000
0.000
0.000
0.000
0.000
0.000
0.000
0.000
0.000
0.000
0.000
0.000
0.000
0.000
0.000
0.000
0.003
0.000
0.000
0.000
0.000
0.000
0.002
0.000
0.000
0.000
0.000
0.000
0.000
0.000
0.002
0.002
0.000
0.000
0.120
0.000
0.000
0.000
0.000
0.000
0.000
0.000
0.000
0.000
0.000
0.000
0.000
0.000
0.000
0.002
0.000
0.000
0.000
0.000
0.000
0.000
0.000
0.000
0.002
0.000
0.002
0.002
0.000
0.000
0.000
0.000
0.000
0.000
0.000
0.000
0.000
0.002
0.002
0.000
0.002
0.000
0.000
0.000
0.002
0.000
0.000
0.000
0.000
0.000
0.000
0.000
0.000
0.000
0.000
0.000
0.000
0.002
0.000
0.000
0.000
0.000
0.000
0.000
0.000
0.000
0.000
0.002
0.000
0.000
0.000
0.000
0.000
0.000
0.000
0.089
0.000
0.000
0.000
0.000
0.000
0.000
0.000
0.000
0.000
0.000
0.000
0.000
0.000
0.000
0.000
0.027
0.000
0.000
0.000
0.027
0.003
0.000
0.000
0.000
0.000
0.000
0.000
0.000
0.000
0.000
0.000
0.000
0.000
0.000
0.000
0.000
0.000
0.000
0.000
0.419
0.179
0.694
0.271
0.134
0.659
0.000
0.019
0.735
2.702
0.302
0.000
0.290
0.220
0.611
0.041
2.333
25.238
77.337
0.000
1.251
0.700
0.731
2.139
0.340
1.102
83.719
48.623
42.095
100.401
114.718
9.307
2.149
1.037
10.837
4.020
7.490
27.545
14.162
2.633
0.026
0.172
1.693
12.085
1.735
8.861
5.898
13.953
14.516
7.737
9.232
17.602
13.290
0.429
21.296
6.887
1.445
1.511
0.038
39.355
72.257
26.542
67.559
10.670
23.569
8.813
33.793
16.085
2.726
0.209
4.199
9.229
18.651
10.434
12.160
3.196
11.120
4.429
25.389
25.354
35.204
39.918
36.260
39.616
28.671
17.461
21.305
56.586
17.904
21.662
3.365
14.924
8.552
16.425
37.089
2.008
0.007
8.058
5.593
30.260
2.099
2.127
3.241
0.218
1.250
1.916
1.291
2.362
1.178
0.034
0.000
0.134
0.000
0.002
0.000
0.002
0.000
0.000
0.000
0.000
0.748
0.000
0.000
0.000
0.000
0.000
0.000
0.000
0.002
0.000
0.000
0.000
0.000
0.000
0.000
0.000
0.000
0.000
0.000
0.000
0.000
0.002
0.000
0.000
0.000
0.002
0.000
0.000
0.000
0.000
0.000
0.000
0.000
0.000
0.000
0.000
0.000
0.000
0.000
0.000
0.000
0.000
0.000
0.000
0.000
0.000
0.000
0.000
0.000
0.002
0.000
0.000
0.000
0.000
0.000
0.000
0.000
0.000
0.000
0.000
0.000
0.000
0.000
0.002
0.000
0.000
0.000
0.000
0.000
0.000
0.000
0.000
0.000
0.000
0.000
0.000
0.000
0.000
0.000
0.000
0.000
0.000
0.000
0.000
0.000
0.000
0.000
0.000
0.000
0.000
0.000
0.000
0.000
0.003
0.000
0.000
0.000
0.000
0.000
0.000
0.146
0.000
0.000
0.002
0.000
0.000
0.000
0.000
0.000
0.000
0.000
0.000
0.003
0.000
0.000
0.000
0.000
0.000
0.000
0.000
0.000
0.000
0.000
0.000
0.000
0.000
0.000
0.000
0.000
0.000
0.000
0.002
0.000
0.000
0.000
0.000
0.000
0.000
0.000
0.000
0.000
0.000
0.000
0.000
0.002
0.000
0.000
0.000
0.000
0.000
0.000
0.000
0.000
0.000
0.000
0.000
0.000
0.000
0.000
0.000
0.000
0.002
0.000
0.000
0.000
0.000
0.000
0.000
0.000
0.000
0.000
0.000
0.000
0.000
0.000
0.000
0.000
0.000
0.000
0.000
0.000
0.000
0.000
0.000
0.000
0.000
0.000
0.000
0.000
0.000
0.000
0.000
0.000
0.000
0.000
6.154
0.000
0.000
0.000
0.000
0.000
0.000
0.000
0.000
0.000
0.000
0.000
0.000
0.000
0.000
0.000
0.000
0.000
0.000
0.000
0.002
0.000
0.000
0.000
0.000
0.000
0.000
0.000
0.000
0.000
0.000
0.000
0.000
0.000
0.000
0.000
0.000
0.000
0.000
0.000
0.000
0.000
0.000
0.000
0.000
0.000
0.000
0.000
0.000
0.000
0.000
0.000
0.783
0.278
2.225
5.572
3.938
0.007
0.007
0.000
0.000
0.000
0.000
0.000
0.000
0.000
0.000
0.003
0.034
0.027
0.000
0.000
0.687
7.915
0.093
2.290
10.325
0.506
2.259
7.675
12.267
24.843
116.321
11.882
76.451
4.954
1.598
5.054
13.549
3.471
3.595
1.109
0.488
1.181
0.024
1.943
4.175
0.443
0.378
0.014
3.468
4.910
4.151
6.331
28.887
4.885
1.301
5.013
8.629
12.440
16.481
1.106
7.002
9.774
6.951
1.260
12.222
1.785
41.643
5.181
3.601
1.765
19.494
14.914
12.887
18.879
26.625
11.584
2.467
4.855
13.724
17.527
11.112
17.015
33.515
20.819
26.213
33.045
14.282
25.387
50.099
34.181
11.412
15.103
13.424
3.363
11.742
17.424
1.840
0.652
3.402
4.340
2.221
3.643
10.736
11.496
6.376
0.395
0.223
0.000
0.000
0.000
0.000
0.000
0.000
0.000
0.000
0.065
0.000
0.566
0.096
0.000
0.000
0.000
0.000
0.000
0.000
0.000
0.000
0.000
0.000
0.000
0.000
0.000
0.000
0.000
0.000
0.002
0.000
0.000
0.000
0.000
0.000
0.002
0.000
0.000
0.000
0.000
0.000
0.000
0.000
0.000
0.000
0.000
0.002
0.000
0.000
0.000
0.000
0.000
0.002
0.000
0.000
0.000
0.000
0.000
0.002
0.000
0.000
0.000
0.000
0.000
0.000
0.000
0.000
0.000
0.000
0.003
0.000
0.000
0.000
0.000
0.000
0.000
0.000
0.000
0.000
0.002
0.000
0.000
0.000
0.000
0.000
0.000
0.000
0.000
0.000
0.000
0.000
0.000
0.002
0.000
0.000
0.000
0.000
0.000
0.000
0.000
0.000
0.000
0.000
0.000
0.000
0.000
0.000
0.000
0.000
0.000
0.000
0.000
0.000
0.000
0.160
0.337
0.000
0.000
0.000
0.002
0.000
0.000
0.002
0.000
0.000
0.000
0.000
0.000
0.000
0.000
0.000
0.000
0.230
1.229
0.000
0.000
0.000
0.000
0.000
0.000
0.000
0.000
0.096
0.031
0.312
0.000
0.000
0.000
0.000
0.000
0.000
0.000
0.003
0.000
0.000
0.000
0.000
0.000
0.000
0.000
0.000
0.000
0.000
0.000
0.000
0.000
0.000
0.000
0.002
0.002
0.000
0.000
0.000
0.000
0.000
0.000
0.000
0.000
0.000
0.002
0.000
0.000
0.000
0.000
0.000
0.000
0.000
0.000
0.000
0.000
0.000
0.000
0.000
0.000
0.000
0.000
0.261
0.024
0.000
0.000
0.000
0.000
0.000
0.000
0.000
0.000
0.000
0.168
0.683
0.003
0.103
0.000
0.000
0.000
0.000
0.000
0.000
0.000
0.003
0.000
0.000
0.000
0.000
0.000
0.000
0.000
0.000
0.000
0.000
0.000
0.000
0.000
0.000
0.000
0.000
0.000
0.000
0.000
0.000
0.000
0.000
0.002
0.000
0.000
0.000
0.000
0.000
0.000
0.000
0.000
0.065
1.481
0.000
1.037
0.058
0.951
5.877
5.464
1.536
0.000
17.751
14.413
0.637
0.130
0.163
12.936
116.380
4.429
0.182
0.077
0.015
0.000
0.051
0.513
1.569
0.493
0.000
0.784
1.511
4.460
1.023
0.668
5.545
6.513
5.205
35.299
41.446
34.837
15.484
10.609
20.649
14.485
12.202
20.208
5.891
21.593
125.024
18.550
8.844
7.793
87.393
0.996
13.977
46.735
18.965
29.749
74.968
14.236
11.422
2.839
14.497
25.193
6.345
9.472
2.341
3.718
25.214
15.271
26.992
37.723
12.082
9.819
79.242
77.612
19.847
1.960
11.220
11.251
0.601
1.390
2.041
1.075
2.328
6.121
6.224
7.256
0.415
0.731
1.590
0.141
0.455
2.273
1.433
0.306
1.699
0.180
0.930
8.247
7.031
0.311
0.005
0.000
0.443
0.347
5.919
0.124
0.954
11.354
2.108
0.003
0.002
3.413
16.943
20.088
27.205
13.527
30.696
16.627
67.727
31.038
11.793
9.843
6.472
6.866
0.093
0.120
5.823
22.278
13.678
7.491
5.548
0.821
0.076
0.000
0.000
0.000
0.000
0.000
0.000
0.000
0.000
0.000
0.000
0.000
0.000
0.000
0.000
0.000
0.002
0.000
0.000
0.000
0.000
0.000
0.000
0.000
0.000
0.000
0.000
0.000
0.000
0.000
0.001
0.000
0.000
0.000
0.000
0.000
0.000
0.000
0.000
0.000
0.000
0.000
0.000
0.000
0.000
0.000
0.000
0.000
0.000
0.000
0.000
0.002
0.000
0.000
0.000
0.000
0.000
0.002
0.000
0.000
0.000
0.000
0.000
0.003
0.002
0.000
0.000
0.002
0.000
0.000
0.000
0.000
0.000
0.000
0.000
0.000
0.002
0.000
0.000
0.000
0.000
0.000
0.000
0.000
0.000
0.000
0.000
0.000
0.000
0.000
0.000
0.000
0.000
0.000
0.000
0.000
0.000
0.000
0.000
0.000
0.000
3.117
0.201
0.000
0.002
0.000
0.000
0.000
0.000
0.000
0.000
0.000
0.000
0.000
0.000
0.000
0.000
0.000
0.000
0.000
0.000
0.000
0.000
0.000
0.000
0.000
0.000
0.000
0.000
0.000
0.000
0.000
0.000
0.000
0.000
0.000
0.000
0.000
0.000
0.000
0.002
0.000
0.000
0.002
0.000
0.000
0.000
0.000
0.000
0.003
0.000
0.000
0.000
0.000
0.000
0.000
0.000
0.000
0.000
0.000
0.000
0.002
0.000
0.000
0.000
0.000
0.000
0.000
0.000
0.000
0.000
0.000
0.000
0.000
0.003
0.002
0.000
0.000
0.000
0.000
0.000
0.000
0.000
0.000
0.000
0.000
0.000
0.000
0.000
1.471
0.591
0.041
0.000
0.000
0.000
0.000
0.000
0.000
0.000
0.000
0.000
0.003
0.000
0.000
0.000
0.000
0.000
0.000
0.002
0.000
0.000
0.010
0.000
0.000
0.000
0.000
0.378
0.127
0.000
0.000
0.000
0.000
0.000
0.000
0.000
0.000
0.000
0.000
0.000
0.000
0.000
0.000
0.002
0.000
0.003
0.000
0.000
0.002
0.000
0.000
0.000
0.000
0.975
0.089
0.003
0.728
0.051
0.003
0.000
0.000
0.151
0.000
0.000
0.000
0.000
0.000
0.000
0.000
0.000
0.000
0.002
0.000
0.000
0.515
1.198
0.000
0.002
0.000
0.000
0.000
0.000
0.415
0.680
0.254
7.648
16.991
0.989
8.430
12.748
6.973
22.985
3.962
0.244
4.820
6.614
59.203
52.230
26.305
25.339
151.038
40.201
30.363
9.469
