20000101
0.000
0.000
0.000
0.000
0.000
0.000
0.000
0.000
0.000
0.000
0.000
0.000
0.000
0.000
0.000
0.000
0.000
0.000
0.000
0.000
0.000
0.000
0.000
0.000
0.000
0.000
0.000
0.000
0.000
0.000
0.000
0.000
0.000
0.000
0.051
0.551
0.000
0.000
0.000
0.000
0.000
0.000
0.000
0.000
0.000
0.000
0.000
0.000
0.000
0.000
0.000
0.000
0.000
0.000
0.007
0.000
0.000
0.000
0.000
0.000
0.000
0.000
0.000
0.000
0.000
0.000
0.000
0.000
0.000
0.000
0.000
0.000
0.000
0.000
0.000
0.000
0.000
0.000
0.000
0.000
0.000
0.000
0.000
0.000
0.000
0.000
0.000
0.000
0.000
0.000
0.000
0.000
0.000
0.000
0.000
0.000
0.000
0.000
0.000
0.000
0.000
0.000
0.000
0.000
0.000
0.000
0.000
0.000
0.000
0.000
0.000
0.000
0.007
0.007
0.000
0.000
0.000
0.000
0.000
0.000
0.000
0.000
0.000
0.000
0.000
0.000
0.597
0.051
0.000
0.000
0.000
0.251
1.627
8.727
0.889
0.039
0.745
3.931
6.767
2.067
0.120
0.017
0.000
0.000
0.000
0.000
0.000
0.000
0.000
0.000
0.000
0.000
0.034
0.117
0.000
0.113
0.369
0.034
0.000
0.000
0.000
0.000
0.000
0.079
1.078
2.002
0.735
0.182
0.007
0.000
0.000
0.000
0.000
0.000
0.000
0.302
0.096
0.000
0.000
0.000
0.470
0.930
2.436
34.923
3.845
12.285
1.710
2.800
0.525
1.241
0.332
14.484
5.811
2.148
12.149
14.556
71.791
14.965
15.078
0.954
0.000
10.714
15.216
4.028
0.869
0.000
0.000
0.000
0.000
0.000
0.244
0.032
0.108
0.014
0.000
0.113
0.000
0.000
0.000
0.000
0.108
0.053
0.329
0.302
26.228
19.179
23.804
3.818
1.213
2.714
0.197
2.522
41.716
6.457
25.940
1.577
10.703
0.343
1.681
15.320
23.334
6.931
0.484
1.184
1.169
0.288
0.039
0.816
8.467
0.391
0.000
0.117
0.000
0.000
0.000
0.000
0.000
0.000
0.000
0.000
0.000
0.000
0.000
0.000
0.000
0.000
0.000
0.000
0.127
0.000
0.000
0.000
0.000
0.000
0.000
0.000
0.000
0.000
0.000
0.000
0.000
0.000
0.000
0.331
0.129
0.070
0.000
0.000
0.000
0.000
0.000
0.000
0.000
0.000
0.000
0.000
0.000
0.000
0.000
0.000
0.000
0.000
0.000
0.000
0.000
0.000
0.000
0.000
0.000
0.000
0.000
0.000
0.000
0.000
0.000
0.000
0.000
0.000
0.000
0.000
0.000
0.000
0.000
0.000
0.000
0.000
0.000
0.000
0.000
0.000
0.000
0.000
0.000
0.000
0.000
0.000
0.000
0.000
0.000
0.000
0.000
0.000
0.000
0.000
0.000
0.000
0.000
0.000
0.000
0.000
0.000
0.000
0.000
0.000
0.000
0.000
0.000
0.000
0.000
0.000
0.000
0.000
0.000
0.000
2.580
0.470
0.000
0.000
0.000
0.000
0.000
0.000
0.000
0.000
0.000
0.000
0.000
0.000
0.000
0.000
0.000
0.000
0.000
0.000
0.000
0.000
0.000
0.000
0.000
0.000
0.000
0.000
0.000
0.000
0.000
0.000
0.000
0.000
0.000
0.000
0.000
0.000
0.000
0.000
0.000
0.000
0.000
0.000
0.000
0.000
0.000
0.000
0.000
0.000
0.000
0.000
0.000
0.000
0.000
0.000
0.000
0.000
0.000
0.000
0.000
0.000
0.000
0.000
0.000
0.000
0.000
0.000
0.000
0.000
0.000
0.000
0.000
0.000
0.000
0.000
0.000
0.000
0.000
0.000
0.000
0.000
0.000
0.000
0.000
0.000
0.000
0.000
0.000
0.000
0.000
0.000
0.000
0.000
0.000
0.000
0.000
0.000
0.000
0.000
0.000
0.000
0.000
0.000
0.014
0.000
0.000
0.014
1.111
0.064
0.003
0.000
0.000
0.000
0.000
0.000
0.000
0.000
0.000
0.000
0.000
0.000
0.000
0.000
0.000
0.000
0.000
0.000
0.000
0.000
0.000
0.000
0.000
0.000
0.000
0.000
0.000
0.000
0.007
5.215
3.280
0.045
0.050
0.070
0.000
0.024
0.591
0.106
0.003
0.000
0.017
11.292
5.330
0.168
0.000
0.175
0.427
0.513
2.960
0.113
1.245
0.239
1.603
29.902
44.908
65.197
29.356
22.573
34.447
14.102
20.214
8.389
0.105
0.000
0.000
0.014
0.058
0.716
0.773
0.332
0.752
4.612
0.697
1.130
6.954
33.925
46.304
39.422
1.384
2.489
21.780
23.950
20.720
82.020
25.433
14.754
4.899
5.074
5.287
5.325
2.941
0.323
20.948
18.972
18.878
41.367
14.025
18.651
6.566
6.949
12.236
8.116
6.444
16.418
4.666
0.046
0.240
4.776
20.599
4.405
21.145
19.080
18.692
28.827
32.633
16.358
42.432
18.103
25.005
88.006
85.800
3.408
0.000
0.000
2.908
0.463
1.590
8.340
2.844
0.039
0.000
0.000
0.082
0.065
0.000
0.000
0.000
0.000
0.235
0.017
0.515
4.400
5.302
0.043
0.000
0.000
0.088
0.227
0.043
0.060
0.000
0.000
0.000
0.000
0.007
0.000
0.000
0.000
0.000
0.000
0.000
0.000
0.000
0.000
0.000
0.000
0.007
2.467
1.068
0.000
0.000
0.000
0.000
0.000
7.665
23.192
22.041
19.805
0.923
0.000
0.000
0.000
0.000
0.000
0.000
0.000
0.000
0.000
0.000
0.000
0.000
0.000
0.000
0.000
0.000
0.000
0.000
0.000
0.000
0.000
0.000
0.000
0.000
0.000
0.000
0.000
0.000
0.000
0.000
0.000
0.000
0.000
0.000
0.000
0.000
0.000
0.000
0.000
0.000
0.000
0.000
0.000
0.000
0.000
0.000
0.000
0.000
0.000
0.000
0.000
0.000
0.000
0.000
0.000
0.000
0.000
0.000
0.000
0.000
0.000
0.000
0.000
0.000
0.000
0.000
0.000
0.000
0.000
0.000
0.000
0.000
0.000
0.000
0.000
0.000
0.000
0.000
0.000
0.000
0.000
0.000
0.000
0.000
0.000
0.000
0.000
0.000
0.000
0.000
0.000
0.000
0.082
0.007
0.000
0.021
0.000
0.000
0.000
0.000
0.000
0.000
0.000
0.000
0.000
0.000
0.000
0.000
0.000
0.000
0.000
0.000
0.000
0.000
0.000
0.000
0.000
0.000
3.261
4.367
0.000
0.000
0.000
0.000
0.000
0.000
0.000
0.000
0.000
0.000
0.000
0.000
0.000
0.000
0.000
0.000
0.000
0.000
0.000
0.000
0.000
0.000
0.000
0.000
0.000
0.000
0.000
0.000
0.000
0.000
0.010
0.021
0.000
0.000
0.000
0.000
0.000
0.000
0.000
0.000
0.000
0.000
0.000
0.000
0.000
0.000
0.000
0.000
0.000
0.000
0.000
0.000
0.000
0.000
0.021
0.000
0.000
0.000
0.000
0.000
0.000
0.000
0.000
0.000
0.000
0.000
0.021
0.148
0.000
0.000
0.000
0.000
0.000
0.000
0.000
0.000
0.000
0.000
0.000
0.000
0.000
0.000
0.000
0.000
0.000
0.000
0.000
0.000
0.000
0.000
0.000
0.000
0.000
0.000
0.000
0.000
0.000
0.000
0.000
0.000
0.000
0.000
0.000
0.000
0.000
0.000
0.064
0.098
0.124
0.014
0.189
0.179
0.034
0.003
0.000
0.000
0.000
0.000
0.000
0.000
0.048
0.628
4.812
4.381
9.668
2.415
4.226
3.365
12.988
6.990
0.275
0.024
0.000
0.364
5.785
9.761
33.780
84.612
25.502
0.238
0.036
1.008
0.306
0.000
0.069
0.162
0.017
0.000
0.007
0.000
0.000
0.516
1.723
0.463
0.764
0.062
10.298
2.008
6.067
1.112
2.322
2.842
2.841
3.727
1.612
0.209
0.000
0.000
0.000
0.000
0.000
2.510
0.021
0.845
16.909
17.784
39.079
28.959
40.490
0.546
0.206
3.787
5.912
4.101
1.517
0.591
7.378
0.985
0.103
0.000
0.000
0.623
12.579
37.870
5.497
3.238
1.033
0.803
0.082
4.170
26.836
20.834
27.254
26.512
9.474
0.319
0.029
0.000
0.000
0.000
0.000
0.000
0.000
0.000
0.000
0.000
0.000
0.000
0.000
0.000
0.000
0.000
0.000
0.000
0.000
0.328
0.279
0.046
0.000
0.000
0.000
0.000
0.000
0.000
0.000
0.000
0.000
0.000
0.000
0.000
0.000
0.000
0.000
0.000
0.000
0.000
0.000
0.000
0.000
0.000
0.000
0.000
0.000
0.000
0.000
0.000
0.000
0.000
0.000
0.000
0.000
0.000
0.000
0.000
0.000
0.000
0.000
0.069
0.003
0.000
0.000
0.000
0.051
0.000
0.000
0.000
0.000
0.000
0.000
0.000
0.000
0.000
0.000
0.000
0.000
0.000
0.000
0.000
0.000
0.000
0.000
0.000
0.000
0.000
0.000
0.000
0.000
0.000
0.000
0.000
0.000
0.000
0.000
0.000
0.000
0.000
0.000
0.000
0.000
0.000
0.000
0.000
0.000
0.000
0.000
0.000
0.000
0.000
0.000
0.000
0.000
1.540
1.023
0.000
0.000
0.000
0.000
0.000
0.000
0.000
0.000
0.000
0.000
0.000
0.000
0.000
0.000
0.000
0.000
0.000
0.000
0.000
0.000
0.000
0.000
0.000
0.000
0.000
0.000
0.124
0.014
0.000
0.000
4.137
0.330
0.000
0.000
0.000
0.000
0.000
0.000
0.000
0.000
0.000
0.000
0.000
0.000
0.000
0.000
0.000
1.102
12.828
0.051
0.000
0.000
0.000
0.000
0.000
0.000
0.000
0.000
0.000
0.000
0.000
0.000
0.000
0.000
0.000
0.000
0.000
0.000
0.000
0.000
0.000
0.000
0.000
0.000
0.000
0.000
0.000
0.000
0.000
0.000
0.000
0.000
0.000
0.000
0.000
0.000
0.000
0.000
0.000
0.000
0.000
0.000
0.000
0.000
0.000
0.000
0.000
0.000
0.000
0.000
0.000
0.000
0.000
0.000
0.000
0.000
0.000
0.000
0.000
0.000
0.000
0.000
0.000
0.000
0.000
0.000
0.000
0.000
0.000
0.000
0.000
0.000
0.000
0.000
0.000
0.000
0.000
0.000
0.000
0.000
0.000
0.000
0.000
0.000
0.000
0.000
0.000
0.000
0.000
0.000
0.000
0.000
0.000
0.000
0.000
0.000
0.000
0.000
0.000
0.000
0.000
0.000
0.000
0.000
0.000
0.000
0.000
0.000
0.000
0.000
0.000
0.014
0.014
0.000
0.000
1.052
13.905
2.565
80.202
30.889
9.342
0.663
5.733
0.834
1.150
8.381
1.748
0.000
12.197
6.836
0.731
1.114
1.275
15.053
22.616
53.243
34.468
30.192
14.717
19.163
12.027
3.484
6.702
15.755
16.612
18.071
56.476
20.889
12.560
28.487
18.787
11.450
1.560
21.284
46.352
17.122
2.961
14.890
21.771
14.850
2.237
2.120
4.450
4.590
7.402
24.179
30.164
8.641
12.559
17.509
28.695
26.474
5.988
5.888
9.290
3.838
6.695
0.103
0.000
0.062
0.185
0.156
6.104
5.685
2.232
19.844
27.253
4.532
11.405
17.389
12.818
161.715
32.214
3.991
3.562
6.206
1.711
1.196
4.135
1.570
0.151
0.036
3.298
0.817
0.000
0.000
4.377
1.009
0.360
2.815
6.319
2.117
0.024
8.068
4.448
0.321
1.358
0.850
0.115
0.003
0.000
0.031
0.003
0.645
0.120
0.209
0.000
0.000
0.000
0.000
0.000
0.000
0.000
0.000
0.000
0.000
0.000
0.000
0.000
0.000
0.000
0.000
0.000
0.000
0.000
0.000
0.000
0.000
0.000
0.000
0.000
0.000
0.000
0.000
0.000
0.000
0.000
0.000
0.000
0.000
0.000
0.000
0.000
0.000
0.000
0.000
0.000
0.000
0.000
0.000
0.000
0.000
0.000
0.000
0.000
0.000
0.000
0.000
0.000
0.000
0.000
0.000
0.000
0.000
0.000
0.000
0.000
0.000
0.000
0.000
0.000
0.000
0.000
0.000
0.000
0.000
0.000
0.000
0.000
0.000
0.000
0.000
0.000
0.000
0.000
0.000
0.000
0.000
0.000
0.000
0.000
0.000
0.000
0.000
0.000
0.000
0.000
0.000
0.000
0.000
0.127
0.007
0.000
0.000
0.000
0.000
0.000
0.000
0.000
0.000
0.000
0.000
0.000
0.000
0.000
0.055
0.000
0.000
0.000
0.000
0.000
0.000
0.000
0.000
0.000
0.000
0.000
0.000
0.000
0.000
0.000
0.000
0.000
0.000
0.000
0.000
0.000
0.000
0.000
0.000
0.000
0.000
0.000
0.000
0.000
0.000
0.000
0.000
0.000
0.000
0.000
0.000
0.000
0.000
0.000
0.000
0.000
0.000
0.000
0.000
0.000
0.000
0.000
0.000
0.000
0.000
0.000
0.000
0.000
0.000
0.000
0.000
0.000
0.000
0.000
0.000
0.000
0.000
0.000
0.000
0.000
0.000
0.000
0.000
0.000
0.000
0.000
0.000
0.000
0.000
0.000
0.000
0.000
0.000
0.000
0.000
0.000
0.000
0.000
0.000
0.000
0.000
0.000
0.000
0.000
0.000
0.000
0.000
0.000
0.000
0.000
0.000
0.000
0.000
0.000
0.000
0.000
0.000
0.000
0.000
0.000
0.000
0.000
0.395
2.942
1.923
7.486
2.688
17.369
0.000
0.000
0.000
0.000
0.000
0.000
0.000
0.000
0.000
0.000
0.000
0.000
0.000
0.000
0.000
0.000
0.000
0.000
0.000
0.000
0.000
0.000
0.000
0.000
0.000
0.096
3.440
0.551
0.024
0.000
0.000
3.522
4.755
0.996
1.303
0.422
0.000
0.000
0.000
0.000
0.000
1.205
0.839
0.642
3.553
17.128
9.877
6.860
1.064
0.292
0.010
0.000
3.212
0.812
0.014
1.663
6.933
0.101
0.010
0.065
0.000
0.000
0.038
0.203
2.839
1.360
3.519
0.388
0.000
0.000
0.024
0.027
0.003
0.000
0.000
0.189
0.256
4.873
0.076
5.059
0.741
3.601
0.230
0.203
5.542
16.706
44.205
3.402
6.635
5.456
27.870
11.094
21.316
5.842
4.482
8.035
0.421
8.482
0.927
4.092
19.148
3.423
0.074
0.961
0.003
0.000
0.000
0.000
0.000
0.000
0.041
0.391
0.043
0.055
0.000
0.000
0.000
0.000
0.000
0.000
0.000
0.007
0.000
0.541
0.925
4.765
1.825
22.207
13.348
0.154
0.135
0.090
0.027
0.388
4.456
2.043
0.007
0.637
5.596
42.692
4.647
18.352
7.335
28.808
19.530
7.680
0.000
0.000
1.938
0.708
0.000
0.000
0.000
0.000
0.000
0.000
0.000
0.000
0.000
0.000
0.000
0.000
0.000
0.000
0.000
0.000
0.000
0.000
0.000
0.000
0.000
0.000
0.000
0.000
0.000
0.000
0.000
0.000
0.000
0.000
0.000
0.000
0.000
0.000
0.000
0.000
0.000
0.000
0.000
0.000
0.000
0.000
0.000
0.000
0.000
0.000
0.000
0.000
0.000
0.000
0.000
0.000
0.000
0.000
0.000
0.000
0.000
0.000
0.000
0.000
0.000
0.000
0.000
0.000
0.000
0.000
0.000
0.000
0.000
0.000
0.000
0.000
0.000
0.000
0.000
0.000
0.000
0.000
0.000
0.000
0.000
0.112
0.000
0.000
0.000
0.000
0.000
0.000
0.000
0.000
0.000
0.000
0.000
0.000
0.000
0.000
0.000
0.000
0.000
0.000
0.000
0.000
0.000
0.000
0.000
0.000
0.000
0.000
0.000
0.000
0.000
0.429
0.154
0.000
0.000
0.000
0.000
0.000
0.000
0.000
0.000
0.000
0.000
0.000
0.000
0.000
0.000
0.000
0.000
0.000
0.000
0.000
0.000
0.000
0.000
0.000
0.000
0.000
0.000
0.000
0.000
0.000
0.000
0.000
0.000
0.000
0.000
0.000
0.038
0.000
0.000
0.000
0.000
0.000
0.000
0.000
0.000
0.000
0.000
0.000
0.000
0.000
0.000
0.000
0.000
0.000
0.000
0.000
0.000
0.000
0.000
0.000
0.000
0.000
0.000
0.000
0.000
0.000
0.000
0.000
0.000
0.000
0.000
0.000
0.000
0.000
0.000
0.000
0.000
0.000
0.000
0.000
0.000
0.000
0.000
0.000
0.000
0.000
0.000
0.403
0.779
0.738
0.021
0.000
0.000
0.000
0.000
0.000
0.000
0.000
0.000
0.000
0.000
0.000
0.000
0.000
0.000
0.000
0.000
0.000
0.000
0.000
0.000
0.000
0.000
0.000
0.000
0.000
0.082
0.007
0.000
0.000
0.000
0.000
0.000
0.000
0.000
0.000
0.000
0.000
0.000
0.000
0.000
0.000
0.212
6.159
55.438
0.000
0.000
0.000
0.000
0.000
0.000
2.077
0.000
0.907
0.230
2.995
3.814
0.000
11.677
1.543
1.329
15.797
18.541
16.482
18.835
10.034
10.825
10.190
1.349
7.931
5.649
0.039
12.386
9.546
7.721
11.385
2.729
3.154
16.957
1.693
0.000
0.000
0.000
0.000
0.000
0.132
7.979
10.349
29.347
4.562
1.847
13.422
15.431
16.117
4.486
9.647
4.295
1.650
1.739
1.603
0.546
2.788
0.000
0.014
0.017
1.497
0.000
0.227
0.896
0.978
2.915
4.255
4.805
0.776
1.181
0.264
0.000
0.041
0.045
0.034
0.000
1.030
0.130
0.014
0.000
0.000
0.000
0.000
0.336
0.159
0.561
4.837
3.059
2.647
17.855
7.173
31.158
36.146
32.236
16.670
27.637
7.601
15.851
0.639
3.763
7.299
40.682
0.247
2.623
0.630
1.818
0.129
0.116
0.029
0.000
0.000
0.000
0.000
0.000
0.000
0.000
0.000
0.000
0.000
0.000
0.000
0.000
0.000
0.000
0.000
0.000
0.000
0.000
0.000
0.000
0.000
0.000
0.000
0.000
0.000
0.000
0.000
0.000
0.000
0.000
0.000
0.000
0.000
0.000
0.000
0.000
0.000
0.000
0.000
0.000
0.000
0.000
0.000
0.000
0.000
0.000
0.000
0.000
0.000
0.000
0.000
0.000
0.000
0.000
0.000
0.000
0.000
0.000
0.000
0.000
0.000
0.000
0.000
0.000
0.000
0.000
0.000
0.000
0.000
0.000
0.000
0.000
0.000
0.000
0.000
0.000
0.000
0.000
0.000
0.000
0.000
0.000
0.000
0.000
0.000
0.000
0.000
0.000
0.000
0.000
0.000
0.000
0.000
0.000
0.000
0.000
0.000
0.000
0.000
0.000
0.000
0.000
0.000
0.000
0.000
0.000
0.000
0.000
0.000
0.000
0.000
0.000
0.000
0.000
0.000
0.000
0.000
0.000
0.000
0.000
0.000
0.000
0.000
0.000
0.000
0.000
0.000
0.000
0.000
0.000
0.000
0.000
0.000
0.000
0.000
0.000
0.000
0.000
0.000
0.000
0.000
0.000
0.000
0.000
0.000
0.000
0.000
0.000
0.000
0.000
0.000
0.000
0.000
0.000
0.000
0.000
0.000
3.239
11.307
0.649
0.000
0.000
1.452
0.000
0.000
0.000
0.000
0.000
0.000
0.000
0.000
0.000
0.000
0.000
0.000
0.000
0.000
0.000
0.000
0.000
0.000
0.000
0.000
0.000
0.000
0.000
0.000
0.000
0.000
0.000
0.000
0.000
0.000
0.000
0.000
0.000
0.000
0.000
0.000
0.000
0.000
0.000
0.000
0.000
0.000
0.000
0.000
0.000
0.000
0.000
0.000
0.000
0.000
0.000
0.000
0.000
0.000
0.000
0.000
0.000
0.000
0.000
0.000
0.000
0.000
0.000
0.000
0.000
0.000
0.633
2.640
1.864
0.663
0.068
0.000
0.031
0.003
0.000
0.000
0.000
0.000
4.082
32.547
4.765
0.000
0.000
0.000
0.000
0.000
0.000
0.000
0.000
0.000
0.203
0.115
0.000
0.000
0.000
0.000
0.790
0.000
0.000
0.000
0.000
0.000
0.879
13.122
8.576
10.495
8.010
3.498
0.137
0.014
0.000
0.000
0.216
18.030
1.984
4.488
3.565
10.175
6.368
9.568
0.242
0.000
0.442
1.610
4.225
14.216
6.663
9.717
4.135
5.710
13.990
10.506
10.919
9.630
5.273
7.974
40.176
23.284
9.460
15.590
13.089
7.993
5.599
11.371
18.779
5.546
19.573
7.929
17.572
10.250
14.560
19.156
6.698
8.536
5.615
2.137
8.623
18.032
64.487
27.278
18.817
11.292
1.833
1.456
1.286
1.294
1.639
0.264
0.148
6.575
5.890
2.585
5.869
1.133
1.612
10.039
1.682
1.116
0.209
0.000
0.374
0.000
0.000
0.021
0.154
0.213
0.029
0.000
2.784
7.577
0.596
10.795
18.323
18.766
1.418
8.286
6.803
1.281
1.797
0.000
0.000
0.000
0.000
0.000
0.000
0.000
0.000
0.000
0.000
0.000
0.000
0.000
0.000
0.000
0.003
0.000
0.000
0.000
0.000
0.000
0.087
0.453
0.000
0.000
0.000
0.000
0.000
0.000
0.000
0.000
0.000
0.000
0.000
0.000
0.000
0.000
0.000
0.000
0.000
0.000
0.000
0.000
0.000
0.000
0.000
0.000
0.000
0.000
0.000
0.000
0.000
0.000
0.000
0.000
0.000
0.000
0.000
0.000
0.000
0.000
0.000
0.000
0.000
0.000
0.000
0.003
0.132
0.000
0.000
0.000
0.000
0.000
0.000
0.000
0.000
0.000
0.000
0.000
0.000
0.000
0.000
0.000
0.000
0.000
0.000
0.000
0.000
0.000
0.000
0.000
0.000
0.000
0.000
0.000
0.000
0.000
0.000
0.000
0.000
0.000
0.000
0.000
0.000
0.000
0.000
0.000
0.000
0.000
0.000
0.000
0.000
0.000
0.000
0.000
0.000
0.000
0.000
0.000
0.000
0.000
0.132
0.968
0.000
0.000
0.000
0.000
0.000
0.000
0.000
0.000
0.000
0.010
0.973
0.122
0.000
1.545
0.000
0.000
0.000
0.000
0.000
0.000
0.000
0.000
0.000
0.000
0.065
0.000
0.000
0.000
0.000
0.000
0.000
0.000
0.000
0.000
0.000
0.000
0.000
0.000
0.000
0.000
0.094
0.167
0.000
0.000
0.000
0.000
0.000
0.000
0.088
0.014
0.000
0.000
0.000
0.000
0.000
0.000
0.000
0.000
0.000
0.000
0.000
0.000
0.000
0.000
0.000
0.000
0.000
0.000
0.000
0.000
0.000
0.000
0.000
0.000
0.000
0.000
0.000
0.000
0.000
0.027
0.000
0.000
0.000
0.000
0.000
0.000
0.000
0.000
0.000
0.000
0.000
0.000
0.000
0.000
0.000
0.000
0.000
0.000
0.000
0.000
0.000
0.000
0.000
0.000
0.000
0.000
0.000
0.000
0.000
0.000
0.000
0.000
0.000
0.000
0.000
0.000
0.000
0.000
0.000
0.000
0.000
0.000
0.000
0.687
1.651
6.235
0.292
0.000
0.000
0.000
0.000
0.000
0.141
0.048
0.000
27.837
3.629
0.711
4.285
4.679
9.524
1.222
0.065
0.254
0.709
46.328
1.233
3.564
0.038
7.026
1.195
0.203
28.171
86.297
201.757
2.757
5.533
10.313
59.501
50.908
15.931
22.864
2.605
19.420
2.178
0.457
14.203
2.870
0.431
1.432
0.076
0.000
5.637
12.281
9.968
33.975
3.758
5.400
6.779
5.594
9.913
5.527
10.880
16.852
24.544
10.319
19.987
19.401
55.172
20.411
9.896
4.721
2.874
5.153
6.088
8.920
3.277
2.044
3.361
1.029
1.282
0.292
3.547
20.642
24.375
0.726
0.058
9.422
10.320
13.568
4.776
16.095
23.246
13.084
17.513
21.966
17.353
9.412
1.957
3.986
1.178
0.088
1.876
2.094
0.194
0.082
0.544
0.263
0.548
0.134
2.450
1.169
7.805
10.118
3.030
3.928
1.574
3.196
0.000
3.255
1.093
0.000
0.000
0.000
0.000
0.000
0.000
0.000
0.000
0.000
0.000
0.000
0.000
0.000
0.000
0.000
0.000
0.000
0.000
0.000
0.000
0.000
0.000
0.000
0.000
0.000
0.000
0.000
0.000
0.000
0.000
0.000
0.000
0.000
0.000
0.000
0.000
0.000
0.000
0.000
0.000
0.000
0.000
0.000
0.000
0.000
0.000
0.000
0.000
0.000
0.000
0.000
0.000
0.000
0.000
0.000
0.000
0.000
0.000
0.000
0.000
0.000
0.000
0.000
0.000
0.000
0.000
0.000
0.000
0.000
0.000
0.000
0.000
0.000
0.000
0.000
0.000
0.000
0.000
0.000
0.000
0.000
0.000
0.000
0.000
0.000
0.000
0.000
0.000
0.000
0.000
0.000
0.000
0.000
0.000
0.000
0.000
0.000
0.000
0.000
0.000
0.000
0.000
0.000
0.000
0.000
0.000
0.000
0.000
0.000
0.000
0.000
0.000
0.000
0.000
0.000
0.000
0.000
0.000
0.000
0.000
0.000
0.000
0.000
0.000
0.000
0.000
0.000
0.119
0.000
0.000
0.000
0.000
0.000
0.000
0.000
0.000
0.000
0.000
0.000
0.000
0.000
0.000
0.000
0.000
0.000
0.000
0.000
0.000
0.000
0.000
0.000
0.000
0.000
0.000
0.000
0.000
0.000
0.000
0.000
0.000
0.000
0.000
0.000
0.000
0.000
0.055
0.352
0.000
0.000
0.000
0.000
0.000
0.000
0.000
0.000
0.000
0.000
0.000
0.000
0.003
0.000
0.000
0.000
0.003
0.000
0.000
0.000
0.017
5.134
0.719
0.000
0.000
0.000
0.000
0.000
0.000
0.000
0.000
0.000
0.000
0.000
0.000
0.000
0.000
0.000
0.000
0.000
0.000
0.000
0.000
0.000
0.000
0.000
0.000
0.000
0.000
0.000
0.000
0.000
0.000
0.954
0.100
0.000
0.398
0.134
0.000
0.000
0.000
0.000
0.000
0.000
0.000
0.000
0.000
0.000
0.000
0.000
0.000
0.000
0.000
0.000
0.000
0.000
0.000
0.000
0.000
0.446
0.433
0.409
0.151
0.467
1.699
0.718
13.781
1.099
4.748
9.412
94.688
7.910
32.679
8.717
0.000
2.328
0.000
0.742
1.610
1.967
0.379
0.136
0.014
1.761
3.986
11.034
0.721
5.356
4.669
28.204
11.958
8.156
0.482
0.000
0.007
2.288
5.456
18.689
38.844
14.483
5.339
9.168
0.522
0.000
0.021
0.000
0.000
0.000
4.916
4.152
1.610
3.437
22.218
9.606
14.751
17.087
76.994
10.387
32.132
22.362
10.324
46.083
11.529
15.388
31.344
8.307
1.519
1.837
2.839
4.980
22.043
119.006
10.695
6.094
1.030
0.127
0.527
0.463
1.016
0.000
0.000
0.000
2.190
1.064
12.457
0.086
0.685
0.000
0.000
0.000
0.000
0.000
0.000
0.000
0.000
3.238
12.713
10.121
0.014
0.000
1.099
14.921
20.373
15.566
15.281
11.134
12.758
20.165
14.904
3.910
0.014
3.301
8.710
0.182
0.024
0.000
0.000
0.000
0.038
0.000
0.000
0.038
0.000
0.000
0.000
0.000
0.000
0.319
0.000
0.000
0.000
0.000
0.000
0.000
0.000
0.000
0.000
0.000
0.000
0.000
0.000
0.000
0.000
0.000
0.000
0.000
0.000
0.000
0.000
0.000
0.000
0.000
0.000
0.000
0.000
0.000
0.000
0.000
0.000
0.000
0.000
0.000
0.000
0.000
0.000
0.000
0.000
0.000
0.000
0.000
0.369
0.000
0.000
0.000
0.000
0.000
0.000
0.000
0.000
0.000
0.000
0.141
9.174
0.024
0.000
0.000
0.000
0.000
0.000
0.000
0.000
0.000
0.000
0.000
0.000
0.000
0.000
0.000
0.000
0.000
0.000
0.000
0.000
0.000
0.000
0.000
0.000
0.000
0.000
0.000
0.000
0.000
0.000
0.000
0.000
0.000
0.000
0.000
0.000
0.000
0.000
0.209
0.010
0.000
0.000
0.000
0.000
0.000
0.000
0.000
0.000
0.000
0.000
0.000
0.000
0.000
0.000
0.000
0.000
0.000
0.000
0.000
0.000
0.000
0.000
0.000
0.000
0.000
0.000
0.000
0.000
0.000
0.000
0.000
0.000
0.000
0.000
0.000
0.000
0.000
0.000
0.000
0.000
0.000
0.000
0.000
0.000
0.000
0.000
0.000
0.000
0.000
0.000
0.000
0.000
0.000
0.000
0.000
0.000
0.000
0.000
0.000
0.000
0.000
0.000
0.000
0.000
0.000
0.000
0.000
0.000
0.000
0.000
0.000
0.000
0.000
0.000
0.000
0.000
0.000
0.000
0.000
0.000
0.000
0.000
0.000
0.000
0.443
0.093
0.000
0.000
0.000
0.000
0.000
0.000
0.000
0.000
0.000
0.000
0.000
0.000
0.000
0.000
0.000
0.000
0.000
0.000
0.000
0.000
0.000
0.000
0.000
0.000
0.000
0.000
0.000
0.000
0.000
0.000
0.000
0.000
0.000
0.000
0.000
0.000
0.000
0.000
0.000
0.000
0.000
0.000
0.000
0.017
0.000
0.000
0.000
0.000
0.000
0.000
0.000
0.000
0.000
0.570
2.010
0.069
0.000
0.000
0.000
0.000
0.000
0.000
0.000
0.000
0.000
0.000
0.158
0.270
0.039
0.017
0.431
0.887
0.000
0.000
0.000
0.000
0.000
0.000
23.739
0.003
2.163
33.279
39.074
3.540
0.070
1.960
0.448
0.266
0.096
0.000
0.000
0.000
0.000
84.787
48.024
15.772
6.067
7.414
61.364
26.599
12.330
41.133
46.658
5.653
11.290
11.704
16.435
46.246
8.961
6.360
8.847
1.808
2.446
4.311
1.739
0.910
1.699
1.600
0.156
0.000
0.477
0.211
0.053
0.706
8.600
6.343
0.151
7.077
5.388
0.043
0.688
0.221
0.000
0.000
0.000
0.000
0.000
0.587
0.000
0.201
3.567
3.759
2.962
26.350
42.744
16.595
5.016
4.919
16.751
8.051
4.178
5.229
3.385
0.124
0.003
0.000
0.000
0.000
0.000
0.000
0.000
0.000
0.000
0.000
0.000
0.000
0.000
0.000
0.000
0.000
0.000
0.000
0.000
0.000
0.000
0.000
0.645
0.000
0.000
2.407
17.640
0.635
0.000
0.000
0.000
0.000
0.000
0.000
0.834
0.000
0.000
0.000
0.000
0.000
0.000
0.000
0.000
0.000
0.000
0.000
0.000
0.000
0.000
0.000
0.000
0.000
0.000
0.000
0.000
0.000
0.000
0.000
0.000
0.000
0.000
0.000
0.000
0.000
0.017
0.707
0.024
0.000
0.000
0.000
0.000
0.000
0.000
0.000
0.000
0.000
0.000
0.000
0.000
0.000
0.000
0.000
0.000
0.000
0.000
0.000
0.000
0.000
0.000
0.000
0.000
0.000
0.000
0.000
0.000
0.000
0.000
0.000
0.000
0.000
0.000
0.000
0.000
0.000
0.000
0.000
0.000
0.000
0.000
0.000
0.000
0.000
0.079
0.014
0.000
0.000
0.000
0.003
0.000
0.000
0.000
0.000
0.000
0.000
0.000
0.000
0.007
0.000
0.000
0.000
0.000
0.000
0.000
0.000
0.000
0.000
0.000
0.000
0.000
0.000
0.000
0.000
0.000
0.000
0.000
0.000
0.000
0.000
0.000
0.000
0.000
0.000
0.000
0.038
0.007
0.000
0.000
0.000
0.000
0.000
0.000
0.000
0.000
0.000
0.000
0.000
0.000
0.062
0.000
0.000
0.000
0.000
0.000
0.000
0.000
0.000
0.000
0.000
0.000
0.000
0.000
0.000
0.000
0.000
0.000
0.000
0.000
0.000
0.000
0.000
0.000
0.000
0.000
0.000
0.000
0.000
0.000
0.000
0.000
0.000
0.000
0.000
0.000
0.000
0.000
0.000
0.000
0.000
0.000
0.000
0.000
0.000
0.000
0.000
0.000
0.000
0.000
0.000
0.000
0.000
0.000
0.000
0.000
0.000
0.000
0.000
0.000
0.000
0.000
0.000
0.000
0.000
0.000
0.000
0.000
0.000
0.000
0.000
0.000
0.000
0.000
0.000
0.000
0.000
0.000
0.000
0.000
0.000
0.000
0.000
0.000
0.000
0.000
0.000
0.000
0.000
0.000
0.000
0.000
0.000
0.000
0.000
0.000
0.000
0.000
0.000
0.000
0.388
1.940
0.000
0.171
0.021
4.011
0.101
0.000
0.000
0.000
0.000
0.000
0.003
0.290
5.212
0.187
0.000
0.000
0.000
0.000
0.805
0.164
1.135
6.822
1.015
0.218
0.573
0.000
0.000
0.000
1.547
1.255
3.018
8.368
19.324
25.643
15.829
10.089
19.049
4.837
0.812
14.382
8.166
6.454
0.177
2.223
11.814
2.317
5.045
16.732
19.635
17.963
22.730
17.281
1.911
7.285
6.398
1.097
4.121
18.950
88.040
27.341
3.282
29.553
14.931
4.053
22.694
18.481
12.621
16.950
13.613
14.722
13.015
13.815
12.294
5.545
9.859
7.042
8.490
0.463
4.934
19.391
0.165
0.034
4.268
18.824
16.613
4.686
13.053
5.849
27.329
4.333
5.960
3.061
10.966
3.512
17.633
12.720
7.505
29.965
14.375
3.330
2.417
7.629
16.380
7.622
2.381
0.165
0.003
0.000
0.000
0.000
0.000
0.000
0.000
0.000
0.000
0.000
0.000
0.000
0.000
0.000
0.000
0.000
0.000
0.000
0.000
0.000
0.000
0.000
0.000
0.523
9.661
0.245
0.000
0.000
0.000
0.000
1.224
2.046
0.076
0.000
0.000
0.000
0.000
0.000
0.000
0.000
0.000
0.000
0.014
0.007
0.000
0.000
0.000
0.000
0.000
0.000
0.000
0.000
0.130
2.197
1.802
1.174
13.575
14.873
0.786
3.286
12.542
0.819
0.048
0.000
0.000
5.610
6.465
9.263
0.694
0.000
0.000
0.000
0.000
0.000
0.000
0.000
0.000
0.000
0.000
0.000
0.000
0.000
0.000
0.000
0.000
0.000
0.000
0.000
0.000
0.000
0.000
0.000
0.000
0.000
0.000
0.000
0.000
0.000
0.000
0.000
0.000
1.215
2.570
0.120
0.000
0.000
0.000
0.000
0.000
0.000
0.000
0.000
0.000
0.000
0.000
0.000
0.000
0.000
0.000
0.000
0.000
0.000
0.000
0.000
0.000
0.000
0.000
0.000
0.000
0.000
0.000
0.000
0.003
0.000
0.000
0.000
0.000
0.000
0.002
0.000
0.000
0.000
0.000
0.000
0.000
0.000
0.002
0.002
0.000
0.000
0.515
0.096
0.000
0.000
0.000
0.000
0.000
0.000
0.000
0.000
0.000
0.000
0.000
0.000
0.000
0.002
0.000
0.000
0.000
0.000
0.000
0.000
0.000
0.000
0.002
0.000
0.002
0.002
0.000
0.000
0.000
0.000
0.000
0.000
0.000
0.000
0.000
0.002
0.002
0.000
0.002
0.000
0.000
0.000
0.002
0.000
0.000
0.000
0.000
0.000
0.000
0.000
0.000
0.000
0.000
0.000
0.000
0.002
0.000
0.000
0.000
0.000
0.000
0.000
0.000
0.000
0.000
0.002
0.000
0.000
0.000
0.000
0.000
0.000
0.000
0.000
0.000
0.000
0.000
0.000
0.000
0.000
0.000
0.000
0.000
0.000
0.000
0.000
0.000
0.000
0.000
0.021
0.000
0.000
0.000
0.659
0.316
0.117
0.000
0.000
0.000
0.000
0.000
0.000
0.000
0.000
0.000
0.000
0.000
0.000
0.000
0.000
0.000
0.642
0.124
0.422
0.076
0.323
2.293
5.696
1.143
0.000
0.062
1.212
1.499
1.040
0.038
1.809
0.999
9.114
0.343
1.378
148.147
77.811
1.679
1.681
1.857
0.652
2.283
5.836
1.851
58.664
30.182
50.458
20.002
108.452
10.725
3.208
4.395
20.778
6.532
12.464
61.487
36.162
5.335
0.093
0.391
1.912
25.615
2.432
4.051
6.836
14.571
3.504
9.725
24.005
53.325
21.327
14.945
49.359
11.910
3.941
0.563
1.682
81.838
20.083
11.316
20.359
8.178
15.666
24.439
37.323
13.827
2.383
0.611
2.695
17.465
26.855
25.760
13.802
15.388
36.224
13.091
12.018
15.549
25.917
24.395
51.225
26.875
29.979
19.240
15.290
43.818
21.739
14.828
2.719
7.699
18.368
39.185
58.228
4.604
0.130
11.422
2.515
19.957
0.875
2.956
2.561
0.160
1.686
4.432
1.545
3.131
3.248
0.189
0.069
0.397
0.003
0.002
0.000
0.002
0.000
0.000
0.000
0.000
0.680
0.000
0.000
0.000
0.000
0.000
0.000
0.000
0.002
0.000
0.000
0.000
0.000
0.000
0.000
0.000
0.000
0.000
0.000
0.000
0.000
0.002
0.000
0.000
0.000
0.002
0.000
0.000
0.000
0.000
0.000
0.000
0.000
0.000
0.000
0.000
0.000
0.000
0.000
0.000
0.000
0.000
0.000
0.000
0.000
0.000
0.000
0.000
0.000
0.002
0.000
0.000
0.000
0.000
0.000
0.000
0.000
0.000
0.000
0.000
0.000
0.000
0.000
0.002
0.000
0.000
0.000
0.000
0.000
0.000
0.000
0.000
0.000
0.000
0.000
0.000
0.000
0.000
0.000
0.000
0.000
0.000
0.000
0.000
0.000
0.000
0.000
0.000
0.000
0.000
0.000
0.000
0.000
0.003
0.000
0.000
0.000
0.000
0.000
0.000
0.002
0.000
0.000
0.002
0.000
0.000
0.000
0.000
0.000
0.000
0.000
0.000
0.003
0.000
0.000
0.000
0.000
0.000
0.000
0.000
0.000
0.000
0.000
0.000
0.000
0.000
0.000
0.000
0.000
0.000
0.000
0.002
0.000
0.000
0.000
0.000
0.000
0.000
0.000
0.000
0.000
0.000
0.000
0.000
0.002
0.000
0.000
0.000
0.000
0.000
0.000
0.000
0.000
0.000
0.000
0.000
0.000
0.000
0.000
0.000
0.000
0.002
0.000
0.000
0.000
0.000
0.000
0.000
0.000
0.000
0.000
0.000
0.000
0.000
0.000
0.000
0.000
0.000
0.000
0.000
0.000
0.000
0.000
0.000
0.000
0.000
0.000
0.000
0.000
0.000
0.000
0.000
0.000
0.000
0.000
3.270
0.000
0.000
0.000
0.000
0.000
0.000
0.000
0.000
0.000
0.000
0.000
0.000
0.000
0.000
0.000
0.003
1.037
2.046
0.003
0.002
0.000
0.000
0.000
0.000
0.000
0.000
0.000
0.000
0.000
0.000
0.000
0.000
0.000
0.000
0.000
0.000
0.000
0.000
0.000
0.000
0.000
0.000
0.000
0.000
0.000
0.000
0.000
0.000
0.000
0.000
0.000
0.838
0.697
2.966
1.991
15.899
0.051
0.000
0.003
0.000
0.034
0.007
0.000
0.000
0.000
0.000
0.096
0.024
0.000
0.000
0.000
1.770
0.937
0.117
6.235
18.064
1.200
2.537
10.255
3.680
68.119
241.517
4.686
31.634
6.389
1.789
9.982
1.469
12.310
2.537
0.975
0.532
8.586
0.259
0.347
6.372
1.311
1.411
5.596
6.976
6.351
9.792
14.553
19.693
5.737
0.134
1.243
10.353
25.008
20.793
25.131
8.138
20.946
11.812
6.746
68.074
3.083
17.436
10.825
10.399
6.987
8.916
14.715
28.647
33.883
14.996
10.530
11.567
18.234
27.965
14.298
16.152
16.788
26.508
17.868
25.080
16.854
11.494
23.346
80.798
24.503
5.112
4.185
12.360
8.302
9.606
15.879
3.783
0.220
3.056
3.519
2.695
4.281
9.028
8.756
4.819
1.305
1.075
0.000
0.000
0.000
0.000
0.000
0.000
0.000
0.000
0.031
0.000
0.014
0.003
0.000
0.000
0.000
0.000
0.000
0.000
0.000
0.000
0.000
0.000
0.000
0.000
0.000
0.000
0.000
0.000
0.002
0.000
0.000
0.000
0.000
0.000
0.002
0.000
0.000
0.000
0.000
0.000
0.000
0.000
0.000
0.000
0.000
0.002
0.000
0.000
0.000
0.000
0.000
0.002
0.000
0.000
0.000
0.000
0.000
0.002
0.000
0.000
0.000
0.000
0.000
0.000
0.000
0.000
0.000
0.000
0.003
0.000
0.000
0.000
0.000
0.000
0.000
0.000
0.000
0.000
0.002
0.000
0.000
0.000
0.000
0.000
0.000
0.000
0.000
0.000
0.000
0.000
0.000
0.002
0.000
0.000
0.000
0.000
0.000
0.000
0.000
0.000
0.000
0.000
0.000
0.000
0.000
0.000
0.000
0.000
0.000
0.000
0.000
0.000
0.000
0.000
0.730
0.000
0.000
0.000
0.002
0.000
0.000
0.002
0.000
0.000
0.000
0.000
0.000
0.000
0.000
0.000
0.000
0.000
0.127
0.000
0.000
0.000
0.000
0.000
0.000
0.000
0.000
0.113
0.824
0.062
0.000
0.000
0.000
0.000
0.000
0.000
0.000
0.003
0.000
0.000
0.000
0.000
0.000
0.000
0.000
0.000
0.000
0.000
0.000
0.000
0.000
0.000
0.000
0.002
0.002
0.000
0.000
0.000
0.000
0.000
0.000
0.000
0.000
0.000
0.002
0.000
0.000
0.000
0.000
0.127
0.000
0.000
0.000
0.000
0.000
0.000
0.000
0.000
0.000
0.000
0.000
0.076
0.010
0.000
0.000
0.000
0.000
0.000
0.000
0.000
0.000
0.000
0.093
0.003
0.007
0.012
0.000
0.000
0.000
0.000
0.000
0.000
0.000
0.003
0.000
0.000
0.000
0.000
0.000
0.000
0.000
0.000
0.000
0.000
0.000
0.000
0.000
0.000
0.000
0.000
0.000
0.000
0.000
0.000
0.000
0.000
0.002
0.000
0.000
0.000
0.000
0.000
0.000
0.000
0.000
0.043
1.089
0.015
0.000
25.140
47.463
20.635
0.067
4.231
0.106
11.158
1.420
0.783
0.015
2.031
15.201
31.225
3.583
0.057
1.795
0.360
0.015
2.161
0.803
8.046
3.102
1.313
0.472
2.551
3.486
0.577
0.211
1.746
10.392
13.149
48.693
39.525
29.344
17.012
24.537
15.005
2.472
16.148
30.144
28.408
24.223
48.817
9.328
4.350
16.136
75.105
1.003
2.961
31.052
12.078
22.525
79.411
21.051
4.285
11.119
33.489
11.354
5.194
9.407
1.768
14.880
37.704
38.730
33.512
41.899
19.456
16.916
33.422
38.919
18.457
4.453
9.912
3.028
0.515
10.252
6.369
22.021
9.479
6.370
10.933
3.615
0.175
0.031
1.099
0.961
5.598
2.436
3.670
1.229
2.293
0.103
0.003
9.328
5.164
0.077
0.029
0.010
0.027
0.415
2.571
1.231
0.206
1.181
0.240
0.003
0.000
33.972
33.131
23.164
26.735
2.578
19.538
11.567
41.231
21.082
9.349
7.560
13.647
3.426
0.302
0.088
6.228
23.586
16.926
5.613
2.111
3.698
0.539
0.000
0.000
0.000
0.000
0.000
0.000
0.000
0.000
0.000
0.000
0.000
0.000
0.000
0.000
0.000
0.002
0.000
0.000
0.000
0.000
0.000
0.000
0.000
0.000
0.000
0.000
0.000
0.000
0.000
0.001
0.000
0.000
0.000
0.000
0.000
0.000
0.000
0.000
0.000
0.000
0.000
0.000
0.000
0.000
0.000
0.000
0.000
0.000
0.000
0.000
0.002
0.000
0.000
0.000
0.000
0.000
0.002
0.000
0.000
0.000
0.000
0.000
0.003
0.002
0.000
0.000
0.002
0.000
0.000
0.000
0.000
0.000
0.000
0.000
0.000
0.002
0.000
0.000
0.000
0.000
0.000
0.000
0.000
0.000
0.000
0.000
0.000
0.000
0.000
0.000
0.000
0.000
0.000
0.000
0.000
0.000
0.000
0.000
0.000
0.000
11.385
0.082
0.000
0.002
0.000
0.000
0.000
0.000
0.000
0.000
0.000
0.000
0.000
0.000
0.000
0.000
0.000
0.000
0.000
0.000
0.000
0.000
0.000
0.000
0.000
0.000
0.000
0.000
0.000
0.000
0.000
0.007
0.000
0.000
0.000
0.007
0.003
0.000
0.000
0.002
0.000
0.000
0.002
0.000
0.000
0.000
0.000
0.000
0.003
0.000
0.000
0.000
0.000
0.000
0.000
0.000
0.000
0.000
0.000
0.000
0.002
0.000
0.000
0.000
0.000
0.000
0.000
0.000
0.000
0.000
0.000
0.000
0.000
0.003
0.002
0.000
0.000
0.000
0.000
0.000
0.000
0.000
0.000
0.000
0.000
0.000
0.000
0.000
0.494
0.048
0.000
0.000
0.000
0.000
0.000
0.000
0.000
0.000
0.000
0.000
0.003
0.000
0.000
0.000
0.117
0.000
0.000
0.002
0.000
0.000
0.000
0.000
0.000
0.000
0.000
0.007
0.003
0.000
0.000
0.000
0.000
0.000
0.000
0.000
0.000
0.000
0.000
0.000
0.000
0.000
0.000
0.002
0.000
0.003
0.000
0.000
0.002
0.000
0.010
0.000
0.000
0.821
0.175
0.000
0.003
0.000
0.000
0.000
0.000
0.330
0.000
0.000
0.000
0.096
0.031
0.000
0.000
0.000
0.000
0.002
0.000
0.000
0.000
0.072
0.000
0.002
0.000
0.000
0.000
0.000
1.284
0.206
6.987
30.736
27.473
12.895
13.884
6.369
4.449
21.331
1.720
0.199
4.515
12.790
51.526
45.435
51.076
23.561
76.491
31.646
27.586
7.608
