20000101
0.000
0.000
0.000
0.000
0.000
0.000
0.000
0.000
0.000
0.000
0.000
0.000
0.000
0.000
0.000
0.000
0.000
0.000
0.000
0.000
0.000
0.000
0.000
0.000
0.000
0.000
0.000
0.000
0.000
0.000
0.000
0.000
0.000
0.000
0.124
0.415
0.000
0.000
0.000
0.000
0.000
0.000
0.000
0.000
0.000
0.000
0.000
0.000
0.000
0.000
0.000
0.000
0.000
0.000
0.000
0.000
0.000
0.000
0.000
0.000
0.000
0.000
0.000
0.000
0.000
0.000
0.000
0.000
0.000
0.000
0.000
0.000
0.000
0.000
0.000
0.000
0.000
0.000
0.000
0.000
0.000
0.000
0.000
0.000
0.000
0.000
0.000
0.000
0.000
0.000
0.000
0.000
0.000
0.000
0.000
0.000
0.000
0.000
0.000
0.000
0.000
0.000
0.000
0.000
0.000
0.000
0.000
0.000
0.000
0.000
0.000
0.000
0.007
0.007
0.000
0.000
0.000
0.000
0.000
0.000
0.000
0.000
0.000
0.000
0.000
0.000
0.436
0.031
0.000
0.000
0.000
0.264
1.456
8.568
0.776
0.026
0.850
3.825
5.885
1.061
0.024
0.000
0.000
0.000
0.000
0.000
0.000
0.000
0.000
0.003
0.000
0.000
0.065
0.069
0.000
0.082
0.846
0.041
0.000
0.000
0.000
0.000
0.000
0.000
0.539
0.563
0.649
0.151
0.007
0.000
0.000
0.000
0.000
0.000
0.000
0.113
0.024
0.000
0.000
0.000
0.556
1.202
1.210
25.665
1.136
9.283
0.948
2.518
0.287
0.182
0.236
16.172
4.062
1.113
12.578
16.964
105.327
21.684
14.596
0.497
0.000
3.720
15.099
3.522
2.132
0.000
0.000
0.000
0.000
0.000
0.173
0.045
0.105
0.014
0.000
0.239
0.000
0.000
0.000
0.000
0.116
0.117
0.450
0.406
23.383
8.838
13.929
5.004
1.353
3.094
0.463
1.071
38.572
5.830
15.684
1.634
7.221
0.086
1.030
13.219
24.652
5.534
0.235
1.487
1.691
0.565
0.065
0.648
6.832
0.218
0.000
0.065
0.000
0.000
0.000
0.000
0.000
0.000
0.000
0.000
0.000
0.000
0.000
0.000
0.000
0.000
0.024
0.007
0.115
0.000
0.000
0.000
0.000
0.000
0.000
0.000
0.000
0.000
0.000
0.000
0.000
0.000
0.000
0.240
0.021
0.043
0.000
0.000
0.000
0.000
0.000
0.000
0.000
0.000
0.000
0.000
0.000
0.000
0.000
0.000
0.000
0.000
0.000
0.000
0.000
0.000
0.000
0.000
0.000
0.000
0.000
0.000
0.000
0.000
0.000
0.000
0.000
0.000
0.000
0.000
0.000
0.000
0.000
0.000
0.000
0.000
0.000
0.000
0.000
0.000
0.000
0.000
0.000
0.000
0.000
0.000
0.000
0.000
0.000
0.000
0.000
0.000
0.000
0.000
0.000
0.000
0.000
0.000
0.000
0.000
0.000
0.000
0.000
0.000
0.000
0.000
0.000
0.000
0.000
0.000
0.000
0.000
0.000
0.000
1.397
0.154
0.000
0.000
0.000
0.000
0.000
0.000
0.000
0.000
0.000
0.000
0.000
0.000
0.000
0.000
0.000
0.000
0.000
0.000
0.000
0.000
0.000
0.000
0.000
0.000
0.000
0.000
0.000
0.000
0.000
0.000
0.000
0.000
0.000
0.000
0.000
0.000
0.000
0.000
0.000
0.000
0.000
0.000
0.000
0.000
0.000
0.000
0.000
0.000
0.000
0.000
0.000
0.000
0.000
0.000
0.000
0.000
0.000
0.000
0.000
0.000
0.000
0.000
0.000
0.000
0.000
0.000
0.000
0.000
0.000
0.000
0.000
0.000
0.000
0.000
0.000
0.000
0.000
0.000
0.000
0.000
0.000
0.000
0.000
0.000
0.000
0.000
0.000
0.000
0.000
0.000
0.000
0.000
0.000
0.000
0.000
0.000
0.000
0.000
0.000
0.000
0.000
0.000
0.017
0.000
0.000
0.021
1.414
0.027
0.003
0.000
0.000
0.000
0.000
0.000
0.000
0.000
0.000
0.000
0.000
0.000
0.000
0.000
0.000
0.000
0.000
0.000
0.000
0.000
0.000
0.000
0.000
0.000
0.000
0.000
0.000
0.000
0.000
2.789
1.308
0.021
0.067
0.065
0.000
0.024
0.657
0.082
0.000
0.000
0.038
9.486
4.429
0.079
0.000
0.158
0.572
0.064
1.778
0.014
0.731
0.445
1.971
30.523
33.865
54.681
33.470
15.575
24.491
17.360
15.446
5.565
0.000
0.000
0.000
0.000
0.031
0.367
0.698
0.188
0.209
3.680
0.501
0.833
6.824
23.446
66.557
33.836
1.322
2.249
23.109
26.820
21.552
117.458
26.386
20.402
5.703
5.404
5.553
6.856
3.996
0.488
26.113
31.469
19.290
36.749
21.657
19.964
6.667
5.219
14.272
5.759
5.833
14.087
3.147
0.022
0.435
4.713
17.760
5.510
21.712
21.126
21.201
28.604
31.321
15.788
46.646
9.982
21.620
65.182
77.792
1.439
0.000
0.000
0.812
0.233
1.123
7.191
5.461
0.223
0.000
0.000
0.079
0.141
0.000
0.000
0.000
0.000
0.074
0.007
0.275
3.652
6.017
0.062
0.000
0.000
0.084
0.240
0.090
0.120
0.017
0.000
0.000
0.000
0.000
0.724
0.000
0.000
0.000
0.000
0.000
0.000
0.000
0.000
0.000
0.000
0.000
1.620
0.439
0.000
0.000
0.000
0.081
0.000
5.564
20.669
34.140
23.420
0.777
0.000
0.000
0.000
0.000
0.000
0.000
0.000
0.000
0.000
0.000
0.000
0.000
0.000
0.000
0.000
0.000
0.000
0.000
0.000
0.000
0.000
0.000
0.000
0.000
0.000
0.000
0.000
0.000
0.000
0.000
0.000
0.000
0.000
0.000
0.000
0.000
0.000
0.000
0.000
0.000
0.000
0.000
0.000
0.000
0.000
0.000
0.000
0.000
0.000
0.000
0.000
0.000
0.000
0.000
0.000
0.000
0.000
0.000
0.000
0.000
0.000
0.000
0.000
0.000
0.000
0.000
0.000
0.000
0.000
0.000
0.000
0.000
0.000
0.000
0.000
0.000
0.000
0.000
0.000
0.000
0.000
0.000
0.000
0.000
0.000
0.000
0.000
0.000
0.000
0.000
0.000
0.000
0.041
0.003
0.000
0.000
0.000
0.000
0.000
0.000
0.000
0.000
0.000
0.000
0.000
0.000
0.000
0.000
0.000
0.000
0.000
0.000
0.000
0.000
0.000
0.000
0.000
0.000
3.387
2.896
0.000
0.000
0.000
0.000
0.000
0.000
0.000
0.000
0.000
0.000
0.000
0.000
0.000
0.000
0.000
0.000
0.000
0.000
0.000
0.000
0.000
0.000
0.000
0.000
0.000
0.000
0.000
0.000
0.000
0.000
0.010
0.000
0.000
0.000
0.000
0.000
0.000
0.000
0.000
0.000
0.000
0.000
0.000
0.000
0.000
0.000
0.000
0.000
0.000
0.000
0.000
0.000
0.000
0.000
0.130
0.000
0.000
0.000
0.000
0.000
0.000
0.000
0.000
0.000
0.000
0.000
0.010
0.079
0.000
0.000
0.000
0.000
0.000
0.000
0.000
0.000
0.000
0.000
0.000
0.000
0.000
0.000
0.000
0.000
0.000
0.000
0.000
0.000
0.000
0.000
0.000
0.000
0.000
0.000
0.000
0.000
0.000
0.000
0.000
0.000
0.000
0.000
0.000
0.000
0.000
0.000
0.136
0.074
0.062
0.000
0.106
0.192
0.003
0.000
0.000
0.000
0.000
0.000
0.000
0.000
0.051
0.336
2.311
2.489
9.163
2.628
2.359
2.063
11.979
4.995
0.105
0.000
0.000
0.000
2.424
10.640
30.096
94.963
28.252
0.179
0.036
0.648
0.270
0.000
0.069
0.136
0.014
0.000
0.000
0.000
0.000
0.437
1.045
0.721
1.284
0.342
9.802
1.583
4.362
1.212
3.402
3.457
3.847
4.347
2.335
0.331
0.000
0.000
0.000
0.000
0.000
2.221
0.003
0.652
17.135
9.792
45.231
27.122
41.333
0.388
0.268
4.268
6.554
4.939
1.318
0.199
6.997
0.539
0.051
0.000
0.000
0.276
11.869
35.137
6.715
2.499
0.261
0.065
0.000
4.074
17.865
19.652
30.503
26.304
4.932
0.086
0.000
0.000
0.000
0.000
0.000
0.000
0.000
0.000
0.000
0.000
0.000
0.000
0.000
0.007
0.082
0.003
0.000
0.000
0.000
0.335
0.214
0.108
0.000
0.000
0.000
0.000
0.000
0.000
0.000
0.000
0.000
0.000
0.000
0.000
0.000
0.000
0.000
0.000
0.000
0.000
0.000
0.000
0.000
0.000
0.000
0.000
0.000
0.000
0.000
0.000
0.000
0.000
0.000
0.000
0.000
0.000
0.000
0.000
0.000
0.000
0.000
0.058
0.003
0.000
0.014
0.000
0.161
0.000
0.000
0.000
0.000
0.000
0.000
0.000
0.000
0.000
0.000
0.000
0.000
0.000
0.000
0.000
0.000
0.000
0.000
0.000
0.000
0.000
0.000
0.000
0.000
0.000
0.000
0.000
0.000
0.000
0.000
0.000
0.000
0.000
0.000
0.000
0.000
0.000
0.000
0.000
0.000
0.000
0.000
0.000
0.000
0.000
0.000
0.000
0.000
1.670
0.460
0.000
0.000
0.000
0.000
0.000
0.000
0.000
0.000
0.000
0.000
0.000
0.000
0.000
0.000
0.000
0.000
0.000
0.000
0.000
0.000
0.000
0.000
0.000
0.000
0.000
0.000
0.065
0.007
0.000
0.000
4.546
0.357
0.000
0.000
0.000
0.000
0.000
0.000
0.000
0.000
0.000
0.000
0.000
0.000
0.000
0.000
0.000
1.027
12.981
0.000
0.000
0.000
0.000
0.000
0.000
0.000
0.000
0.000
0.000
0.000
0.000
0.000
0.000
0.000
0.000
0.000
0.000
0.000
0.000
0.000
0.000
0.000
0.000
0.000
0.000
0.000
0.000
0.000
0.000
0.000
0.000
0.000
0.000
0.000
0.000
0.000
0.000
0.000
0.000
0.000
0.000
0.000
0.000
0.000
0.000
0.000
0.000
0.000
0.000
0.000
0.000
0.000
0.000
0.000
0.000
0.000
0.000
0.000
0.000
0.000
0.000
0.000
0.000
0.000
0.000
0.000
0.000
0.000
0.000
0.000
0.000
0.000
0.000
0.000
0.000
0.000
0.000
0.000
0.000
0.000
0.000
0.000
0.000
0.000
0.000
0.000
0.000
0.000
0.000
0.000
0.000
0.000
0.000
0.000
0.000
0.000
0.000
0.000
0.000
0.000
0.000
0.000
0.000
0.000
0.000
0.000
0.000
0.000
0.000
0.000
0.000
0.000
0.000
0.000
0.000
0.530
11.537
2.551
67.995
28.966
5.188
0.182
7.217
0.951
1.861
7.175
1.651
0.000
9.347
6.660
0.889
2.151
1.766
16.764
28.418
43.133
33.603
21.807
12.815
27.842
17.446
3.432
5.840
12.991
15.597
17.602
95.918
19.298
11.621
23.838
22.227
10.016
1.579
19.538
42.357
18.229
2.014
13.319
16.381
13.542
1.926
1.929
5.108
4.401
6.801
28.726
32.739
6.846
9.422
11.673
24.094
23.507
4.631
2.050
6.338
2.568
3.189
0.069
0.000
0.038
0.302
0.160
2.410
5.603
1.962
18.349
34.816
3.543
7.670
16.236
14.023
128.109
52.364
3.871
2.997
4.036
1.380
0.494
3.495
1.493
0.227
0.010
3.296
0.201
0.000
0.000
2.477
0.460
0.273
2.722
3.265
3.049
0.024
11.668
2.628
0.076
0.748
1.181
0.772
0.003
0.000
0.074
0.007
0.738
0.058
0.845
0.000
0.000
0.000
0.000
0.000
0.000
0.000
0.000
0.000
0.000
0.000
0.000
0.000
0.000
0.000
0.000
0.000
0.000
0.000
0.000
0.000
0.000
0.000
0.000
0.000
0.000
0.000
0.000
0.000
0.000
0.000
0.000
0.000
0.000
0.000
0.000
0.000
0.000
0.000
0.000
0.000
0.000
0.000
0.000
0.000
0.000
0.000
0.000
0.000
0.000
0.000
0.000
0.000
0.000
0.000
0.000
0.000
0.000
0.000
0.000
0.000
0.000
0.000
0.000
0.000
0.000
0.000
0.000
0.000
0.000
0.000
0.000
0.000
0.000
0.000
0.000
0.000
0.000
0.000
0.000
0.000
0.000
0.000
0.000
0.000
0.000
0.000
0.000
0.000
0.000
0.000
0.000
0.000
0.000
0.136
0.000
0.000
0.000
0.000
0.000
0.000
0.000
0.000
0.000
0.000
0.000
0.000
0.000
0.000
0.072
0.000
0.000
0.000
0.000
0.000
0.000
0.000
0.000
0.000
0.000
0.000
0.000
0.000
0.000
0.000
0.000
0.000
0.000
0.000
0.000
0.000
0.000
0.000
0.000
0.000
0.000
0.000
0.000
0.000
0.000
0.000
0.000
0.000
0.000
0.000
0.000
0.000
0.000
0.000
0.000
0.000
0.000
0.000
0.000
0.000
0.000
0.000
0.000
0.000
0.000
0.000
0.000
0.000
0.000
0.000
0.000
0.000
0.000
0.000
0.000
0.000
0.000
0.000
0.000
0.000
0.000
0.000
0.000
0.000
0.000
0.000
0.000
0.000
0.000
0.000
0.000
0.000
0.000
0.000
0.000
0.000
0.000
0.000
0.000
0.000
0.000
0.000
0.000
0.000
0.000
0.000
0.000
0.000
0.000
0.000
0.000
0.000
0.000
0.000
0.000
0.000
0.000
0.000
0.000
0.000
0.000
0.000
0.113
1.923
3.097
7.179
2.170
8.944
0.000
0.000
0.000
0.000
0.000
0.000
0.000
0.000
0.000
0.000
0.000
0.000
0.000
0.000
0.000
0.000
0.000
0.000
0.000
0.000
0.000
0.000
0.000
0.000
0.000
0.086
2.458
0.261
0.014
0.000
0.000
3.351
3.189
2.644
1.001
0.007
0.000
0.000
0.000
0.000
0.000
1.763
0.520
0.858
3.172
14.955
5.922
5.421
0.762
0.203
0.007
0.000
5.675
0.508
0.000
1.717
6.903
0.000
0.065
0.120
0.000
0.000
0.000
0.156
1.274
1.753
3.304
0.433
0.010
0.000
0.017
0.034
0.003
0.000
0.000
0.156
0.319
2.030
0.106
4.808
1.119
4.241
0.503
0.175
9.200
17.632
30.394
2.944
7.860
3.849
34.616
8.917
21.646
4.276
5.373
6.418
0.669
4.810
0.606
2.760
9.526
1.667
0.000
0.476
0.003
0.000
0.000
0.000
0.000
0.000
0.000
0.187
0.017
0.062
0.000
0.000
0.000
0.000
0.000
0.000
0.010
0.007
0.000
0.316
0.690
4.300
1.011
11.659
9.994
0.144
0.045
0.071
0.024
0.000
5.695
0.965
0.007
0.086
2.585
40.981
3.486
18.130
6.739
29.125
18.874
8.554
0.000
0.000
1.447
0.560
0.000
0.000
0.000
0.000
0.000
0.000
0.000
0.000
0.000
0.000
0.000
0.000
0.000
0.000
0.000
0.000
0.000
0.000
0.000
0.000
0.000
0.000
0.000
0.000
0.000
0.000
0.000
0.000
0.000
0.000
0.000
0.000
0.000
0.000
0.000
0.000
0.000
0.000
0.000
0.000
0.000
0.000
0.000
0.000
0.000
0.000
0.000
0.000
0.000
0.000
0.000
0.000
0.000
0.000
0.000
0.000
0.000
0.000
0.000
0.000
0.000
0.000
0.000
0.000
0.000
0.000
0.000
0.000
0.000
0.000
0.000
0.000
0.000
0.000
0.000
0.000
0.000
0.000
0.000
0.000
0.000
0.091
0.000
0.000
0.000
0.000
0.000
0.000
0.000
0.000
0.000
0.000
0.000
0.000
0.000
0.000
0.000
0.000
0.000
0.000
0.000
0.000
0.000
0.000
0.000
0.000
0.000
0.000
0.000
0.000
0.000
0.065
0.120
0.000
0.000
0.000
0.000
0.000
0.000
0.000
0.000
0.000
0.000
0.000
0.000
0.000
0.000
0.000
0.000
0.000
0.000
0.000
0.000
0.000
0.000
0.000
0.000
0.000
0.000
0.000
0.000
0.000
0.000
0.000
0.000
0.000
0.000
0.000
0.024
0.000
0.000
0.000
0.000
0.000
0.000
0.000
0.000
0.000
0.000
0.000
0.000
0.000
0.000
0.000
0.000
0.000
0.000
0.000
0.000
0.000
0.000
0.000
0.000
0.000
0.000
0.000
0.000
0.000
0.000
0.000
0.000
0.000
0.000
0.000
0.000
0.000
0.000
0.000
0.000
0.000
0.000
0.000
0.000
0.000
0.000
0.000
0.000
0.000
0.000
0.094
0.348
0.390
0.003
0.000
0.000
0.000
0.000
0.000
0.000
0.000
0.000
0.000
0.000
0.000
0.000
0.000
0.000
0.000
0.000
0.000
0.000
0.000
0.000
0.000
0.000
0.000
0.000
0.000
0.131
0.011
0.000
0.000
0.000
0.000
0.000
0.000
0.000
0.000
0.000
0.000
0.000
0.000
0.000
0.000
0.212
7.847
34.087
0.000
0.000
0.000
0.000
0.000
0.010
1.602
0.000
0.552
0.132
4.844
3.450
0.000
11.724
1.015
0.091
13.750
12.543
16.130
14.562
3.984
10.202
7.694
0.889
7.895
3.878
0.144
14.452
8.368
11.580
11.319
1.880
1.093
8.578
2.530
0.000
0.000
0.000
0.000
0.000
0.003
4.612
6.029
29.733
6.407
2.154
14.243
11.026
12.088
2.757
12.009
2.111
1.902
1.916
1.339
0.518
0.824
0.000
0.017
0.000
1.308
0.000
1.270
0.930
0.529
1.720
2.141
3.299
1.342
1.138
0.360
0.000
0.076
0.027
0.000
0.000
0.748
0.000
0.000
0.000
0.000
0.000
0.000
0.252
0.208
0.730
0.802
1.046
0.455
20.247
7.079
31.021
38.158
33.742
8.955
40.856
8.911
16.938
0.223
2.995
8.207
38.888
0.556
2.539
1.624
1.576
0.122
0.036
0.015
0.000
0.000
0.000
0.000
0.000
0.000
0.000
0.000
0.000
0.000
0.000
0.000
0.000
0.000
0.000
0.000
0.000
0.000
0.000
0.000
0.000
0.000
0.000
0.000
0.000
0.000
0.000
0.000
0.000
0.000
0.000
0.000
0.000
0.000
0.000
0.000
0.000
0.000
0.000
0.000
0.000
0.000
0.000
0.000
0.000
0.000
0.000
0.000
0.000
0.000
0.000
0.000
0.000
0.000
0.000
0.000
0.000
0.000
0.000
0.000
0.000
0.000
0.000
0.000
0.000
0.000
0.000
0.000
0.000
0.000
0.000
0.000
0.000
0.000
0.000
0.000
0.000
0.000
0.000
0.000
0.000
0.000
0.000
0.000
0.000
0.000
0.000
0.000
0.000
0.000
0.000
0.000
0.000
0.000
0.000
0.000
0.000
0.000
0.000
0.000
0.000
0.000
0.000
0.000
0.000
0.000
0.000
0.000
0.000
0.000
0.000
0.000
0.000
0.000
0.000
0.000
0.000
0.000
0.000
0.000
0.000
0.000
0.000
0.000
0.000
0.000
0.000
0.000
0.000
0.000
0.000
0.000
0.000
0.000
0.000
0.000
0.000
0.000
0.000
0.000
0.000
0.000
0.000
0.000
0.000
0.000
0.000
0.000
0.000
0.000
0.000
0.000
0.000
0.000
0.000
0.000
0.000
0.000
1.138
10.567
0.312
0.000
0.000
0.295
0.000
0.000
0.000
0.000
0.000
0.000
0.000
0.000
0.000
0.000
0.000
0.000
0.000
0.000
0.000
0.000
0.000
0.000
0.000
0.000
0.000
0.000
0.000
0.000
0.000
0.000
0.000
0.000
0.000
0.000
0.000
0.000
0.000
0.000
0.000
0.000
0.000
0.000
0.000
0.000
0.000
0.000
0.000
0.000
0.000
0.000
0.000
0.000
0.000
0.000
0.000
0.000
0.000
0.000
0.000
0.000
0.000
0.000
0.000
0.000
0.000
0.000
0.000
0.000
0.000
0.000
0.944
2.403
1.990
0.403
0.027
0.000
0.113
0.007
0.000
0.000
0.000
0.000
2.920
34.418
2.674
0.000
0.000
0.000
0.000
0.000
0.000
0.000
0.000
0.021
0.168
0.101
0.000
0.000
0.000
0.000
0.488
0.007
0.000
0.000
0.000
0.000
0.360
15.580
15.882
14.011
5.095
2.544
0.100
0.035
0.000
0.007
0.185
18.653
2.015
4.951
3.712
13.886
6.226
3.754
0.192
0.000
0.463
0.630
4.641
12.609
4.718
7.885
4.068
5.219
13.219
8.923
12.609
9.735
6.954
9.677
47.766
26.505
6.853
16.932
14.584
7.273
4.500
13.074
21.515
4.649
19.080
6.440
15.278
19.370
11.031
18.574
3.889
2.196
5.891
1.093
9.220
17.376
78.908
36.276
22.746
10.842
2.094
1.511
1.766
1.447
1.921
0.515
0.180
2.916
2.436
2.486
3.385
0.566
0.000
9.004
0.915
0.718
0.027
0.000
0.000
0.000
0.000
0.086
0.125
1.684
0.252
0.000
1.150
8.647
0.654
10.090
18.165
20.055
1.018
6.969
6.691
2.448
1.600
0.000
0.000
0.000
0.000
0.000
0.000
0.000
0.000
0.000
0.000
0.000
0.000
0.000
0.000
0.000
0.010
0.000
0.000
0.000
0.000
0.000
0.021
0.209
0.000
0.000
0.000
0.000
0.000
0.000
0.000
0.000
0.000
0.000
0.000
0.000
0.000
0.000
0.000
0.000
0.000
0.000
0.000
0.000
0.000
0.000
0.000
0.000
0.000
0.000
0.000
0.000
0.000
0.000
0.000
0.000
0.000
0.000
0.000
0.000
0.000
0.000
0.000
0.000
0.000
0.000
0.000
0.045
0.240
0.000
0.000
0.000
0.000
0.000
0.000
0.000
0.000
0.000
0.000
0.000
0.000
0.000
0.000
0.000
0.000
0.000
0.000
0.000
0.000
0.000
0.000
0.000
0.000
0.000
0.000
0.000
0.000
0.000
0.000
0.000
0.000
0.000
0.000
0.000
0.000
0.000
0.000
0.000
0.000
0.000
0.000
0.000
0.000
0.000
0.000
0.000
0.000
0.000
0.000
0.000
0.000
0.000
0.286
0.792
0.000
0.000
0.000
0.000
0.000
0.000
0.000
0.000
0.000
0.003
0.498
0.094
0.000
2.257
0.000
0.000
0.000
0.000
0.000
0.000
0.000
0.000
0.000
0.000
0.000
0.000
0.000
0.000
0.000
0.000
0.000
0.000
0.000
0.000
0.000
0.000
0.000
0.000
0.000
0.000
0.110
0.173
0.000
0.000
0.000
0.000
0.000
0.000
0.048
0.003
0.000
0.000
0.000
0.000
0.000
0.000
0.000
0.000
0.000
0.000
0.000
0.000
0.000
0.000
0.000
0.000
0.000
0.000
0.000
0.000
0.000
0.000
0.000
0.000
0.000
0.000
0.000
0.000
0.000
0.000
0.000
0.000
0.000
0.000
0.000
0.000
0.000
0.000
0.000
0.000
0.000
0.000
0.000
0.000
0.000
0.000
0.000
0.000
0.000
0.000
0.000
0.000
0.000
0.000
0.000
0.000
0.000
0.000
0.000
0.000
0.000
0.000
0.000
0.000
0.000
0.000
0.000
0.000
0.000
0.000
0.000
0.000
0.000
1.009
1.801
5.102
0.154
0.000
0.000
0.000
0.000
0.000
0.024
0.007
0.000
47.811
5.744
0.364
2.444
5.582
7.855
1.263
0.000
0.000
0.335
38.655
1.219
2.860
0.027
2.062
0.141
0.197
33.840
94.401
233.754
3.435
5.212
1.843
55.958
69.375
17.262
24.215
2.487
18.848
0.915
0.000
10.334
1.684
0.553
0.793
0.072
0.000
1.945
10.466
6.561
32.607
4.578
5.982
3.672
5.128
9.303
4.482
9.132
17.805
24.944
9.040
16.591
16.955
43.925
20.661
7.972
4.160
4.800
6.206
6.522
9.211
4.139
1.936
4.226
0.848
1.052
0.024
3.286
23.979
21.877
0.161
0.000
6.228
6.688
13.038
3.117
17.980
24.200
8.590
13.836
20.071
15.798
3.691
1.643
3.562
0.512
0.388
0.769
1.603
0.206
0.173
0.345
0.158
1.143
0.412
1.808
0.606
2.163
9.476
2.132
3.660
0.789
2.146
0.000
1.560
0.201
0.000
0.000
0.000
0.000
0.000
0.000
0.000
0.000
0.000
0.000
0.000
0.000
0.000
0.000
0.000
0.000
0.000
0.000
0.000
0.000
0.000
0.000
0.000
0.000
0.000
0.000
0.000
0.000
0.000
0.000
0.000
0.000
0.000
0.000
0.000
0.000
0.000
0.000
0.000
0.000
0.000
0.000
0.000
0.000
0.000
0.000
0.000
0.000
0.000
0.000
0.000
0.000
0.000
0.000
0.000
0.000
0.000
0.000
0.000
0.000
0.000
0.000
0.000
0.000
0.000
0.000
0.000
0.000
0.000
0.000
0.000
0.000
0.000
0.000
0.000
0.000
0.000
0.000
0.000
0.000
0.000
0.000
0.000
0.000
0.000
0.000
0.000
0.000
0.000
0.000
0.000
0.000
0.000
0.000
0.000
0.000
0.000
0.000
0.000
0.000
0.000
0.000
0.000
0.000
0.000
0.000
0.000
0.000
0.000
0.000
0.000
0.000
0.000
0.000
0.000
0.000
0.000
0.000
0.000
0.000
0.000
0.000
0.000
0.000
0.000
0.000
0.000
0.755
0.000
0.000
0.000
0.000
0.000
0.000
0.000
0.000
0.000
0.000
0.000
0.000
0.000
0.000
0.000
0.000
0.000
0.000
0.000
0.000
0.000
0.000
0.000
0.000
0.000
0.000
0.000
0.000
0.000
0.000
0.000
0.000
0.000
0.000
0.000
0.000
0.000
0.041
0.058
0.000
0.000
0.000
0.000
0.000
0.000
0.000
0.000
0.000
0.000
0.000
0.000
0.000
0.000
0.000
0.000
0.000
0.000
0.000
0.000
0.021
12.586
1.742
0.000
0.000
0.000
0.000
0.000
0.000
0.000
0.000
0.000
0.000
0.000
0.000
0.000
0.000
0.000
0.000
0.000
0.000
0.000
0.000
0.000
0.000
0.000
0.000
0.000
0.000
0.000
0.000
0.000
0.000
0.439
0.055
0.007
0.127
0.000
0.000
0.000
0.000
0.000
0.000
0.000
0.000
0.000
0.000
0.000
0.000
0.000
0.000
0.000
0.000
0.000
0.000
0.000
0.000
0.000
0.000
0.086
0.051
0.522
0.216
0.000
1.356
0.103
10.430
0.910
3.090
4.055
103.381
7.735
21.350
6.544
0.000
3.165
0.000
0.457
0.264
1.885
0.572
0.142
0.007
1.607
1.054
8.490
0.460
3.267
3.498
27.883
12.073
7.359
0.170
0.000
0.000
2.782
3.240
21.006
26.898
15.703
2.233
12.566
0.685
0.000
0.084
0.000
0.000
0.000
2.123
2.165
1.282
2.149
11.331
10.018
15.951
13.934
69.069
5.153
26.980
30.228
8.029
86.992
9.939
15.385
29.366
9.278
2.043
2.996
3.023
4.780
23.837
141.985
11.577
4.484
1.281
0.199
0.342
0.395
0.458
0.000
0.000
0.000
2.048
1.083
9.771
0.103
0.362
0.000
0.000
0.000
0.000
0.000
0.000
0.000
0.000
0.529
10.473
3.495
0.000
0.000
0.666
13.118
16.631
18.883
12.679
7.179
6.362
10.660
14.753
1.751
0.000
0.130
5.394
0.144
0.010
0.000
0.000
0.000
0.031
0.000
0.000
0.041
0.000
0.000
0.000
0.000
0.000
0.161
0.000
0.000
0.000
0.000
0.000
0.000
0.000
0.000
0.000
0.000
0.000
0.000
0.000
0.000
0.000
0.000
0.000
0.000
0.000
0.000
0.000
0.000
0.000
0.000
0.000
0.000
0.000
0.000
0.000
0.000
0.000
0.000
0.000
0.000
0.000
0.000
0.000
0.000
0.000
0.000
0.000
0.000
0.021
0.000
0.000
0.000
0.000
0.000
0.000
0.000
0.000
0.000
0.000
0.208
8.343
0.038
0.000
0.000
0.000
0.000
0.000
0.000
0.000
0.000
0.000
0.000
0.000
0.000
0.000
0.000
0.000
0.000
0.000
0.000
0.000
0.000
0.000
0.000
0.000
0.000
0.000
0.000
0.000
0.000
0.000
0.000
0.000
0.000
0.000
0.000
0.000
0.000
0.000
0.000
0.000
0.000
0.000
0.000
0.000
0.000
0.000
0.000
0.000
0.000
0.000
0.000
0.000
0.000
0.000
0.000
0.000
0.000
0.000
0.000
0.000
0.000
0.000
0.000
0.000
0.000
0.000
0.000
0.000
0.000
0.000
0.000
0.000
0.000
0.000
0.000
0.000
0.000
0.000
0.000
0.000
0.000
0.000
0.000
0.000
0.000
0.000
0.000
0.000
0.000
0.000
0.000
0.000
0.000
0.000
0.000
0.000
0.000
0.000
0.000
0.000
0.000
0.000
0.000
0.000
0.000
0.000
0.000
0.000
0.000
0.000
0.000
0.000
0.000
0.000
0.000
0.000
0.000
0.000
0.000
0.000
0.000
0.000
0.000
0.000
0.700
0.127
0.000
0.000
0.000
0.000
0.000
0.000
0.000
0.000
0.000
0.000
0.000
0.000
0.000
0.000
0.000
0.000
0.000
0.000
0.000
0.000
0.000
0.000
0.000
0.000
0.000
0.000
0.000
0.000
0.000
0.000
0.000
0.000
0.000
0.000
0.000
0.000
0.000
0.000
0.000
0.000
0.000
0.000
0.000
0.069
0.000
0.000
0.000
0.000
0.000
0.000
0.000
0.000
0.000
0.412
3.052
0.062
0.000
0.000
0.000
0.000
0.000
0.000
0.000
0.000
0.000
0.000
0.072
0.168
0.022
0.000
0.288
0.593
0.000
0.000
0.000
0.000
0.000
0.024
23.294
0.000
0.929
23.098
34.604
3.522
0.051
1.645
0.482
0.266
0.024
0.000
0.000
0.000
0.000
43.607
46.186
14.864
3.917
9.187
40.035
29.618
10.312
40.873
44.781
5.404
6.825
13.225
19.026
40.153
7.289
6.936
11.997
1.947
2.805
4.761
2.400
0.866
2.438
2.051
0.122
0.000
0.357
0.117
0.010
0.577
8.435
4.616
0.137
6.883
4.373
0.125
0.712
0.300
0.000
0.000
0.000
0.000
0.000
0.184
0.000
0.640
4.201
2.305
1.639
20.036
38.998
23.483
5.083
6.632
18.103
4.274
1.603
4.611
2.616
0.539
0.003
0.000
0.000
0.000
0.000
0.000
0.000
0.000
0.000
0.000
0.000
0.000
0.000
0.000
0.000
0.000
0.000
0.000
0.000
0.000
0.000
0.000
0.282
0.000
0.000
1.301
9.081
0.608
0.000
0.000
0.000
0.000
0.000
0.000
0.051
0.000
0.000
0.000
0.000
0.000
0.000
0.000
0.000
0.000
0.000
0.000
0.000
0.000
0.000
0.000
0.000
0.000
0.000
0.000
0.000
0.000
0.000
0.000
0.000
0.000
0.000
0.000
0.000
0.000
0.000
0.113
0.000
0.000
0.000
0.000
0.000
0.000
0.000
0.000
0.000
0.000
0.000
0.000
0.000
0.000
0.000
0.000
0.000
0.000
0.000
0.000
0.000
0.000
0.000
0.000
0.000
0.000
0.000
0.000
0.000
0.000
0.000
0.000
0.000
0.000
0.000
0.000
0.000
0.000
0.000
0.000
0.000
0.000
0.000
0.000
0.000
0.000
0.000
0.000
0.000
0.000
0.000
0.000
0.000
0.000
0.000
0.000
0.000
0.000
0.000
0.000
0.000
0.000
0.000
0.000
0.000
0.000
0.000
0.000
0.000
0.000
0.000
0.000
0.000
0.000
0.000
0.000
0.000
0.000
0.000
0.000
0.000
0.000
0.000
0.000
0.000
0.000
0.000
0.017
0.003
0.000
0.000
0.000
0.000
0.000
0.000
0.000
0.000
0.000
0.000
0.000
0.000
0.007
0.000
0.000
0.000
0.000
0.000
0.000
0.000
0.000
0.000
0.000
0.000
0.000
0.000
0.000
0.000
0.000
0.000
0.000
0.000
0.000
0.000
0.000
0.000
0.000
0.000
0.000
0.000
0.000
0.000
0.000
0.000
0.000
0.000
0.000
0.000
0.000
0.000
0.000
0.000
0.000
0.000
0.000
0.000
0.000
0.000
0.000
0.000
0.000
0.000
0.000
0.000
0.000
0.000
0.000
0.000
0.000
0.000
0.000
0.000
0.000
0.000
0.000
0.000
0.000
0.000
0.000
0.000
0.000
0.000
0.000
0.000
0.000
0.000
0.000
0.000
0.000
0.000
0.000
0.000
0.000
0.000
0.000
0.000
0.000
0.000
0.000
0.000
0.000
0.000
0.000
0.000
0.000
0.000
0.000
0.000
0.000
0.000
0.000
0.000
0.300
2.000
0.027
0.000
0.125
6.077
0.076
0.000
0.000
0.000
0.000
0.000
0.000
0.082
2.046
0.038
0.000
0.000
0.000
0.000
0.694
0.076
0.677
5.670
1.025
0.170
0.141
0.000
0.000
0.000
1.636
1.603
3.176
8.047
16.330
18.665
15.770
8.314
9.562
5.474
0.587
12.906
10.549
9.591
0.196
1.061
8.708
1.627
6.159
14.275
18.297
18.033
29.303
28.425
1.725
4.194
5.600
0.887
2.862
15.173
117.374
33.065
2.592
27.703
18.680
4.841
19.995
13.091
15.264
13.867
12.710
12.851
8.243
13.057
12.947
4.278
5.950
6.588
10.070
0.360
3.663
18.220
0.179
0.034
2.372
20.356
15.357
4.923
14.258
6.429
23.085
2.997
4.837
1.579
6.540
1.456
13.664
11.567
5.613
29.807
22.934
3.921
2.369
7.471
19.631
8.490
1.959
0.220
0.007
0.000
0.000
0.000
0.000
0.000
0.000
0.000
0.000
0.000
0.000
0.000
0.000
0.000
0.000
0.000
0.000
0.000
0.000
0.000
0.000
0.000
0.000
0.498
8.591
0.050
0.000
0.000
0.000
0.000
0.100
0.000
0.045
0.000
0.000
0.000
0.000
0.000
0.000
0.000
0.000
0.000
0.000
0.003
0.000
0.000
0.000
0.000
0.000
0.000
0.000
0.000
0.079
2.602
1.208
1.071
6.726
8.010
0.089
2.118
10.578
0.055
0.000
0.000
0.000
5.936
7.119
11.446
0.381
0.000
0.000
0.000
0.000
0.000
0.000
0.000
0.000
0.000
0.000
0.000
0.000
0.000
0.000
0.000
0.000
0.000
0.000
0.000
0.000
0.000
0.000
0.000
0.000
0.000
0.000
0.000
0.000
0.000
0.000
0.000
0.000
1.449
1.660
0.014
0.000
0.000
0.000
0.000
0.000
0.000
0.000
0.000
0.000
0.000
0.000
0.000
0.000
0.000
0.000
0.000
0.000
0.000
0.000
0.000
0.000
0.000
0.000
0.000
0.000
0.000
0.000
0.000
0.003
0.000
0.000
0.000
0.000
0.000
0.002
0.000
0.000
0.000
0.000
0.000
0.000
0.000
0.002
0.002
0.000
0.000
0.010
0.000
0.000
0.000
0.000
0.000
0.000
0.000
0.000
0.000
0.000
0.000
0.000
0.000
0.000
0.002
0.000
0.000
0.000
0.000
0.000
0.000
0.000
0.000
0.002
0.000
0.002
0.002
0.000
0.000
0.000
0.000
0.000
0.000
0.000
0.000
0.000
0.002
0.002
0.000
0.002
0.000
0.000
0.000
0.002
0.000
0.000
0.000
0.000
0.000
0.000
0.000
0.000
0.000
0.000
0.000
0.000
0.002
0.000
0.000
0.000
0.000
0.000
0.000
0.000
0.000
0.000
0.002
0.000
0.000
0.000
0.000
0.000
0.000
0.000
0.014
0.000
0.000
0.000
0.000
0.000
0.000
0.000
0.000
0.000
0.000
0.000
0.000
0.000
0.000
0.000
0.045
0.000
0.000
0.000
0.168
0.024
0.000
0.000
0.000
0.000
0.000
0.000
0.000
0.000
0.000
0.000
0.000
0.000
0.000
0.000
0.000
0.000
0.000
0.000
0.316
0.069
0.295
0.086
0.257
0.251
0.000
0.010
0.948
1.796
0.240
0.002
0.180
0.209
1.109
0.065
0.300
95.646
80.210
0.065
0.299
0.285
1.009
0.542
1.624
0.937
60.351
32.305
57.527
56.099
114.206
4.257
0.760
1.909
13.357
3.964
6.003
40.517
14.886
1.851
0.000
0.288
0.120
16.390
0.872
0.972
4.247
7.543
3.504
1.789
5.792
17.942
11.834
2.836
29.227
4.314
0.498
0.045
0.072
49.346
44.634
14.258
38.239
6.921
13.870
12.420
33.371
13.139
0.972
0.130
0.659
7.040
16.775
9.790
1.006
1.916
15.958
2.026
11.091
17.182
34.638
29.270
28.331
22.120
29.646
22.072
15.700
48.590
18.622
15.946
2.122
7.749
3.464
11.182
45.854
2.925
0.069
3.327
0.855
14.025
0.462
0.290
1.641
0.108
0.268
2.232
0.385
1.260
0.900
0.003
0.000
0.177
0.000
0.002
0.000
0.002
0.000
0.000
0.000
0.000
0.927
0.000
0.000
0.000
0.000
0.000
0.000
0.000
0.002
0.000
0.000
0.000
0.000
0.000
0.000
0.000
0.000
0.000
0.000
0.000
0.000
0.002
0.000
0.000
0.000
0.002
0.000
0.000
0.000
0.000
0.000
0.000
0.000
0.000
0.000
0.000
0.000
0.000
0.000
0.000
0.000
0.000
0.000
0.000
0.000
0.000
0.000
0.000
0.000
0.002
0.000
0.000
0.000
0.000
0.000
0.000
0.000
0.000
0.000
0.000
0.000
0.000
0.000
0.002
0.000
0.000
0.000
0.000
0.000
0.000
0.000
0.000
0.000
0.000
0.000
0.000
0.000
0.000
0.000
0.000
0.000
0.000
0.000
0.000
0.000
0.000
0.000
0.000
0.000
0.000
0.000
0.000
0.000
0.003
0.000
0.000
0.000
0.000
0.000
0.000
0.005
0.000
0.000
0.002
0.000
0.000
0.000
0.000
0.000
0.000
0.000
0.000
0.003
0.000
0.000
0.000
0.000
0.000
0.000
0.000
0.000
0.000
0.000
0.000
0.000
0.000
0.000
0.000
0.000
0.000
0.000
0.002
0.000
0.000
0.000
0.000
0.000
0.000
0.000
0.000
0.000
0.000
0.000
0.000
0.002
0.000
0.000
0.000
0.000
0.000
0.000
0.000
0.000
0.000
0.000
0.000
0.000
0.000
0.000
0.000
0.000
0.002
0.000
0.000
0.000
0.000
0.000
0.000
0.000
0.000
0.000
0.000
0.000
0.000
0.000
0.000
0.000
0.000
0.000
0.000
0.000
0.000
0.000
0.000
0.000
0.000
0.000
0.000
0.000
0.000
0.000
0.000
0.000
0.000
0.000
3.770
0.000
0.000
0.000
0.000
0.000
0.000
0.000
0.000
0.000
0.000
0.000
0.000
0.000
0.000
0.000
0.000
0.000
0.000
0.000
0.002
0.000
0.000
0.000
0.000
0.000
0.000
0.000
0.000
0.000
0.000
0.000
0.000
0.000
0.000
0.000
0.000
0.000
0.000
0.000
0.000
0.000
0.000
0.000
0.000
0.000
0.000
0.000
0.000
0.000
0.000
0.000
0.508
0.051
2.111
1.009
6.022
0.017
0.017
0.003
0.000
0.000
0.000
0.000
0.000
0.000
0.000
0.024
0.007
0.000
0.000
0.000
0.573
1.136
0.045
3.797
11.637
0.003
0.038
5.296
2.733
39.218
196.573
2.506
42.620
5.696
1.588
3.478
2.855
3.564
2.637
0.972
0.343
2.578
0.065
0.563
1.778
0.398
0.106
1.500
3.993
3.220
5.356
8.490
20.936
4.120
0.360
0.927
5.821
11.508
11.460
3.763
2.941
7.361
5.370
1.620
29.461
0.985
20.175
3.945
3.691
1.061
4.535
5.768
15.331
22.271
16.203
10.028
1.239
6.987
16.648
11.048
10.277
11.052
23.470
8.607
22.821
26.419
11.920
22.598
67.688
35.881
9.088
8.075
7.436
4.781
8.164
18.804
2.561
0.203
0.292
2.795
1.861
3.625
6.185
4.738
3.826
0.295
0.038
0.000
0.000
0.000
0.000
0.000
0.000
0.000
0.000
0.007
0.000
0.445
0.089
0.000
0.000
0.000
0.000
0.000
0.000
0.000
0.000
0.000
0.000
0.000
0.000
0.000
0.000
0.000
0.000
0.002
0.000
0.000
0.000
0.000
0.000
0.002
0.000
0.000
0.000
0.000
0.000
0.000
0.000
0.000
0.000
0.000
0.002
0.000
0.000
0.000
0.000
0.000
0.002
0.000
0.000
0.000
0.000
0.000
0.002
0.000
0.000
0.000
0.000
0.000
0.000
0.000
0.000
0.000
0.000
0.003
0.000
0.000
0.000
0.000
0.000
0.000
0.000
0.000
0.000
0.002
0.000
0.000
0.000
0.000
0.000
0.000
0.000
0.000
0.000
0.000
0.000
0.000
0.002
0.000
0.000
0.000
0.000
0.000
0.000
0.000
0.000
0.000
0.000
0.000
0.000
0.000
0.000
0.000
0.000
0.000
0.000
0.000
0.000
0.000
0.002
0.680
0.000
0.000
0.000
0.002
0.000
0.000
0.002
0.000
0.000
0.000
0.000
0.000
0.000
0.000
0.000
0.000
0.024
0.683
0.000
0.000
0.000
0.000
0.000
0.000
0.000
0.000
0.120
0.089
0.079
0.000
0.000
0.000
0.000
0.000
0.000
0.000
0.003
0.000
0.000
0.000
0.000
0.000
0.000
0.000
0.000
0.000
0.000
0.000
0.000
0.000
0.000
0.000
0.002
0.002
0.000
0.000
0.000
0.000
0.000
0.000
0.000
0.000
0.000
0.002
0.000
0.000
0.000
0.000
0.120
0.000
0.000
0.000
0.000
0.000
0.000
0.000
0.000
0.000
0.000
0.000
0.165
0.017
0.000
0.000
0.000
0.000
0.000
0.000
0.000
0.000
0.000
0.034
0.010
0.014
0.007
0.000
0.000
0.000
0.000
0.000
0.000
0.000
0.003
0.000
0.000
0.000
0.000
0.000
0.000
0.000
0.000
0.000
0.000
0.000
0.000
0.000
0.000
0.000
0.000
0.000
0.000
0.000
0.000
0.000
0.000
0.002
0.000
0.000
0.000
0.000
0.000
0.000
0.000
0.000
0.014
0.476
0.000
0.203
0.002
12.476
15.112
1.241
0.573
0.005
14.646
7.055
0.311
0.057
0.812
6.721
56.801
2.170
0.046
0.886
0.185
0.000
0.007
0.307
2.127
0.383
0.000
0.671
1.933
0.264
0.518
0.003
3.365
3.996
3.910
23.219
27.752
18.793
9.040
5.352
15.098
2.218
6.065
16.806
9.924
18.109
67.841
4.149
0.779
6.581
95.133
0.752
7.531
25.224
2.369
19.564
99.268
11.222
2.558
1.459
20.155
16.435
5.040
5.449
0.096
1.308
18.636
21.911
20.932
28.623
8.813
7.598
38.792
35.259
20.067
1.796
0.680
1.111
0.045
2.139
3.615
10.852
3.619
5.873
5.461
1.143
0.065
0.038
0.055
0.000
0.017
0.460
0.932
0.326
0.500
0.053
0.014
5.208
5.591
0.118
0.050
0.021
0.137
0.192
4.683
1.497
0.426
4.013
0.663
0.003
0.000
13.990
12.936
15.130
27.541
5.665
21.197
9.709
45.106
22.446
11.014
7.321
8.202
0.937
0.051
0.002
5.291
14.268
10.811
7.900
3.481
1.748
0.282
0.000
0.000
0.000
0.000
0.000
0.000
0.000
0.000
0.000
0.000
0.000
0.000
0.000
0.000
0.000
0.002
0.000
0.000
0.000
0.000
0.000
0.000
0.000
0.000
0.000
0.000
0.000
0.000
0.000
0.001
0.000
0.000
0.000
0.000
0.000
0.000
0.000
0.000
0.000
0.000
0.000
0.000
0.000
0.000
0.000
0.000
0.000
0.000
0.000
0.000
0.002
0.000
0.000
0.000
0.000
0.000
0.002
0.000
0.000
0.000
0.000
0.000
0.003
0.002
0.000
0.000
0.002
0.000
0.000
0.000
0.000
0.000
0.000
0.000
0.000
0.002
0.000
0.000
0.000
0.000
0.000
0.000
0.000
0.000
0.000
0.000
0.000
0.000
0.000
0.000
0.000
0.000
0.000
0.000
0.000
0.000
0.000
0.000
0.000
0.000
6.448
0.084
0.000
0.002
0.000
0.000
0.000
0.000
0.000
0.000
0.000
0.000
0.000
0.000
0.000
0.000
0.000
0.000
0.000
0.000
0.000
0.000
0.000
0.000
0.000
0.000
0.000
0.000
0.000
0.000
0.000
0.000
0.000
0.000
0.000
0.000
0.000
0.000
0.000
0.002
0.000
0.000
0.002
0.000
0.000
0.000
0.000
0.000
0.003
0.000
0.000
0.000
0.000
0.000
0.000
0.000
0.000
0.000
0.000
0.000
0.002
0.000
0.000
0.000
0.000
0.000
0.000
0.000
0.000
0.000
0.000
0.000
0.000
0.003
0.002
0.000
0.000
0.000
0.000
0.000
0.000
0.000
0.000
0.000
0.000
0.000
0.000
0.000
0.407
0.014
0.000
0.000
0.000
0.000
0.000
0.000
0.000
0.000
0.000
0.000
0.003
0.000
0.000
0.000
0.000
0.000
0.000
0.002
0.000
0.000
0.000
0.000
0.000
0.000
0.000
0.072
0.003
0.000
0.000
0.000
0.000
0.000
0.000
0.000
0.000
0.000
0.000
0.000
0.000
0.000
0.000
0.002
0.000
0.003
0.000
0.000
0.002
0.000
0.000
0.000
0.000
0.371
0.065
0.000
0.154
0.000
0.003
0.000
0.000
0.100
0.000
0.000
0.000
0.000
0.000
0.000
0.000
0.000
0.000
0.002
0.000
0.000
0.009
0.185
0.000
0.002
0.000
0.000
0.000
0.000
0.003
0.021
1.662
17.173
10.403
0.718
3.996
6.221
3.938
20.277
0.048
0.031
0.807
6.707
49.095
28.633
27.090
6.183
121.081
41.595
19.504
3.347
