20000101
0.000
0.000
0.000
0.000
0.000
0.000
0.000
0.000
0.000
0.000
0.000
0.000
0.000
0.000
0.000
0.000
0.000
0.000
0.000
0.000
0.000
0.000
0.000
0.000
0.000
0.000
0.000
0.000
0.000
0.000
0.000
0.000
0.000
0.000
0.007
0.647
0.000
0.000
0.000
0.000
0.000
0.000
0.000
0.000
0.000
0.000
0.000
0.000
0.000
0.000
0.000
0.000
0.000
0.000
0.007
0.000
0.000
0.000
0.000
0.000
0.000
0.000
0.000
0.000
0.000
0.000
0.000
0.000
0.000
0.000
0.000
0.000
0.000
0.000
0.000
0.000
0.000
0.000
0.000
0.000
0.000
0.000
0.000
0.000
0.000
0.000
0.000
0.000
0.000
0.000
0.000
0.000
0.000
0.000
0.000
0.000
0.000
0.000
0.000
0.000
0.000
0.000
0.000
0.000
0.000
0.000
0.000
0.000
0.000
0.000
0.000
0.000
0.000
0.000
0.000
0.000
0.000
0.000
0.000
0.000
0.000
0.000
0.000
0.000
0.000
0.000
0.604
0.058
0.000
0.000
0.000
0.034
1.641
5.251
0.577
0.022
0.215
2.523
6.372
2.664
0.165
0.024
0.000
0.000
0.000
0.000
0.000
0.000
0.000
0.000
0.000
0.000
0.000
0.079
0.000
0.048
0.027
0.000
0.000
1.535
0.000
0.000
0.000
0.292
1.342
3.498
0.453
0.082
0.000
0.000
0.000
0.000
0.000
0.000
0.000
0.264
0.127
0.000
0.000
0.000
0.103
0.299
3.068
33.016
4.980
13.237
0.889
2.079
0.927
3.071
0.558
7.867
3.174
2.444
10.840
9.592
34.019
6.608
9.894
0.706
0.000
17.460
12.968
2.189
0.021
0.000
0.000
0.000
0.000
0.000
0.136
0.031
0.000
0.000
0.000
0.062
0.000
0.000
0.000
0.000
0.028
0.010
0.101
0.049
21.613
18.857
29.622
2.372
0.209
1.982
0.089
3.747
33.486
4.059
28.906
1.015
8.681
0.429
1.274
14.112
11.777
5.239
0.486
0.753
0.601
0.160
0.072
0.276
6.455
0.515
0.000
0.127
0.000
0.000
0.000
0.000
0.000
0.000
0.000
0.000
0.000
0.000
0.000
0.000
0.000
0.000
0.000
0.000
0.000
0.000
0.000
0.000
0.000
0.000
0.000
0.000
0.000
0.000
0.000
0.000
0.000
0.000
0.000
0.219
0.131
0.033
0.000
0.000
0.000
0.000
0.000
0.000
0.000
0.000
0.000
0.000
0.000
0.000
0.000
0.000
0.000
0.000
0.000
0.000
0.000
0.000
0.000
0.000
0.000
0.000
0.000
0.000
0.000
0.000
0.000
0.000
0.000
0.000
0.000
0.000
0.000
0.000
0.000
0.000
0.000
0.000
0.000
0.000
0.000
0.000
0.000
0.000
0.000
0.000
0.000
0.000
0.000
0.000
0.000
0.000
0.000
0.000
0.000
0.000
0.000
0.000
0.000
0.000
0.000
0.000
0.000
0.000
0.000
0.000
0.000
0.000
0.000
0.000
0.000
0.000
0.000
0.000
0.000
0.000
2.920
1.281
0.000
0.000
0.000
0.000
0.000
0.000
0.000
0.000
0.000
0.000
0.000
0.000
0.000
0.000
0.000
0.000
0.000
0.000
0.000
0.000
0.000
0.000
0.000
0.000
0.000
0.000
0.000
0.000
0.000
0.000
0.000
0.000
0.000
0.000
0.000
0.000
0.000
0.000
0.000
0.000
0.000
0.000
0.000
0.000
0.000
0.000
0.000
0.000
0.000
0.000
0.000
0.000
0.000
0.000
0.000
0.000
0.000
0.000
0.000
0.000
0.000
0.000
0.000
0.000
0.000
0.000
0.000
0.000
0.000
0.000
0.000
0.000
0.000
0.000
0.000
0.000
0.000
0.000
0.000
0.000
0.000
0.000
0.000
0.000
0.000
0.000
0.000
0.000
0.000
0.000
0.000
0.000
0.000
0.000
0.000
0.000
0.000
0.000
0.000
0.000
0.000
0.014
0.000
0.000
0.000
0.007
0.433
0.048
0.014
0.000
0.000
0.000
0.000
0.000
0.000
0.000
0.000
0.000
0.000
0.000
0.000
0.000
0.000
0.000
0.000
0.000
0.000
0.000
0.000
0.000
0.000
0.000
0.000
0.000
0.000
0.000
0.048
4.676
2.767
0.558
0.024
0.024
0.000
0.000
0.338
0.137
0.010
0.000
0.000
6.554
3.473
0.266
0.000
0.017
0.572
0.781
1.591
0.136
0.613
0.172
0.870
17.842
40.064
52.331
21.455
29.026
35.407
7.678
22.355
8.545
0.151
0.000
0.000
0.017
0.034
0.835
0.331
0.209
1.069
3.206
0.542
1.196
3.878
37.486
40.334
31.799
0.278
1.452
16.751
11.017
12.073
44.017
17.200
7.340
1.693
3.234
4.034
3.751
1.698
0.220
13.125
5.998
9.881
37.089
8.792
9.943
2.341
4.068
3.557
4.116
4.082
11.324
3.501
0.033
0.027
4.544
20.836
3.383
13.438
7.390
6.672
26.226
26.995
16.778
22.025
14.528
12.687
98.504
71.513
3.843
0.000
0.000
3.883
0.472
1.170
5.869
0.681
0.000
0.000
0.000
0.055
0.021
0.000
0.000
0.000
0.000
0.230
0.017
0.350
3.492
2.165
0.014
0.000
0.000
0.000
0.137
0.003
0.024
0.000
0.000
0.000
0.000
0.007
0.000
0.000
0.000
0.000
0.000
0.000
0.000
0.000
0.000
0.000
0.000
0.076
2.542
1.229
0.000
0.000
0.000
0.000
0.000
4.010
16.499
10.052
4.762
0.342
0.000
0.000
0.000
0.000
0.000
0.000
0.000
0.000
0.000
0.000
0.000
0.000
0.000
0.000
0.000
0.000
0.000
0.000
0.000
0.000
0.000
0.000
0.000
0.000
0.000
0.000
0.000
0.000
0.000
0.000
0.000
0.000
0.000
0.000
0.000
0.000
0.000
0.000
0.000
0.000
0.000
0.000
0.000
0.000
0.000
0.000
0.000
0.000
0.000
0.000
0.000
0.000
0.000
0.000
0.000
0.000
0.000
0.000
0.000
0.000
0.000
0.000
0.000
0.000
0.000
0.000
0.000
0.000
0.000
0.000
0.000
0.000
0.000
0.000
0.000
0.000
0.000
0.000
0.000
0.000
0.000
0.000
0.000
0.000
0.000
0.000
0.000
0.000
0.000
0.000
0.000
0.000
0.051
0.007
0.000
0.100
0.000
0.000
0.000
0.000
0.000
0.000
0.000
0.000
0.000
0.000
0.000
0.000
0.000
0.000
0.000
0.000
0.000
0.000
0.000
0.000
0.000
0.000
3.139
3.272
0.000
0.000
0.000
0.000
0.000
0.000
0.000
0.000
0.000
0.000
0.000
0.000
0.000
0.000
0.000
0.000
0.000
0.000
0.000
0.000
0.000
0.000
0.000
0.000
0.000
0.000
0.000
0.000
0.000
0.000
0.000
0.076
0.000
0.000
0.000
0.000
0.000
0.000
0.000
0.000
0.000
0.000
0.000
0.000
0.000
0.000
0.000
0.000
0.000
0.000
0.000
0.000
0.000
0.000
0.000
0.027
0.000
0.000
0.000
0.000
0.000
0.000
0.000
0.000
0.000
0.000
0.014
0.089
0.000
0.000
0.000
0.000
0.000
0.000
0.000
0.000
0.000
0.000
0.000
0.000
0.000
0.000
0.000
0.000
0.000
0.000
0.000
0.000
0.000
0.000
0.000
0.000
0.000
0.000
0.000
0.000
0.000
0.000
0.000
0.000
0.000
0.000
0.000
0.000
0.000
0.000
0.007
0.058
0.088
0.048
0.110
0.079
0.045
0.003
0.000
0.000
0.000
0.000
0.000
0.000
0.000
0.611
5.876
3.529
9.160
1.557
3.049
3.186
8.648
5.744
0.230
0.041
0.000
0.426
7.254
7.038
25.643
63.171
16.143
0.141
0.000
0.382
0.127
0.000
0.000
0.039
0.007
0.000
0.010
0.000
0.000
0.205
1.243
0.192
0.373
0.003
7.011
1.536
4.734
0.688
1.489
1.983
1.674
2.671
1.033
0.082
0.000
0.000
0.000
0.000
0.000
1.202
0.038
0.398
14.770
22.165
38.670
31.163
38.375
2.584
0.252
2.709
4.607
3.225
1.275
1.964
4.885
0.676
0.117
0.000
0.000
1.332
8.779
30.336
3.536
2.695
1.260
1.315
0.127
4.728
23.639
16.373
17.888
27.392
8.005
0.529
0.062
0.000
0.000
0.000
0.000
0.000
0.000
0.000
0.000
0.000
0.000
0.000
0.000
0.000
0.000
0.000
0.000
0.000
0.000
0.076
0.088
0.010
0.000
0.000
0.000
0.000
0.000
0.000
0.000
0.000
0.000
0.000
0.000
0.000
0.000
0.000
0.000
0.000
0.000
0.000
0.000
0.000
0.000
0.000
0.000
0.000
0.000
0.000
0.000
0.000
0.000
0.000
0.000
0.000
0.000
0.000
0.000
0.000
0.000
0.000
0.000
0.003
0.000
0.000
0.000
0.000
0.021
0.000
0.000
0.000
0.000
0.000
0.000
0.000
0.000
0.000
0.000
0.000
0.000
0.000
0.000
0.000
0.000
0.000
0.000
0.000
0.000
0.000
0.000
0.000
0.000
0.000
0.000
0.000
0.000
0.000
0.000
0.000
0.000
0.000
0.000
0.000
0.000
0.000
0.000
0.000
0.000
0.000
0.000
0.000
0.000
0.000
0.000
0.000
0.000
0.987
2.434
0.000
0.000
0.000
0.000
0.000
0.000
0.000
0.000
0.000
0.000
0.000
0.000
0.000
0.000
0.000
0.000
0.000
0.000
0.000
0.000
0.000
0.000
0.000
0.000
0.000
0.000
0.096
0.007
0.000
0.000
3.983
0.357
0.000
0.000
0.000
0.000
0.000
0.000
0.000
0.000
0.000
0.000
0.000
0.000
0.000
0.000
0.000
0.463
12.423
0.319
0.000
0.000
0.000
0.000
0.000
0.000
0.000
0.000
0.000
0.000
0.000
0.000
0.000
0.000
0.000
0.000
0.000
0.000
0.000
0.000
0.000
0.000
0.000
0.000
0.000
0.000
0.000
0.000
0.000
0.000
0.000
0.000
0.000
0.000
0.000
0.000
0.000
0.000
0.000
0.000
0.000
0.000
0.000
0.000
0.000
0.000
0.000
0.000
0.000
0.000
0.000
0.000
0.000
0.000
0.000
0.000
0.000
0.000
0.000
0.000
0.000
0.000
0.000
0.000
0.000
0.000
0.000
0.000
0.000
0.000
0.000
0.000
0.000
0.000
0.000
0.000
0.000
0.000
0.000
0.000
0.000
0.000
0.000
0.000
0.000
0.000
0.000
0.000
0.000
0.000
0.000
0.000
0.000
0.000
0.000
0.000
0.000
0.000
0.000
0.000
0.000
0.000
0.000
0.000
0.000
0.000
0.000
0.000
0.000
0.000
0.000
0.021
0.014
0.000
0.000
1.293
11.021
1.610
71.449
27.486
11.453
1.339
2.355
0.501
0.360
6.224
0.230
0.003
9.467
5.431
0.378
0.046
0.418
10.110
14.145
72.778
29.054
17.861
10.658
9.352
5.019
2.079
6.056
14.561
14.290
15.132
24.967
9.751
6.440
19.255
13.252
5.955
1.126
15.939
61.170
12.221
3.392
10.404
18.677
12.222
1.602
1.230
2.047
4.051
7.502
13.625
22.567
5.716
7.665
18.024
25.111
17.722
4.154
6.743
6.520
2.568
7.443
0.021
0.000
0.072
0.082
0.007
4.484
2.115
0.652
20.553
18.620
3.979
11.254
14.945
9.460
165.475
18.443
1.380
2.589
6.224
1.699
1.512
3.068
0.857
0.000
0.142
3.691
1.651
0.000
0.000
3.670
1.150
0.084
1.876
4.051
1.140
0.011
1.200
2.511
0.285
0.718
0.659
0.046
0.000
0.000
0.000
0.000
0.154
0.117
0.137
0.000
0.000
0.000
0.000
0.000
0.000
0.000
0.000
0.000
0.000
0.000
0.000
0.000
0.000
0.000
0.000
0.000
0.000
0.000
0.000
0.000
0.000
0.000
0.000
0.000
0.000
0.000
0.000
0.000
0.000
0.000
0.000
0.000
0.000
0.000
0.000
0.000
0.000
0.000
0.000
0.000
0.000
0.000
0.000
0.000
0.000
0.000
0.000
0.000
0.000
0.000
0.000
0.000
0.000
0.000
0.000
0.000
0.000
0.000
0.000
0.000
0.000
0.000
0.000
0.000
0.000
0.000
0.000
0.000
0.000
0.000
0.000
0.000
0.000
0.000
0.000
0.000
0.000
0.000
0.000
0.000
0.000
0.000
0.000
0.000
0.000
0.000
0.000
0.000
0.000
0.000
0.000
0.000
0.000
0.000
0.007
0.000
0.000
0.000
0.000
0.000
0.000
0.000
0.000
0.000
0.000
0.000
0.000
0.000
0.003
0.000
0.000
0.000
0.000
0.000
0.000
0.000
0.000
0.000
0.000
0.000
0.000
0.000
0.000
0.000
0.000
0.000
0.000
0.000
0.000
0.000
0.000
0.000
0.000
0.000
0.000
0.000
0.000
0.000
0.000
0.000
0.000
0.000
0.000
0.000
0.000
0.000
0.000
0.000
0.000
0.000
0.000
0.000
0.000
0.000
0.000
0.000
0.000
0.000
0.000
0.000
0.000
0.000
0.000
0.000
0.000
0.000
0.000
0.000
0.000
0.000
0.000
0.000
0.000
0.000
0.000
0.000
0.000
0.000
0.000
0.000
0.000
0.000
0.000
0.000
0.000
0.000
0.000
0.000
0.000
0.000
0.000
0.000
0.000
0.000
0.000
0.000
0.000
0.000
0.000
0.000
0.000
0.000
0.000
0.000
0.000
0.000
0.000
0.000
0.000
0.000
0.000
0.000
0.000
0.000
0.000
0.007
0.446
1.851
0.848
4.666
5.411
22.192
0.065
0.000
0.000
0.000
0.000
0.000
0.000
0.000
0.000
0.000
0.000
0.000
0.000
0.000
0.000
0.000
0.000
0.000
0.000
0.000
0.000
0.000
0.000
0.000
0.000
0.106
2.475
0.781
0.021
0.000
0.000
2.489
5.318
0.295
0.695
1.555
0.000
0.000
0.000
0.000
0.000
0.189
0.577
0.254
2.767
15.686
10.540
4.443
0.546
0.101
0.000
0.045
1.356
1.219
0.036
0.640
2.525
0.161
0.000
0.000
0.000
0.000
0.088
0.106
2.693
0.599
2.216
0.901
0.031
0.000
0.014
0.000
0.000
0.000
0.000
0.077
0.038
3.219
0.031
3.864
0.169
1.502
0.153
0.237
2.714
11.694
54.313
2.787
3.190
5.341
16.152
12.936
19.910
6.638
5.515
9.316
0.292
6.793
2.228
4.666
17.552
2.856
0.172
0.690
0.000
0.000
0.000
0.000
0.000
0.000
0.225
0.352
0.039
0.003
0.000
0.000
0.000
0.000
0.000
0.000
0.000
0.000
0.000
0.457
0.331
2.250
1.056
21.054
7.069
0.038
0.103
0.017
0.017
0.520
0.746
2.065
0.000
1.404
4.659
41.897
2.556
15.155
8.983
26.593
17.927
7.083
0.000
0.000
1.653
0.755
0.000
0.000
0.000
0.000
0.000
0.000
0.000
0.000
0.000
0.000
0.000
0.000
0.000
0.000
0.000
0.000
0.000
0.000
0.000
0.000
0.000
0.000
0.000
0.000
0.000
0.000
0.000
0.000
0.000
0.000
0.000
0.000
0.000
0.000
0.000
0.000
0.000
0.000
0.000
0.000
0.000
0.000
0.000
0.000
0.000
0.000
0.000
0.000
0.000
0.000
0.000
0.000
0.000
0.000
0.000
0.000
0.000
0.000
0.000
0.000
0.000
0.000
0.000
0.000
0.000
0.000
0.000
0.000
0.000
0.000
0.000
0.000
0.000
0.000
0.000
0.000
0.000
0.000
0.000
0.000
0.000
0.105
0.000
0.000
0.000
0.000
0.000
0.000
0.000
0.000
0.000
0.000
0.000
0.000
0.000
0.000
0.000
0.000
0.000
0.000
0.000
0.000
0.000
0.000
0.000
0.000
0.000
0.000
0.000
0.000
0.000
0.566
0.137
0.000
0.000
0.000
0.000
0.000
0.000
0.000
0.000
0.000
0.000
0.000
0.000
0.000
0.000
0.000
0.000
0.000
0.000
0.000
0.000
0.000
0.000
0.000
0.000
0.000
0.000
0.000
0.000
0.000
0.000
0.000
0.000
0.000
0.000
0.000
0.017
0.000
0.000
0.000
0.000
0.000
0.000
0.000
0.000
0.000
0.000
0.000
0.000
0.000
0.000
0.000
0.000
0.000
0.000
0.000
0.000
0.000
0.000
0.000
0.000
0.000
0.000
0.000
0.000
0.000
0.000
0.000
0.000
0.000
0.000
0.000
0.000
0.000
0.000
0.000
0.000
0.000
0.000
0.000
0.000
0.000
0.000
0.000
0.000
0.000
0.000
0.700
0.735
0.831
0.017
0.000
0.000
0.000
0.000
0.000
0.000
0.000
0.000
0.000
0.000
0.000
0.000
0.000
0.000
0.000
0.000
0.000
0.000
0.000
0.000
0.000
0.000
0.000
0.000
0.000
0.000
0.000
0.000
0.000
0.000
0.000
0.000
0.000
0.000
0.000
0.000
0.000
0.000
0.000
0.000
0.000
0.116
2.093
52.249
0.000
0.000
0.000
0.000
0.000
0.000
1.950
0.000
0.382
0.118
0.134
2.221
0.000
5.643
1.377
3.847
14.131
19.611
14.535
16.752
11.966
8.580
6.753
0.898
5.752
5.301
0.021
7.527
6.460
3.802
8.459
4.376
6.968
16.389
0.772
0.000
0.000
0.000
0.000
0.000
0.201
6.921
9.864
21.279
2.676
1.155
8.821
11.575
13.312
4.731
4.734
5.172
1.147
1.368
1.615
0.343
2.547
0.000
0.000
0.021
0.659
0.000
0.003
0.227
0.656
1.634
3.289
4.655
0.687
1.193
0.144
0.000
0.034
0.048
0.062
0.000
0.388
0.239
0.027
0.000
0.000
0.000
0.000
0.395
0.078
2.266
7.170
4.583
6.013
14.116
7.902
20.571
28.615
20.476
20.307
14.214
5.222
13.029
0.544
2.147
5.541
33.098
0.041
1.959
0.065
0.659
0.058
0.083
0.015
0.000
0.000
0.000
0.000
0.000
0.000
0.000
0.000
0.000
0.000
0.000
0.000
0.000
0.000
0.000
0.000
0.000
0.000
0.000
0.000
0.000
0.000
0.000
0.000
0.000
0.000
0.000
0.000
0.000
0.000
0.000
0.000
0.000
0.000
0.000
0.000
0.000
0.000
0.000
0.000
0.000
0.000
0.000
0.000
0.000
0.000
0.000
0.000
0.000
0.000
0.000
0.000
0.000
0.000
0.000
0.000
0.000
0.000
0.000
0.000
0.000
0.000
0.000
0.000
0.000
0.000
0.000
0.000
0.000
0.000
0.000
0.000
0.000
0.000
0.000
0.000
0.000
0.000
0.000
0.000
0.000
0.000
0.000
0.000
0.000
0.000
0.000
0.000
0.000
0.000
0.000
0.000
0.000
0.000
0.000
0.000
0.000
0.000
0.000
0.000
0.000
0.000
0.000
0.000
0.000
0.000
0.000
0.000
0.000
0.000
0.000
0.000
0.000
0.000
0.000
0.000
0.000
0.000
0.000
0.000
0.000
0.000
0.000
0.000
0.000
0.000
0.000
0.000
0.000
0.000
0.000
0.000
0.000
0.000
0.000
0.000
0.000
0.000
0.000
0.000
0.000
0.000
0.000
0.000
0.000
0.000
0.000
0.000
0.000
0.000
0.000
0.000
0.000
0.000
0.000
0.000
0.000
0.000
6.626
7.282
0.419
0.000
0.000
2.980
0.003
0.000
0.000
0.000
0.000
0.000
0.000
0.000
0.000
0.000
0.000
0.000
0.000
0.000
0.000
0.000
0.000
0.000
0.000
0.000
0.000
0.000
0.000
0.000
0.000
0.000
0.000
0.000
0.000
0.000
0.000
0.000
0.000
0.000
0.000
0.000
0.000
0.000
0.000
0.003
0.000
0.000
0.000
0.000
0.000
0.000
0.000
0.000
0.000
0.000
0.000
0.000
0.000
0.000
0.000
0.000
0.000
0.000
0.000
0.000
0.000
0.000
0.000
0.000
0.000
0.000
0.089
1.718
1.037
5.280
0.056
0.000
0.000
0.000
0.000
0.000
0.000
0.000
4.479
21.918
6.077
0.055
0.000
0.000
0.000
0.069
0.000
0.000
0.000
0.000
0.151
0.094
0.000
0.000
0.000
0.000
0.742
0.000
0.000
0.000
0.000
0.000
0.632
12.796
6.211
6.554
5.009
2.654
0.103
0.000
0.000
0.000
0.343
12.148
1.408
1.998
2.124
6.988
5.333
15.449
0.093
0.000
0.546
2.481
2.065
8.400
9.086
9.408
2.796
4.343
9.877
5.861
5.030
6.643
3.088
4.185
18.895
16.973
7.538
15.127
10.044
5.806
6.369
8.413
13.121
3.536
15.836
11.026
21.900
4.670
13.450
13.470
4.728
14.048
5.836
2.336
5.898
18.519
35.288
13.182
11.713
8.547
0.956
1.018
0.833
0.857
0.973
0.043
0.024
9.855
5.998
1.753
6.800
0.714
2.024
8.841
1.971
0.941
0.385
0.003
1.239
0.034
0.000
0.000
0.038
0.000
0.000
0.000
2.623
4.655
0.457
8.605
11.745
10.732
1.088
4.115
5.557
0.345
0.525
0.000
0.000
0.000
0.000
0.000
0.000
0.000
0.000
0.000
0.000
0.000
0.000
0.000
0.000
0.000
0.000
0.000
0.000
0.000
0.000
0.000
0.070
0.309
0.000
0.000
0.000
0.000
0.000
0.000
0.000
0.000
0.000
0.000
0.000
0.000
0.000
0.000
0.000
0.000
0.000
0.000
0.000
0.000
0.000
0.000
0.000
0.000
0.000
0.000
0.000
0.000
0.000
0.000
0.000
0.000
0.000
0.000
0.000
0.000
0.000
0.000
0.000
0.000
0.000
0.000
0.000
0.000
0.024
0.000
0.000
0.000
0.000
0.000
0.000
0.000
0.000
0.000
0.000
0.000
0.000
0.000
0.000
0.000
0.000
0.000
0.000
0.000
0.000
0.000
0.000
0.000
0.000
0.000
0.000
0.000
0.000
0.000
0.000
0.000
0.000
0.000
0.000
0.000
0.000
0.000
0.000
0.000
0.000
0.000
0.000
0.000
0.000
0.000
0.000
0.000
0.000
0.000
0.000
0.000
0.000
0.000
0.035
0.602
0.000
0.000
0.000
0.000
0.000
0.000
0.000
0.000
0.000
0.014
2.000
0.098
0.000
0.956
0.000
0.000
0.000
0.000
0.000
0.000
0.000
0.000
0.000
0.000
0.185
0.000
0.000
0.000
0.000
0.000
0.000
0.000
0.000
0.000
0.000
0.000
0.000
0.000
0.000
0.000
0.010
0.003
0.000
0.000
0.000
0.000
0.000
0.000
0.069
0.010
0.000
0.000
0.000
0.000
0.000
0.000
0.000
0.000
0.000
0.000
0.000
0.000
0.000
0.000
0.000
0.000
0.000
0.000
0.000
0.000
0.000
0.000
0.000
0.000
0.000
0.000
0.000
0.000
0.000
0.024
0.000
0.000
0.000
0.000
0.000
0.000
0.000
0.000
0.000
0.000
0.000
0.000
0.000
0.000
0.000
0.000
0.000
0.000
0.000
0.000
0.000
0.000
0.000
0.000
0.000
0.000
0.000
0.000
0.000
0.000
0.000
0.000
0.000
0.000
0.000
0.000
0.000
0.000
0.000
0.000
0.000
0.000
0.000
0.669
1.339
5.363
0.154
0.000
0.000
0.000
0.000
0.000
0.137
0.055
0.000
12.109
1.960
0.409
2.214
3.062
10.344
0.858
0.319
0.405
0.941
40.972
1.030
3.210
0.034
8.944
1.765
0.096
18.527
73.645
155.735
2.331
5.009
17.992
43.535
27.754
8.851
16.493
1.683
13.511
1.459
0.807
11.675
3.725
0.079
0.724
0.031
0.003
7.866
13.026
6.382
25.849
2.844
3.731
7.886
2.306
4.255
2.317
7.019
6.252
25.632
7.548
16.819
16.143
52.980
13.379
9.289
3.540
1.009
3.126
3.868
6.700
2.345
1.998
2.012
0.703
0.209
0.529
2.546
13.661
17.309
0.836
0.079
7.277
12.068
8.605
3.972
12.657
18.993
13.958
17.674
15.868
11.041
11.391
1.948
0.860
1.816
0.817
1.799
1.282
0.017
0.014
0.213
0.110
0.007
0.000
1.426
1.395
8.798
5.607
2.299
3.274
1.179
2.922
0.000
1.941
1.279
0.000
0.000
0.000
0.000
0.000
0.000
0.000
0.000
0.000
0.000
0.000
0.000
0.000
0.000
0.000
0.000
0.000
0.000
0.000
0.000
0.000
0.000
0.000
0.000
0.000
0.000
0.000
0.000
0.000
0.000
0.000
0.000
0.000
0.000
0.000
0.000
0.000
0.000
0.000
0.000
0.000
0.000
0.000
0.000
0.000
0.000
0.000
0.000
0.000
0.000
0.000
0.000
0.000
0.000
0.000
0.000
0.000
0.000
0.000
0.000
0.000
0.000
0.000
0.000
0.000
0.000
0.000
0.000
0.000
0.000
0.000
0.000
0.000
0.000
0.000
0.000
0.000
0.000
0.000
0.000
0.000
0.000
0.000
0.000
0.000
0.000
0.000
0.000
0.000
0.000
0.000
0.000
0.000
0.000
0.000
0.000
0.000
0.000
0.000
0.000
0.000
0.000
0.000
0.000
0.000
0.000
0.000
0.000
0.000
0.000
0.000
0.000
0.000
0.000
0.000
0.000
0.000
0.000
0.000
0.000
0.000
0.000
0.000
0.000
0.000
0.000
0.000
0.010
0.000
0.000
0.000
0.000
0.000
0.000
0.000
0.000
0.000
0.000
0.000
0.000
0.000
0.000
0.000
0.000
0.000
0.000
0.000
0.000
0.000
0.000
0.000
0.000
0.000
0.000
0.000
0.000
0.000
0.000
0.000
0.000
0.000
0.000
0.000
0.000
0.000
0.034
0.469
0.000
0.000
0.000
0.000
0.000
0.000
0.000
0.000
0.000
0.000
0.000
0.000
0.000
0.000
0.000
0.000
0.017
0.000
0.000
0.000
0.000
1.924
0.206
0.000
0.000
0.000
0.000
0.000
0.000
0.000
0.000
0.000
0.000
0.000
0.000
0.000
0.000
0.000
0.000
0.000
0.000
0.000
0.000
0.000
0.000
0.000
0.000
0.000
0.000
0.000
0.000
0.000
0.000
0.824
0.069
0.000
0.419
0.282
0.000
0.000
0.000
0.000
0.000
0.000
0.000
0.000
0.000
0.000
0.000
0.000
0.000
0.000
0.000
0.000
0.000
0.000
0.000
0.000
0.000
0.762
0.917
0.220
0.058
0.972
0.714
1.370
11.773
0.694
3.337
9.987
73.983
9.465
23.942
3.224
0.003
0.718
0.000
0.628
1.854
0.989
0.106
0.064
0.010
1.154
5.390
5.078
0.354
4.844
5.651
19.908
8.102
4.204
0.481
0.003
0.007
1.843
4.155
12.960
36.607
10.380
10.147
2.027
0.203
0.000
0.000
0.000
0.000
0.000
4.958
3.268
0.307
2.338
29.969
2.559
7.412
22.846
75.922
7.478
22.967
9.311
8.164
23.659
8.413
14.189
27.377
3.559
0.840
0.962
2.182
2.803
15.796
107.302
6.856
6.068
0.668
0.058
0.489
0.306
0.862
0.000
0.000
0.000
1.202
0.191
11.017
0.051
0.709
0.000
0.000
0.000
0.000
0.000
0.000
0.000
0.000
5.122
10.949
10.344
0.021
0.000
1.617
14.028
17.695
9.249
16.510
10.550
10.655
20.644
15.154
5.088
0.110
6.245
4.182
0.055
0.017
0.000
0.000
0.003
0.038
0.000
0.000
0.000
0.000
0.000
0.000
0.000
0.000
0.364
0.000
0.000
0.000
0.000
0.000
0.000
0.000
0.000
0.000
0.000
0.000
0.000
0.000
0.000
0.000
0.000
0.000
0.000
0.000
0.000
0.000
0.000
0.000
0.000
0.000
0.000
0.000
0.000
0.000
0.000
0.000
0.000
0.000
0.000
0.000
0.000
0.000
0.000
0.000
0.000
0.000
0.041
1.114
0.000
0.000
0.000
0.000
0.000
0.000
0.000
0.000
0.000
0.000
0.076
4.745
0.000
0.000
0.000
0.000
0.000
0.000
0.000
0.000
0.000
0.000
0.000
0.000
0.000
0.000
0.000
0.000
0.000
0.000
0.000
0.000
0.000
0.000
0.000
0.000
0.000
0.000
0.000
0.000
0.000
0.000
0.000
0.000
0.000
0.000
0.000
0.000
0.000
0.000
0.300
0.010
0.007
0.000
0.000
0.000
0.000
0.000
0.000
0.000
0.000
0.000
0.000
0.000
0.000
0.000
0.000
0.000
0.000
0.000
0.000
0.000
0.000
0.000
0.000
0.000
0.000
0.000
0.000
0.000
0.000
0.000
0.000
0.000
0.000
0.000
0.000
0.000
0.000
0.000
0.000
0.000
0.000
0.000
0.000
0.000
0.000
0.000
0.000
0.000
0.000
0.000
0.000
0.000
0.000
0.000
0.000
0.000
0.000
0.000
0.000
0.000
0.000
0.000
0.000
0.000
0.000
0.000
0.000
0.000
0.000
0.000
0.000
0.000
0.000
0.000
0.000
0.000
0.000
0.000
0.000
0.000
0.000
0.000
0.000
0.000
0.439
0.316
0.000
0.000
0.000
0.000
0.000
0.000
0.000
0.000
0.000
0.000
0.000
0.000
0.000
0.000
0.000
0.000
0.000
0.000
0.000
0.000
0.000
0.000
0.000
0.000
0.000
0.000
0.000
0.000
0.000
0.000
0.000
0.000
0.000
0.000
0.000
0.000
0.000
0.000
0.000
0.000
0.000
0.000
0.000
0.000
0.000
0.000
0.000
0.000
0.000
0.000
0.000
0.000
0.000
0.512
0.364
0.043
0.000
0.000
0.000
0.000
0.000
0.000
0.000
0.000
0.000
0.000
0.129
0.142
0.014
0.046
0.472
0.805
0.000
0.000
0.000
0.000
0.000
0.000
20.781
0.003
1.387
29.774
26.956
2.254
0.017
0.381
0.136
0.218
0.096
0.000
0.000
0.000
0.000
113.154
36.796
6.786
5.494
4.877
66.390
14.622
12.277
32.781
42.856
3.224
6.056
5.964
8.575
46.000
8.418
4.604
3.856
1.294
1.698
3.323
1.200
0.655
1.126
1.056
0.167
0.000
0.460
0.184
0.070
0.381
6.274
4.249
0.010
3.625
4.952
0.021
0.414
0.173
0.000
0.000
0.000
0.000
0.003
0.670
0.000
0.000
1.325
4.321
1.939
27.637
33.604
11.106
2.783
1.376
8.803
6.345
4.683
3.344
3.111
0.439
0.000
0.000
0.000
0.000
0.000
0.000
0.000
0.000
0.000
0.000
0.000
0.000
0.000
0.000
0.000
0.000
0.000
0.000
0.000
0.000
0.000
0.000
0.690
0.000
0.000
2.953
17.661
1.047
0.000
0.000
0.000
0.000
0.000
0.000
1.476
0.000
0.000
0.000
0.000
0.000
0.000
0.000
0.000
0.000
0.000
0.000
0.000
0.000
0.000
0.000
0.000
0.000
0.000
0.000
0.000
0.000
0.000
0.000
0.000
0.000
0.000
0.000
0.000
0.000
0.048
1.686
0.167
0.000
0.000
0.000
0.000
0.000
0.000
0.000
0.000
0.000
0.000
0.000
0.000
0.000
0.000
0.000
0.000
0.000
0.000
0.000
0.000
0.000
0.000
0.000
0.000
0.000
0.000
0.000
0.000
0.000
0.000
0.000
0.000
0.000
0.000
0.000
0.000
0.000
0.000
0.000
0.000
0.000
0.000
0.000
0.000
0.000
0.587
0.082
0.000
0.000
0.000
0.000
0.000
0.000
0.000
0.000
0.000
0.000
0.000
0.000
0.007
0.000
0.000
0.000
0.000
0.000
0.000
0.000
0.000
0.000
0.000
0.000
0.000
0.000
0.000
0.000
0.000
0.000
0.000
0.000
0.000
0.000
0.000
0.000
0.000
0.000
0.000
0.048
0.014
0.000
0.000
0.000
0.000
0.000
0.000
0.000
0.000
0.000
0.000
0.000
0.000
0.113
0.000
0.000
0.000
0.000
0.000
0.000
0.000
0.000
0.000
0.000
0.000
0.000
0.000
0.000
0.000
0.000
0.000
0.000
0.000
0.000
0.000
0.000
0.000
0.000
0.000
0.000
0.000
0.000
0.000
0.000
0.000
0.000
0.000
0.000
0.000
0.000
0.000
0.000
0.000
0.000
0.000
0.000
0.000
0.000
0.000
0.000
0.000
0.000
0.000
0.000
0.000
0.000
0.000
0.000
0.000
0.000
0.000
0.000
0.000
0.000
0.000
0.000
0.000
0.000
0.000
0.000
0.000
0.000
0.000
0.000
0.000
0.000
0.000
0.000
0.000
0.000
0.000
0.000
0.000
0.000
0.000
0.000
0.000
0.000
0.000
0.000
0.000
0.000
0.000
0.000
0.000
0.000
0.000
0.000
0.000
0.000
0.000
0.000
0.000
0.105
1.773
0.000
0.663
0.046
2.033
0.079
0.000
0.000
0.000
0.000
0.000
0.014
0.522
11.383
1.090
0.000
0.000
0.000
0.000
0.462
0.130
1.302
3.622
0.587
0.051
0.637
0.000
0.000
0.000
0.723
0.572
3.238
7.206
10.198
23.842
13.097
6.006
13.332
2.343
0.754
10.674
5.193
0.669
0.079
2.139
3.910
2.108
0.683
10.295
14.801
9.816
10.216
7.702
0.937
9.943
4.357
0.606
4.112
14.759
46.520
15.946
3.378
19.281
6.410
3.011
19.003
11.481
4.707
11.464
6.739
10.283
12.109
11.120
7.491
2.664
8.978
4.086
4.182
0.666
5.153
16.912
0.086
0.282
3.512
13.994
13.225
2.839
7.314
3.696
24.352
2.911
3.258
2.970
9.596
4.992
16.421
11.862
7.090
31.874
9.180
1.998
1.813
4.803
9.479
6.101
2.041
0.048
0.000
0.000
0.000
0.000
0.000
0.000
0.000
0.000
0.000
0.000
0.000
0.000
0.000
0.000
0.000
0.000
0.000
0.000
0.000
0.000
0.000
0.000
0.000
0.000
5.923
0.318
0.000
0.000
0.000
0.000
1.483
3.035
0.062
0.000
0.000
0.000
0.000
0.000
0.000
0.000
0.000
0.000
0.017
0.003
0.000
0.000
0.000
0.000
0.000
0.000
0.000
0.000
0.165
0.306
0.934
0.906
13.990
13.589
1.033
3.217
12.744
1.102
0.050
0.000
0.000
4.089
4.389
6.375
0.666
0.000
0.000
0.000
0.000
0.000
0.000
0.000
0.000
0.000
0.000
0.000
0.000
0.000
0.000
0.000
0.000
0.000
0.000
0.000
0.000
0.000
0.000
0.000
0.000
0.000
0.000
0.000
0.000
0.000
0.000
0.000
0.000
0.223
2.829
0.505
0.000
0.000
0.000
0.000
0.000
0.000
0.000
0.000
0.000
0.000
0.000
0.000
0.000
0.000
0.000
0.000
0.000
0.000
0.000
0.000
0.000
0.000
0.000
0.000
0.000
0.000
0.000
0.000
0.003
0.000
0.000
0.000
0.000
0.000
0.002
0.000
0.000
0.000
0.000
0.014
0.000
0.000
0.002
0.002
0.000
0.000
1.439
0.446
0.000
0.000
0.000
0.000
0.000
0.000
0.000
0.000
0.000
0.000
0.000
0.000
0.000
0.002
0.000
0.000
0.000
0.000
0.000
0.000
0.000
0.000
0.002
0.000
0.002
0.002
0.000
0.000
0.000
0.000
0.000
0.000
0.000
0.000
0.000
0.002
0.002
0.000
0.002
0.000
0.000
0.000
0.002
0.000
0.000
0.000
0.000
0.000
0.000
0.000
0.000
0.000
0.000
0.000
0.000
0.002
0.000
0.000
0.000
0.000
0.000
0.000
0.000
0.000
0.000
0.002
0.000
0.000
0.000
0.000
0.000
0.000
0.000
0.003
0.000
0.000
0.000
0.000
0.000
0.000
0.000
0.000
0.000
0.000
0.000
0.000
0.000
0.000
0.000
0.014
0.000
0.000
0.000
0.518
0.240
0.100
0.000
0.000
0.000
0.000
0.000
0.000
0.000
0.000
0.000
0.000
0.000
0.003
0.000
0.000
0.000
0.189
0.038
0.027
0.003
0.453
5.503
10.753
4.140
0.000
0.503
1.998
2.031
3.725
0.230
12.457
3.622
24.609
0.458
3.030
117.137
43.255
5.078
1.015
2.259
1.212
3.262
6.310
4.089
41.235
19.423
20.235
5.356
73.354
11.639
7.699
6.921
29.500
8.417
16.344
54.945
37.429
4.947
0.333
0.312
2.276
32.406
4.436
2.438
6.406
9.156
4.635
3.454
14.140
47.444
7.224
12.878
59.203
7.488
11.429
0.642
6.818
93.274
8.205
9.016
9.936
9.654
10.519
27.924
32.434
4.305
3.141
1.681
10.952
11.731
23.754
21.398
10.279
17.417
28.695
5.727
11.211
17.820
30.123
40.498
50.801
43.959
30.133
21.461
27.323
42.023
22.573
12.413
2.880
5.299
13.302
20.517
26.154
3.746
0.137
10.856
5.955
12.535
0.973
5.440
4.144
0.647
3.804
6.125
3.756
4.062
4.762
0.360
0.395
0.529
0.055
0.002
0.000
0.002
0.000
0.000
0.000
0.000
0.141
0.000
0.000
0.000
0.000
0.000
0.000
0.000
0.002
0.000
0.000
0.000
0.000
0.000
0.000
0.000
0.000
0.000
0.000
0.000
0.000
0.002
0.000
0.000
0.000
0.002
0.000
0.000
0.000
0.000
0.000
0.000
0.000
0.000
0.000
0.000
0.000
0.000
0.000
0.000
0.000
0.000
0.000
0.000
0.000
0.000
0.000
0.000
0.000
0.002
0.000
0.000
0.000
0.000
0.000
0.000
0.000
0.000
0.000
0.000
0.000
0.000
0.000
0.002
0.000
0.000
0.000
0.000
0.000
0.000
0.000
0.000
0.000
0.000
0.000
0.000
0.000
0.000
0.000
0.000
0.000
0.000
0.000
0.000
0.000
0.000
0.000
0.000
0.000
0.000
0.000
0.000
0.000
0.003
0.000
0.000
0.000
0.000
0.000
0.000
0.002
0.000
0.000
0.002
0.000
0.000
0.000
0.000
0.000
0.000
0.000
0.000
0.003
0.000
0.000
0.000
0.000
0.000
0.000
0.000
0.000
0.000
0.000
0.000
0.000
0.000
0.000
0.000
0.000
0.000
0.000
0.002
0.000
0.000
0.000
0.000
0.000
0.000
0.000
0.000
0.000
0.000
0.000
0.000
0.002
0.000
0.000
0.000
0.000
0.000
0.000
0.000
0.000
0.000
0.000
0.000
0.000
0.000
0.000
0.000
0.000
0.002
0.000
0.000
0.000
0.000
0.000
0.000
0.000
0.000
0.000
0.000
0.000
0.000
0.000
0.000
0.000
0.000
0.000
0.010
0.000
0.000
0.000
0.000
0.000
0.000
0.000
0.000
0.000
0.000
0.000
0.000
0.000
0.000
0.000
3.529
0.000
0.000
0.000
0.000
0.000
0.000
0.000
0.000
0.000
0.000
0.000
0.000
0.000
0.000
0.000
0.017
5.352
4.329
0.007
0.002
0.000
0.000
0.000
0.000
0.000
0.000
0.000
0.000
0.000
0.000
0.000
0.000
0.000
0.000
0.000
0.000
0.000
0.000
0.000
0.000
0.000
0.000
0.000
0.000
0.000
0.000
0.000
0.000
0.000
0.000
0.000
2.135
0.831
4.058
3.746
15.453
0.577
0.017
0.024
0.000
0.350
0.055
0.003
0.000
0.000
0.000
0.124
0.027
0.000
0.000
0.003
2.903
1.171
0.010
9.568
32.997
3.212
3.416
11.424
8.343
67.741
192.151
3.981
20.411
4.333
1.274
13.239
6.662
13.034
1.741
0.879
0.766
3.900
0.036
0.268
4.800
1.191
2.026
4.151
7.265
4.525
11.155
14.337
14.423
4.254
0.117
1.006
10.367
22.101
23.847
22.845
9.653
26.316
8.164
12.217
87.489
3.553
8.478
6.866
5.538
4.230
11.903
6.540
12.159
24.887
6.494
9.033
8.166
17.952
29.723
3.304
16.488
18.028
27.050
15.225
25.684
13.214
10.870
26.381
86.377
26.934
6.022
2.008
9.771
7.744
7.251
8.377
1.988
0.120
2.949
3.505
1.905
4.614
10.217
9.512
6.293
4.044
2.410
0.007
0.000
0.000
0.000
0.000
0.000
0.000
0.000
0.230
0.000
0.000
0.000
0.000
0.000
0.000
0.000
0.000
0.000
0.000
0.000
0.000
0.000
0.000
0.000
0.000
0.000
0.000
0.000
0.002
0.000
0.000
0.000
0.000
0.000
0.002
0.000
0.000
0.000
0.000
0.000
0.000
0.000
0.000
0.000
0.000
0.002
0.000
0.000
0.000
0.000
0.000
0.002
0.000
0.000
0.000
0.000
0.000
0.002
0.000
0.000
0.000
0.000
0.000
0.000
0.000
0.000
0.000
0.000
0.003
0.000
0.000
0.000
0.000
0.000
0.000
0.000
0.000
0.000
0.002
0.000
0.000
0.000
0.000
0.000
0.000
0.000
0.000
0.000
0.000
0.000
0.000
0.002
0.000
0.000
0.000
0.000
0.000
0.000
0.000
0.000
0.000
0.000
0.000
0.000
0.000
0.000
0.000
0.000
0.000
0.000
0.000
0.000
0.000
0.000
0.505
0.000
0.000
0.000
0.002
0.000
0.000
0.002
0.000
0.000
0.000
0.000
0.000
0.000
0.000
0.000
0.000
0.000
0.257
0.000
0.000
0.000
0.000
0.000
0.000
0.000
0.000
0.216
1.669
0.069
0.000
0.000
0.000
0.000
0.000
0.000
0.000
0.003
0.000
0.000
0.000
0.000
0.000
0.000
0.000
0.000
0.000
0.000
0.000
0.000
0.000
0.000
0.000
0.002
0.002
0.000
0.000
0.003
0.000
0.000
0.000
0.000
0.000
0.000
0.002
0.000
0.000
0.000
0.000
0.000
0.000
0.000
0.000
0.000
0.000
0.000
0.000
0.000
0.000
0.000
0.000
0.374
0.050
0.000
0.000
0.000
0.000
0.000
0.000
0.000
0.021
0.058
0.254
0.051
0.024
0.029
0.000
0.000
0.000
0.000
0.000
0.000
0.000
0.003
0.000
0.000
0.000
0.000
0.000
0.000
0.000
0.000
0.000
0.000
0.000
0.000
0.000
0.000
0.000
0.000
0.000
0.000
0.000
0.000
0.000
0.000
0.002
0.000
0.000
0.000
0.000
0.000
0.000
0.000
0.000
0.098
0.817
0.030
0.000
81.402
50.228
11.091
0.587
0.875
0.603
12.818
1.518
2.789
0.005
2.465
22.040
20.895
2.311
0.055
1.420
0.342
0.058
2.703
0.838
2.292
1.821
1.310
0.378
1.694
3.213
2.039
0.786
3.411
7.248
10.725
25.850
21.748
16.301
9.980
12.456
7.035
2.101
6.307
41.824
16.117
25.512
19.097
6.448
3.993
10.392
41.192
0.783
2.125
24.764
13.561
20.090
27.030
13.568
2.956
6.391
47.004
19.147
4.594
4.597
2.190
12.892
15.254
34.978
5.775
9.057
7.749
7.361
16.311
19.092
11.168
3.660
10.410
4.449
2.390
12.227
15.151
17.671
11.563
12.353
24.127
6.427
0.536
0.041
2.232
1.071
4.041
4.946
5.775
3.797
4.259
0.215
0.086
7.031
4.810
0.064
0.005
0.000
0.000
2.022
0.728
0.239
0.446
0.180
0.051
0.003
0.000
42.812
33.398
21.338
29.217
4.209
16.370
8.662
25.490
16.239
9.747
8.731
13.599
4.254
0.477
0.558
3.850
21.832
18.584
5.994
0.570
2.836
0.560
0.000
0.000
0.000
0.000
0.000
0.000
0.000
0.000
0.000
0.000
0.000
0.000
0.000
0.000
0.000
0.002
0.000
0.000
0.000
0.000
0.000
0.000
0.000
0.000
0.000
0.000
0.000
0.000
0.000
0.001
0.000
0.000
0.000
0.000
0.000
0.000
0.000
0.000
0.000
0.000
0.000
0.000
0.000
0.000
0.000
0.000
0.000
0.000
0.000
0.000
0.002
0.000
0.000
0.000
0.000
0.000
0.002
0.000
0.000
0.000
0.000
0.000
0.003
0.002
0.000
0.000
0.002
0.000
0.000
0.000
0.000
0.000
0.000
0.000
0.000
0.002
0.000
0.000
0.000
0.000
0.000
0.000
0.045
0.000
0.000
0.000
0.000
0.000
0.000
0.000
0.000
0.000
0.000
0.000
0.000
0.000
0.000
0.000
0.000
0.003
15.161
0.240
0.000
0.002
0.000
0.000
0.000
0.000
0.000
0.000
0.000
0.000
0.000
0.000
0.000
0.000
0.000
0.000
0.000
0.000
0.000
0.000
0.000
0.000
0.000
0.000
0.000
0.000
0.000
0.000
0.000
0.000
0.000
0.000
0.000
0.014
0.003
0.000
0.000
0.002
0.000
0.000
0.002
0.000
0.000
0.000
0.000
0.000
0.003
0.000
0.000
0.000
0.000
0.000
0.000
0.000
0.000
0.000
0.000
0.000
0.002
0.000
0.000
0.000
0.000
0.000
0.000
0.000
0.000
0.000
0.000
0.000
0.000
0.003
0.002
0.000
0.000
0.000
0.000
0.000
0.000
0.000
0.000
0.000
0.000
0.000
0.000
0.000
0.204
0.199
0.014
0.000
0.000
0.000
0.000
0.000
0.000
0.000
0.000
0.000
0.003
0.000
0.000
0.000
0.196
0.003
0.000
0.002
0.000
0.000
0.000
0.000
0.000
0.295
0.103
0.017
0.024
0.000
0.000
0.000
0.000
0.000
0.000
0.000
0.000
0.000
0.000
0.000
0.000
0.000
0.000
0.002
0.000
0.003
0.000
0.000
0.002
0.000
0.072
0.000
0.000
1.916
0.707
0.000
0.000
0.000
0.014
0.000
0.000
1.006
0.000
0.000
0.000
0.652
0.261
0.027
0.007
0.000
0.000
0.002
0.000
0.000
0.000
0.105
0.000
0.002
0.000
0.000
0.000
0.000
0.021
1.751
11.601
23.777
23.384
7.217
7.253
6.345
6.231
15.408
1.754
0.553
2.620
16.867
45.439
50.190
35.513
16.766
27.057
15.347
21.310
1.847
