20000101
0.251
0.240
0.300
0.345
0.369
0.303
0.319
0.357
0.336
0.416
0.366
0.379
0.448
0.299
0.145
0.193
0.189
0.282
0.278
0.175
0.542
0.576
0.582
0.484
0.383
0.371
0.275
0.237
0.266
0.210
0.204
0.564
0.572
0.586
0.512
0.458
0.392
0.295
0.298
0.291
0.415
0.430
0.255
0.166
0.204
0.222
0.146
0.168
0.224
0.266
0.321
0.186
0.218
0.224
0.223
0.124
0.105
0.230
0.239
0.315
0.208
0.284
0.252
0.296
0.266
0.138
0.188
0.121
0.089
0.100
0.335
0.317
0.378
0.263
0.325
0.305
0.357
0.269
0.049
0.048
0.157
0.194
0.144
0.122
0.103
0.124
0.096
0.056
0.092
0.084
0.163
0.128
0.079
0.079
0.131
0.153
0.106
0.094
0.109
0.118
0.134
0.199
0.157
0.174
0.245
0.304
0.297
0.175
0.200
0.151
0.155
0.171
0.235
0.304
0.287
0.318
0.309
0.321
0.249
0.257
0.225
0.164
0.243
0.212
0.224
0.202
0.216
0.252
0.315
0.376
0.301
0.382
0.432
0.489
0.414
0.415
0.477
0.528
0.589
0.527
0.556
0.493
0.428
0.445
0.414
0.379
0.380
0.351
0.341
0.417
0.475
0.502
0.422
0.353
0.307
0.368
0.438
0.249
0.292
0.453
0.430
0.330
0.349
0.369
0.419
0.396
0.415
0.380
0.363
0.336
0.325
0.334
0.386
0.413
0.455
0.423
0.417
0.429
0.416
0.458
0.392
0.430
0.616
0.793
0.652
0.677
0.580
0.558
0.570
0.686
0.732
0.725
0.754
0.766
0.755
0.886
0.902
0.835
0.826
0.775
0.754
0.718
0.809
0.720
0.672
0.596
0.589
0.551
0.535
0.533
0.607
0.686
0.628
0.543
0.508
0.584
0.530
0.500
0.498
0.457
0.435
0.509
0.523
0.684
0.763
0.850
0.844
0.879
0.850
0.859
0.829
0.850
0.911
0.872
0.879
0.757
0.724
0.637
0.730
0.808
0.833
0.778
0.721
0.799
0.775
0.764
0.710
0.766
0.897
0.717
0.686
0.711
0.645
0.614
0.612
0.611
0.610
0.547
0.494
0.558
0.531
0.510
0.551
0.498
0.407
0.362
0.466
0.462
0.563
0.408
0.359
0.313
0.276
0.333
0.373
0.272
0.213
0.280
0.271
0.342
0.368
0.417
0.368
0.442
0.411
0.387
0.362
0.305
0.320
0.216
0.177
0.232
0.303
0.264
0.166
0.226
0.355
0.454
0.393
0.307
0.275
0.233
0.217
0.219
0.160
0.168
0.144
0.174
0.241
0.236
0.206
0.362
0.358
0.283
0.254
0.250
0.262
0.239
0.314
0.252
0.261
0.341
0.275
0.162
0.182
0.282
0.325
0.331
0.247
0.293
0.270
0.285
0.268
0.212
0.192
0.155
0.126
0.111
0.156
0.180
0.222
0.225
0.246
0.238
0.203
0.267
0.253
0.354
0.308
0.349
0.385
0.316
0.315
0.427
0.352
0.319
0.257
0.255
0.257
0.272
0.170
0.209
0.206
0.249
0.362
0.555
0.415
0.483
0.323
0.370
0.322
0.277
0.227
0.286
0.286
0.257
0.250
0.263
0.214
0.186
0.230
0.236
0.294
0.402
0.234
0.215
0.267
0.447
0.240
0.137
0.229
0.182
0.157
0.201
0.261
0.237
0.205
0.169
0.133
0.152
0.113
0.156
0.208
0.245
0.156
0.123
0.192
0.170
0.140
0.120
0.214
0.274
0.302
0.273
0.227
0.269
0.188
0.301
0.122
0.214
0.239
0.389
0.379
0.390
0.245
0.129
0.089
0.103
0.149
0.167
0.084
0.133
0.126
0.068
0.076
0.300
0.504
0.434
0.382
0.221
0.168
0.179
0.167
0.147
0.274
0.316
0.294
0.263
0.280
0.220
0.208
0.302
0.299
0.311
0.208
0.163
0.121
0.164
0.100
0.200
0.189
0.160
0.069
0.065
0.115
0.176
0.262
0.202
0.226
0.201
0.233
0.262
0.295
0.378
0.262
0.247
0.162
0.107
0.124
0.139
0.147
0.150
0.137
0.185
0.244
0.290
0.206
0.228
0.171
0.285
0.260
0.278
0.251
0.257
0.290
0.303
0.309
0.310
0.287
0.302
0.338
0.371
0.366
0.399
0.416
0.390
0.394
0.338
0.243
0.245
0.435
0.469
0.431
0.437
0.528
0.663
0.635
0.572
0.605
0.688
0.580
0.567
0.537
0.477
0.478
0.494
0.570
0.629
0.622
0.596
0.724
0.734
0.771
0.785
0.731
0.687
0.566
0.487
0.474
0.481
0.471
0.437
0.463
0.475
0.453
0.486
0.470
0.538
0.673
0.803
0.946
0.856
0.746
0.694
0.742
0.814
0.776
0.842
0.851
0.822
0.759
0.829
0.833
0.841
0.834
0.757
0.898
0.908
0.842
0.916
0.786
0.811
0.806
0.772
0.770
0.783
0.763
0.768
0.714
0.630
0.580
0.604
0.768
0.770
0.834
0.837
0.827
0.823
0.830
0.840
0.876
0.824
0.847
0.946
0.945
0.829
0.729
0.717
0.754
0.776
0.820
0.830
0.826
0.723
0.668
0.667
0.688
0.733
0.669
0.660
0.640
0.595
0.590
0.619
0.643
0.714
0.735
0.630
0.589
0.642
0.689
0.619
0.608
0.586
0.547
0.498
0.551
0.490
0.537
0.538
0.362
0.430
0.399
0.452
0.433
0.271
0.428
0.220
0.233
0.351
0.507
0.615
0.669
0.583
0.409
0.423
0.343
0.486
0.645
0.820
0.914
0.717
0.583
0.296
0.356
0.311
0.233
0.219
0.247
0.222
0.218
0.222
0.203
0.188
0.196
0.244
0.185
0.217
0.283
0.294
0.287
0.260
0.261
0.282
0.322
0.345
0.209
0.244
0.212
0.189
0.192
0.205
0.196
0.207
0.179
0.192
0.214
0.198
0.181
0.209
0.261
0.226
0.256
0.284
0.229
0.208
0.205
0.186
0.187
0.181
0.243
0.295
0.338
0.418
0.343
0.329
0.307
0.264
0.287
0.391
0.475
0.446
0.257
0.282
0.259
0.317
0.321
0.318
0.272
0.296
0.234
0.192
0.211
0.261
0.306
0.396
0.241
0.221
0.239
0.269
0.226
0.169
0.183
0.190
0.201
0.211
0.292
0.397
0.244
0.231
0.248
0.295
0.327
0.305
0.517
0.548
0.454
0.318
0.530
0.411
0.317
0.317
0.307
0.330
0.248
0.465
0.423
0.210
0.190
0.172
0.187
0.192
0.186
0.182
0.193
0.183
0.212
0.151
0.150
0.139
0.109
0.263
0.364
0.250
0.208
0.290
0.273
0.215
0.238
0.255
0.215
0.164
0.217
0.248
0.325
0.281
0.227
0.173
0.155
0.201
0.239
0.215
0.223
0.176
0.119
0.158
0.187
0.333
0.431
0.251
0.148
0.203
0.332
0.493
0.449
0.282
0.215
0.164
0.127
0.130
0.203
0.178
0.198
0.235
0.321
0.379
0.198
0.054
0.063
0.060
0.106
0.206
0.180
0.200
0.214
0.236
0.175
0.302
0.351
0.234
0.156
0.142
0.151
0.196
0.190
0.319
0.217
0.232
0.190
0.156
0.162
0.186
0.164
0.246
0.186
0.190
0.115
0.063
0.106
0.117
0.125
0.112
0.099
0.075
0.076
0.080
0.118
0.254
0.258
0.315
0.301
0.338
0.368
0.378
0.340
0.328
0.282
0.297
0.295
0.301
0.409
0.407
0.367
0.351
0.289
0.270
0.309
0.320
0.361
0.387
0.358
0.272
0.278
0.331
0.308
0.334
0.331
0.353
0.356
0.341
0.306
0.305
0.303
0.339
0.399
0.396
0.493
0.499
0.541
0.505
0.473
0.541
0.630
0.578
0.503
0.404
0.413
0.518
0.704
0.778
0.926
0.881
0.682
0.582
0.554
0.567
0.497
0.506
0.525
0.517
0.485
0.539
0.465
0.445
0.513
0.514
0.690
0.739
0.707
0.731
0.792
0.829
0.679
0.745
0.786
0.777
0.765
0.763
0.652
0.544
0.533
0.481
0.479
0.466
0.505
0.452
0.512
0.810
0.915
0.849
0.833
0.914
0.812
0.810
0.880
0.888
0.903
0.886
0.781
0.777
0.755
0.733
0.689
0.669
0.658
0.766
0.839
0.846
0.888
0.819
0.756
0.664
0.792
0.843
0.841
0.834
0.886
0.879
0.777
0.713
0.612
0.608
0.626
0.592
0.639
0.486
0.564
0.611
0.609
0.566
0.587
0.637
0.671
0.524
0.434
0.455
0.413
0.472
0.540
0.544
0.572
0.467
0.328
0.271
0.290
0.236
0.257
0.278
0.242
0.271
0.248
0.277
0.262
0.295
0.300
0.290
0.321
0.283
0.260
0.310
0.402
0.315
0.381
0.461
0.395
0.292
0.258
0.218
0.212
0.217
0.233
0.335
0.345
0.309
0.264
0.247
0.119
0.162
0.359
0.367
0.244
0.396
0.293
0.234
0.251
0.294
0.302
0.371
0.339
0.266
0.236
0.286
0.220
0.213
0.224
0.268
0.328
0.341
0.291
0.222
0.176
0.154
0.161
0.143
0.182
0.206
0.211
0.262
0.170
0.212
0.275
0.246
0.246
0.240
0.260
0.270
0.287
0.266
0.263
0.301
0.290
0.372
0.339
0.456
0.477
0.415
0.352
0.286
0.336
0.351
0.336
0.356
0.361
0.311
0.430
0.567
0.441
0.501
0.413
0.417
0.348
0.359
0.265
0.284
0.272
0.308
0.249
0.236
0.205
0.175
0.230
0.168
0.222
0.165
0.224
0.251
0.212
0.175
0.173
0.246
0.281
0.292
0.277
0.427
0.456
0.279
0.563
0.530
0.432
0.515
0.372
0.298
0.349
0.212
0.273
0.260
0.293
0.237
0.158
0.154
0.218
0.234
0.184
0.270
0.681
0.476
0.428
0.228
0.224
0.221
0.240
0.225
0.268
0.282
0.252
0.261
0.295
0.234
0.056
0.080
0.082
0.084
0.084
0.080
0.138
0.114
0.105
0.105
0.099
0.112
0.156
0.231
0.235
0.199
0.166
0.146
0.160
0.138
0.169
0.140
0.127
0.120
0.155
0.227
0.293
0.193
0.193
0.172
0.276
0.390
0.407
0.308
0.172
0.190
0.186
0.165
0.169
0.174
0.190
0.301
0.305
0.308
0.285
0.286
0.254
0.289
0.266
0.117
0.085
0.117
0.201
0.237
0.238
0.166
0.105
0.102
0.123
0.171
0.245
0.180
0.292
0.298
0.270
0.271
0.121
0.114
0.101
0.120
0.204
0.192
0.105
0.166
0.184
0.290
0.341
0.317
0.326
0.366
0.369
0.335
0.295
0.324
0.332
0.313
0.351
0.252
0.201
0.241
0.308
0.303
0.275
0.333
0.364
0.384
0.368
0.349
0.335
0.370
0.370
0.371
0.401
0.430
0.577
0.716
0.789
0.795
0.719
0.623
0.542
0.519
0.505
0.563
0.581
0.573
0.662
0.657
0.593
0.580
0.608
0.699
0.741
0.868
0.798
0.762
0.766
0.812
0.751
0.820
0.768
0.753
0.738
0.758
0.876
0.810
0.780
0.767
0.798
0.779
0.779
0.801
0.878
0.907
0.838
0.873
0.904
0.904
0.858
0.801
0.816
0.842
0.860
0.874
0.882
0.818
0.788
0.834
0.854
0.848
0.862
0.842
0.799
0.775
0.740
0.731
0.697
0.724
0.737
0.758
0.732
0.693
0.814
0.878
0.940
0.926
0.901
0.883
0.853
0.948
0.924
0.907
0.852
0.839
0.803
0.777
0.840
0.811
0.719
0.744
0.784
0.762
0.720
0.709
0.740
0.745
0.678
0.724
0.786
0.810
0.751
0.770
0.793
0.760
0.697
0.747
0.719
0.602
0.578
0.630
0.626
0.594
0.511
0.494
0.394
0.395
0.431
0.440
0.477
0.461
0.500
0.476
0.428
0.306
0.252
0.318
0.341
0.362
0.376
0.322
0.251
0.327
0.295
0.303
0.290
0.288
0.252
0.290
0.319
0.325
0.339
0.330
0.225
0.247
0.458
0.401
0.396
0.356
0.351
0.377
0.305
0.172
0.162
0.277
0.360
0.346
0.405
0.374
0.454
0.410
0.280
0.262
0.326
0.215
0.176
0.232
0.370
0.383
0.263
0.243
0.252
0.329
0.313
0.240
0.224
0.232
0.235
0.247
0.224
0.263
0.399
0.474
0.295
0.416
0.441
0.337
0.296
0.296
0.274
0.380
0.374
0.430
0.405
0.402
0.315
0.352
0.311
0.242
0.248
0.404
0.392
0.357
0.360
0.281
0.313
0.341
0.373
0.388
0.537
0.561
0.334
0.305
0.298
0.358
0.357
0.360
0.390
0.264
0.248
0.424
0.415
0.371
0.274
0.411
0.470
0.419
0.317
0.299
0.338
0.287
0.324
0.453
0.383
0.487
0.312
0.251
0.255
0.159
0.161
0.214
0.268
0.276
0.319
0.303
0.316
0.271
0.293
0.270
0.268
0.263
0.265
0.328
0.414
0.397
0.233
0.224
0.182
0.231
0.177
0.172
0.215
0.183
0.159
0.138
0.086
0.084
0.075
0.067
0.071
0.103
0.058
0.163
0.156
0.088
0.108
0.111
0.118
0.128
0.109
0.091
0.088
0.097
0.096
0.194
0.216
0.269
0.232
0.162
0.249
0.248
0.090
0.134
0.120
0.124
0.149
0.234
0.246
0.221
0.172
0.211
0.272
0.342
0.354
0.336
0.325
0.231
0.285
0.251
0.254
0.320
0.259
0.319
0.358
0.363
0.257
0.286
0.225
0.173
0.138
0.139
0.198
0.267
0.313
0.333
0.200
0.121
0.082
0.056
0.070
0.166
0.253
0.287
0.318
0.503
0.533
0.513
0.568
0.477
0.378
0.350
0.324
0.284
0.290
0.344
0.357
0.379
0.391
0.395
0.376
0.361
0.294
0.247
0.245
0.219
0.240
0.255
0.258
0.251
0.308
0.327
0.327
0.381
0.388
0.424
0.412
0.436
0.412
0.505
0.483
0.592
0.585
0.685
0.708
0.560
0.505
0.462
0.458
0.469
0.530
0.593
0.656
0.656
0.675
0.712
0.792
0.654
0.607
0.548
0.552
0.651
0.704
0.720
0.734
0.704
0.669
0.712
0.580
0.519
0.495
0.499
0.453
0.510
0.590
0.640
0.628
0.545
0.510
0.532
0.443
0.444
0.446
0.551
0.618
0.682
0.664
0.653
0.773
0.814
0.725
0.721
0.767
0.830
0.890
0.910
0.861
0.878
0.939
0.900
0.855
0.934
0.847
0.936
0.889
0.859
0.850
0.880
0.834
0.810
0.877
0.820
0.797
0.751
0.750
0.748
0.708
0.691
0.695
0.714
0.770
0.737
0.711
0.663
0.584
0.513
0.489
0.597
0.635
0.584
0.679
0.667
0.664
0.698
0.812
0.762
0.750
0.871
0.741
0.560
0.582
0.493
0.580
0.608
0.650
0.582
0.491
0.510
0.762
0.666
0.866
0.837
0.845
0.809
0.725
0.636
0.595
0.728
0.760
0.617
0.426
0.361
0.396
0.327
0.338
0.367
0.372
0.371
0.362
0.376
0.350
0.295
0.304
0.323
0.257
0.260
0.226
0.231
0.242
0.282
0.263
0.318
0.344
0.233
0.171
0.214
0.235
0.238
0.241
0.288
0.556
0.580
0.388
0.343
0.304
0.268
0.260
0.250
0.249
0.263
0.287
0.305
0.317
0.307
0.326
0.340
0.301
0.298
0.334
0.441
0.479
0.525
0.380
0.342
0.391
0.344
0.374
0.403
0.344
0.282
0.215
0.210
0.274
0.386
0.369
0.314
0.287
0.336
0.396
0.545
0.608
0.586
0.390
0.326
0.352
0.336
0.388
0.430
0.409
0.396
0.412
0.434
0.523
0.343
0.334
0.372
0.352
0.336
0.366
0.331
0.431
0.389
0.298
0.316
0.355
0.334
0.338
0.279
0.386
0.368
0.259
0.275
0.410
0.375
0.207
0.211
0.435
0.403
0.336
0.342
0.435
0.456
0.380
0.294
0.294
0.347
0.512
0.469
0.549
0.501
0.326
0.234
0.327
0.410
0.388
0.361
0.400
0.395
0.377
0.283
0.183
0.229
0.185
0.213
0.209
0.122
0.182
0.228
0.252
0.207
0.223
0.210
0.246
0.210
0.231
0.229
0.291
0.286
0.300
0.332
0.294
0.260
0.277
0.243
0.133
0.164
0.178
0.152
0.226
0.222
0.264
0.352
0.255
0.264
0.119
0.183
0.319
0.275
0.152
0.084
0.085
0.078
0.072
0.104
0.068
0.071
0.101
0.152
0.245
0.201
0.052
0.049
0.063
0.058
0.072
0.185
0.167
0.126
0.081
0.116
0.097
0.129
0.208
0.219
0.243
0.275
0.260
0.236
0.263
0.303
0.370
0.288
0.272
0.241
0.243
0.306
0.277
0.300
0.297
0.259
0.265
0.223
0.187
0.205
0.207
0.243
0.257
0.259
0.333
0.295
0.231
0.214
0.224
0.288
0.268
0.185
0.202
0.301
0.244
0.278
0.230
0.198
0.148
0.213
0.268
0.316
0.296
0.268
0.339
0.371
0.307
0.275
0.284
0.341
0.420
0.426
0.311
0.322
0.285
0.289
0.438
0.441
0.528
0.512
0.526
0.569
0.628
0.706
0.667
0.700
0.731
0.741
0.804
0.857
0.851
0.846
0.736
0.692
0.719
0.674
0.674
0.775
0.641
0.833
0.743
0.744
0.757
0.794
0.720
0.677
0.619
0.570
0.553
0.562
0.537
0.633
0.585
0.638
0.819
0.899
0.890
0.876
0.781
0.787
0.857
0.874
0.885
0.851
0.901
0.880
0.832
0.804
0.812
0.812
0.785
0.756
0.770
0.769
0.817
0.823
0.777
0.786
0.814
0.797
0.766
0.731
0.745
0.756
0.775
0.746
0.720
0.672
0.703
0.653
0.605
0.467
0.461
0.369
0.450
0.602
0.623
0.645
0.710
0.727
0.735
0.850
0.800
0.866
0.917
0.886
0.911
0.927
0.867
0.838
0.693
0.712
0.858
0.943
0.856
0.833
0.823
0.805
0.745
0.768
0.800
0.694
0.728
0.669
0.579
0.550
0.518
0.517
0.477
0.390
0.404
0.406
0.414
0.373
0.342
0.492
0.393
0.381
0.434
0.364
0.320
0.417
0.411
0.360
0.402
0.404
0.305
0.331
0.291
0.282
0.380
0.401
0.418
0.382
0.417
0.326
0.346
0.362
0.353
0.266
0.299
0.354
0.317
0.250
0.262
0.288
0.272
0.283
0.296
0.314
0.257
0.261
0.265
0.324
0.301
0.311
0.381
0.411
0.396
0.227
0.284
0.325
0.401
0.378
0.337
0.327
0.286
0.267
0.264
0.245
0.235
0.200
0.226
0.277
0.275
0.294
0.251
0.248
0.281
0.318
0.317
0.349
0.352
0.341
0.241
0.281
0.307
0.352
0.417
0.422
0.385
0.567
0.382
0.430
0.399
0.335
0.355
0.366
0.292
0.321
0.352
0.349
0.254
0.300
0.298
0.305
0.334
0.409
0.396
0.506
0.449
0.348
0.327
0.246
0.240
0.254
0.295
0.230
0.218
0.296
0.342
0.257
0.246
0.251
0.226
0.221
0.285
0.259
0.176
0.326
0.348
0.294
0.234
0.265
0.291
0.236
0.257
0.229
0.323
0.389
0.403
0.292
0.240
0.155
0.149
0.167
0.191
0.205
0.217
0.282
0.201
0.145
0.187
0.188
0.146
0.190
0.194
0.173
0.171
0.485
0.641
0.477
0.299
0.303
0.358
0.327
0.301
0.223
0.208
0.307
0.254
0.224
0.166
0.255
0.239
0.232
0.172
0.146
0.100
0.109
0.089
0.097
0.202
0.280
0.211
0.220
0.240
0.238
0.206
0.268
0.311
0.255
0.236
0.253
0.251
0.199
0.159
0.160
0.206
0.164
0.226
0.215
0.183
0.216
0.254
0.332
0.280
0.209
0.272
0.335
0.305
0.277
0.253
0.223
0.183
0.156
0.137
0.128
0.198
0.270
0.225
0.226
0.193
0.213
0.263
0.314
0.359
0.353
0.337
0.221
0.346
0.416
0.438
0.403
0.395
0.360
0.342
0.343
0.308
0.339
0.343
0.321
0.374
0.523
0.771
0.614
0.529
0.460
0.435
0.436
0.383
0.378
0.356
0.348
0.397
0.405
0.409
0.366
0.325
0.340
0.348
0.343
0.316
0.311
0.303
0.249
0.316
0.443
0.527
0.597
0.689
0.679
0.686
0.665
0.609
0.600
0.463
0.474
0.776
0.792
0.821
0.791
0.807
0.758
0.734
0.603
0.568
0.565
0.525
0.625
0.654
0.731
0.779
0.849
0.807
0.862
0.853
0.804
0.746
0.828
0.868
0.930
0.865
0.898
0.929
0.922
0.853
0.914
0.862
0.862
0.878
0.920
0.929
0.920
0.928
0.905
0.892
0.864
0.873
0.858
0.893
0.908
0.955
0.949
0.916
0.930
0.872
0.858
0.890
0.877
0.864
0.843
0.852
0.783
0.903
0.924
0.848
0.849
0.777
0.714
0.877
0.917
0.832
0.792
0.740
0.782
0.774
0.747
0.783
0.731
0.737
0.688
0.713
0.792
0.794
0.775
0.812
0.830
0.849
0.782
0.781
0.805
0.764
0.712
0.613
0.462
0.558
0.632
0.595
0.513
0.584
0.584
0.540
0.546
0.565
0.544
0.445
0.572
0.379
0.431
0.362
0.365
0.329
0.420
0.488
0.474
0.485
0.398
0.317
0.351
0.367
0.382
0.349
0.330
0.336
0.302
0.289
0.299
0.387
0.323
0.346
0.382
0.406
0.363
0.333
0.275
0.296
0.353
0.366
0.345
0.336
0.334
0.351
0.347
0.369
0.372
0.354
0.357
0.470
0.334
0.286
0.343
0.303
0.267
0.292
0.385
0.339
0.485
0.434
0.413
0.584
0.600
0.521
0.405
0.395
0.303
0.288
0.285
0.328
0.346
0.339
0.335
0.271
0.336
0.334
0.365
0.373
0.334
0.344
0.440
0.481
0.552
0.441
0.351
0.398
0.369
0.427
0.467
0.501
0.523
0.407
0.345
0.403
0.320
0.398
0.368
0.380
0.351
0.291
0.260
0.305
0.289
0.299
0.199
0.230
0.218
0.275
0.334
0.279
0.226
0.180
0.191
0.219
0.236
0.233
0.267
0.498
0.411
0.239
0.270
0.258
0.272
0.211
0.413
0.475
0.297
0.260
0.460
0.517
0.429
0.445
0.291
0.458
0.313
0.292
0.345
0.296
0.233
0.233
0.251
0.276
0.308
0.301
0.326
0.331
0.329
0.414
0.331
0.236
0.214
0.180
0.177
0.165
0.153
0.271
0.345
0.264
0.359
0.425
0.301
0.206
0.174
0.169
0.193
0.227
0.317
0.316
0.266
0.171
0.164
0.143
0.143
0.117
0.122
0.115
0.125
0.152
0.204
0.146
0.081
0.104
0.108
0.144
0.157
0.181
0.183
0.158
0.127
0.177
0.209
0.267
0.225
0.154
0.118
0.107
0.191
0.152
0.131
0.199
0.254
0.284
0.213
0.146
0.141
0.152
0.161
0.156
0.157
0.145
0.167
0.187
0.260
0.321
0.290
0.286
0.325
0.326
0.280
0.249
0.319
0.311
0.338
0.363
0.330
0.300
0.316
0.339
0.447
0.383
0.317
0.274
0.303
0.329
0.316
0.271
0.354
0.314
0.266
0.209
0.267
0.590
0.553
0.560
0.503
0.395
0.328
0.333
0.343
0.375
0.364
0.369
0.441
0.523
0.545
0.487
0.545
0.514
0.582
0.586
0.453
0.368
0.603
0.781
0.711
0.746
0.637
0.695
0.663
0.661
0.816
0.915
0.911
0.821
0.845
0.814
0.811
0.882
0.900
0.880
0.797
0.852
0.816
0.781
0.796
0.840
0.730
0.703
0.725
0.662
0.657
0.684
0.722
0.815
0.737
0.704
0.764
0.781
0.836
0.791
0.827
0.848
0.899
0.911
0.895
0.861
0.876
0.841
0.926
0.886
0.868
0.895
0.926
0.924
0.883
0.908
0.900
0.855
0.808
0.775
0.908
0.881
0.900
0.807
0.742
0.742
0.803
0.826
0.859
0.883
0.901
0.866
0.885
0.890
0.876
0.875
0.927
0.894
0.818
0.774
0.784
0.811
0.763
0.774
0.732
0.691
0.693
0.658
0.658
0.736
0.742
0.810
0.793
0.820
0.754
0.714
0.705
0.816
0.708
0.646
0.460
0.524
0.579
0.532
0.439
0.454
0.449
0.398
0.550
0.509
0.578
0.536
0.420
0.410
0.391
0.338
0.275
0.225
0.244
0.305
0.302
0.306
0.335
0.294
0.311
0.301
0.270
0.294
0.307
0.295
0.259
0.302
0.348
0.224
0.229
0.373
0.388
0.201
0.417
0.353
0.387
0.347
0.394
0.316
0.341
0.329
0.298
0.278
0.222
0.280
0.232
0.228
0.202
0.215
0.210
0.235
0.266
0.318
0.392
0.448
0.433
0.377
0.325
0.357
0.263
0.336
0.337
0.309
0.328
0.277
0.303
0.299
0.316
0.344
0.304
0.317
0.258
0.293
0.242
0.326
0.461
0.364
0.358
0.339
0.245
0.336
0.359
0.254
0.246
0.330
0.350
0.331
0.353
0.253
0.254
0.194
0.253
0.294
0.334
0.348
0.470
0.422
0.462
0.389
0.311
0.305
0.214
0.233
0.296
0.288
0.361
0.395
0.245
0.245
0.296
0.308
0.220
0.188
0.255
0.373
0.314
0.273
0.332
0.255
0.313
0.254
0.450
0.374
0.308
0.406
0.320
0.290
0.251
0.258
0.200
0.149
0.141
0.162
0.234
0.189
0.162
0.148
0.167
0.171
0.189
0.211
0.399
0.276
0.176
0.137
0.077
0.163
0.102
0.107
0.132
0.256
0.231
0.228
0.264
0.162
0.127
0.141
0.135
0.190
0.197
0.281
0.281
0.198
0.168
0.142
0.173
0.193
0.259
0.093
0.086
0.098
0.200
0.315
0.255
0.146
0.202
0.181
0.279
0.235
0.361
0.367
0.357
0.510
0.488
0.284
0.236
0.210
0.231
0.164
0.186
0.221
0.213
0.199
0.188
0.194
0.214
0.092
0.138
0.142
0.176
0.154
0.142
0.122
0.131
0.119
0.132
0.135
0.177
0.179
0.171
0.233
0.288
0.300
0.291
0.369
0.366
0.323
0.380
0.334
0.299
0.322
0.320
0.310
0.288
0.315
0.334
0.342
0.342
0.354
0.338
0.347
0.310
0.269
0.226
0.249
0.268
0.286
0.321
0.334
0.341
0.351
0.344
0.350
0.359
0.406
0.595
0.551
0.510
0.560
0.629
0.577
0.815
0.683
0.792
0.634
0.556
0.606
0.482
0.507
0.601
0.571
0.469
0.433
0.430
0.503
0.588
0.708
0.550
0.636
0.761
0.799
0.724
0.793
0.692
0.650
0.560
0.627
0.629
0.836
0.835
0.892
0.764
0.795
0.781
0.690
0.610
0.583
0.566
0.555
0.565
0.577
0.554
0.580
0.631
0.619
0.748
0.835
0.913
0.730
0.783
0.809
0.834
0.939
0.874
0.791
0.851
0.831
0.837
0.896
0.852
0.820
0.851
0.945
0.882
0.935
0.859
0.857
0.795
0.841
0.787
0.755
0.713
0.750
0.790
0.714
0.832
0.831
0.844
0.731
0.703
0.688
0.650
0.600
0.534
0.542
0.672
0.720
0.796
0.785
0.646
0.580
0.619
0.739
0.786
0.769
0.831
0.827
0.875
0.880
0.906
0.787
0.770
0.753
0.801
0.745
0.668
0.652
0.704
0.738
0.719
0.687
0.718
0.674
0.689
0.629
0.580
0.636
0.647
0.664
0.642
0.624
0.549
0.407
0.357
0.329
0.306
0.307
0.310
0.346
0.363
0.344
0.329
0.322
0.285
0.315
0.305
0.276
0.267
0.261
0.370
0.445
0.456
0.373
0.270
0.307
0.300
0.281
0.213
0.277
0.291
0.269
0.289
0.275
0.323
0.344
0.248
0.266
0.237
0.304
0.291
0.473
0.739
0.542
0.193
0.289
0.284
0.323
0.340
0.279
0.262
0.276
0.301
0.305
0.458
0.307
0.251
0.237
0.278
0.305
0.334
0.320
0.326
0.324
0.351
0.331
0.368
0.418
0.373
0.350
0.482
0.302
0.248
0.261
0.374
0.501
0.419
0.260
0.223
0.232
0.336
0.445
0.345
0.281
0.282
0.314
0.348
0.277
0.360
0.607
0.391
0.422
0.489
0.691
0.662
0.605
0.556
0.466
0.530
0.475
0.388
0.357
0.423
0.471
0.453
0.325
0.272
0.262
0.319
0.338
0.385
0.315
0.269
0.188
0.200
0.298
0.355
0.231
0.254
0.353
0.444
0.388
0.337
0.324
0.308
0.261
0.287
0.397
0.367
0.486
0.377
0.304
0.228
0.233
0.263
0.212
0.203
0.155
0.184
0.273
0.361
0.238
0.274
0.229
0.214
0.177
0.156
0.276
0.246
0.221
0.297
0.263
0.171
0.127
0.159
0.159
0.093
0.123
0.132
0.121
0.157
0.167
0.235
0.288
0.274
0.300
0.207
0.160
0.192
0.186
0.276
0.355
0.256
0.234
0.221
0.212
0.192
0.195
0.137
0.188
0.303
0.255
0.298
0.222
0.161
0.125
0.097
0.090
0.136
0.204
0.166
0.124
0.090
0.065
0.129
0.213
0.206
0.136
0.123
0.115
0.110
0.088
0.082
0.089
0.110
0.159
0.161
0.207
0.282
0.236
0.280
0.170
0.158
0.171
0.224
0.297
0.336
0.319
0.333
0.342
0.343
0.332
0.296
0.289
0.322
0.278
0.199
0.275
0.257
0.332
0.305
0.299
0.303
0.311
0.333
0.337
0.345
0.370
0.377
0.387
0.362
0.327
0.318
0.329
0.369
0.372
0.358
0.380
0.346
0.341
0.363
0.365
0.401
0.376
0.330
0.260
0.330
0.450
0.454
0.550
0.525
0.519
0.539
0.731
0.601
0.552
0.569
0.751
0.627
0.625
0.548
0.462
0.443
0.420
0.627
0.882
0.786
0.737
0.806
0.881
0.792
0.769
0.833
0.892
0.845
0.790
0.901
0.842
0.870
0.903
0.920
0.925
0.883
0.876
0.882
0.779
0.838
0.835
0.838
0.722
0.689
0.708
0.733
0.801
0.712
0.749
0.717
0.727
0.763
0.794
0.792
0.775
0.784
0.694
0.660
0.636
0.618
0.648
0.574
0.577
0.587
0.580
0.715
0.754
0.913
0.936
0.938
0.877
0.876
0.854
0.802
0.797
0.798
0.781
0.760
0.672
0.628
0.735
0.682
0.717
0.624
0.609
0.627
0.667
0.630
0.534
0.516
0.529
0.577
0.532
0.493
0.561
0.583
0.602
0.538
0.447
0.364
0.389
0.416
0.428
0.513
0.718
0.703
0.628
0.579
0.615
0.605
0.618
0.555
0.474
0.434
0.391
0.410
0.413
0.321
0.420
0.363
0.335
0.317
0.257
0.158
0.142
0.214
0.247
0.272
0.383
0.264
0.267
0.233
0.206
0.247
0.255
0.273
0.303
0.295
0.348
0.374
0.391
0.356
0.566
0.658
0.662
0.643
0.554
0.589
0.547
0.413
0.542
0.567
0.499
0.429
0.422
0.500
0.319
0.277
0.384
0.470
0.469
0.401
0.364
0.373
0.421
0.448
0.368
0.282
0.254
0.299
0.341
0.253
0.253
0.319
0.379
0.397
0.349
0.369
0.491
0.448
0.446
0.488
0.541
0.439
0.426
0.418
0.268
0.280
0.302
0.319
0.491
0.567
0.476
0.305
0.351
0.469
0.449
0.326
0.286
0.342
0.375
0.287
0.250
0.349
0.468
0.353
0.377
0.408
0.314
0.333
0.375
0.295
0.222
0.284
0.324
0.375
0.341
0.306
0.316
0.333
0.302
0.349
0.340
0.278
0.231
0.214
0.343
0.371
0.377
0.300
0.292
0.328
0.368
0.294
0.332
0.496
0.290
0.282
0.270
0.151
0.188
0.168
0.201
0.286
0.233
0.268
0.357
0.352
0.355
0.211
0.228
0.158
0.174
0.265
0.269
0.370
0.435
0.377
0.342
0.272
0.178
0.151
0.139
0.097
0.103
0.169
0.204
0.223
0.177
0.157
0.144
0.115
0.111
0.130
0.233
0.233
0.334
0.278
0.252
0.193
0.182
0.290
0.335
0.363
0.420
0.272
0.215
0.131
0.129
0.109
0.084
0.121
0.178
0.231
0.236
0.241
0.261
0.152
0.147
0.164
0.241
0.268
0.290
0.285
0.293
0.216
0.179
0.252
0.258
0.255
0.213
0.227
0.201
0.185
0.243
0.241
0.279
0.227
0.279
0.255
0.231
0.236
0.209
0.230
0.231
0.231
0.273
0.283
0.292
0.249
0.184
0.182
0.177
0.195
0.257
0.236
0.241
0.284
0.376
0.399
0.389
0.370
0.357
0.292
0.315
0.437
0.509
0.430
0.432
0.431
0.573
0.519
0.426
0.327
0.270
0.230
0.197
0.268
0.496
0.573
0.471
0.371
0.260
0.416
0.400
0.367
0.427
0.467
0.477
0.431
0.390
0.435
0.480
0.443
0.417
0.471
0.500
0.697
0.836
0.795
0.770
0.751
0.714
0.742
0.752
0.745
0.757
0.720
0.693
0.704
0.720
0.663
0.704
0.666
0.661
0.740
0.819
0.923
0.932
0.841
0.901
0.817
0.803
0.759
0.795
0.902
0.890
0.843
0.896
0.892
0.840
0.843
0.908
0.885
0.885
0.874
0.855
0.823
0.814
0.821
0.808
0.790
0.836
0.881
0.804
0.804
0.806
0.785
0.808
0.796
0.813
0.820
0.758
0.799
0.844
0.883
0.894
0.858
0.850
0.887
0.879
0.889
0.902
0.843
0.903
0.899
0.899
0.927
0.913
0.900
0.887
0.836
0.785
0.742
0.714
0.707
0.712
0.755
0.759
0.698
0.575
0.519
0.539
0.491
0.488
0.474
0.474
0.474
0.487
0.466
0.473
0.401
0.430
0.410
0.340
0.515
0.648
0.729
0.637
0.538
0.470
0.345
0.388
0.581
0.560
0.628
0.624
0.608
0.564
0.473
0.438
0.356
0.317
0.369
0.389
0.349
0.303
0.325
0.349
0.350
0.362
0.323
0.296
0.309
0.359
0.456
0.563
0.594
0.632
0.694
0.639
0.627
0.701
0.737
0.688
0.588
0.470
0.642
0.760
0.799
0.870
0.771
0.716
0.649
0.659
0.594
0.584
0.499
0.418
0.412
0.424
0.466
0.462
0.402
0.399
0.457
0.436
0.327
0.362
0.416
0.424
0.349
0.349
0.335
0.322
0.285
0.321
0.291
0.376
0.509
0.559
0.357
0.375
0.391
0.446
0.562
0.512
0.339
0.315
0.357
0.376
0.423
0.376
0.341
0.344
0.297
0.316
0.293
0.319
0.322
0.458
0.582
0.492
0.165
0.202
0.349
0.282
0.295
0.286
0.319
0.344
0.345
0.356
0.284
0.335
0.368
0.386
0.502
0.386
0.366
0.314
0.306
0.268
0.319
0.389
0.554
0.520
0.350
0.293
0.279
0.294
0.286
0.392
0.618
0.409
0.392
0.349
0.301
0.290
0.318
0.326
0.273
0.255
0.305
0.257
0.291
0.332
0.262
0.268
0.329
0.306
0.273
0.241
0.209
0.229
0.217
0.130
0.143
0.184
0.148
0.144
0.149
0.147
0.145
0.146
0.185
0.299
0.259
0.233
0.298
0.259
0.186
0.133
0.131
0.143
0.290
0.256
0.284
0.255
0.241
0.180
0.134
0.138
0.117
0.129
0.145
0.191
0.180
0.216
0.216
0.246
0.231
0.187
0.218
0.288
0.214
0.102
0.090
0.117
0.095
0.084
0.084
0.120
0.156
0.157
0.183
0.257
0.294
0.243
0.280
0.330
0.393
0.407
0.340
0.348
0.337
0.249
0.304
0.332
0.358
0.352
0.356
0.327
0.313
0.305
0.302
0.351
0.390
0.444
0.452
0.459
0.405
0.360
0.357
0.346
0.334
0.319
0.317
0.392
0.407
0.397
0.366
0.359
0.281
0.295
0.357
0.467
0.480
0.437
0.463
0.503
0.511
0.508
0.538
0.497
0.537
0.595
0.579
0.586
0.517
0.491
0.520
0.654
0.526
0.518
0.643
0.948
0.793
0.741
0.689
0.722
0.726
0.756
0.727
0.910
0.851
0.879
0.915
0.932
0.896
0.830
0.835
0.903
0.879
0.901
0.861
0.915
0.904
0.843
0.838
0.822
0.927
0.913
0.906
0.848
0.864
0.871
0.904
0.874
0.920
0.912
0.857
0.939
0.895
0.888
0.856
0.895
0.952
0.957
0.926
0.930
0.939
0.920
0.937
0.954
0.944
0.890
0.881
0.880
0.883
0.883
0.886
0.879
0.899
0.925
0.892
0.895
0.895
0.924
0.899
0.897
0.938
0.893
0.894
0.949
0.953
0.920
0.924
0.921
0.933
0.898
0.946
0.930
0.907
0.832
0.868
0.865
0.920
0.923
0.870
0.843
0.813
0.827
0.834
0.811
0.835
0.830
0.812
0.775
0.750
0.703
0.639
0.636
0.709
0.683
0.676
0.589
0.512
0.497
0.479
0.410
0.425
0.446
0.434
0.349
0.381
0.411
0.526
0.392
0.311
0.366
0.390
0.311
0.318
0.320
0.323
0.306
0.345
0.343
0.335
0.320
0.303
0.327
0.302
0.309
0.310
0.367
0.360
0.381
0.380
0.374
0.349
0.337
0.357
0.366
0.338
0.342
0.329
0.328
0.316
0.312
0.289
0.282
0.319
0.370
0.424
0.430
0.428
0.387
0.350
0.316
0.256
0.242
0.219
0.288
0.406
0.438
0.435
0.346
0.314
0.399
0.284
0.167
0.208
0.254
0.363
0.359
0.280
0.337
0.362
0.334
0.289
0.307
0.373
0.387
0.358
0.338
0.352
0.322
0.272
0.291
0.383
0.416
0.417
0.529
0.591
0.435
0.481
0.625
0.424
0.264
0.395
0.356
0.350
0.304
0.295
0.196
0.337
0.570
0.518
0.316
0.370
0.350
0.274
0.260
0.316
0.388
0.340
0.352
0.385
0.382
0.397
0.323
0.274
0.182
0.234
0.214
0.438
0.474
0.290
0.355
0.124
0.141
0.147
0.153
0.186
0.459
0.317
0.213
0.324
0.342
0.269
0.230
0.247
0.281
0.391
0.342
0.179
0.165
0.260
0.172
0.168
0.169
0.318
0.418
0.378
0.351
0.283
0.321
0.287
0.193
0.088
0.164
0.124
0.165
0.290
0.196
0.138
0.158
0.189
0.223
0.233
0.244
0.074
0.122
0.106
0.067
0.079
0.126
0.188
0.212
0.160
0.154
0.203
0.191
0.140
0.170
0.205
0.210
0.234
0.263
0.198
0.173
0.250
0.271
0.267
0.347
0.354
0.308
0.237
0.261
0.301
0.251
0.442
0.425
0.276
0.230
0.298
0.237
0.231
0.205
0.224
0.214
0.203
0.299
0.301
0.312
0.333
0.432
0.399
0.386
0.409
0.274
0.274
0.289
0.347
0.373
0.349
0.299
0.267
0.296
0.303
0.301
0.295
0.303
0.343
0.314
0.316
0.294
0.307
0.336
0.310
0.317
0.360
0.381
0.377
0.390
0.402
0.391
0.362
0.365
0.395
0.383
0.410
0.432
0.533
0.497
0.424
0.562
0.512
0.548
0.495
0.439
0.444
0.468
0.430
0.447
0.471
0.475
0.506
0.481
0.512
0.501
0.464
0.452
0.502
0.567
0.539
0.707
0.874
0.831
0.775
0.790
0.789
0.873
0.877
0.850
0.886
0.863
0.849
0.798
0.824
0.886
0.899
0.857
0.777
0.771
0.842
0.862
0.838
0.863
0.812
0.829
0.864
0.886
0.894
0.856
0.898
0.894
0.815
0.854
0.839
0.874
0.929
0.907
0.854
0.923
0.898
0.910
0.950
0.931
0.945
0.941
0.929
0.866
0.919
0.945
0.901
0.915
0.928
0.949
0.915
0.887
0.906
0.887
0.845
0.872
0.915
0.890
0.892
0.864
0.870
0.913
0.961
0.948
0.911
0.914
0.916
0.946
0.923
0.952
0.878
0.850
0.865
0.889
0.830
0.849
0.887
0.904
0.890
0.890
0.849
0.773
0.659
0.613
0.565
0.511
0.440
0.447
0.423
0.709
0.714
0.658
0.549
0.477
0.420
0.346
0.408
0.439
0.495
0.527
0.489
0.421
0.409
0.405
0.378
0.395
0.345
0.355
0.392
0.363
0.315
0.298
0.265
0.270
0.240
0.277
0.290
0.302
0.276
0.281
0.286
0.310
0.268
0.294
0.297
0.338
0.283
0.292
0.308
0.259
0.317
0.278
0.223
0.235
0.260
0.281
0.313
0.316
0.320
0.300
0.287
0.321
0.394
0.373
0.354
0.402
0.383
0.272
0.323
0.338
0.291
0.268
0.246
0.259
0.284
0.260
0.369
0.488
0.348
0.417
0.619
0.593
0.469
0.400
0.390
0.339
0.261
0.193
0.227
0.226
0.208
0.242
0.273
0.354
0.405
0.623
0.397
0.376
0.335
0.347
0.348
0.353
0.335
0.261
0.219
0.184
0.173
0.200
0.326
0.392
0.489
0.400
0.361
0.490
0.506
0.510
0.320
0.268
0.194
0.253
0.256
0.217
0.226
0.196
0.193
0.219
0.184
0.216
0.296
0.269
0.340
0.334
0.470
0.531
0.358
0.267
0.207
0.215
0.277
0.311
0.322
0.418
0.316
0.404
0.390
0.443
0.345
0.288
0.268
0.265
0.287
0.318
0.344
0.273
0.219
0.301
0.218
0.133
0.223
0.185
0.164
0.101
0.116
0.153
0.141
0.278
0.229
0.238
0.136
0.214
0.249
0.198
0.229
0.339
0.188
0.149
0.215
0.204
0.226
0.262
0.291
0.152
0.169
0.279
0.331
0.385
0.269
0.193
0.171
0.211
0.302
0.261
0.158
0.116
0.167
0.232
0.326
0.226
0.262
0.232
0.180
0.198
0.191
0.251
0.347
0.394
0.362
0.344
0.316
0.352
0.355
0.321
0.285
0.227
0.212
0.201
0.278
0.260
0.156
0.115
0.195
0.324
0.278
0.306
0.312
0.204
0.218
0.277
0.273
0.292
0.337
0.248
0.225
0.274
0.322
0.315
0.277
0.235
0.226
0.246
0.310
0.368
0.382
0.387
0.396
0.381
0.366
0.349
0.370
0.377
0.334
0.383
0.420
0.457
0.444
0.524
0.593
0.646
0.743
0.662
0.706
0.663
0.608
0.571
0.621
0.771
0.915
0.786
0.719
0.685
0.695
0.653
0.635
0.602
0.684
0.677
0.701
0.704
0.666
0.694
0.654
0.647
0.717
0.847
0.834
0.875
0.898
0.914
0.875
0.896
0.858
0.899
0.911
0.927
0.880
0.904
0.949
0.905
0.868
0.874
0.955
0.835
0.828
0.920
0.893
0.926
0.952
0.934
0.876
0.877
0.929
0.876
0.897
0.892
0.848
0.893
0.951
0.918
0.936
0.948
0.912
0.917
0.934
0.923
0.927
0.900
0.906
0.885
0.835
0.821
0.929
0.941
0.916
0.921
0.948
0.915
0.833
0.863
0.856
0.847
0.857
0.860
0.857
0.838
0.828
0.824
0.813
0.856
0.838
0.734
0.624
0.597
0.684
0.580
0.632
0.622
0.681
0.630
0.562
0.523
0.492
0.785
0.910
0.920
0.912
0.933
0.943
0.880
0.926
0.940
0.911
0.906
0.869
0.864
0.790
0.817
0.851
0.865
0.852
0.831
0.856
0.827
0.780
0.700
0.668
0.640
0.609
0.551
0.466
0.462
0.429
0.425
0.382
0.393
0.465
0.587
0.501
0.435
0.473
0.506
0.536
0.510
0.499
0.467
0.525
0.505
0.466
0.487
0.556
0.547
0.481
0.447
0.449
0.416
0.474
0.461
0.356
0.304
0.322
0.334
0.307
0.310
0.328
0.312
0.339
0.336
0.357
0.306
0.275
0.274
0.320
0.342
0.334
0.296
0.293
0.341
0.426
0.352
0.374
0.343
0.368
0.313
0.364
0.378
0.373
0.417
0.459
0.507
0.470
0.523
0.474
0.282
0.360
0.324
0.367
0.483
0.522
0.477
0.359
0.411
0.529
0.506
0.341
0.537
0.554
0.664
0.540
0.269
0.350
0.349
0.433
0.428
0.465
0.430
0.383
0.388
0.448
0.381
0.522
0.461
0.462
0.407
0.558
0.859
0.757
0.568
0.632
0.599
0.515
0.406
0.354
0.293
0.285
0.305
0.324
0.343
0.379
0.361
0.411
0.358
0.425
0.440
0.289
0.278
0.460
0.304
0.425
0.477
0.387
0.322
0.275
0.265
0.249
0.287
0.402
0.373
0.376
0.397
0.441
0.347
0.232
0.239
0.263
0.237
0.244
0.239
0.320
0.292
0.247
0.255
0.357
0.302
0.283
0.179
0.126
0.191
0.179
0.170
0.235
0.331
0.132
0.097
0.209
0.378
0.343
0.263
0.272
0.263
0.245
0.238
0.260
0.303
0.251
0.232
0.296
0.309
0.183
0.169
0.205
0.272
0.153
0.104
0.127
0.150
0.180
0.220
0.263
0.225
0.237
0.234
0.280
0.355
0.254
0.225
0.162
0.169
0.181
0.208
0.229
0.185
0.138
0.161
0.166
0.159
0.211
0.265
0.277
0.309
0.226
0.160
0.137
0.149
0.273
0.332
0.362
0.348
0.355
0.351
0.398
0.397
0.283
0.205
0.168
0.169
0.211
0.256
0.239
0.281
0.227
0.152
0.181
0.251
0.283
0.306
0.336
0.246
0.200
0.231
0.262
0.242
0.232
0.267
0.286
0.346
0.447
0.472
0.476
0.530
0.548
0.546
0.581
0.548
0.568
0.496
0.503
0.507
0.497
0.447
0.454
0.434
0.404
0.401
0.425
0.434
0.456
0.487
0.560
0.473
0.436
0.396
0.418
0.441
0.459
0.606
0.586
0.609
0.654
0.719
0.682
0.776
0.742
0.844
0.919
0.801
0.767
0.774
0.908
0.926
0.948
0.916
0.879
0.960
0.958
0.908
0.892
