20000101
0.234
0.226
0.297
0.326
0.367
0.319
0.351
0.384
0.349
0.407
0.358
0.379
0.447
0.327
0.151
0.201
0.194
0.265
0.276
0.165
0.486
0.568
0.586
0.482
0.376
0.362
0.282
0.243
0.270
0.233
0.228
0.556
0.563
0.585
0.520
0.443
0.374
0.290
0.309
0.286
0.348
0.428
0.297
0.180
0.209
0.247
0.162
0.163
0.219
0.234
0.292
0.202
0.241
0.219
0.213
0.118
0.138
0.187
0.229
0.300
0.204
0.264
0.245
0.279
0.254
0.147
0.208
0.133
0.091
0.116
0.300
0.308
0.365
0.213
0.272
0.298
0.348
0.279
0.058
0.048
0.154
0.190
0.152
0.122
0.104
0.104
0.086
0.059
0.130
0.081
0.156
0.135
0.084
0.080
0.127
0.160
0.110
0.095
0.108
0.128
0.122
0.170
0.146
0.173
0.244
0.310
0.303
0.162
0.190
0.147
0.147
0.161
0.221
0.306
0.274
0.298
0.289
0.303
0.234
0.245
0.217
0.152
0.221
0.201
0.204
0.192
0.207
0.248
0.309
0.371
0.301
0.378
0.435
0.471
0.405
0.416
0.470
0.508
0.564
0.516
0.568
0.498
0.431
0.446
0.408
0.379
0.380
0.350
0.336
0.420
0.470
0.495
0.416
0.345
0.300
0.372
0.421
0.247
0.294
0.433
0.435
0.334
0.341
0.370
0.412
0.397
0.404
0.369
0.355
0.335
0.330
0.350
0.411
0.406
0.462
0.421
0.414
0.421
0.409
0.461
0.379
0.412
0.600
0.766
0.637
0.658
0.566
0.541
0.561
0.702
0.714
0.711
0.734
0.768
0.761
0.885
0.889
0.818
0.813
0.779
0.757
0.747
0.820
0.747
0.681
0.598
0.583
0.559
0.537
0.539
0.621
0.690
0.630
0.554
0.513
0.580
0.531
0.497
0.497
0.451
0.425
0.491
0.524
0.651
0.747
0.844
0.850
0.869
0.841
0.837
0.823
0.852
0.897
0.848
0.866
0.765
0.719
0.639
0.727
0.810
0.813
0.780
0.733
0.789
0.761
0.755
0.717
0.748
0.896
0.720
0.678
0.703
0.658
0.625
0.617
0.621
0.617
0.561
0.502
0.536
0.533
0.514
0.549
0.488
0.398
0.351
0.448
0.462
0.568
0.415
0.352
0.313
0.270
0.317
0.389
0.292
0.222
0.282
0.281
0.333
0.349
0.401
0.362
0.421
0.396
0.381
0.380
0.310
0.335
0.172
0.151
0.271
0.304
0.305
0.171
0.211
0.347
0.452
0.378
0.320
0.288
0.228
0.250
0.251
0.206
0.178
0.146
0.175
0.223
0.270
0.201
0.328
0.352
0.297
0.272
0.289
0.285
0.251
0.322
0.237
0.251
0.253
0.236
0.170
0.160
0.297
0.333
0.376
0.260
0.278
0.309
0.284
0.264
0.211
0.185
0.158
0.130
0.115
0.186
0.182
0.209
0.197
0.249
0.274
0.203
0.293
0.280
0.391
0.360
0.360
0.404
0.386
0.331
0.383
0.313
0.294
0.249
0.247
0.277
0.242
0.144
0.192
0.228
0.259
0.312
0.551
0.415
0.488
0.326
0.384
0.327
0.324
0.249
0.272
0.261
0.242
0.276
0.317
0.214
0.184
0.251
0.241
0.351
0.432
0.260
0.219
0.286
0.437
0.258
0.122
0.234
0.168
0.137
0.222
0.322
0.234
0.234
0.188
0.140
0.188
0.143
0.193
0.252
0.295
0.171
0.121
0.220
0.179
0.159
0.126
0.208
0.272
0.273
0.274
0.280
0.283
0.191
0.305
0.168
0.196
0.228
0.365
0.381
0.405
0.238
0.133
0.086
0.108
0.174
0.183
0.104
0.155
0.111
0.070
0.078
0.284
0.505
0.422
0.424
0.222
0.170
0.224
0.193
0.181
0.267
0.319
0.304
0.250
0.264
0.212
0.207
0.290
0.298
0.296
0.204
0.174
0.121
0.165
0.134
0.192
0.158
0.152
0.069
0.064
0.110
0.167
0.244
0.202
0.222
0.186
0.220
0.258
0.282
0.368
0.272
0.241
0.151
0.105
0.111
0.125
0.141
0.143
0.135
0.177
0.219
0.278
0.198
0.210
0.168
0.277
0.251
0.275
0.247
0.253
0.280
0.286
0.292
0.302
0.276
0.292
0.336
0.361
0.352
0.392
0.419
0.385
0.389
0.330
0.226
0.243
0.430
0.456
0.415
0.419
0.495
0.624
0.602
0.555
0.612
0.707
0.583
0.563
0.530
0.477
0.486
0.492
0.568
0.589
0.584
0.587
0.704
0.731
0.798
0.786
0.741
0.718
0.592
0.498
0.489
0.501
0.479
0.438
0.450
0.471
0.444
0.484
0.474
0.554
0.698
0.816
0.927
0.842
0.733
0.673
0.723
0.789
0.776
0.839
0.840
0.819
0.754
0.816
0.814
0.823
0.805
0.723
0.883
0.900
0.839
0.923
0.779
0.796
0.789
0.759
0.751
0.783
0.744
0.758
0.712
0.640
0.582
0.600
0.759
0.768
0.826
0.809
0.790
0.812
0.822
0.838
0.869
0.820
0.827
0.949
0.932
0.858
0.739
0.714
0.757
0.771
0.817
0.823
0.811
0.718
0.672
0.679
0.697
0.744
0.679
0.670
0.651
0.609
0.589
0.622
0.642
0.696
0.711
0.620
0.598
0.647
0.680
0.620
0.599
0.576
0.537
0.501
0.545
0.479
0.537
0.520
0.360
0.405
0.407
0.456
0.450
0.315
0.399
0.234
0.241
0.379
0.500
0.590
0.670
0.622
0.433
0.424
0.351
0.501
0.622
0.781
0.881
0.653
0.574
0.310
0.361
0.315
0.234
0.223
0.238
0.227
0.231
0.228
0.214
0.199
0.195
0.238
0.192
0.228
0.291
0.295
0.276
0.274
0.266
0.274
0.288
0.309
0.221
0.255
0.217
0.194
0.202
0.211
0.202
0.183
0.183
0.203
0.208
0.189
0.176
0.213
0.255
0.211
0.213
0.233
0.196
0.186
0.196
0.184
0.183
0.185
0.209
0.288
0.319
0.431
0.370
0.336
0.304
0.282
0.286
0.384
0.446
0.458
0.256
0.245
0.285
0.310
0.287
0.335
0.269
0.298
0.227
0.200
0.220
0.239
0.287
0.422
0.273
0.233
0.228
0.253
0.218
0.160
0.180
0.198
0.209
0.216
0.268
0.410
0.242
0.236
0.235
0.297
0.339
0.338
0.480
0.515
0.452
0.335
0.530
0.467
0.344
0.350
0.356
0.375
0.316
0.453
0.434
0.216
0.191
0.173
0.193
0.187
0.226
0.191
0.176
0.174
0.224
0.173
0.157
0.141
0.115
0.276
0.402
0.301
0.230
0.272
0.287
0.232
0.234
0.286
0.240
0.185
0.248
0.253
0.323
0.290
0.216
0.166
0.158
0.203
0.248
0.208
0.211
0.212
0.130
0.186
0.184
0.322
0.429
0.264
0.148
0.204
0.332
0.491
0.425
0.240
0.185
0.119
0.098
0.114
0.198
0.184
0.192
0.223
0.302
0.372
0.195
0.061
0.066
0.063
0.098
0.185
0.191
0.178
0.197
0.238
0.179
0.296
0.344
0.234
0.160
0.139
0.145
0.183
0.184
0.305
0.210
0.219
0.184
0.155
0.168
0.190
0.157
0.234
0.185
0.182
0.117
0.058
0.102
0.116
0.136
0.108
0.096
0.076
0.072
0.084
0.126
0.264
0.256
0.308
0.287
0.324
0.351
0.365
0.326
0.312
0.266
0.286
0.292
0.291
0.404
0.410
0.370
0.355
0.288
0.261
0.297
0.313
0.350
0.380
0.357
0.261
0.271
0.327
0.296
0.328
0.330
0.352
0.354
0.335
0.293
0.298
0.289
0.329
0.407
0.395
0.493
0.480
0.512
0.499
0.473
0.526
0.607
0.579
0.506
0.411
0.401
0.508
0.675
0.767
0.898
0.861
0.669
0.576
0.553
0.569
0.501
0.503
0.528
0.520
0.478
0.545
0.468
0.435
0.506
0.499
0.669
0.711
0.672
0.701
0.744
0.788
0.670
0.734
0.774
0.771
0.764
0.753
0.662
0.540
0.541
0.488
0.498
0.472
0.495
0.458
0.495
0.780
0.905
0.836
0.855
0.858
0.823
0.808
0.876
0.882
0.894
0.876
0.825
0.777
0.752
0.737
0.702
0.689
0.692
0.792
0.845
0.848
0.863
0.818
0.760
0.665
0.775
0.849
0.840
0.823
0.867
0.884
0.806
0.726
0.635
0.623
0.630
0.614
0.655
0.514
0.585
0.635
0.630
0.591
0.602
0.654
0.670
0.531
0.438
0.460
0.433
0.490
0.548
0.553
0.565
0.476
0.329
0.274
0.312
0.239
0.262
0.287
0.253
0.281
0.260
0.286
0.275
0.297
0.304
0.281
0.315
0.291
0.277
0.316
0.424
0.323
0.395
0.466
0.396
0.306
0.233
0.217
0.207
0.247
0.228
0.288
0.330
0.319
0.264
0.259
0.121
0.178
0.364
0.353
0.240
0.390
0.283
0.242
0.256
0.293
0.307
0.416
0.352
0.277
0.236
0.264
0.201
0.220
0.217
0.261
0.340
0.351
0.286
0.226
0.190
0.174
0.168
0.163
0.205
0.207
0.201
0.280
0.198
0.231
0.248
0.261
0.249
0.245
0.275
0.265
0.302
0.259
0.237
0.301
0.358
0.403
0.337
0.437
0.455
0.406
0.361
0.315
0.342
0.357
0.341
0.375
0.388
0.341
0.442
0.556
0.450
0.511
0.403
0.420
0.357
0.365
0.278
0.295
0.269
0.325
0.252
0.250
0.214
0.154
0.222
0.158
0.222
0.181
0.225
0.276
0.255
0.194
0.178
0.238
0.270
0.254
0.265
0.403
0.455
0.284
0.530
0.541
0.463
0.525
0.386
0.314
0.369
0.233
0.263
0.264
0.303
0.238
0.165
0.159
0.173
0.195
0.194
0.249
0.671
0.490
0.451
0.218
0.229
0.223
0.241
0.230
0.259
0.274
0.250
0.257
0.285
0.229
0.054
0.080
0.083
0.084
0.085
0.082
0.136
0.114
0.112
0.106
0.101
0.108
0.151
0.217
0.227
0.202
0.167
0.149
0.158
0.136
0.168
0.137
0.125
0.118
0.152
0.213
0.273
0.195
0.183
0.172
0.260
0.385
0.415
0.279
0.169
0.223
0.189
0.164
0.170
0.169
0.178
0.278
0.290
0.291
0.268
0.285
0.245
0.265
0.271
0.122
0.086
0.109
0.189
0.224
0.245
0.170
0.098
0.095
0.116
0.162
0.234
0.185
0.297
0.299
0.272
0.278
0.106
0.104
0.095
0.115
0.181
0.181
0.084
0.166
0.176
0.284
0.331
0.301
0.308
0.344
0.357
0.325
0.284
0.307
0.324
0.295
0.344
0.246
0.193
0.220
0.281
0.288
0.265
0.320
0.353
0.374
0.364
0.340
0.329
0.370
0.375
0.375
0.400
0.423
0.555
0.681
0.756
0.773
0.727
0.630
0.550
0.544
0.526
0.567
0.592
0.576
0.659
0.659
0.588
0.573
0.588
0.660
0.728
0.866
0.782
0.749
0.751
0.797
0.722
0.801
0.731
0.726
0.712
0.738
0.853
0.779
0.739
0.730
0.779
0.770
0.770
0.783
0.875
0.893
0.831
0.860
0.891
0.891
0.844
0.786
0.807
0.838
0.852
0.861
0.866
0.795
0.756
0.810
0.839
0.834
0.859
0.827
0.804
0.763
0.739
0.719
0.695
0.717
0.736
0.750
0.726
0.670
0.770
0.875
0.932
0.918
0.890
0.875
0.838
0.944
0.916
0.893
0.842
0.830
0.792
0.769
0.815
0.793
0.703
0.739
0.769
0.763
0.715
0.699
0.733
0.743
0.660
0.715
0.764
0.777
0.737
0.735
0.769
0.766
0.719
0.774
0.710
0.605
0.577
0.626
0.630
0.580
0.510
0.478
0.383
0.399
0.436
0.465
0.498
0.459
0.512
0.476
0.424
0.308
0.267
0.348
0.336
0.371
0.377
0.324
0.264
0.326
0.293
0.311
0.280
0.280
0.279
0.297
0.325
0.329
0.342
0.345
0.251
0.272
0.474
0.405
0.400
0.318
0.333
0.376
0.299
0.190
0.181
0.277
0.305
0.322
0.364
0.363
0.448
0.419
0.296
0.282
0.342
0.244
0.194
0.259
0.391
0.394
0.310
0.265
0.275
0.345
0.323
0.266
0.225
0.244
0.250
0.267
0.225
0.262
0.367
0.446
0.313
0.412
0.446
0.351
0.308
0.295
0.269
0.366
0.365
0.417
0.367
0.403
0.364
0.376
0.347
0.267
0.240
0.429
0.407
0.325
0.362
0.285
0.319
0.373
0.381
0.388
0.541
0.565
0.331
0.300
0.284
0.321
0.390
0.397
0.410
0.274
0.252
0.434
0.425
0.403
0.295
0.379
0.476
0.467
0.300
0.291
0.338
0.293
0.295
0.471
0.378
0.499
0.319
0.263
0.237
0.175
0.167
0.172
0.271
0.250
0.257
0.318
0.300
0.278
0.312
0.313
0.303
0.317
0.307
0.297
0.418
0.402
0.253
0.238
0.184
0.245
0.220
0.164
0.213
0.184
0.170
0.163
0.121
0.092
0.081
0.069
0.071
0.137
0.061
0.170
0.226
0.086
0.123
0.119
0.111
0.136
0.109
0.090
0.091
0.096
0.100
0.168
0.206
0.251
0.228
0.169
0.229
0.233
0.091
0.126
0.127
0.131
0.150
0.223
0.239
0.207
0.168
0.205
0.261
0.337
0.355
0.343
0.325
0.235
0.268
0.241
0.237
0.305
0.250
0.301
0.356
0.365
0.250
0.269
0.234
0.172
0.123
0.127
0.190
0.249
0.303
0.330
0.243
0.117
0.111
0.058
0.069
0.167
0.247
0.294
0.311
0.453
0.498
0.484
0.550
0.477
0.376
0.346
0.330
0.293
0.295
0.338
0.350
0.374
0.386
0.389
0.375
0.356
0.284
0.238
0.232
0.213
0.229
0.239
0.254
0.242
0.295
0.318
0.315
0.383
0.388
0.410
0.394
0.417
0.388
0.496
0.470
0.569
0.583
0.693
0.711
0.565
0.525
0.473
0.461
0.467
0.520
0.576
0.631
0.631
0.660
0.698
0.767
0.638
0.605
0.541
0.548
0.620
0.683
0.717
0.716
0.682
0.661
0.690
0.560
0.500
0.481
0.490
0.449
0.506
0.590
0.624
0.624
0.542
0.510
0.529
0.436
0.435
0.450
0.568
0.613
0.675
0.675
0.670
0.790
0.786
0.696
0.714
0.778
0.832
0.877
0.911
0.859
0.865
0.932
0.884
0.855
0.923
0.842
0.939
0.879
0.851
0.841
0.869
0.815
0.817
0.881
0.829
0.809
0.757
0.755
0.769
0.726
0.701
0.702
0.717
0.771
0.739
0.720
0.665
0.588
0.512
0.497
0.615
0.652
0.603
0.681
0.675
0.682
0.702
0.778
0.752
0.750
0.853
0.730
0.558
0.594
0.506
0.586
0.607
0.662
0.601
0.502
0.498
0.750
0.650
0.824
0.804
0.825
0.802
0.720
0.635
0.584
0.701
0.721
0.605
0.427
0.372
0.399
0.347
0.357
0.385
0.386
0.361
0.372
0.367
0.348
0.332
0.341
0.327
0.253
0.257
0.247
0.231
0.236
0.294
0.265
0.309
0.338
0.226
0.179
0.219
0.227
0.232
0.233
0.295
0.556
0.584
0.438
0.351
0.301
0.268
0.266
0.271
0.260
0.268
0.293
0.313
0.331
0.308
0.325
0.315
0.303
0.301
0.329
0.360
0.394
0.489
0.365
0.329
0.354
0.317
0.346
0.364
0.313
0.269
0.209
0.216
0.280
0.366
0.335
0.294
0.252
0.317
0.378
0.487
0.605
0.588
0.418
0.344
0.347
0.318
0.359
0.425
0.449
0.410
0.455
0.394
0.507
0.343
0.345
0.384
0.364
0.317
0.334
0.335
0.410
0.349
0.282
0.307
0.389
0.366
0.344
0.287
0.379
0.366
0.258
0.259
0.414
0.369
0.212
0.212
0.447
0.411
0.362
0.358
0.449
0.442
0.407
0.276
0.297
0.348
0.487
0.460
0.528
0.478
0.332
0.238
0.312
0.405
0.406
0.353
0.389
0.400
0.373
0.295
0.214
0.217
0.192
0.216
0.223
0.140
0.162
0.203
0.285
0.207
0.218
0.230
0.252
0.215
0.222
0.218
0.296
0.289
0.309
0.324
0.295
0.272
0.282
0.313
0.132
0.160
0.173
0.156
0.223
0.215
0.255
0.334
0.258
0.266
0.127
0.176
0.297
0.263
0.173
0.091
0.089
0.081
0.076
0.118
0.071
0.087
0.109
0.157
0.256
0.197
0.067
0.049
0.061
0.062
0.078
0.181
0.172
0.136
0.081
0.105
0.090
0.119
0.199
0.218
0.238
0.271
0.262
0.224
0.252
0.298
0.368
0.297
0.261
0.236
0.231
0.299
0.270
0.289
0.291
0.261
0.279
0.237
0.188
0.190
0.193
0.231
0.244
0.246
0.314
0.288
0.218
0.198
0.206
0.274
0.262
0.182
0.195
0.291
0.240
0.273
0.209
0.185
0.133
0.209
0.251
0.306
0.294
0.269
0.346
0.379
0.308
0.269
0.280
0.327
0.398
0.405
0.305
0.321
0.292
0.284
0.413
0.419
0.491
0.496
0.508
0.548
0.615
0.683
0.646
0.687
0.707
0.726
0.785
0.830
0.844
0.840
0.759
0.696
0.732
0.673
0.702
0.778
0.644
0.811
0.707
0.722
0.754
0.784
0.718
0.681
0.623
0.578
0.553
0.569
0.539
0.656
0.593
0.651
0.793
0.879
0.870
0.858
0.766
0.788
0.844
0.863
0.866
0.842
0.894
0.868
0.827
0.804
0.807
0.791
0.768
0.739
0.770
0.751
0.801
0.808
0.770
0.772
0.790
0.785
0.751
0.721
0.740
0.732
0.753
0.745
0.723
0.669
0.689
0.645
0.604
0.447
0.462
0.382
0.463
0.605
0.630
0.661
0.709
0.715
0.716
0.842
0.813
0.863
0.908
0.883
0.897
0.923
0.876
0.835
0.696
0.715
0.844
0.937
0.843
0.825
0.820
0.793
0.741
0.752
0.808
0.687
0.742
0.656
0.566
0.507
0.487
0.471
0.432
0.373
0.401
0.414
0.406
0.369
0.349
0.497
0.399
0.370
0.398
0.350
0.353
0.420
0.411
0.361
0.389
0.355
0.289
0.333
0.296
0.295
0.363
0.379
0.347
0.361
0.413
0.297
0.343
0.360
0.338
0.260
0.296
0.323
0.309
0.265
0.275
0.289
0.273
0.279
0.285
0.302
0.246
0.255
0.247
0.287
0.287
0.301
0.351
0.379
0.404
0.238
0.288
0.328
0.398
0.350
0.317
0.280
0.240
0.269
0.235
0.219
0.232
0.197
0.215
0.250
0.266
0.283
0.246
0.216
0.250
0.297
0.326
0.330
0.365
0.350
0.251
0.288
0.272
0.341
0.396
0.344
0.342
0.559
0.378
0.458
0.428
0.340
0.337
0.331
0.278
0.284
0.351
0.355
0.291
0.320
0.326
0.273
0.336
0.384
0.388
0.470
0.465
0.354
0.316
0.245
0.242
0.258
0.259
0.230
0.224
0.293
0.306
0.242
0.261
0.237
0.208
0.218
0.285
0.271
0.204
0.331
0.332
0.278
0.194
0.254
0.285
0.246
0.243
0.233
0.304
0.357
0.418
0.295
0.233
0.159
0.148
0.166
0.183
0.210
0.205
0.264
0.198
0.155
0.213
0.248
0.172
0.188
0.198
0.165
0.173
0.504
0.627
0.492
0.309
0.288
0.361
0.347
0.323
0.233
0.222
0.288
0.249
0.222
0.165
0.234
0.232
0.229
0.167
0.145
0.104
0.113
0.092
0.098
0.187
0.263
0.205
0.210
0.231
0.235
0.204
0.265
0.304
0.246
0.242
0.251
0.229
0.205
0.150
0.153
0.195
0.178
0.220
0.203
0.175
0.207
0.246
0.326
0.274
0.197
0.256
0.303
0.291
0.273
0.257
0.221
0.176
0.141
0.132
0.125
0.199
0.268
0.225
0.220
0.191
0.202
0.253
0.302
0.349
0.346
0.331
0.208
0.316
0.395
0.442
0.384
0.399
0.353
0.327
0.329
0.305
0.339
0.341
0.313
0.375
0.490
0.727
0.607
0.531
0.458
0.425
0.434
0.376
0.365
0.347
0.333
0.384
0.399
0.412
0.361
0.316
0.332
0.348
0.351
0.323
0.320
0.323
0.259
0.322
0.442
0.511
0.577
0.678
0.662
0.662
0.647
0.615
0.576
0.465
0.472
0.759
0.774
0.804
0.759
0.782
0.740
0.725
0.611
0.555
0.564
0.541
0.620
0.664
0.749
0.791
0.855
0.801
0.843
0.837
0.805
0.738
0.825
0.845
0.897
0.861
0.884
0.920
0.916
0.843
0.911
0.851
0.844
0.866
0.919
0.920
0.921
0.923
0.893
0.875
0.849
0.876
0.853
0.880
0.908
0.951
0.936
0.901
0.922
0.852
0.842
0.872
0.863
0.855
0.836
0.838
0.777
0.904
0.929
0.846
0.840
0.771
0.700
0.873
0.906
0.820
0.786
0.729
0.788
0.776
0.743
0.746
0.731
0.734
0.690
0.712
0.776
0.775
0.771
0.810
0.812
0.837
0.771
0.771
0.794
0.747
0.696
0.599
0.473
0.607
0.640
0.600
0.509
0.587
0.575
0.522
0.527
0.554
0.552
0.426
0.548
0.361
0.391
0.362
0.360
0.328
0.408
0.480
0.463
0.467
0.398
0.321
0.339
0.376
0.372
0.353
0.332
0.344
0.299
0.292
0.304
0.409
0.320
0.334
0.365
0.397
0.355
0.321
0.285
0.300
0.354
0.362
0.330
0.324
0.328
0.327
0.329
0.356
0.351
0.350
0.352
0.472
0.347
0.303
0.345
0.295
0.261
0.314
0.391
0.349
0.486
0.414
0.401
0.543
0.594
0.504
0.416
0.421
0.319
0.289
0.280
0.324
0.321
0.333
0.322
0.271
0.298
0.289
0.351
0.385
0.338
0.338
0.403
0.448
0.554
0.448
0.349
0.361
0.348
0.418
0.468
0.496
0.528
0.414
0.359
0.397
0.304
0.367
0.358
0.416
0.359
0.309
0.260
0.278
0.302
0.287
0.201
0.206
0.235
0.274
0.298
0.261
0.220
0.184
0.166
0.225
0.253
0.255
0.269
0.499
0.463
0.287
0.294
0.256
0.280
0.216
0.370
0.468
0.307
0.271
0.465
0.513
0.399
0.426
0.282
0.425
0.329
0.286
0.321
0.293
0.240
0.230
0.251
0.263
0.310
0.306
0.322
0.303
0.305
0.393
0.327
0.231
0.218
0.186
0.185
0.170
0.156
0.245
0.328
0.267
0.352
0.415
0.295
0.203
0.175
0.169
0.185
0.227
0.294
0.319
0.253
0.167
0.163
0.146
0.144
0.115
0.116
0.113
0.117
0.146
0.194
0.147
0.081
0.105
0.105
0.136
0.152
0.178
0.178
0.161
0.123
0.163
0.189
0.247
0.208
0.147
0.119
0.106
0.192
0.152
0.130
0.197
0.239
0.269
0.204
0.145
0.131
0.148
0.159
0.153
0.152
0.137
0.160
0.174
0.257
0.312
0.276
0.292
0.327
0.334
0.281
0.240
0.304
0.299
0.321
0.351
0.322
0.288
0.308
0.328
0.443
0.384
0.314
0.268
0.289
0.318
0.309
0.273
0.342
0.297
0.256
0.208
0.267
0.573
0.528
0.536
0.485
0.391
0.318
0.322
0.328
0.362
0.356
0.359
0.450
0.517
0.527
0.469
0.522
0.508
0.553
0.552
0.439
0.367
0.593
0.764
0.699
0.724
0.630
0.669
0.652
0.638
0.788
0.911
0.905
0.815
0.848
0.823
0.816
0.866
0.889
0.875
0.782
0.832
0.800
0.779
0.773
0.798
0.708
0.686
0.709
0.664
0.649
0.653
0.691
0.779
0.718
0.690
0.756
0.766
0.810
0.763
0.796
0.830
0.896
0.898
0.879
0.855
0.865
0.829
0.914
0.867
0.850
0.878
0.917
0.912
0.873
0.901
0.886
0.835
0.785
0.757
0.906
0.872
0.877
0.791
0.733
0.730
0.795
0.815
0.848
0.871
0.889
0.853
0.870
0.864
0.862
0.868
0.912
0.880
0.807
0.763
0.778
0.802
0.756
0.758
0.725
0.679
0.682
0.654
0.634
0.747
0.744
0.791
0.780
0.809
0.759
0.707
0.708
0.805
0.713
0.647
0.480
0.530
0.585
0.532
0.429
0.429
0.455
0.419
0.523
0.490
0.561
0.491
0.426
0.411
0.380
0.317
0.293
0.239
0.246
0.294
0.304
0.315
0.339
0.306
0.307
0.290
0.269
0.292
0.310
0.297
0.268
0.308
0.346
0.229
0.236
0.368
0.391
0.227
0.387
0.336
0.373
0.322
0.382
0.304
0.317
0.316
0.282
0.264
0.226
0.248
0.231
0.210
0.209
0.228
0.226
0.252
0.301
0.288
0.347
0.419
0.423
0.368
0.332
0.358
0.276
0.343
0.331
0.303
0.319
0.246
0.302
0.300
0.325
0.331
0.306
0.315
0.254
0.287
0.235
0.303
0.421
0.322
0.330
0.311
0.243
0.325
0.382
0.275
0.274
0.321
0.393
0.320
0.315
0.300
0.255
0.190
0.235
0.297
0.351
0.364
0.428
0.380
0.466
0.388
0.326
0.281
0.214
0.235
0.314
0.301
0.370
0.430
0.269
0.253
0.278
0.317
0.197
0.189
0.297
0.397
0.334
0.275
0.326
0.227
0.294
0.226
0.414
0.366
0.304
0.399
0.330
0.291
0.247
0.239
0.199
0.156
0.126
0.137
0.256
0.224
0.209
0.166
0.205
0.175
0.181
0.219
0.372
0.320
0.167
0.105
0.080
0.191
0.171
0.131
0.181
0.228
0.215
0.213
0.244
0.157
0.126
0.174
0.139
0.187
0.194
0.267
0.272
0.210
0.175
0.157
0.165
0.176
0.242
0.102
0.096
0.100
0.246
0.318
0.226
0.144
0.195
0.179
0.281
0.237
0.346
0.358
0.366
0.483
0.461
0.268
0.227
0.189
0.224
0.167
0.179
0.209
0.204
0.194
0.185
0.189
0.212
0.100
0.136
0.142
0.163
0.152
0.142
0.114
0.125
0.117
0.139
0.134
0.181
0.178
0.167
0.214
0.271
0.288
0.283
0.355
0.354
0.309
0.360
0.323
0.286
0.303
0.304
0.297
0.273
0.305
0.325
0.334
0.343
0.356
0.340
0.344
0.300
0.258
0.226
0.246
0.260
0.273
0.312
0.325
0.331
0.341
0.333
0.338
0.351
0.399
0.572
0.538
0.495
0.571
0.635
0.571
0.826
0.679
0.769
0.646
0.579
0.624
0.489
0.514
0.602
0.584
0.467
0.434
0.436
0.513
0.585
0.710
0.545
0.613
0.750
0.794
0.711
0.812
0.687
0.653
0.571
0.633
0.611
0.825
0.837
0.879
0.776
0.800
0.782
0.695
0.613
0.585
0.577
0.561
0.584
0.589
0.555
0.567
0.636
0.619
0.723
0.825
0.896
0.737
0.784
0.791
0.813
0.918
0.859
0.783
0.852
0.832
0.817
0.883
0.842
0.801
0.833
0.938
0.869
0.926
0.852
0.842
0.777
0.816
0.764
0.739
0.702
0.740
0.770
0.698
0.814
0.825
0.835
0.729
0.700
0.688
0.657
0.592
0.528
0.535
0.671
0.738
0.790
0.785
0.672
0.606
0.646
0.745
0.766
0.752
0.820
0.817
0.862
0.869
0.894
0.803
0.779
0.762
0.807
0.745
0.663
0.658
0.701
0.723
0.709
0.676
0.705
0.664
0.672
0.629
0.586
0.623
0.628
0.649
0.629
0.607
0.532
0.400
0.360
0.329
0.311
0.298
0.309
0.330
0.363
0.339
0.330
0.313
0.288
0.309
0.301
0.285
0.261
0.264
0.360
0.421
0.439
0.362
0.257
0.296
0.288
0.267
0.205
0.262
0.292
0.282
0.289
0.279
0.321
0.344
0.262
0.260
0.248
0.310
0.284
0.483
0.784
0.571
0.205
0.311
0.295
0.327
0.306
0.282
0.269
0.288
0.320
0.315
0.423
0.305
0.213
0.219
0.257
0.288
0.329
0.316
0.300
0.318
0.353
0.347
0.375
0.393
0.355
0.345
0.432
0.292
0.247
0.276
0.370
0.462
0.435
0.281
0.240
0.227
0.325
0.450
0.386
0.311
0.273
0.275
0.319
0.294
0.348
0.581
0.403
0.439
0.522
0.688
0.674
0.614
0.553
0.470
0.526
0.478
0.392
0.360
0.407
0.454
0.459
0.330
0.273
0.242
0.297
0.309
0.388
0.306
0.292
0.207
0.200
0.259
0.385
0.254
0.260
0.344
0.448
0.415
0.331
0.361
0.306
0.252
0.285
0.410
0.389
0.472
0.377
0.337
0.253
0.248
0.242
0.206
0.223
0.164
0.182
0.262
0.353
0.214
0.269
0.227
0.201
0.185
0.164
0.267
0.242
0.207
0.273
0.245
0.197
0.130
0.198
0.141
0.098
0.118
0.141
0.123
0.159
0.167
0.228
0.265
0.262
0.268
0.205
0.157
0.182
0.188
0.264
0.336
0.255
0.231
0.220
0.204
0.184
0.195
0.136
0.179
0.306
0.250
0.281
0.234
0.165
0.130
0.097
0.085
0.126
0.186
0.158
0.118
0.091
0.066
0.120
0.218
0.209
0.146
0.116
0.114
0.139
0.111
0.079
0.088
0.102
0.161
0.162
0.195
0.265
0.234
0.282
0.174
0.155
0.159
0.207
0.282
0.323
0.308
0.339
0.351
0.350
0.335
0.302
0.283
0.329
0.294
0.198
0.276
0.255
0.326
0.311
0.298
0.301
0.309
0.327
0.334
0.340
0.355
0.364
0.373
0.346
0.316
0.308
0.320
0.356
0.368
0.357
0.378
0.340
0.337
0.361
0.359
0.405
0.388
0.334
0.265
0.345
0.443
0.434
0.537
0.509
0.506
0.550
0.743
0.600
0.548
0.555
0.731
0.614
0.614
0.552
0.470
0.439
0.423
0.635
0.848
0.768
0.716
0.784
0.883
0.773
0.765
0.819
0.860
0.828
0.779
0.880
0.838
0.863
0.895
0.909
0.911
0.866
0.860
0.872
0.767
0.827
0.816
0.830
0.710
0.683
0.713
0.744
0.803
0.736
0.748
0.712
0.717
0.769
0.833
0.812
0.776
0.778
0.702
0.673
0.649
0.631
0.661
0.592
0.594
0.589
0.571
0.697
0.747
0.912
0.929
0.918
0.856
0.860
0.847
0.805
0.801
0.797
0.782
0.753
0.669
0.634
0.742
0.680
0.715
0.633
0.617
0.636
0.668
0.633
0.535
0.525
0.536
0.575
0.533
0.486
0.577
0.596
0.612
0.543
0.440
0.376
0.410
0.438
0.448
0.540
0.751
0.726
0.638
0.585
0.626
0.620
0.608
0.547
0.478
0.424
0.393
0.398
0.402
0.321
0.396
0.353
0.333
0.315
0.255
0.164
0.143
0.211
0.232
0.283
0.338
0.265
0.259
0.226
0.204
0.241
0.248
0.280
0.304
0.294
0.352
0.374
0.384
0.369
0.581
0.702
0.666
0.651
0.565
0.634
0.604
0.498
0.549
0.561
0.496
0.422
0.447
0.532
0.384
0.269
0.397
0.461
0.436
0.391
0.366
0.391
0.432
0.467
0.403
0.286
0.258
0.313
0.347
0.248
0.250
0.322
0.392
0.439
0.356
0.372
0.486
0.456
0.454
0.507
0.544
0.423
0.401
0.447
0.288
0.288
0.301
0.330
0.522
0.582
0.469
0.307
0.349
0.457
0.417
0.324
0.299
0.354
0.398
0.309
0.269
0.348
0.492
0.353
0.387
0.423
0.328
0.316
0.345
0.271
0.231
0.276
0.278
0.376
0.371
0.321
0.349
0.410
0.315
0.359
0.341
0.281
0.251
0.258
0.372
0.375
0.341
0.313
0.321
0.323
0.351
0.267
0.337
0.495
0.310
0.298
0.292
0.156
0.222
0.213
0.229
0.316
0.240
0.282
0.342
0.350
0.343
0.244
0.215
0.171
0.179
0.256
0.264
0.348
0.422
0.381
0.329
0.280
0.179
0.158
0.154
0.109
0.108
0.143
0.190
0.213
0.173
0.156
0.125
0.123
0.109
0.130
0.208
0.222
0.331
0.275
0.256
0.195
0.180
0.262
0.323
0.346
0.421
0.265
0.209
0.130
0.131
0.146
0.087
0.120
0.176
0.219
0.227
0.212
0.244
0.149
0.142
0.156
0.235
0.272
0.284
0.274
0.280
0.212
0.177
0.237
0.243
0.240
0.216
0.220
0.196
0.184
0.240
0.233
0.271
0.219
0.265
0.246
0.227
0.228
0.202
0.212
0.217
0.225
0.271
0.284
0.284
0.247
0.177
0.170
0.163
0.176
0.253
0.233
0.230
0.262
0.354
0.381
0.375
0.353
0.342
0.286
0.306
0.428
0.500
0.414
0.413
0.416
0.562
0.492
0.403
0.301
0.247
0.208
0.175
0.257
0.506
0.592
0.496
0.380
0.269
0.436
0.416
0.363
0.415
0.453
0.469
0.428
0.389
0.442
0.506
0.451
0.417
0.473
0.474
0.684
0.824
0.763
0.741
0.726
0.691
0.711
0.724
0.725
0.729
0.689
0.649
0.682
0.703
0.644
0.681
0.638
0.629
0.707
0.790
0.912
0.907
0.809
0.870
0.786
0.768
0.731
0.779
0.874
0.871
0.829
0.880
0.867
0.828
0.842
0.895
0.870
0.861
0.848
0.832
0.806
0.803
0.811
0.789
0.787
0.819
0.862
0.793
0.802
0.797
0.770
0.802
0.791
0.801
0.816
0.758
0.776
0.830
0.875
0.876
0.842
0.836
0.868
0.868
0.884
0.902
0.838
0.898
0.883
0.894
0.910
0.894
0.895
0.879
0.822
0.765
0.738
0.707
0.705
0.711
0.748
0.748
0.693
0.581
0.514
0.516
0.489
0.478
0.463
0.462
0.465
0.483
0.464
0.461
0.401
0.444
0.423
0.347
0.506
0.638
0.686
0.615
0.521
0.456
0.347
0.425
0.583
0.573
0.616
0.611
0.582
0.559
0.460
0.420
0.367
0.327
0.350
0.361
0.352
0.303
0.326
0.356
0.355
0.362
0.313
0.290
0.318
0.370
0.455
0.553
0.570
0.623
0.672
0.632
0.627
0.682
0.725
0.676
0.623
0.492
0.623
0.751
0.820
0.857
0.778
0.733
0.656
0.673
0.609
0.572
0.480
0.403
0.423
0.428
0.460
0.460
0.402
0.420
0.473
0.444
0.339
0.363
0.408
0.394
0.330
0.336
0.322
0.314
0.285
0.318
0.275
0.362
0.470
0.519
0.354
0.371
0.385
0.427
0.516
0.523
0.349
0.334
0.370
0.402
0.444
0.370
0.368
0.344
0.283
0.325
0.317
0.301
0.295
0.406
0.559
0.484
0.175
0.202
0.314
0.278
0.284
0.289
0.321
0.342
0.364
0.380
0.295
0.361
0.389
0.386
0.486
0.403
0.366
0.322
0.262
0.248
0.328
0.380
0.508
0.504
0.376
0.300
0.290
0.301
0.281
0.365
0.577
0.393
0.392
0.357
0.308
0.302
0.316
0.332
0.269
0.251
0.319
0.255
0.296
0.339
0.263
0.268
0.326
0.294
0.265
0.241
0.214
0.226
0.217
0.130
0.151
0.191
0.156
0.142
0.134
0.129
0.146
0.137
0.165
0.267
0.245
0.234
0.286
0.233
0.180
0.146
0.127
0.133
0.248
0.232
0.255
0.223
0.220
0.177
0.132
0.139
0.126
0.123
0.135
0.187
0.172
0.204
0.209
0.239
0.228
0.178
0.204
0.276
0.209
0.111
0.091
0.122
0.108
0.090
0.083
0.106
0.131
0.144
0.159
0.236
0.278
0.231
0.253
0.307
0.369
0.393
0.325
0.337
0.337
0.234
0.288
0.320
0.341
0.345
0.350
0.311
0.291
0.281
0.283
0.350
0.402
0.446
0.459
0.463
0.403
0.352
0.343
0.330
0.316
0.296
0.294
0.377
0.405
0.413
0.362
0.354
0.280
0.302
0.361
0.461
0.459
0.431
0.451
0.489
0.492
0.499
0.527
0.496
0.537
0.591
0.593
0.620
0.523
0.499
0.531
0.719
0.583
0.537
0.669
0.915
0.801
0.730
0.688
0.729
0.728
0.750
0.745
0.883
0.813
0.852
0.891
0.913
0.880
0.801
0.803
0.891
0.876
0.907
0.883
0.904
0.892
0.830
0.814
0.806
0.921
0.903
0.898
0.838
0.850
0.859
0.890
0.857
0.904
0.905
0.860
0.938
0.895
0.880
0.849
0.875
0.944
0.944
0.926
0.917
0.937
0.914
0.932
0.949
0.935
0.878
0.878
0.874
0.864
0.864
0.867
0.863
0.895
0.911
0.882
0.898
0.888
0.933
0.902
0.888
0.927
0.888
0.896
0.947
0.950
0.908
0.906
0.922
0.932
0.905
0.942
0.921
0.898
0.824
0.862
0.870
0.919
0.919
0.856
0.849
0.812
0.821
0.827
0.811
0.829
0.839
0.811
0.776
0.744
0.691
0.637
0.625
0.700
0.677
0.654
0.591
0.514
0.504
0.454
0.420
0.425
0.416
0.435
0.351
0.371
0.387
0.475
0.359
0.321
0.341
0.378
0.293
0.329
0.335
0.328
0.303
0.330
0.323
0.317
0.299
0.296
0.322
0.286
0.308
0.297
0.364
0.368
0.376
0.371
0.354
0.337
0.322
0.358
0.355
0.322
0.333
0.315
0.329
0.326
0.316
0.284
0.292
0.334
0.389
0.428
0.436
0.433
0.392
0.360
0.322
0.248
0.236
0.218
0.296
0.410
0.438
0.436
0.341
0.322
0.394
0.283
0.178
0.216
0.267
0.314
0.299
0.271
0.284
0.350
0.342
0.336
0.305
0.362
0.358
0.398
0.355
0.393
0.337
0.283
0.308
0.387
0.430
0.447
0.585
0.586
0.441
0.461
0.609
0.430
0.277
0.391
0.356
0.310
0.313
0.273
0.218
0.344
0.524
0.519
0.328
0.411
0.365
0.281
0.274
0.336
0.369
0.354
0.321
0.423
0.382
0.410
0.333
0.276
0.191
0.242
0.258
0.410
0.493
0.322
0.358
0.130
0.154
0.156
0.149
0.177
0.430
0.295
0.221
0.293
0.348
0.249
0.254
0.283
0.257
0.359
0.324
0.183
0.165
0.212
0.174
0.166
0.161
0.286
0.375
0.361
0.321
0.261
0.284
0.259
0.183
0.094
0.102
0.122
0.159
0.282
0.218
0.151
0.145
0.179
0.198
0.204
0.221
0.086
0.082
0.134
0.098
0.074
0.114
0.174
0.205
0.152
0.153
0.189
0.186
0.129
0.155
0.190
0.196
0.223
0.260
0.193
0.156
0.229
0.257
0.265
0.353
0.337
0.295
0.225
0.244
0.280
0.236
0.421
0.411
0.261
0.212
0.276
0.222
0.209
0.196
0.209
0.198
0.199
0.301
0.281
0.297
0.322
0.420
0.402
0.374
0.382
0.256
0.247
0.261
0.321
0.355
0.344
0.291
0.248
0.281
0.282
0.277
0.269
0.291
0.334
0.303
0.303
0.278
0.278
0.311
0.294
0.296
0.342
0.372
0.374
0.396
0.405
0.401
0.361
0.358
0.397
0.393
0.402
0.427
0.531
0.481
0.416
0.554
0.515
0.546
0.502
0.438
0.441
0.464
0.422
0.431
0.461
0.480
0.515
0.490
0.511
0.503
0.462
0.452
0.496
0.545
0.516
0.691
0.877
0.820
0.763
0.778
0.797
0.885
0.891
0.849
0.871
0.856
0.839
0.794
0.813
0.866
0.882
0.833
0.772
0.784
0.847
0.856
0.840
0.857
0.794
0.854
0.880
0.876
0.907
0.862
0.906
0.898
0.819
0.846
0.817
0.869
0.923
0.902
0.856
0.910
0.893
0.907
0.951
0.925
0.937
0.937
0.910
0.842
0.905
0.940
0.886
0.915
0.923
0.937
0.906
0.884
0.900
0.854
0.832
0.860
0.906
0.876
0.877
0.855
0.864
0.915
0.959
0.940
0.907
0.892
0.907
0.941
0.914
0.945
0.878
0.837
0.856
0.889
0.818
0.835
0.875
0.888
0.886
0.884
0.843
0.762
0.648
0.594
0.558
0.506
0.454
0.455
0.420
0.704
0.699
0.631
0.492
0.446
0.431
0.405
0.416
0.444
0.471
0.481
0.464
0.415
0.404
0.382
0.361
0.365
0.329
0.348
0.380
0.355
0.319
0.295
0.273
0.270
0.248
0.288
0.302
0.318
0.292
0.295
0.299
0.318
0.274
0.295
0.289
0.321
0.273
0.292
0.289
0.260
0.308
0.277
0.225
0.239
0.259
0.281
0.317
0.321
0.318
0.298
0.280
0.302
0.367
0.327
0.332
0.394
0.363
0.282
0.323
0.335
0.295
0.280
0.257
0.256
0.279
0.261
0.356
0.481
0.308
0.378
0.578
0.551
0.443
0.410
0.380
0.337
0.270
0.205
0.235
0.232
0.217
0.252
0.285
0.311
0.347
0.569
0.366
0.370
0.339
0.345
0.354
0.357
0.292
0.271
0.228
0.201
0.188
0.205
0.297
0.348
0.457
0.406
0.371
0.457
0.446
0.491
0.333
0.288
0.214
0.272
0.281
0.239
0.243
0.207
0.205
0.226
0.185
0.213
0.305
0.272
0.314
0.341
0.446
0.519
0.329
0.285
0.223
0.231
0.265
0.302
0.330
0.424
0.313
0.400
0.354
0.400
0.333
0.283
0.276
0.277
0.279
0.311
0.347
0.276
0.219
0.274
0.213
0.142
0.162
0.131
0.152
0.099
0.117
0.132
0.125
0.183
0.204
0.233
0.140
0.194
0.235
0.191
0.252
0.354
0.203
0.173
0.202
0.175
0.208
0.251
0.273
0.147
0.168
0.259
0.314
0.360
0.266
0.196
0.170
0.190
0.281
0.247
0.158
0.115
0.160
0.206
0.302
0.244
0.242
0.220
0.170
0.189
0.179
0.236
0.334
0.387
0.360
0.346
0.310
0.314
0.333
0.306
0.274
0.219
0.186
0.186
0.251
0.235
0.151
0.105
0.179
0.309
0.272
0.296
0.305
0.188
0.191
0.251
0.255
0.275
0.339
0.234
0.213
0.269
0.314
0.312
0.270
0.216
0.204
0.234
0.284
0.342
0.371
0.370
0.382
0.373
0.355
0.328
0.357
0.355
0.331
0.380
0.414
0.453
0.473
0.569
0.583
0.634
0.714
0.636
0.689
0.644
0.588
0.548
0.603
0.751
0.898
0.754
0.693
0.669
0.673
0.633
0.644
0.590
0.708
0.660
0.682
0.694
0.660
0.676
0.636
0.626
0.706
0.825
0.798
0.849
0.871
0.893
0.857
0.889
0.835
0.891
0.894
0.917
0.862
0.884
0.927
0.888
0.854
0.859
0.941
0.828
0.824
0.901
0.878
0.902
0.943
0.925
0.860
0.862
0.914
0.879
0.885
0.884
0.830
0.878
0.943
0.906
0.922
0.935
0.901
0.907
0.928
0.914
0.921
0.892
0.895
0.871
0.825
0.806
0.924
0.947
0.920
0.906
0.933
0.904
0.808
0.834
0.832
0.828
0.846
0.844
0.859
0.835
0.821
0.814
0.796
0.860
0.837
0.729
0.616
0.593
0.679
0.577
0.623
0.606
0.668
0.598
0.553
0.509
0.467
0.829
0.900
0.913
0.906
0.940
0.919
0.853
0.920
0.933
0.911
0.899
0.860
0.856
0.799
0.817
0.846
0.845
0.848
0.842
0.851
0.809
0.780
0.713
0.677
0.621
0.596
0.561
0.466
0.462
0.423
0.409
0.367
0.398
0.490
0.623
0.508
0.449
0.469
0.487
0.519
0.502
0.503
0.473
0.498
0.475
0.460
0.468
0.524
0.554
0.462
0.431
0.453
0.448
0.489
0.448
0.347
0.304
0.331
0.341
0.303
0.306
0.318
0.309
0.335
0.325
0.347
0.284
0.264
0.281
0.333
0.338
0.326
0.299
0.277
0.346
0.420
0.333
0.336
0.314
0.334
0.302
0.358
0.418
0.367
0.411
0.421
0.463
0.451
0.476
0.483
0.286
0.366
0.326
0.381
0.490
0.535
0.500
0.391
0.443
0.548
0.503
0.417
0.581
0.563
0.638
0.574
0.284
0.341
0.361
0.438
0.451
0.470
0.428
0.392
0.403
0.453
0.366
0.507
0.472
0.433
0.434
0.573
0.855
0.830
0.638
0.660
0.612
0.526
0.418
0.377
0.288
0.296
0.322
0.336
0.351
0.373
0.360
0.406
0.358
0.402
0.418
0.299
0.276
0.424
0.323
0.421
0.494
0.419
0.352
0.294
0.256
0.234
0.283
0.406
0.406
0.400
0.422
0.461
0.381
0.249
0.259
0.269
0.228
0.252
0.250
0.362
0.314
0.255
0.257
0.363
0.326
0.264
0.191
0.142
0.207
0.196
0.165
0.210
0.305
0.127
0.097
0.180
0.343
0.319
0.256
0.249
0.249
0.241
0.223
0.235
0.285
0.249
0.216
0.278
0.290
0.172
0.165
0.184
0.256
0.150
0.113
0.125
0.144
0.168
0.205
0.242
0.216
0.224
0.222
0.275
0.344
0.241
0.221
0.162
0.164
0.175
0.189
0.206
0.181
0.136
0.153
0.161
0.143
0.191
0.252
0.277
0.303
0.228
0.160
0.127
0.141
0.247
0.323
0.346
0.330
0.339
0.334
0.369
0.376
0.266
0.194
0.159
0.154
0.190
0.242
0.228
0.264
0.221
0.149
0.170
0.232
0.277
0.295
0.328
0.230
0.184
0.221
0.274
0.237
0.225
0.256
0.283
0.349
0.445
0.458
0.464
0.526
0.541
0.532
0.568
0.542
0.554
0.490
0.506
0.506
0.508
0.445
0.451
0.434
0.399
0.393
0.413
0.418
0.434
0.466
0.542
0.459
0.427
0.391
0.419
0.439
0.466
0.572
0.577
0.602
0.649
0.686
0.654
0.752
0.722
0.813
0.907
0.779
0.733
0.742
0.908
0.916
0.939
0.905
0.855
0.932
0.958
0.887
0.882
