20000101
0.280
0.280
0.272
0.253
0.278
0.217
0.279
0.361
0.358
0.444
0.356
0.363
0.445
0.268
0.141
0.177
0.183
0.268
0.286
0.170
0.625
0.573
0.520
0.454
0.322
0.344
0.256
0.224
0.241
0.148
0.258
0.562
0.530
0.558
0.501
0.474
0.343
0.289
0.206
0.222
0.403
0.397
0.174
0.133
0.186
0.161
0.139
0.163
0.141
0.191
0.226
0.139
0.167
0.223
0.234
0.135
0.092
0.179
0.181
0.261
0.226
0.325
0.285
0.314
0.271
0.104
0.200
0.107
0.081
0.104
0.392
0.324
0.395
0.232
0.287
0.298
0.380
0.200
0.049
0.051
0.179
0.195
0.133
0.115
0.096
0.091
0.082
0.056
0.059
0.084
0.175
0.114
0.072
0.089
0.118
0.118
0.101
0.108
0.120
0.130
0.140
0.235
0.194
0.182
0.249
0.288
0.266
0.218
0.223
0.166
0.184
0.198
0.263
0.305
0.309
0.349
0.338
0.349
0.275
0.272
0.236
0.197
0.279
0.240
0.267
0.242
0.231
0.238
0.287
0.329
0.278
0.346
0.400
0.502
0.419
0.400
0.465
0.525
0.599
0.527
0.475
0.416
0.380
0.405
0.388
0.356
0.369
0.350
0.341
0.387
0.443
0.475
0.417
0.364
0.316
0.330
0.437
0.240
0.250
0.421
0.374
0.331
0.362
0.376
0.424
0.403
0.424
0.396
0.370
0.337
0.313
0.306
0.332
0.416
0.419
0.415
0.421
0.439
0.425
0.431
0.401
0.442
0.610
0.804
0.644
0.685
0.597
0.565
0.580
0.655
0.713
0.704
0.739
0.701
0.659
0.839
0.905
0.837
0.805
0.730
0.725
0.658
0.749
0.657
0.619
0.560
0.555
0.501
0.491
0.476
0.533
0.629
0.556
0.483
0.481
0.563
0.512
0.492
0.478
0.449
0.446
0.494
0.495
0.648
0.705
0.826
0.787
0.829
0.800
0.843
0.766
0.792
0.907
0.866
0.866
0.720
0.690
0.620
0.677
0.732
0.788
0.705
0.651
0.770
0.757
0.708
0.618
0.703
0.795
0.657
0.681
0.659
0.567
0.559
0.572
0.563
0.549
0.481
0.427
0.520
0.497
0.489
0.543
0.496
0.421
0.401
0.455
0.411
0.483
0.350
0.338
0.280
0.289
0.339
0.324
0.255
0.194
0.249
0.260
0.319
0.361
0.385
0.344
0.376
0.368
0.352
0.317
0.296
0.261
0.134
0.135
0.149
0.172
0.160
0.163
0.225
0.367
0.447
0.371
0.278
0.267
0.203
0.190
0.140
0.137
0.216
0.144
0.168
0.210
0.193
0.212
0.317
0.318
0.255
0.227
0.194
0.210
0.225
0.221
0.199
0.244
0.263
0.192
0.148
0.179
0.189
0.199
0.223
0.231
0.240
0.209
0.321
0.266
0.199
0.194
0.145
0.113
0.102
0.099
0.103
0.131
0.238
0.151
0.180
0.195
0.203
0.209
0.223
0.211
0.215
0.190
0.227
0.328
0.373
0.382
0.285
0.205
0.180
0.205
0.162
0.191
0.236
0.197
0.244
0.350
0.520
0.409
0.446
0.314
0.340
0.297
0.230
0.205
0.253
0.283
0.234
0.210
0.198
0.199
0.174
0.163
0.231
0.255
0.323
0.234
0.189
0.271
0.474
0.185
0.175
0.155
0.143
0.194
0.121
0.125
0.261
0.156
0.151
0.129
0.123
0.096
0.115
0.135
0.158
0.134
0.127
0.175
0.184
0.077
0.109
0.195
0.272
0.236
0.169
0.148
0.174
0.183
0.186
0.094
0.223
0.273
0.419
0.305
0.257
0.178
0.109
0.093
0.084
0.083
0.095
0.076
0.085
0.076
0.064
0.068
0.222
0.409
0.336
0.297
0.237
0.155
0.118
0.095
0.158
0.287
0.269
0.273
0.267
0.239
0.236
0.215
0.296
0.306
0.322
0.221
0.136
0.112
0.089
0.073
0.156
0.126
0.101
0.067
0.072
0.127
0.200
0.293
0.200
0.220
0.217
0.247
0.256
0.313
0.347
0.264
0.241
0.198
0.123
0.144
0.170
0.174
0.168
0.154
0.209
0.293
0.307
0.226
0.254
0.180
0.295
0.274
0.279
0.264
0.270
0.301
0.325
0.333
0.311
0.304
0.310
0.337
0.382
0.386
0.404
0.407
0.389
0.390
0.346
0.269
0.235
0.410
0.461
0.433
0.444
0.552
0.662
0.625
0.561
0.579
0.623
0.554
0.525
0.508
0.444
0.413
0.452
0.519
0.661
0.659
0.586
0.699
0.733
0.708
0.747
0.674
0.588
0.508
0.465
0.433
0.441
0.441
0.429
0.466
0.462
0.453
0.471
0.433
0.501
0.605
0.723
0.942
0.835
0.745
0.702
0.732
0.821
0.752
0.826
0.826
0.772
0.726
0.803
0.825
0.827
0.850
0.786
0.884
0.876
0.810
0.858
0.772
0.798
0.802
0.761
0.743
0.725
0.751
0.707
0.638
0.578
0.561
0.579
0.721
0.747
0.819
0.877
0.838
0.819
0.823
0.812
0.854
0.791
0.830
0.874
0.942
0.738
0.663
0.656
0.671
0.687
0.742
0.764
0.756
0.658
0.620
0.611
0.640
0.664
0.605
0.586
0.566
0.517
0.537
0.555
0.597
0.676
0.689
0.569
0.525
0.589
0.646
0.584
0.566
0.519
0.521
0.459
0.525
0.485
0.511
0.547
0.373
0.414
0.343
0.410
0.373
0.234
0.379
0.198
0.198
0.295
0.474
0.574
0.578
0.466
0.360
0.378
0.323
0.433
0.618
0.849
0.921
0.789
0.585
0.334
0.377
0.298
0.234
0.216
0.238
0.231
0.199
0.205
0.180
0.166
0.208
0.241
0.187
0.197
0.251
0.283
0.284
0.235
0.245
0.302
0.294
0.257
0.182
0.213
0.189
0.183
0.172
0.192
0.185
0.177
0.176
0.163
0.174
0.194
0.174
0.192
0.231
0.259
0.211
0.196
0.195
0.214
0.197
0.185
0.185
0.173
0.230
0.270
0.215
0.195
0.203
0.189
0.228
0.244
0.274
0.375
0.468
0.285
0.255
0.235
0.211
0.264
0.282
0.269
0.256
0.280
0.224
0.200
0.227
0.267
0.279
0.228
0.179
0.193
0.198
0.207
0.216
0.200
0.186
0.188
0.183
0.195
0.215
0.298
0.230
0.211
0.245
0.283
0.211
0.257
0.588
0.562
0.399
0.292
0.413
0.335
0.260
0.246
0.249
0.227
0.205
0.532
0.400
0.206
0.195
0.163
0.168
0.195
0.143
0.177
0.171
0.181
0.193
0.118
0.135
0.128
0.095
0.246
0.362
0.171
0.165
0.223
0.186
0.173
0.193
0.209
0.181
0.150
0.194
0.231
0.340
0.262
0.195
0.149
0.143
0.191
0.214
0.231
0.201
0.117
0.116
0.137
0.192
0.362
0.434
0.235
0.142
0.188
0.308
0.460
0.404
0.256
0.191
0.131
0.117
0.151
0.207
0.166
0.170
0.250
0.350
0.342
0.163
0.046
0.057
0.056
0.127
0.254
0.150
0.160
0.135
0.217
0.162
0.299
0.295
0.211
0.161
0.152
0.188
0.238
0.212
0.339
0.257
0.276
0.211
0.170
0.156
0.197
0.190
0.270
0.200
0.217
0.129
0.081
0.121
0.142
0.101
0.125
0.121
0.082
0.090
0.074
0.104
0.225
0.283
0.321
0.319
0.357
0.390
0.394
0.359
0.347
0.309
0.322
0.303
0.333
0.393
0.372
0.341
0.330
0.286
0.291
0.331
0.336
0.376
0.388
0.352
0.289
0.287
0.332
0.323
0.343
0.333
0.354
0.359
0.350
0.329
0.314
0.327
0.338
0.361
0.380
0.466
0.512
0.584
0.488
0.448
0.535
0.619
0.536
0.457
0.384
0.433
0.520
0.725
0.797
0.933
0.882
0.672
0.568
0.544
0.540
0.477
0.489
0.499
0.492
0.480
0.488
0.451
0.453
0.514
0.526
0.688
0.744
0.735
0.725
0.821
0.812
0.655
0.725
0.758
0.741
0.732
0.737
0.602
0.524
0.496
0.451
0.427
0.425
0.478
0.418
0.497
0.792
0.906
0.858
0.784
0.945
0.762
0.779
0.827
0.853
0.882
0.846
0.696
0.742
0.697
0.718
0.656
0.620
0.576
0.625
0.732
0.773
0.855
0.764
0.698
0.621
0.772
0.817
0.796
0.811
0.870
0.820
0.692
0.623
0.550
0.554
0.576
0.509
0.546
0.417
0.481
0.521
0.508
0.479
0.535
0.572
0.612
0.498
0.395
0.431
0.381
0.438
0.501
0.490
0.471
0.394
0.329
0.228
0.225
0.210
0.243
0.255
0.231
0.247
0.222
0.233
0.205
0.260
0.270
0.279
0.289
0.244
0.227
0.274
0.336
0.247
0.323
0.392
0.358
0.287
0.302
0.160
0.186
0.163
0.151
0.184
0.246
0.251
0.262
0.189
0.111
0.144
0.184
0.228
0.294
0.396
0.289
0.217
0.229
0.317
0.303
0.319
0.278
0.244
0.173
0.178
0.179
0.191
0.188
0.185
0.182
0.219
0.219
0.198
0.158
0.133
0.164
0.127
0.154
0.224
0.239
0.222
0.145
0.175
0.205
0.226
0.246
0.226
0.227
0.231
0.217
0.175
0.216
0.220
0.237
0.248
0.272
0.472
0.496
0.415
0.309
0.221
0.346
0.330
0.313
0.338
0.315
0.276
0.458
0.565
0.394
0.410
0.383
0.401
0.316
0.336
0.227
0.256
0.245
0.285
0.258
0.227
0.195
0.197
0.226
0.178
0.234
0.146
0.167
0.168
0.160
0.153
0.177
0.241
0.273
0.256
0.241
0.468
0.387
0.287
0.626
0.525
0.358
0.484
0.342
0.262
0.285
0.172
0.223
0.189
0.247
0.214
0.140
0.132
0.144
0.135
0.149
0.320
0.642
0.460
0.364
0.223
0.209
0.226
0.266
0.214
0.283
0.332
0.280
0.284
0.304
0.226
0.052
0.068
0.074
0.077
0.078
0.077
0.160
0.116
0.089
0.095
0.091
0.109
0.185
0.274
0.216
0.206
0.149
0.128
0.141
0.155
0.191
0.146
0.140
0.126
0.167
0.260
0.314
0.204
0.213
0.179
0.316
0.371
0.328
0.270
0.157
0.138
0.160
0.173
0.145
0.185
0.224
0.343
0.321
0.333
0.318
0.282
0.265
0.317
0.225
0.101
0.084
0.142
0.235
0.259
0.217
0.145
0.121
0.125
0.148
0.213
0.271
0.192
0.253
0.294
0.267
0.240
0.170
0.133
0.120
0.134
0.244
0.202
0.170
0.180
0.209
0.310
0.359
0.347
0.353
0.391
0.380
0.350
0.304
0.354
0.344
0.335
0.349
0.263
0.222
0.275
0.340
0.328
0.291
0.353
0.386
0.396
0.373
0.359
0.341
0.355
0.353
0.359
0.421
0.407
0.554
0.726
0.786
0.780
0.665
0.576
0.509
0.479
0.472
0.538
0.541
0.544
0.619
0.608
0.584
0.579
0.620
0.744
0.712
0.835
0.781
0.732
0.751
0.808
0.766
0.809
0.773
0.752
0.742
0.742
0.881
0.819
0.801
0.785
0.787
0.764
0.763
0.801
0.866
0.882
0.824
0.856
0.900
0.876
0.857
0.807
0.824
0.819
0.855
0.869
0.883
0.819
0.822
0.846
0.835
0.837
0.848
0.838
0.773
0.761
0.722
0.704
0.680
0.708
0.725
0.705
0.684
0.675
0.804
0.850
0.934
0.931
0.894
0.882
0.863
0.944
0.921
0.911
0.878
0.839
0.805
0.803
0.863
0.853
0.720
0.733
0.772
0.732
0.695
0.688
0.706
0.693
0.693
0.707
0.759
0.794
0.741
0.772
0.756
0.709
0.614
0.650
0.711
0.606
0.568
0.637
0.621
0.592
0.498
0.538
0.409
0.385
0.407
0.389
0.439
0.420
0.434
0.434
0.416
0.294
0.237
0.287
0.343
0.355
0.376
0.312
0.230
0.281
0.302
0.284
0.266
0.292
0.238
0.274
0.301
0.316
0.319
0.286
0.185
0.225
0.378
0.400
0.372
0.373
0.348
0.351
0.301
0.156
0.144
0.218
0.323
0.353
0.346
0.356
0.452
0.385
0.258
0.237
0.283
0.190
0.167
0.203
0.319
0.323
0.181
0.200
0.205
0.232
0.281
0.210
0.212
0.209
0.245
0.215
0.219
0.260
0.355
0.390
0.260
0.361
0.353
0.301
0.288
0.290
0.231
0.295
0.334
0.357
0.338
0.326
0.284
0.309
0.281
0.227
0.281
0.358
0.376
0.334
0.315
0.262
0.299
0.295
0.388
0.361
0.516
0.533
0.358
0.345
0.302
0.313
0.285
0.382
0.352
0.228
0.268
0.410
0.403
0.286
0.250
0.448
0.482
0.371
0.267
0.246
0.282
0.286
0.292
0.335
0.454
0.487
0.285
0.245
0.227
0.147
0.171
0.210
0.151
0.142
0.301
0.286
0.278
0.256
0.215
0.237
0.196
0.152
0.172
0.412
0.419
0.287
0.241
0.205
0.177
0.158
0.151
0.186
0.234
0.195
0.161
0.119
0.073
0.076
0.070
0.065
0.068
0.078
0.057
0.069
0.072
0.085
0.099
0.120
0.151
0.137
0.103
0.091
0.092
0.106
0.125
0.212
0.259
0.297
0.238
0.153
0.273
0.168
0.083
0.152
0.118
0.126
0.168
0.274
0.261
0.258
0.183
0.216
0.307
0.344
0.342
0.305
0.295
0.225
0.316
0.272
0.287
0.348
0.277
0.335
0.355
0.345
0.273
0.300
0.202
0.162
0.166
0.152
0.218
0.304
0.332
0.325
0.103
0.062
0.065
0.052
0.076
0.121
0.250
0.260
0.364
0.576
0.599
0.567
0.583
0.459
0.392
0.365
0.310
0.259
0.290
0.366
0.372
0.393
0.396
0.392
0.359
0.359
0.316
0.268
0.266
0.230
0.268
0.284
0.270
0.268
0.327
0.333
0.342
0.360
0.367
0.430
0.438
0.450
0.433
0.471
0.476
0.595
0.594
0.596
0.675
0.533
0.476
0.449
0.452
0.467
0.532
0.576
0.644
0.656
0.637
0.683
0.785
0.649
0.570
0.531
0.525
0.632
0.714
0.684
0.714
0.693
0.631
0.703
0.577
0.543
0.514
0.501
0.438
0.471
0.532
0.618
0.574
0.507
0.479
0.488
0.433
0.427
0.431
0.506
0.574
0.643
0.607
0.654
0.731
0.850
0.793
0.732
0.729
0.790
0.917
0.881
0.844
0.867
0.915
0.918
0.877
0.935
0.845
0.897
0.890
0.841
0.844
0.868
0.852
0.773
0.806
0.791
0.749
0.706
0.700
0.667
0.638
0.640
0.648
0.668
0.686
0.659
0.597
0.600
0.536
0.457
0.436
0.521
0.565
0.540
0.620
0.599
0.591
0.630
0.762
0.707
0.659
0.821
0.702
0.520
0.493
0.454
0.540
0.578
0.623
0.524
0.462
0.501
0.755
0.663
0.894
0.863
0.840
0.780
0.716
0.626
0.618
0.744
0.793
0.617
0.392
0.307
0.346
0.291
0.295
0.340
0.328
0.362
0.324
0.379
0.337
0.229
0.230
0.299
0.270
0.261
0.212
0.232
0.234
0.250
0.257
0.325
0.332
0.255
0.158
0.192
0.233
0.249
0.251
0.285
0.501
0.537
0.273
0.296
0.288
0.238
0.230
0.230
0.255
0.267
0.288
0.292
0.288
0.299
0.307
0.299
0.270
0.279
0.296
0.442
0.508
0.442
0.342
0.343
0.329
0.313
0.379
0.359
0.278
0.234
0.225
0.202
0.259
0.331
0.368
0.281
0.323
0.343
0.405
0.587
0.464
0.485
0.351
0.270
0.327
0.318
0.394
0.382
0.377
0.352
0.341
0.473
0.503
0.268
0.291
0.333
0.322
0.324
0.313
0.347
0.487
0.421
0.376
0.283
0.261
0.280
0.339
0.279
0.347
0.375
0.252
0.240
0.405
0.315
0.190
0.201
0.398
0.394
0.290
0.249
0.375
0.455
0.296
0.224
0.249
0.412
0.542
0.483
0.567
0.493
0.301
0.224
0.321
0.371
0.373
0.353
0.422
0.370
0.377
0.222
0.154
0.160
0.168
0.150
0.131
0.110
0.143
0.180
0.191
0.204
0.244
0.205
0.241
0.223
0.240
0.254
0.287
0.301
0.269
0.340
0.276
0.223
0.188
0.131
0.141
0.186
0.198
0.162
0.254
0.248
0.275
0.359
0.241
0.159
0.104
0.195
0.339
0.289
0.104
0.070
0.075
0.065
0.060
0.062
0.058
0.062
0.086
0.144
0.222
0.190
0.039
0.043
0.061
0.052
0.073
0.196
0.164
0.125
0.109
0.152
0.124
0.153
0.234
0.219
0.250
0.260
0.250
0.261
0.275
0.305
0.341
0.282
0.287
0.252
0.276
0.304
0.285
0.326
0.314
0.257
0.229
0.193
0.205
0.232
0.250
0.281
0.292
0.281
0.370
0.318
0.265
0.252
0.259
0.319
0.279
0.189
0.212
0.298
0.244
0.273
0.266
0.234
0.202
0.227
0.300
0.329
0.299
0.271
0.310
0.350
0.310
0.285
0.289
0.356
0.438
0.416
0.316
0.309
0.268
0.297
0.417
0.439
0.558
0.509
0.534
0.578
0.619
0.702
0.677
0.693
0.732
0.726
0.842
0.867
0.845
0.808
0.675
0.647
0.654
0.598
0.567
0.645
0.564
0.795
0.739
0.714
0.735
0.772
0.708
0.644
0.568
0.528
0.549
0.535
0.513
0.523
0.536
0.593
0.814
0.850
0.907
0.890
0.781
0.765
0.846
0.875
0.898
0.857
0.887
0.888
0.845
0.792
0.807
0.823
0.808
0.782
0.751
0.773
0.791
0.802
0.759
0.768
0.801
0.771
0.733
0.687
0.719
0.781
0.798
0.695
0.659
0.629
0.654
0.609
0.557
0.486
0.425
0.348
0.409
0.562
0.574
0.597
0.670
0.672
0.702
0.837
0.783
0.850
0.900
0.858
0.900
0.893
0.840
0.829
0.726
0.706
0.826
0.929
0.853
0.819
0.800
0.785
0.718
0.741
0.787
0.691
0.662
0.658
0.607
0.572
0.548
0.519
0.490
0.422
0.382
0.368
0.406
0.359
0.324
0.476
0.352
0.369
0.414
0.355
0.254
0.358
0.385
0.348
0.407
0.510
0.328
0.323
0.271
0.250
0.358
0.399
0.441
0.405
0.389
0.357
0.344
0.362
0.343
0.271
0.328
0.383
0.363
0.231
0.238
0.268
0.258
0.278
0.351
0.406
0.282
0.263
0.296
0.409
0.298
0.324
0.375
0.418
0.260
0.229
0.279
0.296
0.384
0.427
0.369
0.386
0.308
0.227
0.299
0.304
0.240
0.205
0.266
0.255
0.279
0.344
0.286
0.231
0.261
0.286
0.255
0.315
0.309
0.308
0.267
0.273
0.343
0.389
0.455
0.555
0.469
0.530
0.401
0.357
0.370
0.316
0.335
0.402
0.336
0.330
0.320
0.288
0.248
0.274
0.260
0.336
0.353
0.401
0.385
0.564
0.451
0.355
0.414
0.263
0.273
0.256
0.327
0.265
0.244
0.294
0.313
0.238
0.182
0.216
0.219
0.227
0.243
0.188
0.276
0.309
0.362
0.221
0.183
0.156
0.176
0.236
0.232
0.231
0.369
0.454
0.377
0.305
0.250
0.152
0.155
0.176
0.195
0.192
0.228
0.292
0.207
0.109
0.093
0.110
0.106
0.170
0.193
0.195
0.153
0.397
0.640
0.443
0.262
0.296
0.335
0.283
0.240
0.197
0.176
0.285
0.225
0.209
0.167
0.261
0.257
0.238
0.196
0.175
0.091
0.098
0.079
0.093
0.242
0.302
0.216
0.252
0.268
0.253
0.218
0.260
0.322
0.278
0.208
0.208
0.213
0.171
0.179
0.184
0.237
0.148
0.235
0.239
0.207
0.230
0.280
0.328
0.285
0.232
0.291
0.377
0.325
0.290
0.250
0.229
0.194
0.196
0.149
0.149
0.208
0.271
0.245
0.244
0.205
0.238
0.282
0.337
0.367
0.353
0.340
0.252
0.368
0.440
0.430
0.426
0.396
0.374
0.367
0.364
0.310
0.336
0.344
0.328
0.400
0.577
0.806
0.607
0.514
0.453
0.442
0.433
0.397
0.392
0.367
0.371
0.405
0.411
0.398
0.370
0.341
0.345
0.340
0.334
0.306
0.289
0.271
0.235
0.303
0.402
0.516
0.596
0.638
0.674
0.669
0.657
0.570
0.582
0.423
0.457
0.759
0.798
0.805
0.799
0.808
0.728
0.695
0.567
0.572
0.538
0.503
0.577
0.594
0.659
0.721
0.807
0.784
0.839
0.851
0.761
0.715
0.792
0.866
0.938
0.863
0.896
0.928
0.917
0.855
0.896
0.880
0.872
0.887
0.910
0.916
0.895
0.923
0.910
0.906
0.892
0.869
0.874
0.913
0.902
0.948
0.956
0.938
0.946
0.901
0.885
0.912
0.889
0.867
0.848
0.862
0.793
0.880
0.867
0.841
0.833
0.774
0.758
0.838
0.898
0.825
0.783
0.756
0.757
0.749
0.732
0.845
0.718
0.732
0.703
0.708
0.788
0.789
0.755
0.792
0.823
0.840
0.782
0.772
0.818
0.792
0.710
0.647
0.466
0.461
0.616
0.571
0.511
0.552
0.581
0.560
0.519
0.539
0.483
0.457
0.558
0.431
0.488
0.369
0.348
0.358
0.408
0.431
0.445
0.433
0.379
0.303
0.331
0.340
0.389
0.344
0.324
0.319
0.313
0.287
0.299
0.354
0.331
0.342
0.366
0.441
0.390
0.358
0.261
0.287
0.347
0.367
0.374
0.365
0.337
0.392
0.387
0.345
0.370
0.406
0.408
0.464
0.312
0.266
0.323
0.307
0.275
0.285
0.385
0.332
0.435
0.453
0.394
0.654
0.573
0.527
0.402
0.356
0.301
0.286
0.263
0.313
0.367
0.350
0.314
0.286
0.316
0.303
0.333
0.321
0.368
0.340
0.413
0.475
0.461
0.393
0.358
0.407
0.404
0.459
0.475
0.553
0.500
0.407
0.335
0.371
0.328
0.390
0.387
0.304
0.333
0.279
0.276
0.265
0.271
0.290
0.241
0.241
0.209
0.291
0.327
0.252
0.243
0.179
0.239
0.234
0.207
0.206
0.275
0.457
0.336
0.200
0.244
0.264
0.231
0.210
0.454
0.452
0.237
0.242
0.421
0.520
0.461
0.483
0.295
0.449
0.287
0.322
0.317
0.297
0.212
0.228
0.250
0.301
0.299
0.278
0.296
0.315
0.372
0.458
0.299
0.227
0.200
0.166
0.165
0.151
0.157
0.307
0.360
0.271
0.332
0.433
0.299
0.174
0.157
0.154
0.183
0.229
0.359
0.304
0.286
0.174
0.160
0.132
0.133
0.121
0.143
0.119
0.139
0.162
0.219
0.127
0.080
0.098
0.110
0.154
0.170
0.206
0.184
0.153
0.132
0.201
0.244
0.256
0.224
0.175
0.139
0.120
0.215
0.161
0.146
0.211
0.290
0.307
0.233
0.146
0.168
0.157
0.173
0.156
0.163
0.154
0.178
0.215
0.255
0.301
0.285
0.267
0.286
0.290
0.279
0.271
0.345
0.327
0.358
0.374
0.341
0.318
0.328
0.353
0.412
0.358
0.322
0.288
0.322
0.336
0.307
0.275
0.360
0.328
0.275
0.209
0.240
0.545
0.542
0.521
0.513
0.387
0.346
0.349
0.368
0.391
0.375
0.380
0.409
0.501
0.549
0.493
0.556
0.497
0.596
0.617
0.453
0.365
0.587
0.761
0.702
0.731
0.634
0.695
0.673
0.683
0.846
0.884
0.881
0.805
0.807
0.779
0.776
0.873
0.885
0.863
0.805
0.848
0.823
0.759
0.767
0.836
0.718
0.685
0.674
0.604
0.583
0.656
0.684
0.789
0.695
0.674
0.725
0.772
0.836
0.798
0.844
0.856
0.883
0.918
0.905
0.855
0.904
0.867
0.932
0.916
0.891
0.910
0.932
0.931
0.903
0.898
0.914
0.883
0.827
0.801
0.883
0.872
0.905
0.825
0.757
0.757
0.809
0.867
0.867
0.886
0.897
0.856
0.891
0.906
0.872
0.865
0.923
0.864
0.819
0.789
0.769
0.796
0.755
0.771
0.729
0.712
0.674
0.645
0.670
0.678
0.703
0.813
0.799
0.823
0.750
0.725
0.716
0.794
0.675
0.557
0.449
0.485
0.528
0.514
0.450
0.449
0.390
0.343
0.601
0.534
0.568
0.536
0.403
0.425
0.395
0.373
0.261
0.223
0.274
0.324
0.280
0.291
0.328
0.297
0.318
0.316
0.296
0.278
0.283
0.270
0.256
0.301
0.359
0.239
0.219
0.359
0.370
0.241
0.407
0.397
0.399
0.373
0.380
0.352
0.374
0.331
0.299
0.297
0.207
0.237
0.270
0.204
0.198
0.208
0.204
0.230
0.249
0.256
0.371
0.460
0.424
0.415
0.318
0.357
0.235
0.333
0.351
0.335
0.345
0.292
0.288
0.276
0.308
0.386
0.322
0.315
0.260
0.304
0.264
0.273
0.390
0.344
0.301
0.274
0.239
0.365
0.334
0.235
0.213
0.355
0.260
0.277
0.298
0.230
0.264
0.225
0.216
0.287
0.289
0.336
0.487
0.442
0.443
0.368
0.292
0.262
0.243
0.245
0.243
0.280
0.357
0.317
0.193
0.218
0.215
0.216
0.179
0.191
0.225
0.285
0.274
0.270
0.334
0.257
0.288
0.238
0.535
0.382
0.316
0.390
0.322
0.274
0.230
0.235
0.174
0.131
0.155
0.176
0.151
0.147
0.125
0.137
0.150
0.098
0.113
0.202
0.446
0.199
0.129
0.091
0.092
0.077
0.083
0.110
0.127
0.223
0.205
0.189
0.197
0.185
0.138
0.114
0.127
0.183
0.198
0.289
0.255
0.166
0.140
0.118
0.179
0.241
0.245
0.079
0.081
0.092
0.153
0.272
0.244
0.164
0.172
0.177
0.258
0.233
0.377
0.374
0.343
0.528
0.526
0.281
0.232
0.234
0.226
0.166
0.189
0.254
0.223
0.216
0.211
0.213
0.197
0.082
0.154
0.152
0.211
0.165
0.146
0.156
0.151
0.133
0.136
0.153
0.191
0.208
0.186
0.267
0.325
0.327
0.318
0.388
0.380
0.343
0.399
0.351
0.324
0.345
0.347
0.328
0.316
0.334
0.351
0.352
0.345
0.347
0.335
0.349
0.326
0.289
0.232
0.252
0.278
0.301
0.330
0.342
0.353
0.365
0.358
0.360
0.361
0.404
0.588
0.541
0.507
0.524
0.598
0.550
0.707
0.666
0.772
0.611
0.519
0.558
0.474
0.478
0.587
0.526
0.464
0.429
0.419
0.470
0.547
0.627
0.525
0.614
0.739
0.797
0.727
0.714
0.652
0.595
0.513
0.575
0.604
0.815
0.786
0.870
0.719
0.727
0.728
0.656
0.597
0.562
0.534
0.518
0.515
0.520
0.524
0.563
0.565
0.576
0.722
0.798
0.929
0.698
0.767
0.809
0.823
0.941
0.864
0.776
0.807
0.803
0.833
0.885
0.846
0.824
0.851
0.944
0.885
0.927
0.853
0.864
0.831
0.875
0.800
0.750
0.704
0.768
0.779
0.691
0.805
0.819
0.830
0.713
0.667
0.658
0.620
0.601
0.528
0.543
0.605
0.632
0.705
0.681
0.601
0.517
0.564
0.705
0.756
0.786
0.839
0.855
0.869
0.896
0.896
0.759
0.737
0.730
0.767
0.715
0.671
0.637
0.682
0.720
0.693
0.674
0.691
0.667
0.681
0.600
0.524
0.599
0.624
0.644
0.633
0.632
0.582
0.411
0.335
0.318
0.304
0.314
0.311
0.348
0.330
0.327
0.319
0.333
0.259
0.304
0.295
0.267
0.266
0.293
0.359
0.438
0.450
0.395
0.296
0.341
0.348
0.316
0.251
0.329
0.289
0.261
0.290
0.272
0.278
0.251
0.234
0.326
0.218
0.296
0.299
0.448
0.653
0.462
0.193
0.258
0.308
0.327
0.394
0.286
0.250
0.251
0.281
0.278
0.452
0.322
0.308
0.341
0.315
0.340
0.337
0.326
0.343
0.342
0.343
0.302
0.337
0.375
0.378
0.330
0.481
0.313
0.252
0.263
0.382
0.470
0.363
0.254
0.246
0.241
0.367
0.474
0.273
0.258
0.272
0.274
0.340
0.253
0.425
0.644
0.373
0.384
0.409
0.649
0.611
0.566
0.534
0.460
0.499
0.451
0.379
0.373
0.440
0.438
0.421
0.312
0.277
0.253
0.264
0.361
0.403
0.309
0.232
0.187
0.204
0.309
0.283
0.215
0.263
0.396
0.463
0.383
0.259
0.269
0.268
0.293
0.237
0.295
0.294
0.505
0.271
0.195
0.186
0.207
0.192
0.171
0.163
0.146
0.179
0.288
0.383
0.278
0.276
0.205
0.225
0.186
0.160
0.296
0.270
0.231
0.342
0.277
0.146
0.125
0.117
0.109
0.088
0.122
0.119
0.118
0.151
0.182
0.246
0.321
0.292
0.281
0.190
0.168
0.202
0.172
0.294
0.373
0.252
0.233
0.210
0.212
0.175
0.187
0.133
0.206
0.315
0.266
0.324
0.184
0.137
0.111
0.097
0.107
0.170
0.238
0.181
0.136
0.079
0.068
0.153
0.203
0.189
0.124
0.134
0.120
0.065
0.060
0.086
0.095
0.137
0.178
0.170
0.232
0.310
0.244
0.272
0.165
0.164
0.199
0.255
0.327
0.352
0.335
0.304
0.311
0.322
0.312
0.284
0.297
0.291
0.233
0.196
0.268
0.266
0.305
0.291
0.300
0.296
0.310
0.340
0.335
0.354
0.392
0.396
0.406
0.381
0.345
0.332
0.352
0.378
0.361
0.349
0.381
0.345
0.349
0.366
0.372
0.362
0.334
0.304
0.251
0.296
0.429
0.463
0.562
0.530
0.519
0.506
0.643
0.572
0.540
0.575
0.723
0.624
0.579
0.497
0.424
0.423
0.402
0.575
0.921
0.790
0.733
0.800
0.851
0.792
0.758
0.823
0.906
0.847
0.780
0.903
0.848
0.873
0.899
0.921
0.924
0.887
0.888
0.887
0.807
0.834
0.857
0.835
0.732
0.683
0.677
0.672
0.690
0.617
0.670
0.657
0.684
0.709
0.684
0.682
0.731
0.743
0.638
0.600
0.568
0.563
0.581
0.538
0.529
0.552
0.535
0.662
0.677
0.865
0.921
0.956
0.896
0.883
0.827
0.789
0.769
0.792
0.777
0.754
0.673
0.628
0.672
0.666
0.675
0.592
0.585
0.593
0.632
0.588
0.518
0.471
0.506
0.549
0.511
0.474
0.492
0.534
0.556
0.517
0.456
0.354
0.354
0.342
0.375
0.436
0.586
0.639
0.567
0.498
0.552
0.555
0.574
0.524
0.423
0.432
0.385
0.417
0.394
0.323
0.392
0.354
0.341
0.310
0.282
0.170
0.141
0.202
0.356
0.230
0.270
0.261
0.253
0.226
0.223
0.234
0.240
0.251
0.291
0.298
0.321
0.337
0.345
0.326
0.504
0.549
0.626
0.581
0.478
0.463
0.345
0.246
0.419
0.500
0.437
0.406
0.393
0.432
0.222
0.289
0.299
0.297
0.385
0.341
0.361
0.340
0.392
0.397
0.300
0.262
0.246
0.300
0.311
0.244
0.265
0.333
0.381
0.352
0.328
0.357
0.463
0.395
0.430
0.464
0.455
0.458
0.457
0.344
0.234
0.286
0.303
0.270
0.388
0.504
0.371
0.293
0.311
0.457
0.519
0.308
0.263
0.330
0.309
0.248
0.224
0.289
0.376
0.371
0.360
0.372
0.315
0.344
0.287
0.302
0.239
0.286
0.304
0.277
0.270
0.232
0.241
0.264
0.285
0.342
0.352
0.274
0.231
0.182
0.236
0.333
0.373
0.263
0.254
0.311
0.387
0.236
0.242
0.372
0.257
0.239
0.235
0.155
0.153
0.146
0.114
0.127
0.154
0.251
0.383
0.351
0.290
0.198
0.223
0.150
0.180
0.314
0.289
0.407
0.441
0.394
0.377
0.257
0.162
0.121
0.116
0.094
0.107
0.126
0.233
0.245
0.179
0.125
0.108
0.102
0.117
0.141
0.276
0.277
0.315
0.277
0.259
0.204
0.195
0.337
0.356
0.385
0.372
0.300
0.235
0.138
0.115
0.085
0.088
0.122
0.180
0.259
0.253
0.278
0.217
0.163
0.168
0.189
0.260
0.267
0.312
0.304
0.309
0.224
0.181
0.273
0.298
0.279
0.203
0.236
0.202
0.196
0.226
0.250
0.292
0.244
0.303
0.264
0.232
0.244
0.218
0.259
0.252
0.234
0.271
0.275
0.299
0.259
0.204
0.207
0.213
0.229
0.262
0.244
0.262
0.321
0.407
0.420
0.404
0.391
0.373
0.291
0.334
0.440
0.506
0.445
0.450
0.446
0.588
0.564
0.465
0.391
0.315
0.274
0.243
0.300
0.467
0.527
0.430
0.364
0.259
0.343
0.367
0.381
0.439
0.476
0.474
0.413
0.374
0.400
0.411
0.400
0.404
0.432
0.505
0.661
0.809
0.798
0.780
0.755
0.721
0.761
0.751
0.724
0.765
0.747
0.710
0.693
0.725
0.662
0.702
0.685
0.690
0.759
0.840
0.901
0.938
0.875
0.906
0.823
0.810
0.762
0.776
0.917
0.883
0.851
0.893
0.919
0.868
0.855
0.920
0.901
0.903
0.895
0.878
0.842
0.835
0.834
0.823
0.798
0.852
0.887
0.820
0.817
0.838
0.813
0.823
0.796
0.817
0.843
0.779
0.826
0.861
0.892
0.906
0.872
0.867
0.892
0.879
0.881
0.896
0.834
0.901
0.920
0.898
0.928
0.927
0.899
0.891
0.847
0.821
0.763
0.727
0.699
0.728
0.756
0.775
0.707
0.616
0.541
0.560
0.517
0.517
0.536
0.509
0.496
0.519
0.479
0.473
0.436
0.416
0.395
0.370
0.526
0.631
0.749
0.676
0.587
0.501
0.361
0.336
0.573
0.544
0.627
0.610
0.613
0.516
0.480
0.450
0.360
0.310
0.441
0.417
0.319
0.326
0.332
0.352
0.346
0.369
0.359
0.330
0.294
0.345
0.452
0.561
0.626
0.639
0.703
0.647
0.619
0.704
0.725
0.689
0.520
0.431
0.621
0.782
0.767
0.872
0.784
0.682
0.616
0.616
0.560
0.587
0.521
0.473
0.416
0.412
0.477
0.478
0.418
0.367
0.422
0.422
0.309
0.340
0.501
0.513
0.375
0.363
0.354
0.322
0.290
0.344
0.319
0.457
0.619
0.562
0.382
0.369
0.391
0.458
0.610
0.543
0.349
0.345
0.418
0.370
0.416
0.410
0.382
0.386
0.349
0.340
0.367
0.350
0.407
0.610
0.646
0.546
0.302
0.262
0.457
0.300
0.369
0.341
0.355
0.358
0.352
0.332
0.312
0.330
0.394
0.407
0.524
0.400
0.383
0.381
0.320
0.269
0.371
0.433
0.622
0.537
0.331
0.274
0.275
0.281
0.330
0.453
0.634
0.459
0.374
0.338
0.314
0.309
0.319
0.310
0.269
0.270
0.305
0.290
0.274
0.297
0.248
0.270
0.347
0.330
0.309
0.247
0.209
0.233
0.224
0.128
0.141
0.163
0.132
0.147
0.175
0.141
0.139
0.171
0.225
0.347
0.287
0.240
0.292
0.270
0.211
0.111
0.136
0.177
0.340
0.306
0.341
0.329
0.279
0.147
0.116
0.115
0.100
0.124
0.141
0.189
0.200
0.253
0.232
0.241
0.251
0.208
0.262
0.303
0.214
0.095
0.094
0.102
0.075
0.096
0.089
0.170
0.218
0.198
0.234
0.296
0.325
0.284
0.318
0.355
0.415
0.401
0.351
0.344
0.296
0.289
0.333
0.348
0.380
0.374
0.361
0.341
0.342
0.322
0.325
0.342
0.389
0.417
0.414
0.408
0.388
0.368
0.373
0.356
0.358
0.352
0.346
0.393
0.390
0.359
0.353
0.328
0.247
0.238
0.326
0.394
0.455
0.410
0.439
0.497
0.498
0.488
0.527
0.485
0.509
0.578
0.530
0.502
0.485
0.477
0.509
0.521
0.456
0.486
0.544
0.908
0.711
0.690
0.663
0.642
0.645
0.659
0.596
0.886
0.890
0.902
0.932
0.921
0.880
0.856
0.877
0.930
0.896
0.881
0.853
0.911
0.888
0.839
0.851
0.832
0.915
0.924
0.912
0.882
0.883
0.883
0.904
0.894
0.930
0.898
0.851
0.916
0.889
0.893
0.857
0.890
0.938
0.959
0.926
0.933
0.945
0.936
0.944
0.950
0.941
0.910
0.884
0.874
0.883
0.897
0.895
0.883
0.895
0.911
0.888
0.891
0.894
0.917
0.897
0.900
0.951
0.906
0.896
0.937
0.948
0.932
0.924
0.891
0.920
0.897
0.948
0.930
0.929
0.852
0.864
0.874
0.900
0.907
0.877
0.838
0.833
0.826
0.808
0.797
0.815
0.801
0.792
0.764
0.748
0.718
0.665
0.681
0.706
0.699
0.684
0.581
0.566
0.549
0.513
0.446
0.466
0.456
0.470
0.399
0.431
0.474
0.589
0.453
0.334
0.424
0.408
0.348
0.324
0.329
0.329
0.329
0.348
0.350
0.344
0.334
0.325
0.316
0.335
0.328
0.354
0.397
0.362
0.392
0.385
0.405
0.367
0.386
0.378
0.368
0.340
0.339
0.360
0.352
0.330
0.361
0.315
0.294
0.323
0.356
0.441
0.439
0.435
0.401
0.354
0.324
0.266
0.289
0.253
0.301
0.405
0.461
0.434
0.354
0.328
0.385
0.292
0.206
0.224
0.327
0.368
0.329
0.338
0.332
0.311
0.309
0.288
0.291
0.348
0.374
0.374
0.323
0.314
0.360
0.334
0.345
0.346
0.393
0.387
0.486
0.532
0.382
0.549
0.657
0.459
0.240
0.352
0.399
0.352
0.381
0.371
0.232
0.390
0.636
0.513
0.336
0.326
0.402
0.294
0.263
0.294
0.328
0.331
0.351
0.365
0.321
0.364
0.320
0.284
0.225
0.306
0.235
0.433
0.415
0.276
0.308
0.107
0.163
0.171
0.191
0.222
0.506
0.356
0.221
0.233
0.322
0.258
0.224
0.200
0.341
0.439
0.302
0.162
0.164
0.186
0.164
0.145
0.197
0.395
0.444
0.401
0.396
0.323
0.367
0.361
0.230
0.078
0.089
0.097
0.183
0.300
0.144
0.144
0.174
0.236
0.279
0.292
0.297
0.071
0.056
0.064
0.062
0.098
0.174
0.233
0.238
0.193
0.165
0.230
0.203
0.186
0.211
0.236
0.231
0.259
0.263
0.224
0.207
0.295
0.281
0.269
0.304
0.367
0.320
0.268
0.288
0.337
0.274
0.489
0.408
0.307
0.286
0.341
0.267
0.270
0.227
0.251
0.255
0.226
0.224
0.262
0.261
0.334
0.364
0.345
0.380
0.366
0.297
0.305
0.330
0.388
0.394
0.347
0.319
0.297
0.319
0.335
0.340
0.330
0.333
0.356
0.327
0.335
0.313
0.349
0.363
0.338
0.347
0.380
0.371
0.365
0.364
0.376
0.366
0.354
0.353
0.361
0.377
0.405
0.416
0.489
0.455
0.401
0.582
0.493
0.519
0.454
0.441
0.446
0.455
0.434
0.464
0.464
0.452
0.454
0.447
0.482
0.460
0.446
0.451
0.458
0.571
0.542
0.659
0.822
0.780
0.744
0.735
0.686
0.788
0.777
0.784
0.859
0.824
0.834
0.750
0.859
0.861
0.880
0.852
0.711
0.636
0.719
0.778
0.772
0.779
0.763
0.731
0.764
0.833
0.787
0.785
0.818
0.840
0.772
0.811
0.817
0.817
0.884
0.837
0.768
0.868
0.828
0.879
0.928
0.905
0.920
0.928
0.922
0.871
0.887
0.928
0.876
0.879
0.897
0.947
0.902
0.870
0.887
0.889
0.858
0.873
0.904
0.896
0.909
0.898
0.877
0.918
0.960
0.951
0.927
0.931
0.926
0.939
0.923
0.944
0.874
0.866
0.861
0.878
0.853
0.852
0.882
0.900
0.893
0.879
0.843
0.780
0.690
0.643
0.582
0.579
0.498
0.508
0.501
0.739
0.734
0.701
0.603
0.519
0.452
0.346
0.366
0.390
0.500
0.553
0.563
0.458
0.435
0.460
0.403
0.397
0.395
0.404
0.407
0.349
0.343
0.335
0.285
0.299
0.254
0.290
0.293
0.299
0.278
0.289
0.287
0.312
0.277
0.299
0.322
0.369
0.328
0.302
0.326
0.276
0.338
0.299
0.244
0.259
0.274
0.289
0.318
0.323
0.335
0.318
0.314
0.338
0.339
0.331
0.318
0.409
0.439
0.300
0.389
0.380
0.304
0.270
0.255
0.249
0.297
0.296
0.405
0.481
0.407
0.477
0.664
0.551
0.496
0.408
0.386
0.373
0.302
0.215
0.245
0.251
0.233
0.300
0.288
0.334
0.483
0.560
0.391
0.405
0.375
0.378
0.446
0.372
0.350
0.351
0.277
0.191
0.195
0.307
0.362
0.433
0.549
0.461
0.379
0.520
0.559
0.540
0.359
0.269
0.195
0.246
0.243
0.215
0.220
0.224
0.217
0.224
0.207
0.287
0.346
0.302
0.314
0.340
0.513
0.544
0.322
0.259
0.232
0.202
0.227
0.286
0.314
0.395
0.315
0.353
0.433
0.479
0.334
0.275
0.274
0.258
0.330
0.343
0.358
0.266
0.240
0.346
0.193
0.136
0.158
0.102
0.094
0.097
0.112
0.121
0.119
0.151
0.294
0.253
0.135
0.204
0.272
0.227
0.199
0.265
0.155
0.132
0.187
0.280
0.241
0.294
0.327
0.160
0.169
0.333
0.362
0.417
0.278
0.189
0.160
0.250
0.336
0.279
0.169
0.139
0.190
0.295
0.364
0.220
0.305
0.242
0.203
0.218
0.226
0.291
0.366
0.365
0.331
0.326
0.305
0.360
0.361
0.334
0.282
0.234
0.268
0.226
0.292
0.307
0.151
0.144
0.242
0.331
0.281
0.318
0.292
0.235
0.263
0.308
0.285
0.309
0.307
0.292
0.247
0.288
0.318
0.308
0.292
0.268
0.262
0.267
0.341
0.390
0.385
0.392
0.402
0.387
0.374
0.364
0.374
0.375
0.329
0.349
0.403
0.416
0.402
0.448
0.565
0.598
0.741
0.677
0.688
0.665
0.603
0.561
0.578
0.748
0.914
0.787
0.706
0.634
0.638
0.602
0.579
0.563
0.600
0.605
0.615
0.622
0.590
0.622
0.587
0.553
0.657
0.816
0.821
0.851
0.886
0.886
0.867
0.862
0.883
0.907
0.908
0.928
0.902
0.905
0.939
0.901
0.878
0.869
0.959
0.861
0.858
0.937
0.923
0.937
0.944
0.931
0.893
0.896
0.937
0.882
0.919
0.903
0.863
0.905
0.923
0.938
0.930
0.944
0.907
0.918
0.932
0.925
0.925
0.903
0.908
0.886
0.843
0.839
0.924
0.901
0.862
0.937
0.939
0.900
0.844
0.900
0.889
0.872
0.861
0.856
0.842
0.823
0.806
0.812
0.820
0.823
0.811
0.747
0.667
0.629
0.660
0.641
0.683
0.646
0.686
0.669
0.596
0.530
0.524
0.732
0.875
0.908
0.904
0.915
0.943
0.900
0.914
0.921
0.893
0.912
0.877
0.869
0.784
0.811
0.831
0.867
0.851
0.815
0.858
0.817
0.788
0.733
0.713
0.684
0.659
0.580
0.528
0.529
0.500
0.489
0.471
0.451
0.486
0.563
0.537
0.472
0.508
0.616
0.590
0.543
0.556
0.527
0.562
0.548
0.500
0.522
0.549
0.487
0.473
0.456
0.450
0.390
0.456
0.482
0.421
0.340
0.353
0.380
0.382
0.352
0.356
0.355
0.399
0.425
0.393
0.348
0.324
0.299
0.325
0.406
0.421
0.344
0.345
0.354
0.422
0.427
0.460
0.409
0.453
0.409
0.430
0.397
0.428
0.448
0.548
0.535
0.559
0.606
0.480
0.289
0.370
0.334
0.398
0.474
0.498
0.463
0.348
0.351
0.494
0.461
0.285
0.495
0.574
0.686
0.432
0.261
0.364
0.353
0.445
0.387
0.482
0.452
0.418
0.390
0.428
0.368
0.510
0.498
0.460
0.381
0.542
0.812
0.679
0.530
0.612
0.575
0.582
0.445
0.346
0.365
0.277
0.292
0.314
0.349
0.402
0.404
0.462
0.378
0.491
0.473
0.297
0.324
0.459
0.259
0.419
0.416
0.319
0.281
0.250
0.326
0.282
0.291
0.434
0.299
0.330
0.354
0.417
0.305
0.235
0.253
0.262
0.227
0.246
0.247
0.275
0.250
0.214
0.228
0.340
0.235
0.280
0.161
0.119
0.187
0.166
0.193
0.298
0.375
0.167
0.122
0.281
0.438
0.379
0.299
0.317
0.290
0.270
0.268
0.317
0.343
0.265
0.271
0.322
0.335
0.192
0.193
0.259
0.290
0.159
0.090
0.107
0.158
0.215
0.262
0.294
0.236
0.250
0.255
0.283
0.320
0.274
0.243
0.162
0.179
0.200
0.258
0.293
0.206
0.163
0.198
0.180
0.217
0.260
0.308
0.302
0.326
0.228
0.168
0.156
0.185
0.329
0.353
0.381
0.370
0.373
0.373
0.423
0.414
0.306
0.239
0.209
0.217
0.262
0.277
0.270
0.313
0.250
0.198
0.208
0.275
0.292
0.329
0.343
0.294
0.245
0.246
0.243
0.259
0.246
0.281
0.275
0.310
0.406
0.452
0.454
0.487
0.508
0.540
0.566
0.508
0.501
0.448
0.449
0.487
0.462
0.450
0.445
0.418
0.400
0.405
0.439
0.447
0.482
0.505
0.551
0.472
0.429
0.390
0.407
0.426
0.443
0.536
0.527
0.548
0.595
0.708
0.654
0.704
0.706
0.833
0.923
0.767
0.735
0.732
0.882
0.923
0.946
0.909
0.884
0.957
0.951
0.948
0.904
