20000101
0.279
0.251
0.295
0.319
0.322
0.253
0.290
0.343
0.333
0.420
0.352
0.369
0.442
0.274
0.140
0.183
0.184
0.281
0.278
0.175
0.591
0.578
0.551
0.473
0.339
0.363
0.265
0.229
0.264
0.178
0.225
0.564
0.561
0.578
0.502
0.470
0.375
0.286
0.245
0.258
0.406
0.415
0.205
0.149
0.195
0.183
0.142
0.165
0.179
0.217
0.272
0.156
0.192
0.225
0.231
0.130
0.094
0.203
0.204
0.284
0.216
0.304
0.265
0.305
0.269
0.122
0.180
0.113
0.084
0.095
0.366
0.321
0.386
0.256
0.303
0.301
0.366
0.238
0.049
0.048
0.166
0.195
0.137
0.119
0.099
0.115
0.094
0.055
0.065
0.083
0.168
0.119
0.075
0.080
0.123
0.131
0.101
0.099
0.113
0.120
0.138
0.219
0.171
0.174
0.243
0.292
0.279
0.192
0.209
0.157
0.168
0.183
0.248
0.302
0.298
0.335
0.325
0.336
0.263
0.266
0.230
0.179
0.261
0.223
0.244
0.218
0.222
0.246
0.306
0.361
0.291
0.368
0.418
0.499
0.418
0.409
0.474
0.534
0.603
0.533
0.517
0.458
0.406
0.427
0.404
0.368
0.374
0.349
0.341
0.405
0.463
0.494
0.420
0.359
0.312
0.352
0.446
0.246
0.276
0.451
0.406
0.328
0.355
0.369
0.422
0.397
0.422
0.389
0.368
0.335
0.317
0.316
0.356
0.417
0.439
0.419
0.419
0.434
0.421
0.445
0.399
0.442
0.620
0.805
0.655
0.687
0.591
0.567
0.577
0.670
0.735
0.720
0.755
0.742
0.717
0.870
0.907
0.844
0.826
0.760
0.747
0.689
0.786
0.691
0.653
0.584
0.581
0.530
0.518
0.509
0.576
0.669
0.604
0.515
0.496
0.578
0.521
0.497
0.490
0.455
0.441
0.510
0.508
0.681
0.752
0.845
0.822
0.869
0.838
0.863
0.811
0.832
0.916
0.882
0.879
0.744
0.716
0.631
0.713
0.779
0.824
0.750
0.691
0.794
0.778
0.751
0.678
0.752
0.866
0.698
0.692
0.700
0.612
0.591
0.598
0.592
0.586
0.520
0.467
0.556
0.521
0.502
0.550
0.504
0.419
0.382
0.469
0.441
0.529
0.387
0.353
0.301
0.285
0.348
0.350
0.257
0.204
0.268
0.260
0.340
0.374
0.407
0.363
0.426
0.397
0.375
0.339
0.301
0.292
0.186
0.171
0.173
0.235
0.198
0.163
0.229
0.362
0.450
0.389
0.295
0.274
0.220
0.196
0.171
0.137
0.187
0.142
0.172
0.237
0.208
0.209
0.336
0.334
0.264
0.243
0.212
0.231
0.228
0.263
0.242
0.262
0.341
0.245
0.154
0.196
0.229
0.244
0.253
0.236
0.261
0.223
0.292
0.268
0.207
0.195
0.149
0.119
0.105
0.120
0.134
0.174
0.237
0.187
0.197
0.197
0.224
0.217
0.270
0.253
0.259
0.269
0.242
0.313
0.406
0.388
0.306
0.236
0.208
0.245
0.222
0.197
0.236
0.190
0.252
0.385
0.545
0.413
0.469
0.317
0.350
0.309
0.243
0.211
0.268
0.299
0.257
0.224
0.226
0.217
0.180
0.186
0.229
0.251
0.357
0.226
0.201
0.259
0.460
0.206
0.161
0.193
0.162
0.202
0.153
0.173
0.240
0.177
0.156
0.130
0.130
0.101
0.129
0.166
0.183
0.138
0.124
0.174
0.171
0.113
0.113
0.206
0.274
0.277
0.217
0.176
0.212
0.184
0.235
0.093
0.219
0.253
0.406
0.338
0.322
0.219
0.120
0.090
0.092
0.108
0.126
0.079
0.099
0.097
0.066
0.072
0.270
0.462
0.399
0.325
0.227
0.159
0.139
0.116
0.147
0.278
0.295
0.279
0.267
0.270
0.229
0.208
0.295
0.300
0.319
0.212
0.147
0.117
0.121
0.081
0.184
0.169
0.124
0.068
0.067
0.121
0.185
0.277
0.198
0.219
0.208
0.240
0.259
0.304
0.367
0.258
0.243
0.177
0.110
0.132
0.154
0.158
0.158
0.143
0.195
0.269
0.297
0.214
0.242
0.173
0.288
0.265
0.277
0.254
0.260
0.295
0.315
0.322
0.312
0.295
0.305
0.335
0.377
0.377
0.402
0.412
0.390
0.394
0.343
0.258
0.241
0.428
0.471
0.436
0.445
0.547
0.677
0.643
0.574
0.594
0.659
0.571
0.552
0.530
0.465
0.453
0.481
0.555
0.655
0.649
0.596
0.725
0.734
0.739
0.773
0.706
0.638
0.535
0.475
0.453
0.458
0.456
0.433
0.468
0.471
0.455
0.481
0.454
0.520
0.640
0.771
0.950
0.854
0.752
0.706
0.747
0.825
0.768
0.837
0.846
0.806
0.751
0.825
0.838
0.844
0.853
0.781
0.900
0.904
0.834
0.894
0.783
0.812
0.811
0.772
0.769
0.762
0.765
0.747
0.686
0.611
0.574
0.598
0.758
0.765
0.835
0.858
0.848
0.832
0.829
0.832
0.873
0.816
0.850
0.924
0.950
0.783
0.704
0.698
0.723
0.744
0.788
0.810
0.811
0.706
0.653
0.645
0.668
0.706
0.643
0.630
0.609
0.562
0.571
0.594
0.625
0.706
0.729
0.616
0.563
0.621
0.679
0.607
0.598
0.567
0.545
0.485
0.541
0.494
0.523
0.542
0.364
0.432
0.376
0.436
0.404
0.241
0.420
0.204
0.215
0.321
0.508
0.614
0.641
0.524
0.381
0.407
0.332
0.461
0.640
0.846
0.929
0.769
0.586
0.308
0.363
0.308
0.234
0.215
0.244
0.221
0.206
0.212
0.191
0.176
0.200
0.243
0.182
0.205
0.265
0.285
0.293
0.243
0.254
0.290
0.321
0.309
0.194
0.229
0.203
0.184
0.180
0.198
0.190
0.203
0.177
0.176
0.199
0.201
0.180
0.200
0.246
0.238
0.249
0.257
0.228
0.212
0.206
0.187
0.186
0.175
0.258
0.292
0.280
0.292
0.265
0.253
0.259
0.247
0.278
0.375
0.477
0.363
0.257
0.276
0.229
0.285
0.319
0.286
0.265
0.287
0.231
0.182
0.203
0.285
0.296
0.298
0.203
0.206
0.226
0.243
0.226
0.177
0.183
0.181
0.190
0.202
0.270
0.353
0.238
0.220
0.246
0.298
0.262
0.252
0.563
0.564
0.432
0.297
0.470
0.363
0.288
0.281
0.269
0.267
0.219
0.493
0.413
0.204
0.184
0.167
0.177
0.193
0.157
0.180
0.192
0.187
0.202
0.129
0.140
0.133
0.102
0.251
0.350
0.203
0.184
0.269
0.216
0.191
0.216
0.228
0.193
0.151
0.202
0.235
0.328
0.270
0.209
0.165
0.147
0.194
0.225
0.223
0.218
0.136
0.116
0.136
0.186
0.344
0.428
0.241
0.144
0.197
0.320
0.479
0.439
0.288
0.213
0.168
0.132
0.143
0.206
0.170
0.185
0.243
0.336
0.364
0.182
0.048
0.058
0.056
0.114
0.229
0.163
0.186
0.183
0.224
0.167
0.304
0.334
0.225
0.158
0.147
0.165
0.217
0.201
0.331
0.235
0.252
0.200
0.161
0.157
0.189
0.176
0.258
0.191
0.202
0.118
0.070
0.113
0.126
0.110
0.117
0.108
0.078
0.083
0.076
0.110
0.238
0.266
0.319
0.311
0.349
0.381
0.388
0.351
0.339
0.296
0.310
0.298
0.315
0.403
0.391
0.355
0.340
0.286
0.280
0.320
0.327
0.369
0.388
0.355
0.281
0.284
0.332
0.318
0.339
0.330
0.352
0.357
0.346
0.318
0.310
0.317
0.341
0.381
0.391
0.481
0.511
0.567
0.501
0.463
0.543
0.636
0.563
0.485
0.393
0.425
0.524
0.720
0.784
0.937
0.889
0.685
0.580
0.551
0.557
0.487
0.501
0.514
0.507
0.485
0.518
0.457
0.450
0.516
0.522
0.697
0.753
0.734
0.744
0.825
0.843
0.675
0.743
0.783
0.767
0.755
0.761
0.632
0.539
0.516
0.467
0.454
0.449
0.498
0.437
0.520
0.818
0.916
0.858
0.811
0.943
0.788
0.799
0.863
0.879
0.901
0.878
0.739
0.771
0.738
0.729
0.677
0.648
0.617
0.702
0.803
0.821
0.881
0.796
0.731
0.647
0.797
0.833
0.825
0.833
0.889
0.858
0.737
0.678
0.585
0.584
0.611
0.555
0.602
0.452
0.527
0.571
0.567
0.525
0.563
0.609
0.652
0.514
0.422
0.448
0.394
0.454
0.526
0.527
0.541
0.440
0.328
0.254
0.258
0.227
0.251
0.267
0.234
0.259
0.237
0.259
0.234
0.277
0.285
0.289
0.308
0.262
0.241
0.297
0.371
0.285
0.355
0.431
0.379
0.285
0.287
0.180
0.204
0.173
0.191
0.263
0.298
0.268
0.263
0.212
0.115
0.150
0.261
0.285
0.263
0.396
0.294
0.224
0.237
0.300
0.300
0.341
0.309
0.252
0.207
0.228
0.213
0.202
0.209
0.224
0.241
0.278
0.250
0.210
0.161
0.139
0.159
0.132
0.161
0.207
0.209
0.231
0.153
0.187
0.243
0.233
0.246
0.233
0.240
0.250
0.234
0.220
0.254
0.256
0.247
0.296
0.299
0.464
0.490
0.406
0.302
0.240
0.336
0.337
0.323
0.340
0.328
0.284
0.437
0.569
0.418
0.455
0.397
0.408
0.332
0.345
0.246
0.268
0.261
0.293
0.251
0.227
0.198
0.195
0.235
0.168
0.231
0.154
0.182
0.198
0.181
0.160
0.171
0.240
0.270
0.288
0.260
0.448
0.424
0.280
0.596
0.521
0.395
0.500
0.356
0.278
0.313
0.186
0.239
0.219
0.270
0.228
0.149
0.138
0.188
0.188
0.150
0.293
0.667
0.466
0.394
0.229
0.217
0.222
0.248
0.218
0.275
0.302
0.262
0.271
0.302
0.234
0.054
0.076
0.078
0.081
0.080
0.078
0.145
0.114
0.095
0.101
0.095
0.111
0.165
0.252
0.228
0.200
0.159
0.136
0.152
0.143
0.176
0.142
0.132
0.123
0.160
0.243
0.306
0.194
0.202
0.172
0.295
0.383
0.373
0.300
0.165
0.156
0.172
0.168
0.157
0.179
0.206
0.323
0.315
0.321
0.302
0.284
0.260
0.305
0.247
0.108
0.083
0.127
0.216
0.249
0.224
0.153
0.109
0.111
0.133
0.188
0.257
0.181
0.271
0.293
0.265
0.252
0.141
0.123
0.108
0.126
0.225
0.198
0.135
0.170
0.194
0.297
0.350
0.333
0.341
0.381
0.376
0.343
0.301
0.339
0.338
0.325
0.350
0.257
0.211
0.259
0.329
0.317
0.282
0.343
0.375
0.391
0.370
0.355
0.338
0.362
0.360
0.363
0.407
0.424
0.573
0.728
0.792
0.793
0.693
0.601
0.525
0.495
0.485
0.553
0.563
0.562
0.647
0.640
0.592
0.582
0.620
0.729
0.735
0.857
0.797
0.754
0.765
0.817
0.768
0.824
0.785
0.761
0.749
0.760
0.887
0.825
0.805
0.788
0.803
0.779
0.777
0.808
0.877
0.903
0.834
0.871
0.906
0.898
0.863
0.811
0.824
0.836
0.862
0.877
0.889
0.826
0.813
0.848
0.853
0.849
0.858
0.847
0.788
0.775
0.732
0.727
0.694
0.722
0.734
0.740
0.717
0.697
0.828
0.871
0.942
0.932
0.903
0.889
0.865
0.949
0.927
0.915
0.866
0.845
0.812
0.794
0.860
0.838
0.732
0.747
0.793
0.757
0.719
0.711
0.735
0.734
0.695
0.729
0.794
0.825
0.754
0.788
0.791
0.750
0.662
0.707
0.726
0.614
0.578
0.641
0.629
0.606
0.507
0.523
0.406
0.392
0.424
0.418
0.456
0.447
0.473
0.463
0.426
0.306
0.247
0.300
0.344
0.356
0.374
0.318
0.239
0.307
0.295
0.291
0.282
0.292
0.233
0.283
0.311
0.321
0.330
0.309
0.202
0.230
0.423
0.388
0.385
0.382
0.357
0.369
0.306
0.162
0.150
0.252
0.359
0.357
0.381
0.367
0.454
0.398
0.268
0.247
0.305
0.198
0.168
0.212
0.340
0.358
0.218
0.221
0.227
0.272
0.296
0.219
0.218
0.219
0.224
0.219
0.221
0.262
0.375
0.431
0.275
0.389
0.390
0.317
0.288
0.293
0.257
0.339
0.366
0.393
0.384
0.364
0.294
0.320
0.290
0.229
0.263
0.376
0.373
0.353
0.342
0.264
0.303
0.309
0.371
0.379
0.523
0.546
0.336
0.318
0.313
0.350
0.307
0.335
0.356
0.241
0.254
0.410
0.411
0.321
0.262
0.430
0.471
0.381
0.288
0.274
0.308
0.279
0.327
0.400
0.405
0.480
0.298
0.238
0.252
0.147
0.161
0.230
0.213
0.215
0.296
0.296
0.288
0.259
0.245
0.249
0.224
0.192
0.194
0.367
0.409
0.342
0.234
0.207
0.178
0.185
0.153
0.177
0.219
0.184
0.156
0.122
0.073
0.079
0.071
0.066
0.069
0.080
0.057
0.109
0.080
0.087
0.100
0.112
0.129
0.128
0.105
0.091
0.088
0.099
0.106
0.199
0.231
0.284
0.234
0.155
0.263
0.209
0.086
0.142
0.114
0.120
0.154
0.249
0.250
0.237
0.176
0.211
0.285
0.342
0.345
0.316
0.310
0.224
0.300
0.260
0.270
0.334
0.267
0.329
0.354
0.351
0.263
0.296
0.212
0.164
0.151
0.145
0.206
0.284
0.320
0.328
0.141
0.087
0.065
0.054
0.072
0.147
0.254
0.272
0.333
0.545
0.567
0.541
0.580
0.469
0.385
0.356
0.317
0.272
0.286
0.353
0.364
0.385
0.393
0.395
0.369
0.360
0.305
0.256
0.256
0.224
0.253
0.270
0.263
0.259
0.319
0.332
0.336
0.371
0.380
0.429
0.427
0.447
0.428
0.494
0.486
0.602
0.591
0.648
0.695
0.549
0.488
0.454
0.454
0.469
0.534
0.594
0.660
0.664
0.664
0.704
0.798
0.658
0.594
0.546
0.545
0.653
0.715
0.708
0.732
0.709
0.657
0.717
0.586
0.535
0.506
0.502
0.449
0.497
0.565
0.634
0.608
0.532
0.498
0.517
0.441
0.440
0.439
0.528
0.603
0.669
0.636
0.646
0.751
0.839
0.763
0.729
0.750
0.816
0.905
0.899
0.856
0.880
0.935
0.913
0.863
0.940
0.851
0.924
0.893
0.856
0.851
0.882
0.850
0.796
0.854
0.811
0.779
0.736
0.734
0.715
0.680
0.674
0.678
0.700
0.739
0.708
0.666
0.643
0.570
0.501
0.472
0.565
0.605
0.563
0.659
0.642
0.631
0.669
0.809
0.748
0.719
0.863
0.737
0.554
0.552
0.479
0.566
0.600
0.631
0.554
0.478
0.511
0.766
0.673
0.891
0.855
0.849
0.799
0.725
0.635
0.606
0.744
0.784
0.623
0.416
0.340
0.379
0.308
0.316
0.352
0.348
0.369
0.341
0.378
0.344
0.257
0.263
0.313
0.264
0.261
0.217
0.231
0.243
0.267
0.258
0.321
0.343
0.242
0.163
0.204
0.238
0.244
0.248
0.287
0.537
0.561
0.325
0.322
0.298
0.258
0.247
0.235
0.245
0.261
0.285
0.295
0.298
0.301
0.317
0.329
0.286
0.292
0.317
0.448
0.515
0.501
0.358
0.346
0.368
0.338
0.385
0.392
0.316
0.259
0.218
0.203
0.266
0.364
0.374
0.301
0.323
0.332
0.395
0.578
0.546
0.547
0.359
0.300
0.344
0.332
0.399
0.402
0.386
0.368
0.368
0.464
0.515
0.311
0.312
0.352
0.337
0.348
0.343
0.325
0.462
0.411
0.335
0.296
0.296
0.299
0.334
0.276
0.386
0.372
0.254
0.259
0.393
0.344
0.201
0.205
0.410
0.396
0.302
0.307
0.409
0.463
0.342
0.275
0.273
0.370
0.526
0.470
0.561
0.502
0.312
0.228
0.328
0.381
0.370
0.356
0.412
0.383
0.380
0.252
0.159
0.192
0.174
0.178
0.161
0.113
0.165
0.215
0.210
0.204
0.236
0.204
0.240
0.213
0.235
0.237
0.284
0.286
0.285
0.335
0.285
0.239
0.228
0.161
0.135
0.171
0.185
0.154
0.236
0.233
0.270
0.357
0.246
0.209
0.109
0.189
0.331
0.283
0.123
0.074
0.079
0.071
0.065
0.076
0.063
0.065
0.088
0.144
0.229
0.197
0.044
0.047
0.063
0.054
0.069
0.188
0.163
0.121
0.089
0.130
0.106
0.140
0.219
0.219
0.244
0.267
0.252
0.247
0.270
0.301
0.358
0.279
0.281
0.244
0.257
0.305
0.281
0.313
0.305
0.257
0.245
0.205
0.192
0.219
0.227
0.259
0.273
0.270
0.351
0.304
0.246
0.231
0.242
0.303
0.273
0.186
0.207
0.301
0.244
0.276
0.251
0.214
0.173
0.219
0.284
0.323
0.296
0.267
0.322
0.358
0.306
0.279
0.286
0.350
0.436
0.434
0.314
0.317
0.276
0.293
0.438
0.448
0.552
0.516
0.535
0.580
0.631
0.712
0.680
0.705
0.743
0.742
0.820
0.871
0.852
0.835
0.704
0.675
0.692
0.646
0.624
0.726
0.612
0.828
0.755
0.740
0.754
0.792
0.720
0.664
0.600
0.552
0.551
0.548
0.527
0.579
0.564
0.621
0.833
0.896
0.907
0.891
0.787
0.782
0.859
0.878
0.899
0.859
0.900
0.888
0.839
0.804
0.811
0.826
0.800
0.774
0.766
0.778
0.816
0.824
0.775
0.787
0.823
0.794
0.763
0.722
0.741
0.775
0.792
0.730
0.701
0.660
0.694
0.642
0.590
0.482
0.449
0.355
0.431
0.587
0.604
0.624
0.695
0.710
0.729
0.847
0.786
0.863
0.916
0.880
0.910
0.920
0.858
0.839
0.709
0.711
0.859
0.944
0.866
0.835
0.821
0.809
0.743
0.771
0.799
0.704
0.712
0.677
0.601
0.576
0.542
0.538
0.502
0.412
0.399
0.392
0.419
0.375
0.336
0.488
0.375
0.381
0.441
0.367
0.288
0.394
0.403
0.358
0.413
0.461
0.322
0.326
0.284
0.268
0.380
0.419
0.468
0.400
0.410
0.347
0.343
0.363
0.354
0.269
0.323
0.377
0.340
0.239
0.250
0.281
0.267
0.283
0.327
0.345
0.264
0.262
0.294
0.365
0.305
0.319
0.384
0.424
0.334
0.224
0.282
0.320
0.399
0.407
0.357
0.376
0.313
0.243
0.288
0.277
0.237
0.202
0.236
0.282
0.281
0.321
0.260
0.251
0.289
0.312
0.289
0.344
0.332
0.326
0.248
0.276
0.342
0.365
0.429
0.503
0.431
0.549
0.381
0.387
0.381
0.326
0.363
0.401
0.308
0.332
0.335
0.320
0.245
0.292
0.275
0.339
0.338
0.397
0.397
0.540
0.447
0.348
0.366
0.250
0.245
0.256
0.329
0.230
0.212
0.298
0.330
0.254
0.204
0.250
0.222
0.220
0.267
0.220
0.181
0.309
0.351
0.271
0.222
0.212
0.215
0.203
0.239
0.228
0.345
0.421
0.385
0.295
0.245
0.151
0.151
0.168
0.193
0.196
0.223
0.291
0.203
0.128
0.137
0.138
0.121
0.174
0.189
0.180
0.161
0.446
0.645
0.458
0.279
0.304
0.347
0.303
0.270
0.211
0.190
0.308
0.244
0.216
0.165
0.260
0.246
0.234
0.182
0.153
0.092
0.103
0.083
0.095
0.221
0.292
0.214
0.232
0.250
0.241
0.208
0.262
0.314
0.266
0.220
0.234
0.236
0.184
0.167
0.169
0.221
0.147
0.229
0.226
0.193
0.222
0.264
0.329
0.282
0.220
0.283
0.359
0.315
0.282
0.248
0.225
0.189
0.174
0.141
0.136
0.199
0.267
0.230
0.233
0.197
0.225
0.271
0.325
0.362
0.353
0.340
0.236
0.364
0.431
0.434
0.418
0.395
0.367
0.356
0.355
0.309
0.336
0.343
0.325
0.380
0.552
0.798
0.615
0.524
0.459
0.441
0.435
0.390
0.386
0.362
0.361
0.403
0.409
0.402
0.368
0.333
0.343
0.343
0.336
0.310
0.299
0.286
0.241
0.308
0.427
0.530
0.605
0.676
0.681
0.688
0.670
0.592
0.603
0.448
0.471
0.776
0.799
0.822
0.805
0.816
0.757
0.726
0.590
0.575
0.554
0.511
0.610
0.628
0.702
0.755
0.832
0.800
0.860
0.858
0.790
0.739
0.817
0.877
0.944
0.866
0.903
0.932
0.923
0.859
0.910
0.876
0.875
0.887
0.918
0.929
0.913
0.930
0.913
0.904
0.882
0.875
0.868
0.907
0.909
0.955
0.955
0.932
0.938
0.893
0.878
0.905
0.890
0.873
0.853
0.868
0.794
0.899
0.906
0.851
0.847
0.781
0.743
0.873
0.916
0.837
0.796
0.756
0.776
0.772
0.750
0.826
0.729
0.737
0.697
0.711
0.802
0.803
0.775
0.810
0.836
0.851
0.788
0.785
0.817
0.782
0.724
0.635
0.465
0.509
0.630
0.590
0.519
0.573
0.588
0.559
0.548
0.564
0.519
0.461
0.582
0.408
0.474
0.370
0.366
0.347
0.424
0.472
0.474
0.476
0.392
0.311
0.345
0.352
0.390
0.348
0.328
0.326
0.309
0.288
0.300
0.369
0.328
0.348
0.385
0.422
0.381
0.352
0.265
0.292
0.352
0.369
0.363
0.352
0.338
0.374
0.368
0.362
0.380
0.363
0.378
0.469
0.322
0.275
0.332
0.306
0.270
0.279
0.378
0.331
0.466
0.447
0.408
0.616
0.597
0.528
0.401
0.372
0.298
0.285
0.277
0.321
0.369
0.344
0.331
0.274
0.321
0.335
0.351
0.340
0.338
0.343
0.441
0.491
0.504
0.412
0.352
0.406
0.385
0.436
0.467
0.521
0.511
0.403
0.337
0.386
0.328
0.394
0.368
0.329
0.340
0.280
0.264
0.283
0.277
0.287
0.202
0.247
0.210
0.280
0.341
0.276
0.233
0.177
0.220
0.220
0.218
0.215
0.269
0.475
0.363
0.215
0.246
0.256
0.244
0.207
0.437
0.468
0.265
0.247
0.443
0.519
0.452
0.465
0.297
0.474
0.297
0.299
0.336
0.293
0.221
0.231
0.250
0.289
0.299
0.287
0.312
0.331
0.350
0.436
0.318
0.232
0.206
0.172
0.168
0.157
0.154
0.290
0.355
0.259
0.348
0.429
0.300
0.195
0.165
0.161
0.190
0.228
0.338
0.310
0.274
0.171
0.162
0.137
0.137
0.117
0.130
0.116
0.132
0.157
0.213
0.138
0.080
0.101
0.107
0.149
0.162
0.190
0.183
0.151
0.129
0.189
0.225
0.266
0.229
0.163
0.126
0.111
0.198
0.153
0.136
0.201
0.269
0.294
0.221
0.145
0.152
0.153
0.165
0.156
0.159
0.150
0.172
0.199
0.255
0.315
0.293
0.275
0.307
0.305
0.277
0.258
0.332
0.319
0.350
0.370
0.335
0.309
0.322
0.346
0.434
0.371
0.317
0.280
0.312
0.333
0.312
0.270
0.356
0.322
0.271
0.210
0.256
0.582
0.556
0.550
0.511
0.392
0.338
0.342
0.356
0.385
0.370
0.375
0.425
0.518
0.555
0.497
0.559
0.511
0.599
0.614
0.457
0.366
0.599
0.779
0.711
0.747
0.640
0.705
0.669
0.676
0.842
0.909
0.905
0.820
0.831
0.800
0.799
0.889
0.901
0.876
0.809
0.862
0.828
0.780
0.797
0.857
0.739
0.707
0.715
0.642
0.631
0.688
0.720
0.820
0.730
0.699
0.752
0.786
0.848
0.808
0.847
0.860
0.898
0.919
0.907
0.862
0.890
0.857
0.933
0.903
0.886
0.909
0.932
0.932
0.895
0.908
0.912
0.875
0.826
0.795
0.905
0.883
0.909
0.822
0.755
0.755
0.811
0.849
0.869
0.890
0.905
0.867
0.894
0.906
0.883
0.875
0.935
0.889
0.825
0.788
0.784
0.812
0.767
0.784
0.740
0.712
0.696
0.658
0.675
0.714
0.730
0.817
0.801
0.825
0.749
0.724
0.710
0.814
0.698
0.619
0.454
0.517
0.571
0.535
0.454
0.464
0.431
0.373
0.590
0.531
0.578
0.555
0.415
0.421
0.392
0.359
0.264
0.221
0.257
0.317
0.295
0.299
0.332
0.291
0.317
0.312
0.281
0.289
0.295
0.285
0.255
0.300
0.354
0.229
0.224
0.372
0.381
0.206
0.428
0.376
0.400
0.370
0.397
0.332
0.363
0.335
0.302
0.291
0.214
0.274
0.235
0.225
0.198
0.210
0.205
0.229
0.248
0.277
0.368
0.466
0.425
0.385
0.317
0.355
0.250
0.329
0.343
0.320
0.337
0.293
0.296
0.288
0.307
0.363
0.310
0.317
0.261
0.298
0.252
0.296
0.420
0.367
0.333
0.305
0.243
0.349
0.343
0.241
0.225
0.345
0.298
0.310
0.329
0.227
0.250
0.203
0.244
0.291
0.310
0.331
0.490
0.451
0.448
0.379
0.298
0.290
0.227
0.237
0.260
0.280
0.356
0.352
0.208
0.230
0.247
0.250
0.212
0.187
0.233
0.320
0.286
0.270
0.334
0.281
0.303
0.252
0.493
0.377
0.308
0.396
0.316
0.282
0.243
0.262
0.190
0.140
0.157
0.187
0.183
0.159
0.132
0.137
0.148
0.145
0.150
0.200
0.424
0.231
0.153
0.130
0.074
0.106
0.085
0.106
0.122
0.236
0.223
0.216
0.232
0.170
0.130
0.117
0.130
0.186
0.196
0.287
0.271
0.181
0.153
0.125
0.176
0.214
0.255
0.084
0.079
0.095
0.167
0.295
0.256
0.153
0.192
0.177
0.267
0.229
0.368
0.370
0.345
0.521
0.512
0.287
0.237
0.223
0.229
0.163
0.189
0.237
0.218
0.206
0.196
0.201
0.208
0.085
0.142
0.143
0.191
0.158
0.142
0.134
0.139
0.124
0.130
0.140
0.178
0.187
0.176
0.250
0.306
0.312
0.301
0.379
0.374
0.332
0.392
0.341
0.311
0.335
0.334
0.320
0.302
0.323
0.342
0.347
0.341
0.349
0.334
0.347
0.318
0.279
0.226
0.248
0.273
0.294
0.326
0.338
0.347
0.358
0.351
0.356
0.360
0.406
0.600
0.553
0.515
0.542
0.615
0.570
0.772
0.679
0.792
0.620
0.534
0.586
0.478
0.493
0.598
0.549
0.468
0.431
0.422
0.486
0.575
0.676
0.543
0.636
0.757
0.799
0.732
0.757
0.681
0.631
0.538
0.606
0.629
0.833
0.816
0.891
0.744
0.771
0.762
0.676
0.605
0.575
0.551
0.539
0.540
0.551
0.541
0.580
0.603
0.601
0.749
0.829
0.924
0.717
0.775
0.818
0.840
0.945
0.875
0.789
0.837
0.825
0.845
0.897
0.853
0.830
0.858
0.946
0.888
0.935
0.862
0.869
0.818
0.866
0.804
0.763
0.717
0.763
0.800
0.714
0.831
0.833
0.845
0.730
0.694
0.680
0.638
0.605
0.534
0.547
0.649
0.684
0.774
0.746
0.626
0.550
0.592
0.727
0.786
0.783
0.837
0.841
0.877
0.887
0.907
0.773
0.756
0.746
0.788
0.738
0.675
0.648
0.701
0.741
0.717
0.690
0.716
0.680
0.694
0.621
0.562
0.631
0.649
0.666
0.648
0.637
0.576
0.410
0.350
0.326
0.307
0.314
0.310
0.356
0.347
0.337
0.324
0.326
0.273
0.315
0.303
0.267
0.269
0.275
0.370
0.453
0.461
0.387
0.284
0.324
0.323
0.298
0.227
0.301
0.286
0.260
0.288
0.272
0.304
0.299
0.235
0.283
0.227
0.296
0.296
0.458
0.690
0.504
0.191
0.271
0.295
0.335
0.376
0.278
0.254
0.262
0.286
0.292
0.465
0.311
0.281
0.279
0.296
0.324
0.337
0.323
0.340
0.331
0.347
0.315
0.352
0.407
0.380
0.340
0.497
0.309
0.249
0.250
0.374
0.497
0.392
0.245
0.221
0.231
0.337
0.461
0.306
0.261
0.292
0.334
0.352
0.261
0.378
0.623
0.380
0.394
0.449
0.676
0.639
0.585
0.551
0.462
0.507
0.463
0.382
0.356
0.428
0.457
0.437
0.319
0.272
0.271
0.297
0.356
0.389
0.311
0.243
0.182
0.199
0.331
0.306
0.219
0.241
0.358
0.450
0.377
0.291
0.278
0.282
0.273
0.258
0.338
0.311
0.489
0.320
0.238
0.201
0.215
0.225
0.195
0.179
0.149
0.180
0.281
0.369
0.257
0.274
0.217
0.222
0.175
0.155
0.283
0.255
0.224
0.319
0.267
0.156
0.124
0.123
0.130
0.088
0.121
0.123
0.116
0.152
0.171
0.239
0.306
0.280
0.297
0.200
0.163
0.197
0.175
0.282
0.366
0.254
0.233
0.216
0.212
0.184
0.190
0.135
0.195
0.305
0.260
0.312
0.200
0.150
0.118
0.096
0.097
0.150
0.221
0.173
0.128
0.083
0.064
0.139
0.204
0.198
0.124
0.127
0.115
0.070
0.068
0.083
0.091
0.121
0.163
0.160
0.218
0.296
0.235
0.271
0.165
0.160
0.184
0.239
0.311
0.344
0.327
0.317
0.324
0.330
0.320
0.286
0.291
0.305
0.253
0.196
0.270
0.257
0.318
0.296
0.298
0.299
0.309
0.336
0.336
0.348
0.381
0.387
0.398
0.374
0.336
0.324
0.338
0.375
0.367
0.352
0.378
0.345
0.343
0.363
0.367
0.383
0.354
0.317
0.254
0.312
0.444
0.465
0.556
0.532
0.521
0.524
0.696
0.591
0.548
0.574
0.749
0.631
0.613
0.527
0.445
0.437
0.412
0.606
0.907
0.795
0.745
0.815
0.872
0.802
0.769
0.836
0.908
0.853
0.790
0.911
0.850
0.876
0.906
0.925
0.931
0.893
0.889
0.890
0.799
0.845
0.853
0.844
0.735
0.693
0.699
0.711
0.761
0.670
0.725
0.699
0.715
0.743
0.740
0.749
0.763
0.777
0.675
0.638
0.609
0.595
0.622
0.557
0.554
0.575
0.567
0.711
0.734
0.900
0.934
0.951
0.893
0.888
0.849
0.801
0.790
0.802
0.787
0.767
0.681
0.633
0.714
0.684
0.710
0.615
0.603
0.617
0.662
0.621
0.537
0.503
0.524
0.574
0.531
0.497
0.533
0.565
0.585
0.533
0.453
0.359
0.372
0.387
0.405
0.475
0.657
0.678
0.606
0.551
0.591
0.582
0.609
0.552
0.450
0.441
0.393
0.417
0.410
0.325
0.422
0.364
0.338
0.317
0.281
0.160
0.143
0.217
0.312
0.243
0.331
0.263
0.263
0.231
0.212
0.247
0.252
0.260
0.299
0.301
0.338
0.359
0.374
0.342
0.539
0.605
0.648
0.622
0.524
0.526
0.447
0.317
0.491
0.549
0.478
0.421
0.397
0.462
0.251
0.278
0.340
0.400
0.446
0.377
0.362
0.354
0.404
0.417
0.326
0.272
0.248
0.295
0.321
0.251
0.255
0.320
0.373
0.366
0.337
0.362
0.482
0.425
0.436
0.469
0.501
0.446
0.439
0.376
0.249
0.275
0.302
0.294
0.434
0.537
0.426
0.299
0.333
0.460
0.483
0.331
0.271
0.327
0.334
0.265
0.233
0.332
0.423
0.358
0.363
0.387
0.301
0.354
0.335
0.314
0.214
0.289
0.332
0.336
0.292
0.256
0.266
0.266
0.289
0.330
0.342
0.271
0.220
0.189
0.297
0.353
0.387
0.279
0.260
0.319
0.379
0.260
0.298
0.443
0.272
0.259
0.249
0.147
0.160
0.145
0.143
0.189
0.186
0.258
0.370
0.348
0.327
0.189
0.224
0.150
0.174
0.284
0.278
0.390
0.437
0.381
0.358
0.258
0.169
0.135
0.125
0.092
0.098
0.152
0.216
0.230
0.177
0.147
0.132
0.106
0.113
0.133
0.256
0.250
0.321
0.275
0.249
0.191
0.187
0.315
0.345
0.375
0.399
0.281
0.221
0.132
0.122
0.084
0.084
0.121
0.178
0.243
0.241
0.261
0.243
0.155
0.155
0.174
0.248
0.263
0.298
0.294
0.302
0.218
0.179
0.262
0.275
0.267
0.206
0.230
0.201
0.187
0.234
0.244
0.284
0.235
0.291
0.260
0.232
0.240
0.214
0.245
0.242
0.231
0.270
0.276
0.293
0.251
0.192
0.194
0.193
0.211
0.257
0.239
0.252
0.303
0.394
0.412
0.399
0.382
0.367
0.292
0.323
0.440
0.512
0.440
0.444
0.441
0.582
0.546
0.449
0.360
0.294
0.254
0.222
0.283
0.481
0.552
0.450
0.367
0.259
0.382
0.381
0.374
0.436
0.475
0.478
0.425
0.384
0.420
0.444
0.424
0.412
0.454
0.512
0.692
0.832
0.808
0.783
0.762
0.724
0.760
0.765
0.747
0.771
0.739
0.715
0.710
0.730
0.671
0.712
0.682
0.686
0.760
0.838
0.920
0.942
0.866
0.913
0.832
0.819
0.773
0.796
0.918
0.894
0.852
0.902
0.914
0.857
0.849
0.919
0.899
0.901
0.891
0.875
0.838
0.829
0.832
0.823
0.797
0.850
0.892
0.818
0.814
0.825
0.804
0.820
0.800
0.822
0.833
0.769
0.821
0.857
0.891
0.906
0.870
0.864
0.896
0.885
0.889
0.903
0.844
0.904
0.914
0.901
0.934
0.927
0.905
0.894
0.846
0.808
0.753
0.723
0.707
0.724
0.761
0.776
0.706
0.596
0.532
0.558
0.502
0.506
0.510
0.494
0.488
0.506
0.473
0.477
0.418
0.424
0.403
0.351
0.525
0.646
0.757
0.664
0.565
0.487
0.350
0.360
0.579
0.552
0.637
0.626
0.622
0.554
0.482
0.451
0.356
0.311
0.405
0.409
0.338
0.313
0.328
0.348
0.346
0.366
0.340
0.312
0.301
0.351
0.457
0.562
0.611
0.635
0.704
0.646
0.623
0.713
0.737
0.693
0.554
0.451
0.646
0.769
0.774
0.869
0.770
0.695
0.637
0.643
0.577
0.591
0.516
0.444
0.409
0.417
0.472
0.467
0.405
0.379
0.439
0.431
0.315
0.352
0.449
0.467
0.363
0.357
0.349
0.322
0.285
0.329
0.305
0.407
0.574
0.578
0.378
0.373
0.391
0.458
0.587
0.513
0.337
0.305
0.378
0.357
0.432
0.386
0.327
0.394
0.325
0.319
0.299
0.339
0.391
0.532
0.612
0.520
0.210
0.217
0.395
0.317
0.363
0.298
0.329
0.352
0.340
0.338
0.285
0.320
0.360
0.389
0.504
0.373
0.393
0.329
0.337
0.273
0.340
0.403
0.602
0.533
0.331
0.289
0.271
0.284
0.303
0.422
0.633
0.436
0.383
0.338
0.300
0.294
0.332
0.312
0.275
0.261
0.299
0.269
0.276
0.310
0.254
0.265
0.331
0.318
0.290
0.242
0.206
0.232
0.220
0.129
0.140
0.170
0.137
0.143
0.178
0.184
0.152
0.157
0.209
0.328
0.274
0.232
0.293
0.273
0.197
0.119
0.134
0.158
0.322
0.281
0.313
0.293
0.259
0.166
0.125
0.125
0.106
0.129
0.150
0.189
0.187
0.231
0.221
0.244
0.238
0.196
0.237
0.296
0.215
0.093
0.089
0.106
0.081
0.085
0.085
0.140
0.184
0.174
0.206
0.274
0.306
0.260
0.301
0.342
0.404
0.404
0.345
0.343
0.318
0.267
0.316
0.337
0.366
0.358
0.355
0.334
0.329
0.314
0.313
0.341
0.378
0.427
0.427
0.429
0.393
0.363
0.363
0.352
0.345
0.335
0.332
0.393
0.395
0.372
0.359
0.345
0.267
0.265
0.337
0.436
0.479
0.424
0.454
0.500
0.506
0.494
0.529
0.486
0.518
0.581
0.550
0.530
0.494
0.478
0.509
0.567
0.468
0.491
0.580
0.940
0.762
0.725
0.679
0.682
0.690
0.721
0.670
0.910
0.871
0.890
0.921
0.927
0.886
0.843
0.856
0.910
0.880
0.881
0.842
0.911
0.893
0.838
0.844
0.820
0.917
0.915
0.901
0.853
0.863
0.867
0.899
0.879
0.920
0.901
0.846
0.924
0.884
0.880
0.846
0.891
0.944
0.958
0.918
0.929
0.935
0.919
0.933
0.947
0.939
0.895
0.872
0.864
0.874
0.885
0.885
0.870
0.889
0.918
0.885
0.887
0.890
0.914
0.892
0.895
0.941
0.893
0.888
0.938
0.946
0.919
0.922
0.903
0.917
0.886
0.942
0.925
0.906
0.834
0.862
0.859
0.905
0.911
0.873
0.833
0.820
0.823
0.813
0.799
0.814
0.807
0.790
0.767
0.749
0.713
0.646
0.655
0.705
0.690
0.684
0.579
0.530
0.509
0.488
0.419
0.435
0.452
0.445
0.361
0.402
0.443
0.563
0.421
0.309
0.398
0.398
0.330
0.313
0.320
0.320
0.314
0.344
0.346
0.340
0.323
0.306
0.320
0.318
0.310
0.329
0.374
0.355
0.385
0.385
0.384
0.357
0.358
0.365
0.370
0.338
0.333
0.339
0.336
0.318
0.328
0.299
0.282
0.313
0.356
0.425
0.426
0.425
0.386
0.343
0.316
0.258
0.257
0.230
0.290
0.400
0.445
0.432
0.347
0.318
0.397
0.284
0.170
0.209
0.258
0.383
0.361
0.338
0.351
0.327
0.311
0.280
0.273
0.364
0.371
0.352
0.340
0.337
0.334
0.285
0.291
0.374
0.408
0.398
0.485
0.562
0.411
0.511
0.642
0.437
0.228
0.380
0.392
0.377
0.308
0.335
0.203
0.356
0.617
0.516
0.320
0.335
0.343
0.272
0.252
0.303
0.345
0.331
0.342
0.361
0.348
0.376
0.314
0.278
0.181
0.260
0.212
0.432
0.439
0.275
0.342
0.119
0.135
0.146
0.191
0.209
0.487
0.350
0.215
0.297
0.330
0.278
0.218
0.215
0.311
0.416
0.329
0.179
0.166
0.233
0.173
0.165
0.194
0.354
0.445
0.389
0.374
0.309
0.352
0.325
0.212
0.086
0.132
0.102
0.171
0.296
0.151
0.138
0.170
0.208
0.250
0.265
0.269
0.075
0.080
0.064
0.063
0.086
0.145
0.204
0.223
0.177
0.158
0.213
0.194
0.159
0.187
0.220
0.220
0.245
0.258
0.208
0.190
0.272
0.280
0.265
0.319
0.357
0.317
0.249
0.274
0.317
0.262
0.452
0.413
0.289
0.251
0.317
0.249
0.249
0.213
0.236
0.232
0.211
0.264
0.284
0.289
0.333
0.402
0.369
0.386
0.381
0.281
0.290
0.309
0.366
0.382
0.343
0.306
0.281
0.305
0.317
0.320
0.313
0.314
0.345
0.317
0.323
0.302
0.329
0.349
0.321
0.331
0.367
0.373
0.365
0.369
0.384
0.371
0.353
0.359
0.372
0.371
0.404
0.421
0.509
0.480
0.416
0.566
0.495
0.529
0.467
0.433
0.437
0.457
0.428
0.452
0.465
0.458
0.476
0.457
0.494
0.477
0.450
0.445
0.478
0.567
0.536
0.683
0.840
0.804
0.751
0.750
0.725
0.832
0.827
0.810
0.869
0.837
0.837
0.765
0.830
0.869
0.887
0.853
0.743
0.685
0.773
0.819
0.797
0.818
0.783
0.766
0.814
0.863
0.839
0.818
0.859
0.866
0.790
0.826
0.818
0.844
0.906
0.878
0.816
0.900
0.869
0.890
0.938
0.917
0.932
0.931
0.928
0.862
0.900
0.932
0.888
0.891
0.912
0.947
0.904
0.871
0.889
0.884
0.839
0.858
0.903
0.887
0.888
0.874
0.868
0.909
0.957
0.945
0.908
0.918
0.915
0.939
0.916
0.944
0.867
0.854
0.852
0.870
0.835
0.846
0.877
0.893
0.882
0.872
0.839
0.772
0.665
0.624
0.563
0.538
0.452
0.464
0.452
0.718
0.721
0.681
0.585
0.508
0.437
0.323
0.385
0.413
0.505
0.546
0.539
0.445
0.418
0.433
0.388
0.399
0.370
0.376
0.397
0.358
0.321
0.312
0.266
0.280
0.241
0.276
0.285
0.293
0.268
0.277
0.280
0.306
0.267
0.291
0.304
0.352
0.299
0.287
0.318
0.262
0.327
0.283
0.228
0.242
0.264
0.279
0.310
0.314
0.322
0.306
0.298
0.350
0.355
0.358
0.333
0.413
0.401
0.278
0.337
0.348
0.288
0.260
0.241
0.249
0.287
0.274
0.382
0.481
0.366
0.443
0.645
0.556
0.492
0.393
0.387
0.351
0.266
0.194
0.227
0.228
0.210
0.244
0.269
0.355
0.448
0.609
0.386
0.411
0.344
0.382
0.388
0.336
0.361
0.285
0.228
0.176
0.172
0.252
0.340
0.407
0.525
0.438
0.363
0.500
0.534
0.523
0.316
0.255
0.181
0.239
0.239
0.205
0.214
0.195
0.186
0.215
0.188
0.240
0.295
0.276
0.333
0.331
0.494
0.527
0.334
0.252
0.199
0.201
0.233
0.319
0.328
0.400
0.311
0.382
0.414
0.500
0.334
0.286
0.261
0.254
0.303
0.328
0.342
0.273
0.225
0.327
0.214
0.131
0.203
0.157
0.092
0.106
0.112
0.147
0.165
0.233
0.261
0.246
0.132
0.223
0.269
0.208
0.211
0.305
0.171
0.135
0.206
0.239
0.235
0.274
0.308
0.156
0.170
0.301
0.342
0.402
0.273
0.188
0.164
0.228
0.319
0.271
0.157
0.125
0.175
0.260
0.345
0.214
0.282
0.236
0.189
0.206
0.204
0.270
0.356
0.380
0.342
0.334
0.309
0.359
0.357
0.325
0.282
0.229
0.239
0.214
0.288
0.283
0.155
0.127
0.214
0.327
0.278
0.310
0.302
0.216
0.242
0.295
0.281
0.301
0.318
0.266
0.233
0.276
0.318
0.308
0.282
0.250
0.245
0.256
0.327
0.380
0.380
0.388
0.396
0.380
0.367
0.356
0.369
0.376
0.326
0.363
0.409
0.435
0.411
0.474
0.585
0.624
0.733
0.660
0.684
0.654
0.599
0.563
0.603
0.748
0.909
0.785
0.708
0.653
0.663
0.623
0.595
0.572
0.624
0.631
0.642
0.647
0.618
0.649
0.612
0.597
0.670
0.825
0.819
0.855
0.888
0.897
0.863
0.874
0.865
0.891
0.906
0.920
0.886
0.899
0.946
0.900
0.865
0.868
0.956
0.842
0.834
0.926
0.902
0.928
0.948
0.929
0.880
0.883
0.931
0.872
0.902
0.889
0.854
0.894
0.936
0.926
0.930
0.945
0.905
0.910
0.927
0.919
0.919
0.895
0.902
0.882
0.831
0.821
0.923
0.921
0.890
0.925
0.944
0.903
0.842
0.885
0.870
0.850
0.844
0.845
0.837
0.815
0.807
0.812
0.810
0.830
0.819
0.735
0.639
0.607
0.662
0.599
0.644
0.634
0.685
0.647
0.580
0.525
0.515
0.740
0.905
0.913
0.912
0.913
0.941
0.888
0.914
0.930
0.900
0.905
0.870
0.862
0.780
0.809
0.839
0.862
0.837
0.806
0.848
0.819
0.779
0.708
0.679
0.660
0.626
0.554
0.487
0.480
0.453
0.466
0.423
0.414
0.462
0.563
0.510
0.440
0.488
0.564
0.572
0.524
0.513
0.486
0.543
0.526
0.478
0.507
0.564
0.512
0.481
0.450
0.446
0.395
0.460
0.471
0.378
0.315
0.327
0.344
0.328
0.326
0.341
0.328
0.352
0.368
0.374
0.326
0.296
0.277
0.314
0.363
0.369
0.306
0.309
0.343
0.419
0.382
0.405
0.375
0.426
0.374
0.386
0.375
0.397
0.430
0.510
0.530
0.516
0.569
0.474
0.283
0.360
0.322
0.370
0.474
0.508
0.459
0.342
0.381
0.508
0.494
0.302
0.507
0.548
0.671
0.489
0.262
0.378
0.342
0.431
0.406
0.467
0.438
0.386
0.379
0.439
0.371
0.524
0.479
0.466
0.383
0.536
0.846
0.689
0.515
0.606
0.581
0.520
0.407
0.337
0.323
0.275
0.291
0.310
0.345
0.381
0.377
0.434
0.368
0.454
0.463
0.294
0.295
0.465
0.272
0.420
0.447
0.342
0.282
0.255
0.311
0.299
0.290
0.415
0.330
0.347
0.367
0.418
0.319
0.230
0.235
0.262
0.238
0.237
0.232
0.283
0.268
0.230
0.241
0.351
0.266
0.287
0.170
0.119
0.183
0.168
0.178
0.263
0.354
0.147
0.105
0.245
0.410
0.364
0.279
0.294
0.274
0.253
0.253
0.288
0.322
0.253
0.250
0.308
0.321
0.190
0.178
0.230
0.284
0.156
0.094
0.119
0.150
0.193
0.238
0.279
0.229
0.247
0.245
0.280
0.338
0.258
0.228
0.161
0.173
0.188
0.229
0.256
0.192
0.147
0.175
0.171
0.183
0.233
0.281
0.283
0.312
0.219
0.159
0.145
0.161
0.299
0.339
0.370
0.357
0.362
0.360
0.413
0.407
0.293
0.218
0.183
0.187
0.232
0.265
0.250
0.294
0.233
0.170
0.191
0.262
0.283
0.314
0.336
0.266
0.217
0.236
0.247
0.247
0.236
0.271
0.278
0.326
0.425
0.463
0.464
0.507
0.527
0.538
0.571
0.527
0.537
0.471
0.471
0.493
0.472
0.442
0.445
0.422
0.397
0.398
0.428
0.437
0.466
0.492
0.555
0.471
0.430
0.388
0.406
0.429
0.444
0.581
0.555
0.575
0.624
0.705
0.662
0.738
0.718
0.832
0.916
0.781
0.746
0.743
0.889
0.920
0.943
0.907
0.874
0.959
0.950
0.921
0.889
