20000101
0.252
0.289
0.314
0.335
0.367
0.288
0.295
0.355
0.338
0.438
0.366
0.357
0.444
0.293
0.132
0.188
0.180
0.292
0.278
0.176
0.538
0.582
0.571
0.445
0.389
0.364
0.274
0.241
0.278
0.212
0.207
0.536
0.482
0.548
0.473
0.475
0.410
0.321
0.286
0.302
0.427
0.441
0.270
0.171
0.208
0.204
0.147
0.168
0.139
0.159
0.226
0.197
0.216
0.221
0.213
0.132
0.101
0.215
0.243
0.321
0.211
0.257
0.222
0.296
0.248
0.089
0.133
0.112
0.085
0.094
0.349
0.306
0.353
0.139
0.204
0.313
0.325
0.232
0.053
0.046
0.161
0.222
0.146
0.128
0.110
0.105
0.097
0.058
0.095
0.082
0.155
0.120
0.080
0.082
0.103
0.119
0.079
0.075
0.106
0.105
0.118
0.184
0.145
0.155
0.220
0.280
0.269
0.154
0.188
0.140
0.138
0.165
0.236
0.294
0.287
0.322
0.316
0.322
0.244
0.260
0.224
0.157
0.240
0.189
0.208
0.183
0.228
0.241
0.288
0.365
0.286
0.350
0.405
0.500
0.422
0.400
0.461
0.521
0.588
0.512
0.520
0.478
0.396
0.425
0.401
0.364
0.367
0.344
0.317
0.392
0.463
0.486
0.408
0.346
0.307
0.331
0.438
0.251
0.287
0.415
0.414
0.319
0.337
0.359
0.421
0.400
0.422
0.387
0.359
0.326
0.301
0.299
0.358
0.408
0.443
0.422
0.418
0.431
0.415
0.441
0.384
0.405
0.606
0.760
0.634
0.664
0.576
0.550
0.560
0.683
0.695
0.699
0.728
0.721
0.736
0.880
0.909
0.852
0.824
0.736
0.732
0.702
0.821
0.713
0.662
0.593
0.584
0.544
0.525
0.515
0.608
0.652
0.617
0.542
0.506
0.602
0.535
0.506
0.493
0.449
0.434
0.499
0.520
0.647
0.736
0.862
0.867
0.872
0.838
0.861
0.800
0.857
0.916
0.884
0.880
0.745
0.732
0.641
0.704
0.809
0.820
0.761
0.713
0.819
0.801
0.744
0.688
0.748
0.913
0.700
0.653
0.701
0.637
0.609
0.606
0.601
0.583
0.523
0.451
0.490
0.491
0.481
0.532
0.478
0.399
0.367
0.457
0.453
0.538
0.414
0.344
0.307
0.229
0.312
0.330
0.231
0.197
0.262
0.250
0.305
0.305
0.383
0.328
0.383
0.371
0.360
0.309
0.278
0.318
0.159
0.164
0.216
0.227
0.240
0.154
0.227
0.350
0.429
0.368
0.300
0.250
0.202
0.218
0.166
0.130
0.181
0.141
0.186
0.252
0.215
0.206
0.363
0.331
0.266
0.272
0.249
0.235
0.230
0.269
0.250
0.295
0.420
0.305
0.153
0.187
0.259
0.345
0.333
0.234
0.262
0.277
0.281
0.255
0.236
0.194
0.157
0.128
0.104
0.128
0.155
0.187
0.227
0.275
0.214
0.211
0.283
0.254
0.295
0.282
0.310
0.355
0.281
0.312
0.413
0.354
0.320
0.257
0.252
0.251
0.253
0.180
0.220
0.227
0.244
0.408
0.557
0.408
0.479
0.346
0.396
0.337
0.272
0.219
0.274
0.316
0.263
0.243
0.237
0.196
0.224
0.231
0.218
0.298
0.372
0.243
0.207
0.254
0.444
0.190
0.141
0.225
0.176
0.184
0.187
0.232
0.214
0.201
0.166
0.125
0.157
0.110
0.120
0.205
0.186
0.138
0.126
0.181
0.156
0.114
0.118
0.196
0.284
0.311
0.269
0.230
0.254
0.185
0.276
0.108
0.204
0.236
0.381
0.302
0.261
0.226
0.126
0.091
0.099
0.114
0.123
0.083
0.122
0.111
0.086
0.092
0.149
0.480
0.451
0.296
0.210
0.165
0.138
0.156
0.139
0.268
0.296
0.266
0.243
0.264
0.189
0.201
0.281
0.298
0.310
0.180
0.173
0.117
0.103
0.093
0.197
0.156
0.136
0.065
0.067
0.114
0.177
0.270
0.203
0.223
0.187
0.214
0.246
0.303
0.383
0.282
0.228
0.161
0.107
0.101
0.125
0.133
0.138
0.127
0.175
0.241
0.282
0.190
0.218
0.159
0.261
0.234
0.254
0.230
0.253
0.293
0.294
0.299
0.298
0.264
0.287
0.327
0.376
0.369
0.419
0.433
0.384
0.386
0.332
0.245
0.215
0.418
0.455
0.430
0.419
0.529
0.657
0.606
0.556
0.575
0.646
0.558
0.533
0.531
0.461
0.462
0.469
0.534
0.629
0.649
0.613
0.734
0.744
0.776
0.776
0.713
0.660
0.553
0.486
0.461
0.474
0.455
0.442
0.463
0.468
0.454
0.492
0.480
0.561
0.686
0.793
0.946
0.872
0.739
0.680
0.753
0.804
0.781
0.878
0.869
0.840
0.765
0.839
0.853
0.869
0.836
0.749
0.868
0.901
0.841
0.879
0.799
0.828
0.805
0.759
0.777
0.783
0.774
0.757
0.705
0.607
0.573
0.589
0.765
0.761
0.825
0.834
0.818
0.821
0.833
0.832
0.881
0.824
0.839
0.931
0.950
0.852
0.729
0.716
0.755
0.797
0.826
0.818
0.810
0.716
0.667
0.660
0.688
0.741
0.669
0.658
0.632
0.573
0.584
0.616
0.634
0.711
0.739
0.635
0.584
0.632
0.676
0.613
0.587
0.539
0.533
0.460
0.532
0.484
0.512
0.521
0.351
0.391
0.381
0.411
0.369
0.215
0.381
0.192
0.212
0.330
0.498
0.601
0.654
0.565
0.414
0.398
0.335
0.447
0.625
0.810
0.884
0.705
0.557
0.272
0.336
0.268
0.203
0.213
0.236
0.197
0.205
0.210
0.184
0.168
0.193
0.227
0.165
0.206
0.276
0.288
0.272
0.238
0.248
0.281
0.352
0.360
0.200
0.237
0.199
0.183
0.188
0.204
0.192
0.202
0.180
0.185
0.208
0.187
0.186
0.207
0.269
0.216
0.264
0.263
0.237
0.225
0.222
0.201
0.216
0.192
0.279
0.289
0.329
0.349
0.313
0.314
0.291
0.265
0.267
0.400
0.504
0.365
0.255
0.289
0.256
0.286
0.322
0.303
0.271
0.299
0.236
0.214
0.239
0.281
0.307
0.371
0.230
0.209
0.229
0.276
0.259
0.223
0.202
0.197
0.206
0.215
0.304
0.382
0.256
0.249
0.294
0.294
0.312
0.238
0.522
0.572
0.459
0.293
0.559
0.378
0.291
0.269
0.292
0.331
0.261
0.450
0.411
0.200
0.193
0.183
0.193
0.235
0.201
0.184
0.179
0.191
0.195
0.127
0.133
0.134
0.103
0.249
0.376
0.179
0.206
0.308
0.280
0.222
0.226
0.228
0.199
0.160
0.206
0.227
0.317
0.270
0.204
0.222
0.161
0.206
0.229
0.221
0.213
0.155
0.117
0.143
0.172
0.320
0.414
0.245
0.144
0.204
0.325
0.488
0.455
0.286
0.271
0.195
0.132
0.167
0.203
0.168
0.189
0.233
0.326
0.342
0.118
0.062
0.058
0.057
0.108
0.208
0.134
0.112
0.142
0.200
0.165
0.299
0.358
0.236
0.151
0.140
0.141
0.189
0.186
0.317
0.211
0.224
0.189
0.156
0.155
0.182
0.164
0.242
0.177
0.194
0.085
0.060
0.103
0.083
0.087
0.105
0.093
0.069
0.072
0.080
0.088
0.232
0.235
0.284
0.296
0.333
0.367
0.385
0.334
0.325
0.276
0.279
0.283
0.310
0.400
0.383
0.351
0.337
0.280
0.264
0.311
0.327
0.369
0.389
0.357
0.272
0.269
0.315
0.303
0.318
0.320
0.343
0.352
0.336
0.294
0.283
0.293
0.323
0.382
0.370
0.478
0.499
0.540
0.503
0.462
0.543
0.602
0.549
0.476
0.374
0.400
0.475
0.691
0.775
0.925
0.871
0.676
0.578
0.554
0.577
0.493
0.500
0.514
0.505
0.475
0.533
0.465
0.436
0.502
0.501
0.687
0.738
0.689
0.728
0.754
0.790
0.675
0.758
0.803
0.774
0.785
0.776
0.653
0.534
0.519
0.458
0.454
0.449
0.462
0.439
0.507
0.828
0.892
0.838
0.863
0.890
0.776
0.793
0.882
0.905
0.911
0.885
0.761
0.763
0.745
0.721
0.672
0.671
0.645
0.756
0.830
0.829
0.900
0.829
0.749
0.649
0.793
0.842
0.831
0.819
0.863
0.871
0.736
0.663
0.568
0.571
0.572
0.549
0.592
0.428
0.513
0.569
0.575
0.537
0.576
0.623
0.644
0.507
0.424
0.427
0.379
0.435
0.529
0.495
0.490
0.449
0.334
0.268
0.249
0.197
0.236
0.254
0.213
0.239
0.217
0.248
0.239
0.289
0.305
0.288
0.304
0.264
0.242
0.295
0.355
0.265
0.354
0.420
0.360
0.293
0.245
0.177
0.226
0.172
0.197
0.289
0.333
0.287
0.248
0.157
0.118
0.156
0.317
0.311
0.262
0.377
0.269
0.246
0.267
0.293
0.314
0.351
0.327
0.247
0.228
0.242
0.211
0.209
0.206
0.217
0.273
0.314
0.283
0.244
0.156
0.146
0.147
0.133
0.182
0.218
0.239
0.249
0.168
0.213
0.245
0.243
0.249
0.230
0.252
0.242
0.246
0.255
0.258
0.282
0.254
0.343
0.327
0.457
0.468
0.401
0.356
0.319
0.329
0.348
0.333
0.353
0.369
0.295
0.427
0.577
0.439
0.503
0.419
0.407
0.342
0.381
0.237
0.293
0.290
0.276
0.248
0.231
0.180
0.191
0.211
0.152
0.224
0.170
0.232
0.219
0.189
0.166
0.172
0.230
0.225
0.310
0.277
0.443
0.430
0.290
0.584
0.505
0.451
0.521
0.360
0.283
0.345
0.216
0.238
0.221
0.303
0.236
0.150
0.147
0.206
0.227
0.184
0.271
0.701
0.456
0.355
0.219
0.225
0.223
0.223
0.230
0.267
0.266
0.245
0.259
0.300
0.215
0.056
0.084
0.081
0.085
0.085
0.080
0.130
0.113
0.107
0.108
0.100
0.111
0.141
0.229
0.222
0.181
0.162
0.131
0.138
0.126
0.157
0.137
0.121
0.124
0.154
0.221
0.275
0.174
0.179
0.161
0.262
0.377
0.426
0.279
0.160
0.134
0.164
0.159
0.176
0.167
0.186
0.302
0.311
0.306
0.245
0.256
0.248
0.283
0.221
0.100
0.077
0.111
0.197
0.227
0.202
0.136
0.091
0.089
0.114
0.170
0.243
0.137
0.259
0.265
0.241
0.221
0.097
0.109
0.098
0.124
0.195
0.175
0.086
0.157
0.168
0.271
0.343
0.331
0.326
0.376
0.376
0.334
0.289
0.315
0.330
0.309
0.357
0.232
0.195
0.235
0.308
0.287
0.268
0.346
0.380
0.400
0.382
0.361
0.329
0.354
0.351
0.363
0.377
0.414
0.535
0.681
0.805
0.792
0.673
0.584
0.510
0.506
0.494
0.583
0.577
0.549
0.648
0.638
0.580
0.572
0.592
0.685
0.729
0.873
0.800
0.770
0.766
0.820
0.777
0.812
0.760
0.747
0.727
0.747
0.887
0.804
0.771
0.758
0.786
0.772
0.787
0.803
0.896
0.908
0.829
0.849
0.920
0.915
0.862
0.805
0.816
0.830
0.860
0.876
0.873
0.798
0.772
0.814
0.844
0.842
0.851
0.816
0.782
0.756
0.733
0.730
0.662
0.702
0.735
0.735
0.722
0.693
0.722
0.844
0.933
0.921
0.894
0.868
0.847
0.950
0.907
0.904
0.843
0.845
0.784
0.775
0.814
0.819
0.700
0.698
0.775
0.745
0.693
0.689
0.731
0.733
0.636
0.724
0.773
0.774
0.686
0.750
0.734
0.702
0.670
0.692
0.666
0.575
0.536
0.561
0.566
0.574
0.491
0.492
0.387
0.346
0.384
0.397
0.448
0.431
0.457
0.416
0.396
0.274
0.225
0.280
0.324
0.351
0.356
0.279
0.212
0.288
0.293
0.296
0.266
0.258
0.211
0.259
0.306
0.315
0.327
0.296
0.217
0.262
0.457
0.410
0.397
0.341
0.328
0.381
0.277
0.149
0.145
0.257
0.356
0.345
0.404
0.385
0.442
0.409
0.265
0.250
0.302
0.192
0.171
0.237
0.359
0.363
0.261
0.254
0.241
0.334
0.294
0.233
0.226
0.217
0.212
0.239
0.218
0.253
0.340
0.399
0.276
0.413
0.412
0.325
0.281
0.295
0.273
0.350
0.356
0.440
0.423
0.407
0.293
0.370
0.317
0.237
0.260
0.378
0.410
0.376
0.326
0.271
0.289
0.357
0.376
0.384
0.554
0.569
0.341
0.318
0.320
0.370
0.322
0.374
0.358
0.217
0.247
0.464
0.484
0.326
0.287
0.406
0.493
0.435
0.330
0.298
0.341
0.316
0.355
0.391
0.394
0.447
0.319
0.254
0.286
0.156
0.159
0.205
0.254
0.263
0.346
0.287
0.347
0.312
0.308
0.290
0.230
0.259
0.275
0.311
0.411
0.272
0.216
0.205
0.175
0.228
0.155
0.162
0.208
0.174
0.157
0.133
0.072
0.079
0.068
0.063
0.076
0.088
0.060
0.140
0.149
0.090
0.104
0.100
0.111
0.113
0.108
0.089
0.083
0.097
0.088
0.179
0.203
0.261
0.224
0.159
0.241
0.172
0.087
0.126
0.113
0.113
0.151
0.235
0.233
0.210
0.165
0.203
0.244
0.337
0.339
0.297
0.299
0.209
0.273
0.251
0.253
0.323
0.259
0.328
0.354
0.350
0.247
0.273
0.214
0.134
0.117
0.125
0.184
0.266
0.307
0.327
0.123
0.097
0.075
0.056
0.075
0.125
0.235
0.290
0.337
0.498
0.520
0.530
0.575
0.483
0.370
0.337
0.293
0.244
0.277
0.343
0.361
0.381
0.393
0.384
0.370
0.359
0.297
0.242
0.241
0.216
0.233
0.251
0.244
0.239
0.298
0.318
0.319
0.358
0.381
0.409
0.380
0.408
0.382
0.473
0.449
0.560
0.555
0.633
0.736
0.556
0.498
0.455
0.456
0.470
0.536
0.586
0.637
0.625
0.665
0.678
0.732
0.626
0.595
0.530
0.562
0.624
0.690
0.690
0.682
0.699
0.644
0.686
0.565
0.497
0.484
0.493
0.436
0.482
0.582
0.635
0.607
0.527
0.492
0.511
0.431
0.431
0.434
0.546
0.562
0.647
0.640
0.641
0.756
0.808
0.713
0.681
0.671
0.768
0.885
0.922
0.855
0.865
0.936
0.896
0.848
0.943
0.825
0.911
0.873
0.848
0.838
0.851
0.812
0.800
0.845
0.810
0.782
0.739
0.735
0.730
0.686
0.668
0.673
0.691
0.729
0.715
0.677
0.643
0.529
0.473
0.444
0.561
0.609
0.558
0.666
0.645
0.650
0.702
0.795
0.740
0.740
0.813
0.704
0.564
0.590
0.482
0.564
0.570
0.631
0.584
0.451
0.495
0.760
0.632
0.823
0.813
0.835
0.789
0.691
0.612
0.559
0.703
0.760
0.597
0.320
0.356
0.374
0.293
0.309
0.338
0.341
0.349
0.326
0.352
0.312
0.251
0.244
0.284
0.223
0.246
0.196
0.211
0.237
0.274
0.265
0.312
0.328
0.208
0.162
0.197
0.203
0.224
0.228
0.282
0.465
0.524
0.333
0.334
0.264
0.222
0.228
0.226
0.229
0.245
0.274
0.284
0.294
0.303
0.337
0.343
0.296
0.289
0.303
0.411
0.491
0.461
0.360
0.386
0.372
0.346
0.366
0.385
0.318
0.234
0.215
0.208
0.290
0.386
0.332
0.278
0.290
0.316
0.409
0.543
0.473
0.548
0.350
0.325
0.344
0.356
0.391
0.422
0.404
0.390
0.428
0.414
0.524
0.316
0.348
0.358
0.358
0.320
0.359
0.323
0.388
0.369
0.321
0.324
0.325
0.324
0.338
0.295
0.374
0.369
0.276
0.267
0.413
0.333
0.194
0.230
0.444
0.416
0.308
0.323
0.408
0.444
0.302
0.267
0.315
0.377
0.512
0.480
0.551
0.505
0.333
0.236
0.331
0.398
0.383
0.347
0.401
0.375
0.346
0.259
0.174
0.224
0.187
0.194
0.207
0.125
0.170
0.225
0.208
0.210
0.231
0.212
0.237
0.210
0.226
0.225
0.294
0.283
0.292
0.315
0.303
0.262
0.266
0.175
0.130
0.160
0.174
0.151
0.220
0.227
0.274
0.354
0.232
0.191
0.124
0.194
0.326
0.246
0.153
0.080
0.082
0.076
0.072
0.068
0.068
0.070
0.091
0.143
0.222
0.188
0.048
0.059
0.063
0.058
0.066
0.159
0.168
0.104
0.072
0.101
0.087
0.123
0.201
0.211
0.235
0.272
0.248
0.236
0.272
0.327
0.368
0.301
0.280
0.251
0.251
0.309
0.267
0.307
0.292
0.228
0.224
0.169
0.169
0.209
0.198
0.227
0.243
0.248
0.327
0.281
0.210
0.210
0.227
0.293
0.265
0.180
0.197
0.291
0.238
0.254
0.227
0.170
0.136
0.201
0.264
0.306
0.278
0.250
0.313
0.355
0.288
0.259
0.273
0.323
0.418
0.454
0.294
0.310
0.271
0.281
0.385
0.408
0.507
0.505
0.525
0.566
0.624
0.678
0.644
0.696
0.712
0.698
0.783
0.830
0.826
0.808
0.704
0.672
0.704
0.650
0.626
0.753
0.632
0.839
0.726
0.725
0.717
0.794
0.727
0.677
0.597
0.548
0.541
0.546
0.514
0.602
0.561
0.630
0.802
0.875
0.878
0.872
0.764
0.768
0.829
0.865
0.874
0.835
0.890
0.866
0.827
0.811
0.792
0.788
0.765
0.741
0.764
0.747
0.798
0.789
0.763
0.764
0.788
0.786
0.743
0.700
0.726
0.741
0.757
0.727
0.696
0.654
0.659
0.630
0.569
0.457
0.420
0.341
0.430
0.591
0.597
0.640
0.687
0.730
0.695
0.839
0.778
0.871
0.915
0.893
0.905
0.929
0.848
0.809
0.670
0.687
0.838
0.939
0.849
0.828
0.799
0.785
0.712
0.721
0.767
0.633
0.678
0.615
0.538
0.505
0.497
0.523
0.482
0.382
0.397
0.368
0.388
0.351
0.314
0.433
0.323
0.365
0.458
0.343
0.288
0.401
0.395
0.331
0.364
0.357
0.289
0.308
0.242
0.240
0.345
0.376
0.400
0.353
0.382
0.330
0.334
0.351
0.334
0.254
0.286
0.332
0.315
0.230
0.237
0.269
0.253
0.266
0.265
0.290
0.237
0.266
0.254
0.307
0.285
0.318
0.419
0.450
0.355
0.219
0.285
0.297
0.382
0.387
0.341
0.327
0.279
0.234
0.255
0.244
0.224
0.197
0.224
0.271
0.266
0.285
0.232
0.238
0.274
0.310
0.314
0.318
0.337
0.313
0.236
0.262
0.310
0.384
0.403
0.447
0.367
0.525
0.375
0.387
0.390
0.311
0.333
0.370
0.296
0.318
0.342
0.338
0.245
0.308
0.283
0.297
0.339
0.417
0.389
0.513
0.449
0.346
0.317
0.231
0.229
0.249
0.287
0.255
0.238
0.289
0.356
0.293
0.230
0.238
0.238
0.237
0.235
0.179
0.163
0.307
0.343
0.249
0.201
0.222
0.292
0.229
0.255
0.223
0.323
0.395
0.372
0.282
0.233
0.150
0.143
0.166
0.193
0.200
0.215
0.276
0.188
0.119
0.164
0.191
0.139
0.177
0.186
0.171
0.150
0.492
0.664
0.492
0.308
0.289
0.361
0.324
0.290
0.212
0.211
0.305
0.271
0.205
0.165
0.253
0.238
0.216
0.168
0.140
0.093
0.110
0.095
0.092
0.210
0.270
0.200
0.195
0.224
0.219
0.192
0.232
0.287
0.253
0.199
0.191
0.137
0.187
0.154
0.146
0.205
0.127
0.208
0.213
0.176
0.207
0.252
0.314
0.268
0.204
0.275
0.334
0.291
0.259
0.221
0.194
0.183
0.137
0.124
0.109
0.165
0.234
0.210
0.224
0.174
0.203
0.256
0.314
0.353
0.350
0.323
0.215
0.331
0.425
0.452
0.404
0.393
0.349
0.335
0.335
0.289
0.306
0.313
0.308
0.351
0.516
0.778
0.599
0.518
0.439
0.421
0.427
0.374
0.377
0.348
0.339
0.396
0.410
0.403
0.359
0.314
0.319
0.328
0.329
0.313
0.268
0.281
0.237
0.292
0.431
0.512
0.610
0.712
0.667
0.685
0.659
0.592
0.592
0.441
0.413
0.783
0.806
0.833
0.795
0.816
0.765
0.752
0.612
0.573
0.556
0.529
0.626
0.664
0.736
0.802
0.834
0.771
0.869
0.870
0.795
0.738
0.826
0.861
0.927
0.852
0.896
0.934
0.927
0.862
0.906
0.834
0.832
0.875
0.906
0.930
0.907
0.916
0.887
0.896
0.853
0.864
0.833
0.878
0.899
0.953
0.955
0.924
0.935
0.876
0.844
0.873
0.884
0.878
0.867
0.845
0.772
0.900
0.907
0.851
0.827
0.753
0.684
0.862
0.912
0.839
0.784
0.739
0.773
0.780
0.740
0.760
0.704
0.705
0.675
0.693
0.758
0.807
0.757
0.811
0.830
0.848
0.784
0.762
0.787
0.707
0.680
0.553
0.414
0.468
0.596
0.544
0.446
0.536
0.551
0.525
0.516
0.512
0.510
0.400
0.563
0.370
0.408
0.345
0.325
0.304
0.400
0.469
0.449
0.471
0.368
0.280
0.325
0.350
0.370
0.341
0.324
0.315
0.291
0.280
0.290
0.377
0.315
0.325
0.363
0.358
0.322
0.302
0.255
0.290
0.343
0.354
0.349
0.341
0.336
0.363
0.375
0.412
0.345
0.350
0.370
0.440
0.291
0.277
0.339
0.293
0.254
0.291
0.394
0.325
0.467
0.421
0.458
0.605
0.600
0.534
0.398
0.394
0.304
0.272
0.284
0.328
0.346
0.334
0.335
0.265
0.319
0.333
0.364
0.336
0.356
0.366
0.441
0.486
0.554
0.447
0.367
0.401
0.376
0.418
0.461
0.475
0.505
0.388
0.337
0.404
0.334
0.404
0.395
0.379
0.335
0.282
0.249
0.297
0.274
0.264
0.196
0.249
0.220
0.267
0.319
0.269
0.227
0.176
0.190
0.208
0.225
0.214
0.274
0.466
0.392
0.240
0.275
0.253
0.240
0.205
0.400
0.513
0.282
0.264
0.492
0.531
0.418
0.447
0.332
0.412
0.307
0.284
0.307
0.289
0.245
0.235
0.248
0.289
0.312
0.304
0.314
0.338
0.319
0.411
0.360
0.237
0.216
0.183
0.183
0.163
0.155
0.273
0.347
0.267
0.397
0.428
0.317
0.202
0.181
0.175
0.199
0.223
0.330
0.315
0.241
0.170
0.163
0.145
0.148
0.116
0.121
0.113
0.122
0.147
0.192
0.134
0.078
0.104
0.109
0.142
0.147
0.161
0.176
0.151
0.121
0.169
0.189
0.213
0.196
0.138
0.106
0.098
0.162
0.142
0.112
0.177
0.237
0.271
0.195
0.141
0.131
0.135
0.145
0.146
0.150
0.138
0.163
0.176
0.210
0.261
0.265
0.280
0.291
0.294
0.250
0.233
0.310
0.308
0.333
0.362
0.315
0.292
0.305
0.327
0.420
0.366
0.308
0.264
0.292
0.321
0.282
0.250
0.349
0.309
0.260
0.206
0.229
0.553
0.552
0.582
0.486
0.396
0.329
0.336
0.355
0.390
0.370
0.367
0.420
0.529
0.550
0.486
0.542
0.512
0.554
0.577
0.438
0.365
0.595
0.809
0.722
0.738
0.632
0.688
0.641
0.589
0.747
0.910
0.910
0.828
0.841
0.795
0.796
0.848
0.897
0.875
0.798
0.836
0.784
0.748
0.779
0.837
0.707
0.685
0.706
0.645
0.648
0.683
0.690
0.796
0.731
0.688
0.746
0.756
0.816
0.774
0.805
0.833
0.898
0.888
0.895
0.835
0.852
0.822
0.928
0.894
0.872
0.911
0.929
0.933
0.896
0.892
0.899
0.844
0.779
0.754
0.906
0.883
0.903
0.797
0.730
0.736
0.795
0.804
0.834
0.864
0.893
0.864
0.875
0.888
0.886
0.867
0.898
0.887
0.808
0.801
0.772
0.821
0.757
0.751
0.714
0.676
0.663
0.634
0.617
0.712
0.700
0.800
0.745
0.784
0.730
0.686
0.653
0.761
0.686
0.616
0.424
0.444
0.531
0.481
0.391
0.390
0.407
0.366
0.432
0.456
0.542
0.526
0.396
0.360
0.355
0.322
0.229
0.205
0.204
0.306
0.271
0.281
0.319
0.271
0.301
0.291
0.248
0.265
0.280
0.258
0.235
0.294
0.342
0.215
0.234
0.358
0.359
0.176
0.385
0.339
0.332
0.300
0.340
0.274
0.325
0.304
0.294
0.269
0.212
0.265
0.245
0.194
0.183
0.203
0.196
0.219
0.229
0.255
0.372
0.442
0.458
0.396
0.330
0.338
0.259
0.318
0.334
0.312
0.316
0.263
0.295
0.276
0.305
0.352
0.309
0.320
0.257
0.293
0.234
0.308
0.461
0.396
0.351
0.275
0.236
0.355
0.351
0.236
0.262
0.327
0.297
0.303
0.325
0.268
0.239
0.197
0.249
0.283
0.313
0.370
0.473
0.431
0.452
0.378
0.298
0.290
0.219
0.255
0.268
0.286
0.365
0.352
0.221
0.249
0.266
0.287
0.220
0.186
0.253
0.359
0.310
0.278
0.324
0.249
0.316
0.280
0.476
0.375
0.311
0.389
0.321
0.275
0.246
0.257
0.194
0.143
0.157
0.178
0.225
0.163
0.147
0.138
0.153
0.164
0.187
0.190
0.393
0.281
0.142
0.121
0.116
0.143
0.089
0.100
0.151
0.245
0.242
0.208
0.231
0.157
0.124
0.133
0.139
0.178
0.212
0.316
0.290
0.198
0.166
0.133
0.161
0.180
0.229
0.089
0.083
0.095
0.229
0.311
0.237
0.147
0.166
0.159
0.250
0.228
0.351
0.353
0.337
0.484
0.494
0.292
0.231
0.200
0.220
0.167
0.182
0.220
0.201
0.193
0.191
0.195
0.201
0.085
0.114
0.138
0.173
0.152
0.135
0.112
0.117
0.111
0.123
0.112
0.150
0.160
0.170
0.232
0.285
0.303
0.288
0.381
0.365
0.318
0.374
0.326
0.297
0.324
0.325
0.307
0.285
0.315
0.334
0.345
0.342
0.346
0.330
0.349
0.314
0.267
0.201
0.223
0.255
0.282
0.319
0.328
0.334
0.356
0.342
0.348
0.362
0.399
0.585
0.545
0.504
0.542
0.605
0.591
0.844
0.681
0.793
0.607
0.541
0.586
0.483
0.502
0.577
0.563
0.466
0.431
0.419
0.509
0.573
0.679
0.533
0.622
0.737
0.774
0.710
0.756
0.672
0.631
0.542
0.645
0.632
0.830
0.800
0.863
0.773
0.803
0.764
0.675
0.609
0.575
0.557
0.541
0.559
0.568
0.544
0.568
0.669
0.615
0.728
0.843
0.882
0.725
0.786
0.835
0.842
0.933
0.862
0.791
0.849
0.834
0.844
0.875
0.837
0.809
0.842
0.949
0.899
0.933
0.853
0.829
0.791
0.843
0.789
0.748
0.702
0.733
0.769
0.696
0.785
0.818
0.838
0.714
0.688
0.679
0.635
0.599
0.526
0.513
0.640
0.712
0.783
0.755
0.598
0.535
0.603
0.737
0.774
0.740
0.833
0.817
0.859
0.871
0.884
0.759
0.711
0.730
0.776
0.712
0.612
0.601
0.668
0.717
0.705
0.662
0.696
0.673
0.652
0.567
0.527
0.589
0.628
0.625
0.620
0.604
0.475
0.365
0.319
0.308
0.279
0.283
0.291
0.345
0.329
0.328
0.315
0.314
0.247
0.297
0.296
0.242
0.256
0.229
0.340
0.410
0.454
0.326
0.246
0.282
0.277
0.257
0.197
0.238
0.271
0.251
0.288
0.271
0.309
0.296
0.234
0.253
0.220
0.306
0.290
0.408
0.694
0.494
0.184
0.257
0.257
0.326
0.347
0.273
0.255
0.271
0.285
0.252
0.417
0.252
0.237
0.267
0.324
0.337
0.327
0.312
0.323
0.330
0.345
0.311
0.362
0.413
0.407
0.358
0.505
0.311
0.254
0.267
0.368
0.498
0.379
0.252
0.213
0.227
0.323
0.397
0.300
0.253
0.270
0.290
0.368
0.280
0.353
0.582
0.392
0.415
0.454
0.733
0.678
0.622
0.558
0.473
0.531
0.495
0.410
0.365
0.422
0.477
0.442
0.316
0.272
0.248
0.290
0.360
0.374
0.303
0.250
0.190
0.202
0.310
0.345
0.230
0.241
0.355
0.433
0.375
0.334
0.372
0.270
0.254
0.267
0.396
0.349
0.486
0.349
0.295
0.225
0.256
0.258
0.226
0.193
0.154
0.183
0.272
0.340
0.237
0.267
0.241
0.215
0.165
0.149
0.270
0.224
0.209
0.278
0.249
0.165
0.126
0.166
0.157
0.087
0.116
0.115
0.112
0.147
0.162
0.225
0.282
0.252
0.211
0.232
0.161
0.180
0.186
0.264
0.351
0.263
0.240
0.228
0.219
0.200
0.193
0.133
0.199
0.307
0.254
0.297
0.218
0.166
0.126
0.095
0.087
0.125
0.199
0.158
0.131
0.076
0.061
0.121
0.188
0.181
0.101
0.115
0.102
0.092
0.065
0.077
0.085
0.101
0.139
0.136
0.189
0.284
0.218
0.262
0.152
0.146
0.171
0.223
0.294
0.334
0.298
0.300
0.313
0.313
0.306
0.274
0.276
0.292
0.262
0.181
0.251
0.243
0.307
0.284
0.292
0.290
0.304
0.333
0.350
0.343
0.379
0.381
0.398
0.369
0.317
0.312
0.327
0.363
0.365
0.347
0.375
0.359
0.344
0.367
0.356
0.416
0.380
0.319
0.248
0.303
0.421
0.450
0.573
0.531
0.518
0.567
0.742
0.604
0.552
0.567
0.731
0.622
0.581
0.519
0.427
0.437
0.396
0.648
0.879
0.776
0.751
0.793
0.869
0.751
0.743
0.829
0.904
0.866
0.792
0.897
0.828
0.857
0.914
0.927
0.923
0.890
0.885
0.897
0.802
0.837
0.841
0.856
0.727
0.690
0.727
0.729
0.791
0.732
0.750
0.730
0.718
0.739
0.782
0.786
0.769
0.782
0.693
0.658
0.630
0.613
0.636
0.572
0.572
0.576
0.597
0.763
0.746
0.900
0.921
0.942
0.871
0.870
0.854
0.797
0.778
0.780
0.768
0.740
0.636
0.559
0.726
0.656
0.695
0.583
0.572
0.613
0.651
0.609
0.511
0.494
0.491
0.536
0.487
0.453
0.502
0.547
0.575
0.509
0.413
0.337
0.358
0.346
0.412
0.518
0.731
0.702
0.609
0.512
0.597
0.606
0.601
0.535
0.464
0.415
0.356
0.393
0.393
0.274
0.362
0.338
0.307
0.282
0.242
0.131
0.134
0.183
0.244
0.234
0.380
0.282
0.267
0.241
0.198
0.251
0.263
0.284
0.312
0.288
0.355
0.376
0.406
0.341
0.488
0.630
0.643
0.628
0.528
0.562
0.423
0.368
0.516
0.518
0.466
0.430
0.391
0.456
0.253
0.275
0.309
0.449
0.491
0.392
0.373
0.357
0.398
0.430
0.339
0.265
0.256
0.302
0.349
0.252
0.248
0.307
0.368
0.383
0.340
0.390
0.516
0.474
0.449
0.542
0.541
0.403
0.414
0.365
0.232
0.274
0.289
0.312
0.439
0.544
0.471
0.311
0.339
0.461
0.454
0.315
0.305
0.343
0.347
0.275
0.257
0.356
0.435
0.355
0.387
0.417
0.307
0.318
0.363
0.292
0.226
0.287
0.324
0.401
0.337
0.280
0.321
0.331
0.314
0.335
0.344
0.268
0.237
0.206
0.338
0.351
0.390
0.302
0.306
0.321
0.379
0.284
0.331
0.483
0.286
0.279
0.251
0.153
0.165
0.152
0.204
0.260
0.231
0.263
0.345
0.339
0.300
0.187
0.217
0.147
0.175
0.259
0.261
0.376
0.432
0.383
0.339
0.266
0.186
0.144
0.127
0.096
0.103
0.147
0.194
0.215
0.169
0.135
0.122
0.107
0.106
0.121
0.228
0.202
0.286
0.256
0.224
0.168
0.172
0.290
0.327
0.351
0.423
0.251
0.186
0.122
0.126
0.079
0.084
0.114
0.168
0.228
0.232
0.221
0.203
0.135
0.136
0.152
0.231
0.261
0.294
0.288
0.288
0.205
0.166
0.245
0.242
0.252
0.196
0.213
0.192
0.183
0.199
0.210
0.260
0.216
0.276
0.254
0.229
0.229
0.207
0.226
0.216
0.204
0.249
0.268
0.283
0.238
0.179
0.192
0.152
0.147
0.213
0.209
0.226
0.290
0.394
0.420
0.406
0.386
0.368
0.279
0.296
0.437
0.522
0.429
0.441
0.442
0.605
0.537
0.427
0.324
0.266
0.220
0.191
0.250
0.462
0.569
0.476
0.359
0.240
0.365
0.376
0.358
0.422
0.463
0.474
0.426
0.385
0.422
0.445
0.437
0.400
0.463
0.481
0.644
0.819
0.792
0.766
0.737
0.693
0.716
0.731
0.727
0.738
0.705
0.669
0.669
0.693
0.645
0.696
0.658
0.663
0.737
0.816
0.921
0.920
0.838
0.907
0.825
0.803
0.750
0.797
0.927
0.894
0.841
0.893
0.892
0.847
0.833
0.892
0.893
0.890
0.870
0.847
0.826
0.829
0.826
0.810
0.792
0.828
0.880
0.807
0.800
0.803
0.777
0.787
0.781
0.804
0.812
0.747
0.790
0.823
0.882
0.887
0.851
0.843
0.871
0.867
0.882
0.893
0.837
0.889
0.910
0.907
0.913
0.908
0.894
0.870
0.797
0.721
0.694
0.660
0.647
0.664
0.712
0.729
0.661
0.532
0.524
0.516
0.471
0.485
0.442
0.452
0.470
0.465
0.435
0.465
0.368
0.405
0.367
0.303
0.476
0.660
0.733
0.621
0.517
0.451
0.297
0.362
0.593
0.576
0.619
0.573
0.556
0.511
0.418
0.397
0.339
0.277
0.321
0.382
0.340
0.308
0.321
0.338
0.342
0.346
0.303
0.284
0.296
0.352
0.447
0.545
0.613
0.630
0.683
0.652
0.625
0.692
0.744
0.699
0.565
0.447
0.627
0.775
0.791
0.864
0.753
0.695
0.634
0.631
0.582
0.569
0.496
0.439
0.405
0.422
0.481
0.483
0.421
0.397
0.440
0.401
0.288
0.342
0.404
0.410
0.367
0.353
0.336
0.321
0.281
0.330
0.301
0.362
0.522
0.480
0.348
0.370
0.390
0.453
0.565
0.510
0.341
0.296
0.350
0.374
0.403
0.373
0.337
0.361
0.307
0.312
0.294
0.294
0.353
0.485
0.590
0.494
0.160
0.207
0.320
0.259
0.286
0.299
0.316
0.332
0.328
0.356
0.289
0.334
0.381
0.386
0.506
0.388
0.373
0.330
0.298
0.278
0.349
0.397
0.557
0.513
0.349
0.303
0.287
0.300
0.294
0.406
0.600
0.409
0.393
0.355
0.313
0.295
0.332
0.336
0.279
0.246
0.312
0.269
0.290
0.335
0.257
0.280
0.350
0.323
0.282
0.252
0.217
0.238
0.215
0.131
0.146
0.180
0.144
0.149
0.156
0.151
0.149
0.150
0.197
0.320
0.251
0.192
0.249
0.247
0.169
0.127
0.130
0.147
0.297
0.247
0.282
0.241
0.214
0.145
0.134
0.132
0.110
0.123
0.125
0.197
0.178
0.204
0.213
0.245
0.225
0.185
0.211
0.275
0.197
0.101
0.092
0.115
0.088
0.076
0.081
0.107
0.141
0.152
0.173
0.252
0.286
0.234
0.273
0.338
0.395
0.392
0.329
0.301
0.283
0.226
0.304
0.338
0.373
0.354
0.346
0.319
0.297
0.291
0.279
0.328
0.383
0.440
0.442
0.425
0.398
0.356
0.362
0.343
0.323
0.320
0.325
0.397
0.398
0.383
0.327
0.351
0.268
0.254
0.308
0.434
0.465
0.410
0.436
0.484
0.494
0.509
0.536
0.487
0.518
0.585
0.557
0.547
0.497
0.494
0.528
0.626
0.499
0.510
0.662
0.954
0.803
0.759
0.714
0.713
0.722
0.740
0.699
0.910
0.848
0.878
0.899
0.948
0.888
0.827
0.821
0.894
0.902
0.891
0.845
0.890
0.885
0.836
0.840
0.830
0.931
0.908
0.903
0.850
0.854
0.866
0.901
0.876
0.914
0.915
0.847
0.944
0.888
0.877
0.848
0.892
0.955
0.958
0.935
0.943
0.947
0.938
0.950
0.940
0.951
0.879
0.878
0.870
0.875
0.875
0.884
0.876
0.892
0.904
0.890
0.890
0.886
0.903
0.903
0.903
0.925
0.879
0.882
0.947
0.959
0.934
0.944
0.916
0.933
0.903
0.946
0.941
0.916
0.823
0.860
0.869
0.924
0.912
0.862
0.825
0.795
0.804
0.803
0.796
0.824
0.814
0.797
0.768
0.739
0.695
0.627
0.628
0.684
0.666
0.658
0.586
0.502
0.498
0.450
0.388
0.436
0.428
0.418
0.353
0.393
0.384
0.447
0.347
0.287
0.352
0.379
0.291
0.308
0.318
0.299
0.297
0.341
0.336
0.342
0.325
0.307
0.311
0.297
0.294
0.298
0.384
0.375
0.373
0.353
0.366
0.354
0.348
0.359
0.356
0.329
0.344
0.324
0.334
0.313
0.304
0.273
0.271
0.310
0.362
0.427
0.443
0.430
0.393
0.348
0.292
0.255
0.244
0.223
0.290
0.396
0.434
0.439
0.333
0.310
0.387
0.256
0.162
0.203
0.253
0.352
0.343
0.316
0.341
0.364
0.320
0.291
0.297
0.366
0.386
0.355
0.379
0.390
0.320
0.271
0.286
0.376
0.424
0.416
0.496
0.551
0.429
0.524
0.640
0.425
0.237
0.368
0.354
0.336
0.304
0.321
0.209
0.363
0.600
0.543
0.312
0.380
0.388
0.283
0.275
0.322
0.382
0.331
0.360
0.367
0.358
0.385
0.329
0.284
0.189
0.270
0.236
0.442
0.426
0.285
0.343
0.126
0.145
0.151
0.173
0.201
0.465
0.318
0.217
0.316
0.347
0.273
0.223
0.266
0.301
0.411
0.348
0.185
0.163
0.236
0.167
0.175
0.168
0.300
0.405
0.370
0.353
0.296
0.330
0.302
0.211
0.085
0.147
0.126
0.166
0.291
0.184
0.138
0.167
0.189
0.236
0.227
0.237
0.068
0.086
0.079
0.067
0.083
0.128
0.190
0.218
0.156
0.158
0.196
0.181
0.134
0.165
0.201
0.206
0.219
0.221
0.183
0.163
0.249
0.272
0.247
0.308
0.334
0.311
0.234
0.257
0.297
0.256
0.458
0.429
0.271
0.220
0.282
0.230
0.224
0.205
0.213
0.208
0.182
0.234
0.219
0.214
0.300
0.422
0.377
0.380
0.431
0.271
0.269
0.282
0.359
0.372
0.332
0.271
0.264
0.297
0.303
0.296
0.282
0.266
0.318
0.292
0.304
0.302
0.309
0.338
0.294
0.305
0.355
0.359
0.380
0.382
0.384
0.382
0.356
0.343
0.384
0.367
0.409
0.426
0.518
0.494
0.391
0.532
0.517
0.537
0.470
0.428
0.436
0.467
0.443
0.460
0.469
0.461
0.482
0.466
0.500
0.483
0.451
0.437
0.477
0.562
0.527
0.659
0.859
0.776
0.744
0.766
0.768
0.866
0.885
0.843
0.906
0.892
0.849
0.800
0.817
0.851
0.901
0.855
0.760
0.761
0.833
0.851
0.841
0.845
0.793
0.805
0.835
0.881
0.884
0.876
0.906
0.899
0.817
0.822
0.812
0.867
0.913
0.884
0.837
0.914
0.884
0.911
0.929
0.924
0.939
0.944
0.917
0.850
0.903
0.945
0.908
0.927
0.939
0.955
0.909
0.866
0.891
0.872
0.840
0.863
0.906
0.880
0.879
0.847
0.848
0.898
0.959
0.956
0.918
0.915
0.893
0.952
0.925
0.954
0.863
0.843
0.867
0.882
0.821
0.833
0.872
0.884
0.862
0.847
0.806
0.744
0.645
0.570
0.549
0.490
0.402
0.408
0.408
0.638
0.668
0.635
0.527
0.440
0.416
0.329
0.393
0.430
0.464
0.488
0.443
0.389
0.408
0.422
0.390
0.390
0.340
0.339
0.388
0.333
0.290
0.296
0.256
0.265
0.236
0.263
0.286
0.298
0.269
0.271
0.276
0.298
0.262
0.287
0.313
0.345
0.296
0.288
0.308
0.257
0.318
0.287
0.226
0.228
0.242
0.273
0.312
0.314
0.312
0.307
0.285
0.316
0.340
0.334
0.320
0.414
0.351
0.259
0.318
0.323
0.294
0.268
0.238
0.258
0.285
0.268
0.362
0.463
0.319
0.419
0.592
0.616
0.466
0.405
0.389
0.322
0.263
0.178
0.228
0.240
0.215
0.243
0.273
0.344
0.428
0.620
0.383
0.380
0.329
0.360
0.381
0.366
0.317
0.272
0.227
0.184
0.172
0.220
0.319
0.442
0.514
0.409
0.406
0.488
0.518
0.518
0.334
0.263
0.187
0.248
0.241
0.201
0.220
0.185
0.192
0.220
0.195
0.210
0.288
0.263
0.344
0.349
0.487
0.520
0.337
0.264
0.209
0.216
0.281
0.330
0.331
0.418
0.327
0.401
0.400
0.447
0.344
0.295
0.277
0.272
0.301
0.329
0.372
0.290
0.234
0.301
0.237
0.142
0.196
0.159
0.124
0.115
0.127
0.128
0.134
0.229
0.240
0.237
0.149
0.183
0.252
0.208
0.229
0.316
0.169
0.139
0.181
0.184
0.232
0.256
0.287
0.155
0.175
0.250
0.326
0.384
0.263
0.203
0.171
0.186
0.275
0.244
0.154
0.116
0.159
0.217
0.320
0.235
0.255
0.221
0.174
0.188
0.169
0.219
0.305
0.366
0.324
0.321
0.303
0.310
0.362
0.310
0.283
0.228
0.202
0.193
0.267
0.248
0.137
0.088
0.168
0.301
0.247
0.269
0.253
0.193
0.211
0.277
0.281
0.291
0.296
0.200
0.181
0.218
0.292
0.278
0.232
0.231
0.211
0.231
0.317
0.371
0.381
0.390
0.399
0.375
0.361
0.337
0.351
0.369
0.328
0.358
0.422
0.442
0.456
0.557
0.638
0.665
0.746
0.651
0.705
0.665
0.591
0.540
0.582
0.765
0.891
0.761
0.720
0.685
0.684
0.634
0.611
0.595
0.672
0.672
0.671
0.676
0.643
0.679
0.611
0.618
0.668
0.813
0.808
0.885
0.889
0.914
0.881
0.897
0.844
0.878
0.907
0.934
0.875
0.909
0.943
0.911
0.861
0.869
0.941
0.820
0.792
0.912
0.891
0.898
0.950
0.944
0.895
0.882
0.929
0.850
0.917
0.905
0.850
0.892
0.946
0.933
0.943
0.955
0.920
0.922
0.940
0.936
0.937
0.894
0.899
0.869
0.821
0.812
0.937
0.920
0.892
0.917
0.936
0.899
0.815
0.838
0.843
0.826
0.843
0.848
0.847
0.821
0.812
0.794
0.790
0.860
0.818
0.715
0.599
0.577
0.629
0.559
0.594
0.605
0.656
0.600
0.581
0.509
0.431
0.800
0.900
0.903
0.904
0.926
0.946
0.881
0.937
0.945
0.908
0.886
0.865
0.849
0.756
0.749
0.817
0.849
0.832
0.806
0.825
0.794
0.739
0.663
0.634
0.621
0.599
0.538
0.449
0.426
0.409
0.419
0.383
0.390
0.447
0.563
0.492
0.423
0.474
0.493
0.523
0.517
0.496
0.455
0.525
0.514
0.476
0.488
0.554
0.556
0.482
0.455
0.438
0.423
0.485
0.472
0.352
0.307
0.320
0.323
0.315
0.315
0.332
0.320
0.341
0.335
0.341
0.305
0.292
0.284
0.318
0.345
0.321
0.303
0.288
0.326
0.414
0.354
0.389
0.386
0.367
0.322
0.375
0.362
0.369
0.446
0.482
0.508
0.464
0.525
0.469
0.302
0.365
0.319
0.367
0.478
0.511
0.468
0.368
0.390
0.491
0.494
0.316
0.511
0.558
0.675
0.519
0.281
0.330
0.347
0.438
0.446
0.463
0.424
0.396
0.383
0.434
0.376
0.504
0.447
0.417
0.411
0.578
0.847
0.715
0.543
0.609
0.587
0.517
0.410
0.350
0.320
0.292
0.312
0.336
0.349
0.395
0.376
0.414
0.376
0.428
0.434
0.298
0.293
0.461
0.313
0.381
0.485
0.354
0.308
0.258
0.265
0.271
0.299
0.409
0.336
0.382
0.385
0.416
0.350
0.226
0.239
0.262
0.253
0.254
0.245
0.291
0.262
0.236
0.243
0.317
0.292
0.275
0.165
0.122
0.189
0.172
0.165
0.236
0.338
0.124
0.096
0.207
0.384
0.332
0.250
0.273
0.262
0.242
0.228
0.262
0.311
0.262
0.219
0.295
0.300
0.177
0.168
0.206
0.273
0.147
0.102
0.097
0.135
0.162
0.202
0.234
0.204
0.211
0.223
0.261
0.313
0.248
0.243
0.168
0.170
0.180
0.195
0.210
0.176
0.131
0.154
0.158
0.150
0.219
0.259
0.264
0.292
0.218
0.164
0.139
0.143
0.266
0.327
0.371
0.362
0.367
0.345
0.409
0.392
0.277
0.205
0.163
0.166
0.200
0.262
0.243
0.268
0.193
0.140
0.169
0.248
0.283
0.311
0.327
0.238
0.196
0.216
0.228
0.223
0.223
0.259
0.271
0.309
0.424
0.470
0.463
0.515
0.527
0.528
0.565
0.543
0.546
0.472
0.481
0.507
0.491
0.455
0.456
0.426
0.401
0.401
0.433
0.455
0.479
0.504
0.586
0.497
0.427
0.384
0.403
0.433
0.446
0.571
0.560
0.584
0.676
0.744
0.688
0.764
0.735
0.825
0.891
0.783
0.742
0.760
0.903
0.938
0.954
0.921
0.890
0.961
0.950
0.894
0.889
