20000101
0.288
0.297
0.297
0.276
0.334
0.248
0.278
0.350
0.355
0.454
0.359
0.358
0.442
0.269
0.131
0.178
0.176
0.285
0.282
0.187
0.598
0.596
0.550
0.444
0.356
0.339
0.263
0.231
0.255
0.171
0.235
0.532
0.447
0.541
0.467
0.491
0.389
0.309
0.244
0.268
0.411
0.423
0.215
0.152
0.197
0.174
0.146
0.167
0.141
0.157
0.198
0.165
0.191
0.223
0.222
0.137
0.098
0.210
0.213
0.291
0.222
0.272
0.234
0.313
0.238
0.082
0.136
0.110
0.083
0.100
0.383
0.316
0.363
0.151
0.203
0.302
0.344
0.193
0.053
0.047
0.172
0.215
0.141
0.123
0.105
0.099
0.095
0.055
0.067
0.082
0.161
0.116
0.076
0.081
0.104
0.102
0.078
0.085
0.111
0.111
0.122
0.203
0.159
0.160
0.227
0.277
0.258
0.174
0.202
0.148
0.151
0.178
0.257
0.295
0.300
0.339
0.332
0.340
0.258
0.270
0.230
0.171
0.258
0.206
0.234
0.204
0.232
0.235
0.282
0.348
0.277
0.338
0.393
0.512
0.424
0.395
0.458
0.522
0.595
0.517
0.496
0.455
0.381
0.412
0.395
0.360
0.370
0.349
0.325
0.381
0.452
0.479
0.412
0.356
0.313
0.321
0.444
0.247
0.271
0.413
0.390
0.326
0.353
0.369
0.428
0.406
0.430
0.399
0.368
0.333
0.301
0.294
0.335
0.413
0.426
0.421
0.426
0.442
0.426
0.430
0.393
0.419
0.607
0.768
0.636
0.665
0.584
0.555
0.568
0.659
0.699
0.691
0.722
0.691
0.695
0.868
0.917
0.856
0.821
0.734
0.726
0.673
0.802
0.698
0.650
0.584
0.578
0.527
0.513
0.496
0.584
0.638
0.596
0.516
0.498
0.602
0.533
0.512
0.493
0.452
0.440
0.504
0.514
0.655
0.726
0.850
0.830
0.861
0.828
0.868
0.792
0.845
0.923
0.887
0.872
0.733
0.716
0.635
0.682
0.780
0.816
0.744
0.688
0.817
0.808
0.739
0.660
0.730
0.885
0.686
0.658
0.691
0.607
0.588
0.596
0.591
0.571
0.504
0.434
0.508
0.492
0.484
0.540
0.494
0.406
0.389
0.448
0.442
0.519
0.395
0.346
0.297
0.239
0.330
0.320
0.232
0.190
0.252
0.250
0.310
0.319
0.382
0.340
0.371
0.367
0.358
0.292
0.280
0.291
0.153
0.159
0.175
0.199
0.197
0.155
0.244
0.368
0.435
0.374
0.293
0.251
0.203
0.197
0.138
0.129
0.203
0.140
0.183
0.239
0.197
0.214
0.373
0.339
0.259
0.257
0.223
0.221
0.222
0.250
0.235
0.289
0.351
0.246
0.148
0.188
0.229
0.265
0.273
0.233
0.247
0.228
0.292
0.259
0.229
0.194
0.151
0.120
0.101
0.102
0.119
0.156
0.207
0.216
0.190
0.204
0.243
0.239
0.247
0.242
0.245
0.253
0.249
0.318
0.400
0.382
0.291
0.221
0.210
0.231
0.202
0.208
0.238
0.201
0.250
0.398
0.538
0.406
0.466
0.338
0.375
0.324
0.236
0.208
0.262
0.307
0.246
0.212
0.213
0.185
0.198
0.191
0.217
0.259
0.350
0.251
0.196
0.267
0.461
0.180
0.156
0.179
0.165
0.194
0.143
0.152
0.232
0.180
0.155
0.124
0.127
0.101
0.105
0.157
0.160
0.127
0.127
0.173
0.159
0.103
0.111
0.181
0.284
0.278
0.219
0.185
0.203
0.181
0.217
0.108
0.213
0.253
0.400
0.266
0.219
0.204
0.116
0.092
0.089
0.088
0.097
0.078
0.091
0.084
0.082
0.085
0.135
0.454
0.394
0.275
0.218
0.154
0.122
0.121
0.140
0.277
0.263
0.250
0.246
0.253
0.203
0.206
0.286
0.304
0.320
0.187
0.159
0.111
0.096
0.082
0.172
0.144
0.115
0.065
0.067
0.119
0.191
0.287
0.204
0.221
0.195
0.224
0.247
0.307
0.372
0.275
0.226
0.178
0.108
0.107
0.140
0.145
0.148
0.134
0.187
0.268
0.295
0.200
0.234
0.165
0.270
0.241
0.259
0.241
0.264
0.301
0.308
0.316
0.305
0.280
0.300
0.334
0.387
0.383
0.422
0.428
0.389
0.389
0.340
0.261
0.215
0.409
0.453
0.434
0.423
0.545
0.665
0.617
0.554
0.573
0.629
0.546
0.521
0.520
0.450
0.435
0.459
0.517
0.645
0.671
0.612
0.742
0.739
0.750
0.759
0.688
0.615
0.528
0.480
0.448
0.455
0.444
0.439
0.465
0.465
0.460
0.488
0.469
0.540
0.649
0.762
0.942
0.863
0.737
0.686
0.755
0.813
0.772
0.877
0.861
0.827
0.758
0.836
0.856
0.872
0.855
0.771
0.867
0.902
0.835
0.860
0.801
0.830
0.810
0.767
0.784
0.766
0.780
0.742
0.679
0.591
0.573
0.591
0.754
0.756
0.832
0.847
0.840
0.832
0.831
0.826
0.882
0.812
0.843
0.899
0.955
0.798
0.704
0.699
0.724
0.764
0.803
0.802
0.802
0.702
0.654
0.644
0.673
0.718
0.645
0.631
0.606
0.548
0.566
0.593
0.617
0.709
0.736
0.619
0.562
0.614
0.670
0.606
0.593
0.538
0.537
0.455
0.529
0.495
0.496
0.529
0.344
0.383
0.372
0.400
0.342
0.207
0.377
0.178
0.197
0.306
0.497
0.588
0.625
0.516
0.394
0.384
0.320
0.422
0.617
0.830
0.911
0.751
0.559
0.291
0.353
0.279
0.205
0.211
0.238
0.210
0.197
0.209
0.172
0.160
0.201
0.232
0.163
0.191
0.258
0.275
0.284
0.233
0.249
0.299
0.360
0.339
0.187
0.219
0.185
0.177
0.176
0.197
0.186
0.199
0.176
0.171
0.196
0.186
0.180
0.197
0.252
0.239
0.256
0.245
0.232
0.227
0.219
0.198
0.213
0.186
0.262
0.286
0.273
0.257
0.249
0.250
0.269
0.263
0.271
0.388
0.487
0.305
0.254
0.266
0.235
0.276
0.316
0.278
0.263
0.286
0.233
0.220
0.255
0.289
0.303
0.292
0.192
0.196
0.212
0.240
0.252
0.237
0.202
0.191
0.194
0.205
0.254
0.325
0.247
0.233
0.297
0.280
0.252
0.229
0.572
0.580
0.434
0.281
0.500
0.336
0.262
0.237
0.254
0.264
0.229
0.486
0.391
0.202
0.187
0.175
0.182
0.245
0.166
0.183
0.173
0.187
0.191
0.111
0.131
0.129
0.096
0.245
0.379
0.142
0.182
0.265
0.216
0.198
0.210
0.209
0.182
0.156
0.201
0.225
0.325
0.260
0.200
0.191
0.149
0.198
0.218
0.231
0.206
0.126
0.114
0.140
0.166
0.338
0.421
0.238
0.142
0.195
0.321
0.468
0.432
0.289
0.217
0.169
0.131
0.173
0.207
0.159
0.172
0.243
0.346
0.309
0.105
0.058
0.053
0.055
0.117
0.228
0.116
0.099
0.115
0.195
0.161
0.303
0.329
0.222
0.150
0.144
0.152
0.206
0.196
0.330
0.227
0.245
0.198
0.160
0.150
0.184
0.175
0.255
0.182
0.205
0.088
0.065
0.109
0.087
0.082
0.109
0.099
0.073
0.078
0.077
0.087
0.220
0.250
0.295
0.308
0.345
0.381
0.396
0.347
0.339
0.293
0.300
0.293
0.333
0.400
0.370
0.342
0.332
0.284
0.278
0.328
0.341
0.381
0.395
0.355
0.281
0.274
0.310
0.310
0.325
0.323
0.349
0.359
0.348
0.310
0.292
0.307
0.323
0.366
0.365
0.465
0.502
0.560
0.495
0.454
0.544
0.600
0.532
0.456
0.371
0.412
0.478
0.713
0.777
0.935
0.871
0.678
0.578
0.555
0.569
0.489
0.497
0.506
0.499
0.478
0.509
0.455
0.445
0.510
0.509
0.699
0.752
0.724
0.753
0.793
0.804
0.677
0.762
0.800
0.775
0.783
0.783
0.638
0.533
0.509
0.452
0.436
0.440
0.458
0.415
0.494
0.817
0.887
0.849
0.844
0.926
0.757
0.786
0.872
0.900
0.912
0.877
0.719
0.768
0.727
0.720
0.666
0.643
0.605
0.690
0.800
0.800
0.891
0.800
0.725
0.635
0.802
0.827
0.820
0.820
0.871
0.851
0.701
0.620
0.545
0.555
0.563
0.521
0.564
0.404
0.486
0.539
0.540
0.506
0.558
0.597
0.625
0.501
0.405
0.420
0.364
0.421
0.515
0.489
0.475
0.427
0.334
0.247
0.227
0.197
0.234
0.253
0.215
0.240
0.212
0.238
0.210
0.271
0.287
0.289
0.289
0.238
0.225
0.275
0.322
0.234
0.338
0.408
0.364
0.293
0.292
0.166
0.217
0.160
0.184
0.244
0.290
0.279
0.251
0.154
0.114
0.153
0.262
0.291
0.286
0.372
0.273
0.234
0.254
0.310
0.315
0.326
0.297
0.238
0.216
0.202
0.204
0.198
0.195
0.206
0.224
0.269
0.256
0.235
0.154
0.133
0.153
0.129
0.171
0.217
0.234
0.229
0.153
0.189
0.229
0.233
0.247
0.227
0.235
0.245
0.205
0.222
0.245
0.246
0.243
0.281
0.300
0.479
0.481
0.408
0.318
0.258
0.333
0.336
0.331
0.351
0.333
0.277
0.440
0.581
0.413
0.455
0.400
0.395
0.323
0.362
0.226
0.273
0.275
0.275
0.256
0.227
0.180
0.220
0.214
0.154
0.233
0.156
0.183
0.186
0.167
0.154
0.170
0.224
0.228
0.294
0.264
0.462
0.415
0.295
0.622
0.507
0.412
0.502
0.347
0.264
0.303
0.195
0.218
0.197
0.280
0.222
0.141
0.139
0.182
0.182
0.158
0.296
0.688
0.450
0.335
0.221
0.216
0.225
0.227
0.226
0.274
0.286
0.257
0.271
0.309
0.212
0.055
0.077
0.077
0.081
0.081
0.079
0.137
0.114
0.099
0.102
0.096
0.108
0.153
0.255
0.226
0.185
0.155
0.122
0.137
0.135
0.163
0.139
0.124
0.125
0.157
0.237
0.285
0.176
0.188
0.161
0.285
0.369
0.392
0.278
0.151
0.107
0.152
0.161
0.168
0.172
0.200
0.330
0.319
0.321
0.273
0.261
0.256
0.296
0.205
0.097
0.078
0.121
0.215
0.243
0.192
0.131
0.098
0.095
0.123
0.194
0.259
0.144
0.245
0.269
0.245
0.207
0.118
0.119
0.104
0.131
0.217
0.183
0.113
0.164
0.182
0.287
0.356
0.349
0.342
0.391
0.386
0.348
0.296
0.334
0.337
0.324
0.356
0.239
0.207
0.255
0.328
0.299
0.280
0.361
0.398
0.413
0.389
0.370
0.339
0.354
0.349
0.361
0.384
0.405
0.523
0.682
0.795
0.783
0.633
0.563
0.499
0.485
0.478
0.583
0.560
0.540
0.634
0.620
0.578
0.570
0.606
0.708
0.723
0.864
0.799
0.762
0.768
0.833
0.794
0.817
0.781
0.745
0.731
0.745
0.897
0.819
0.787
0.775
0.792
0.774
0.788
0.813
0.896
0.902
0.822
0.844
0.920
0.904
0.864
0.809
0.826
0.829
0.865
0.885
0.882
0.810
0.796
0.829
0.847
0.847
0.852
0.817
0.773
0.760
0.728
0.730
0.672
0.715
0.751
0.728
0.710
0.697
0.742
0.839
0.938
0.922
0.894
0.870
0.857
0.951
0.916
0.910
0.853
0.847
0.794
0.788
0.833
0.830
0.713
0.708
0.786
0.737
0.696
0.690
0.733
0.726
0.647
0.728
0.785
0.799
0.700
0.780
0.741
0.692
0.641
0.665
0.675
0.591
0.545
0.566
0.570
0.577
0.502
0.539
0.413
0.350
0.376
0.378
0.430
0.416
0.447
0.418
0.402
0.279
0.221
0.265
0.324
0.350
0.353
0.265
0.198
0.270
0.291
0.281
0.260
0.257
0.189
0.248
0.295
0.311
0.319
0.273
0.192
0.232
0.416
0.389
0.374
0.360
0.349
0.371
0.279
0.145
0.138
0.224
0.333
0.357
0.392
0.384
0.449
0.409
0.256
0.237
0.285
0.181
0.163
0.224
0.341
0.336
0.217
0.230
0.219
0.287
0.281
0.212
0.220
0.207
0.208
0.219
0.214
0.255
0.358
0.393
0.258
0.380
0.366
0.310
0.278
0.294
0.255
0.310
0.352
0.391
0.374
0.364
0.287
0.331
0.295
0.230
0.275
0.349
0.391
0.363
0.305
0.254
0.287
0.314
0.369
0.373
0.526
0.549
0.349
0.348
0.309
0.333
0.295
0.350
0.336
0.214
0.257
0.453
0.454
0.283
0.272
0.425
0.495
0.408
0.298
0.266
0.308
0.310
0.326
0.339
0.437
0.451
0.301
0.240
0.254
0.148
0.161
0.197
0.188
0.191
0.296
0.274
0.318
0.274
0.255
0.261
0.210
0.198
0.212
0.356
0.412
0.254
0.221
0.197
0.173
0.183
0.151
0.170
0.217
0.178
0.157
0.120
0.070
0.075
0.065
0.063
0.074
0.077
0.059
0.107
0.089
0.089
0.098
0.104
0.120
0.113
0.104
0.089
0.086
0.100
0.096
0.194
0.223
0.279
0.227
0.152
0.258
0.144
0.084
0.130
0.110
0.112
0.158
0.252
0.243
0.226
0.172
0.204
0.264
0.339
0.333
0.288
0.291
0.206
0.295
0.265
0.272
0.342
0.271
0.336
0.356
0.341
0.260
0.286
0.201
0.132
0.136
0.137
0.195
0.287
0.323
0.331
0.090
0.076
0.067
0.054
0.074
0.108
0.233
0.274
0.347
0.535
0.558
0.556
0.576
0.467
0.381
0.348
0.287
0.238
0.281
0.362
0.377
0.396
0.403
0.388
0.366
0.361
0.312
0.255
0.257
0.222
0.249
0.268
0.251
0.249
0.312
0.326
0.333
0.354
0.374
0.415
0.385
0.414
0.397
0.472
0.452
0.562
0.561
0.598
0.724
0.549
0.490
0.457
0.461
0.476
0.547
0.591
0.649
0.636
0.658
0.675
0.727
0.630
0.585
0.529
0.549
0.625
0.705
0.685
0.684
0.704
0.634
0.700
0.575
0.517
0.497
0.497
0.433
0.469
0.552
0.627
0.590
0.514
0.484
0.497
0.438
0.430
0.433
0.531
0.556
0.638
0.618
0.659
0.756
0.845
0.769
0.696
0.663
0.762
0.900
0.913
0.847
0.867
0.928
0.920
0.873
0.948
0.834
0.890
0.883
0.849
0.844
0.862
0.837
0.788
0.818
0.808
0.768
0.728
0.720
0.701
0.663
0.653
0.660
0.682
0.713
0.700
0.651
0.628
0.522
0.468
0.441
0.539
0.588
0.541
0.654
0.623
0.621
0.676
0.785
0.729
0.708
0.801
0.694
0.562
0.561
0.476
0.549
0.572
0.616
0.551
0.445
0.502
0.765
0.651
0.850
0.835
0.842
0.781
0.701
0.625
0.583
0.724
0.780
0.607
0.314
0.337
0.356
0.281
0.292
0.335
0.327
0.342
0.313
0.360
0.303
0.221
0.222
0.283
0.229
0.244
0.195
0.216
0.242
0.260
0.262
0.319
0.330
0.224
0.155
0.187
0.207
0.231
0.234
0.279
0.459
0.513
0.274
0.313
0.248
0.202
0.215
0.219
0.231
0.246
0.276
0.283
0.290
0.300
0.337
0.332
0.282
0.279
0.288
0.413
0.508
0.428
0.351
0.384
0.357
0.342
0.366
0.371
0.292
0.222
0.221
0.203
0.278
0.364
0.340
0.265
0.303
0.305
0.410
0.564
0.419
0.495
0.303
0.296
0.331
0.352
0.394
0.404
0.390
0.371
0.391
0.452
0.520
0.294
0.331
0.335
0.337
0.314
0.323
0.323
0.431
0.395
0.363
0.308
0.286
0.295
0.332
0.297
0.358
0.377
0.269
0.250
0.417
0.320
0.187
0.221
0.411
0.406
0.284
0.291
0.380
0.438
0.271
0.247
0.284
0.393
0.541
0.490
0.570
0.501
0.317
0.233
0.334
0.396
0.375
0.360
0.415
0.362
0.348
0.222
0.159
0.195
0.178
0.166
0.167
0.118
0.162
0.218
0.199
0.209
0.241
0.209
0.232
0.214
0.229
0.236
0.286
0.287
0.277
0.316
0.296
0.241
0.222
0.137
0.136
0.171
0.186
0.157
0.237
0.243
0.282
0.365
0.223
0.163
0.115
0.201
0.338
0.251
0.129
0.077
0.077
0.070
0.066
0.064
0.062
0.065
0.089
0.147
0.217
0.187
0.047
0.057
0.062
0.054
0.067
0.166
0.168
0.100
0.080
0.117
0.097
0.133
0.212
0.213
0.238
0.264
0.248
0.249
0.280
0.312
0.357
0.284
0.283
0.251
0.262
0.308
0.273
0.318
0.302
0.230
0.209
0.163
0.182
0.225
0.224
0.249
0.264
0.261
0.351
0.296
0.231
0.228
0.247
0.309
0.272
0.184
0.202
0.293
0.238
0.256
0.248
0.189
0.160
0.209
0.283
0.319
0.284
0.256
0.305
0.347
0.293
0.271
0.280
0.334
0.429
0.453
0.299
0.309
0.266
0.289
0.387
0.415
0.528
0.507
0.532
0.571
0.619
0.677
0.652
0.696
0.715
0.693
0.799
0.835
0.831
0.803
0.674
0.649
0.670
0.617
0.580
0.701
0.606
0.844
0.731
0.726
0.719
0.794
0.726
0.660
0.579
0.533
0.549
0.542
0.509
0.548
0.538
0.606
0.800
0.862
0.892
0.883
0.767
0.763
0.831
0.870
0.880
0.839
0.889
0.874
0.828
0.801
0.793
0.808
0.777
0.750
0.756
0.752
0.793
0.786
0.759
0.760
0.787
0.776
0.737
0.685
0.714
0.754
0.773
0.714
0.674
0.644
0.650
0.621
0.559
0.469
0.417
0.335
0.408
0.571
0.580
0.614
0.669
0.692
0.660
0.830
0.758
0.863
0.909
0.883
0.896
0.922
0.837
0.810
0.670
0.682
0.828
0.938
0.857
0.828
0.798
0.789
0.715
0.724
0.770
0.647
0.662
0.629
0.581
0.537
0.524
0.533
0.480
0.399
0.385
0.353
0.377
0.345
0.302
0.416
0.307
0.356
0.440
0.334
0.248
0.378
0.387
0.327
0.364
0.409
0.301
0.310
0.230
0.223
0.344
0.384
0.452
0.381
0.371
0.341
0.338
0.342
0.334
0.254
0.275
0.337
0.340
0.221
0.228
0.261
0.249
0.262
0.273
0.300
0.242
0.260
0.274
0.341
0.289
0.341
0.456
0.468
0.328
0.218
0.276
0.279
0.367
0.414
0.364
0.351
0.284
0.220
0.266
0.279
0.223
0.194
0.228
0.264
0.269
0.298
0.244
0.239
0.266
0.296
0.283
0.310
0.314
0.298
0.244
0.252
0.333
0.414
0.427
0.493
0.401
0.504
0.366
0.365
0.376
0.300
0.329
0.391
0.309
0.310
0.326
0.302
0.235
0.290
0.264
0.327
0.354
0.409
0.398
0.552
0.453
0.350
0.350
0.232
0.231
0.246
0.309
0.275
0.251
0.289
0.332
0.261
0.199
0.221
0.229
0.229
0.205
0.176
0.188
0.320
0.360
0.235
0.192
0.192
0.221
0.253
0.254
0.229
0.347
0.429
0.372
0.287
0.243
0.148
0.145
0.171
0.199
0.192
0.219
0.277
0.188
0.098
0.122
0.147
0.115
0.164
0.185
0.181
0.145
0.445
0.667
0.478
0.294
0.293
0.342
0.297
0.268
0.193
0.197
0.300
0.260
0.204
0.166
0.261
0.247
0.220
0.178
0.143
0.086
0.103
0.088
0.092
0.230
0.280
0.204
0.212
0.240
0.225
0.200
0.231
0.299
0.270
0.190
0.169
0.134
0.174
0.165
0.155
0.218
0.114
0.216
0.222
0.187
0.215
0.264
0.319
0.273
0.217
0.289
0.362
0.304
0.268
0.223
0.199
0.193
0.158
0.131
0.117
0.174
0.238
0.222
0.236
0.184
0.218
0.270
0.329
0.364
0.352
0.329
0.229
0.348
0.443
0.450
0.419
0.389
0.360
0.350
0.352
0.295
0.310
0.318
0.314
0.365
0.547
0.802
0.602
0.517
0.442
0.429
0.425
0.386
0.388
0.358
0.357
0.405
0.417
0.402
0.365
0.327
0.328
0.329
0.327
0.306
0.267
0.268
0.227
0.289
0.418
0.512
0.621
0.698
0.680
0.686
0.666
0.588
0.598
0.432
0.419
0.782
0.815
0.831
0.815
0.825
0.760
0.739
0.601
0.582
0.547
0.512
0.625
0.644
0.716
0.783
0.817
0.765
0.871
0.878
0.782
0.731
0.821
0.871
0.938
0.853
0.900
0.936
0.928
0.867
0.900
0.854
0.857
0.882
0.902
0.932
0.903
0.922
0.900
0.907
0.866
0.864
0.844
0.890
0.899
0.953
0.959
0.941
0.946
0.898
0.860
0.893
0.900
0.885
0.871
0.866
0.787
0.895
0.887
0.850
0.834
0.769
0.704
0.858
0.911
0.837
0.787
0.753
0.773
0.775
0.743
0.796
0.704
0.711
0.679
0.695
0.781
0.817
0.758
0.805
0.838
0.844
0.795
0.767
0.805
0.748
0.709
0.579
0.419
0.432
0.594
0.534
0.472
0.547
0.574
0.553
0.537
0.527
0.491
0.422
0.578
0.394
0.451
0.362
0.339
0.331
0.410
0.456
0.454
0.462
0.373
0.277
0.315
0.336
0.372
0.336
0.321
0.311
0.295
0.279
0.293
0.355
0.315
0.326
0.362
0.370
0.337
0.317
0.248
0.283
0.338
0.358
0.363
0.359
0.341
0.381
0.388
0.390
0.349
0.364
0.408
0.438
0.284
0.263
0.328
0.294
0.260
0.282
0.399
0.324
0.462
0.436
0.442
0.652
0.598
0.547
0.397
0.369
0.300
0.270
0.273
0.314
0.366
0.337
0.330
0.265
0.313
0.331
0.342
0.328
0.376
0.359
0.442
0.489
0.535
0.429
0.379
0.404
0.397
0.438
0.463
0.501
0.510
0.382
0.327
0.387
0.342
0.397
0.390
0.335
0.326
0.274
0.253
0.284
0.266
0.269
0.200
0.253
0.211
0.273
0.318
0.259
0.232
0.172
0.211
0.212
0.212
0.202
0.275
0.445
0.357
0.202
0.258
0.251
0.225
0.208
0.433
0.496
0.251
0.253
0.466
0.539
0.444
0.470
0.330
0.440
0.291
0.286
0.301
0.289
0.230
0.231
0.249
0.299
0.306
0.295
0.303
0.339
0.343
0.432
0.350
0.236
0.209
0.173
0.176
0.158
0.158
0.296
0.362
0.264
0.382
0.437
0.319
0.187
0.172
0.168
0.199
0.226
0.356
0.312
0.256
0.170
0.162
0.139
0.144
0.118
0.126
0.117
0.130
0.154
0.202
0.131
0.077
0.102
0.110
0.150
0.151
0.178
0.176
0.143
0.125
0.180
0.208
0.220
0.205
0.154
0.117
0.104
0.171
0.148
0.119
0.186
0.259
0.284
0.202
0.142
0.143
0.138
0.150
0.146
0.154
0.143
0.169
0.191
0.215
0.258
0.271
0.275
0.278
0.282
0.257
0.248
0.329
0.323
0.349
0.374
0.328
0.306
0.317
0.340
0.413
0.359
0.313
0.277
0.309
0.327
0.280
0.254
0.353
0.319
0.269
0.204
0.225
0.536
0.554
0.564
0.492
0.395
0.340
0.348
0.372
0.402
0.382
0.378
0.411
0.524
0.561
0.487
0.550
0.503
0.563
0.601
0.443
0.362
0.588
0.801
0.722
0.745
0.636
0.696
0.651
0.615
0.778
0.904
0.900
0.818
0.826
0.779
0.784
0.848
0.895
0.875
0.807
0.841
0.793
0.742
0.777
0.858
0.717
0.684
0.695
0.629
0.617
0.679
0.686
0.795
0.717
0.682
0.739
0.761
0.828
0.786
0.820
0.855
0.894
0.894
0.901
0.832
0.862
0.835
0.928
0.907
0.887
0.927
0.935
0.939
0.909
0.891
0.917
0.866
0.800
0.775
0.904
0.886
0.907
0.810
0.747
0.751
0.802
0.828
0.847
0.871
0.901
0.862
0.882
0.900
0.889
0.871
0.912
0.876
0.812
0.831
0.780
0.819
0.763
0.765
0.728
0.696
0.682
0.649
0.630
0.691
0.694
0.804
0.770
0.794
0.733
0.687
0.650
0.748
0.675
0.587
0.430
0.434
0.530
0.490
0.415
0.411
0.395
0.347
0.459
0.484
0.555
0.552
0.395
0.368
0.355
0.331
0.217
0.209
0.218
0.333
0.278
0.288
0.323
0.280
0.313
0.300
0.265
0.260
0.271
0.250
0.232
0.289
0.348
0.218
0.231
0.351
0.340
0.172
0.408
0.374
0.368
0.330
0.354
0.297
0.368
0.322
0.295
0.276
0.204
0.255
0.246
0.189
0.181
0.199
0.194
0.216
0.227
0.236
0.362
0.449
0.451
0.438
0.323
0.335
0.248
0.310
0.341
0.327
0.323
0.264
0.283
0.265
0.298
0.373
0.320
0.315
0.257
0.297
0.245
0.279
0.415
0.374
0.322
0.267
0.234
0.372
0.333
0.226
0.236
0.334
0.263
0.283
0.317
0.226
0.235
0.204
0.239
0.279
0.290
0.344
0.493
0.454
0.445
0.371
0.286
0.266
0.234
0.258
0.245
0.278
0.359
0.312
0.198
0.228
0.247
0.246
0.209
0.185
0.240
0.307
0.285
0.276
0.324
0.251
0.302
0.254
0.522
0.378
0.313
0.391
0.326
0.271
0.238
0.246
0.182
0.131
0.182
0.191
0.176
0.151
0.122
0.139
0.141
0.133
0.147
0.194
0.422
0.238
0.124
0.115
0.112
0.096
0.084
0.101
0.142
0.220
0.237
0.199
0.208
0.168
0.129
0.118
0.134
0.183
0.215
0.313
0.272
0.179
0.152
0.121
0.166
0.199
0.228
0.084
0.077
0.093
0.198
0.295
0.242
0.152
0.161
0.157
0.243
0.221
0.363
0.362
0.328
0.501
0.512
0.287
0.231
0.216
0.224
0.163
0.186
0.237
0.208
0.200
0.200
0.205
0.190
0.082
0.119
0.142
0.189
0.158
0.138
0.124
0.127
0.115
0.125
0.122
0.159
0.178
0.178
0.252
0.308
0.323
0.308
0.393
0.377
0.333
0.385
0.338
0.313
0.342
0.343
0.321
0.304
0.330
0.349
0.357
0.351
0.350
0.338
0.357
0.329
0.282
0.210
0.230
0.262
0.294
0.329
0.337
0.346
0.367
0.352
0.356
0.366
0.400
0.584
0.543
0.503
0.528
0.599
0.576
0.809
0.676
0.786
0.601
0.524
0.574
0.486
0.494
0.579
0.546
0.467
0.434
0.420
0.491
0.555
0.649
0.524
0.623
0.726
0.768
0.712
0.730
0.657
0.612
0.526
0.631
0.630
0.830
0.767
0.858
0.748
0.779
0.758
0.667
0.607
0.571
0.544
0.525
0.534
0.542
0.533
0.560
0.608
0.593
0.715
0.831
0.887
0.710
0.774
0.843
0.847
0.942
0.864
0.788
0.833
0.828
0.856
0.888
0.840
0.820
0.854
0.947
0.907
0.933
0.864
0.847
0.815
0.866
0.807
0.757
0.709
0.749
0.771
0.702
0.779
0.808
0.827
0.714
0.680
0.675
0.628
0.608
0.527
0.522
0.624
0.679
0.759
0.722
0.592
0.509
0.566
0.714
0.765
0.754
0.823
0.815
0.861
0.882
0.888
0.741
0.708
0.719
0.774
0.708
0.624
0.601
0.671
0.722
0.707
0.671
0.698
0.678
0.662
0.570
0.507
0.584
0.637
0.630
0.631
0.632
0.504
0.381
0.326
0.313
0.289
0.297
0.290
0.350
0.318
0.320
0.316
0.318
0.240
0.292
0.289
0.231
0.264
0.254
0.346
0.428
0.467
0.340
0.267
0.308
0.306
0.284
0.211
0.257
0.266
0.250
0.284
0.263
0.293
0.267
0.224
0.261
0.209
0.301
0.295
0.399
0.634
0.446
0.183
0.239
0.249
0.316
0.383
0.276
0.245
0.254
0.266
0.241
0.436
0.261
0.263
0.310
0.354
0.354
0.331
0.316
0.337
0.336
0.341
0.296
0.346
0.399
0.421
0.348
0.522
0.316
0.251
0.259
0.374
0.487
0.353
0.243
0.214
0.249
0.344
0.428
0.281
0.247
0.261
0.273
0.351
0.258
0.384
0.596
0.377
0.388
0.411
0.702
0.645
0.596
0.546
0.470
0.506
0.475
0.402
0.361
0.428
0.456
0.421
0.308
0.272
0.249
0.272
0.368
0.381
0.300
0.234
0.186
0.202
0.324
0.309
0.219
0.240
0.386
0.446
0.371
0.293
0.318
0.261
0.267
0.256
0.340
0.321
0.496
0.304
0.230
0.205
0.232
0.218
0.197
0.169
0.149
0.182
0.285
0.351
0.256
0.272
0.235
0.225
0.168
0.152
0.285
0.237
0.214
0.303
0.267
0.157
0.125
0.137
0.128
0.084
0.116
0.110
0.109
0.145
0.171
0.232
0.302
0.254
0.212
0.212
0.164
0.185
0.179
0.274
0.364
0.263
0.240
0.225
0.218
0.196
0.192
0.131
0.207
0.311
0.262
0.312
0.202
0.153
0.119
0.094
0.094
0.139
0.215
0.167
0.127
0.073
0.060
0.132
0.193
0.174
0.101
0.119
0.104
0.074
0.059
0.079
0.087
0.111
0.151
0.144
0.202
0.302
0.226
0.264
0.154
0.152
0.187
0.240
0.314
0.344
0.312
0.293
0.304
0.310
0.301
0.274
0.288
0.283
0.244
0.180
0.252
0.248
0.299
0.285
0.300
0.293
0.308
0.344
0.355
0.354
0.395
0.395
0.412
0.384
0.332
0.326
0.342
0.372
0.362
0.346
0.380
0.359
0.349
0.372
0.366
0.393
0.355
0.305
0.242
0.286
0.410
0.460
0.592
0.543
0.524
0.551
0.712
0.597
0.549
0.572
0.724
0.619
0.570
0.503
0.409
0.435
0.393
0.624
0.902
0.785
0.753
0.796
0.855
0.760
0.741
0.824
0.913
0.867
0.787
0.907
0.838
0.860
0.911
0.932
0.927
0.899
0.899
0.905
0.828
0.844
0.866
0.868
0.742
0.698
0.718
0.710
0.753
0.694
0.729
0.706
0.703
0.722
0.733
0.740
0.756
0.781
0.676
0.636
0.604
0.592
0.616
0.555
0.555
0.571
0.600
0.750
0.717
0.881
0.917
0.948
0.877
0.880
0.846
0.792
0.768
0.783
0.774
0.743
0.646
0.572
0.702
0.660
0.688
0.581
0.575
0.607
0.651
0.607
0.517
0.484
0.493
0.541
0.495
0.469
0.493
0.543
0.570
0.508
0.428
0.347
0.339
0.327
0.383
0.478
0.663
0.669
0.589
0.496
0.575
0.585
0.601
0.538
0.444
0.433
0.353
0.406
0.393
0.286
0.375
0.346
0.318
0.291
0.248
0.135
0.131
0.175
0.285
0.223
0.347
0.281
0.262
0.242
0.216
0.253
0.250
0.268
0.300
0.293
0.339
0.353
0.371
0.317
0.453
0.569
0.636
0.603
0.492
0.487
0.330
0.286
0.469
0.475
0.423
0.421
0.371
0.419
0.216
0.278
0.284
0.383
0.422
0.366
0.370
0.342
0.380
0.404
0.316
0.257
0.251
0.295
0.326
0.252
0.254
0.316
0.375
0.362
0.336
0.375
0.497
0.443
0.435
0.517
0.486
0.406
0.429
0.328
0.220
0.286
0.298
0.289
0.384
0.518
0.405
0.300
0.317
0.457
0.486
0.300
0.289
0.325
0.312
0.251
0.239
0.325
0.393
0.363
0.372
0.389
0.315
0.345
0.308
0.313
0.219
0.287
0.315
0.350
0.296
0.253
0.275
0.296
0.303
0.339
0.349
0.266
0.230
0.183
0.292
0.340
0.397
0.280
0.273
0.316
0.394
0.247
0.289
0.434
0.267
0.260
0.236
0.150
0.156
0.146
0.146
0.179
0.190
0.254
0.364
0.337
0.277
0.182
0.220
0.147
0.181
0.282
0.276
0.397
0.439
0.395
0.360
0.263
0.174
0.128
0.117
0.095
0.101
0.143
0.208
0.229
0.173
0.132
0.113
0.101
0.110
0.126
0.256
0.232
0.284
0.262
0.230
0.179
0.181
0.320
0.343
0.371
0.402
0.272
0.195
0.125
0.120
0.073
0.083
0.114
0.171
0.245
0.242
0.243
0.181
0.144
0.146
0.164
0.249
0.266
0.311
0.301
0.302
0.210
0.169
0.256
0.270
0.267
0.192
0.219
0.194
0.188
0.199
0.215
0.269
0.227
0.291
0.260
0.233
0.236
0.213
0.238
0.230
0.209
0.252
0.270
0.293
0.248
0.192
0.205
0.169
0.165
0.224
0.218
0.241
0.309
0.411
0.433
0.417
0.401
0.381
0.286
0.313
0.442
0.520
0.441
0.452
0.452
0.620
0.570
0.454
0.351
0.290
0.249
0.216
0.268
0.457
0.542
0.449
0.358
0.241
0.335
0.364
0.370
0.431
0.470
0.476
0.420
0.381
0.407
0.419
0.418
0.400
0.450
0.495
0.638
0.810
0.801
0.779
0.750
0.707
0.734
0.737
0.727
0.760
0.731
0.701
0.677
0.704
0.651
0.701
0.671
0.680
0.748
0.837
0.914
0.930
0.854
0.910
0.833
0.812
0.760
0.793
0.938
0.901
0.849
0.897
0.911
0.873
0.841
0.897
0.903
0.902
0.887
0.865
0.840
0.845
0.836
0.824
0.797
0.839
0.894
0.822
0.810
0.825
0.799
0.806
0.784
0.811
0.823
0.757
0.808
0.837
0.889
0.897
0.861
0.851
0.872
0.870
0.885
0.891
0.838
0.891
0.921
0.909
0.919
0.924
0.901
0.877
0.814
0.759
0.720
0.672
0.656
0.694
0.728
0.755
0.683
0.571
0.543
0.546
0.487
0.506
0.483
0.466
0.482
0.480
0.439
0.472
0.388
0.399
0.369
0.322
0.500
0.665
0.757
0.654
0.555
0.478
0.311
0.334
0.579
0.567
0.616
0.563
0.581
0.512
0.440
0.420
0.344
0.278
0.362
0.405
0.326
0.317
0.322
0.335
0.335
0.348
0.316
0.296
0.286
0.342
0.444
0.546
0.632
0.638
0.686
0.653
0.618
0.690
0.743
0.697
0.531
0.435
0.620
0.783
0.772
0.864
0.766
0.685
0.630
0.623
0.566
0.576
0.508
0.465
0.406
0.413
0.486
0.487
0.424
0.378
0.423
0.397
0.282
0.337
0.448
0.462
0.377
0.360
0.344
0.320
0.281
0.353
0.314
0.413
0.601
0.503
0.366
0.363
0.385
0.463
0.597
0.529
0.347
0.279
0.352
0.344
0.380
0.368
0.325
0.375
0.327
0.305
0.304
0.316
0.394
0.594
0.618
0.514
0.209
0.226
0.369
0.269
0.330
0.312
0.342
0.344
0.315
0.338
0.289
0.314
0.367
0.398
0.514
0.381
0.367
0.366
0.308
0.298
0.374
0.448
0.608
0.528
0.323
0.296
0.274
0.292
0.317
0.455
0.594
0.436
0.385
0.340
0.307
0.296
0.337
0.317
0.279
0.258
0.307
0.285
0.272
0.309
0.250
0.273
0.351
0.336
0.311
0.255
0.212
0.242
0.220
0.132
0.141
0.162
0.137
0.157
0.194
0.171
0.161
0.168
0.234
0.357
0.277
0.206
0.260
0.262
0.183
0.118
0.136
0.170
0.334
0.283
0.324
0.284
0.233
0.144
0.129
0.125
0.103
0.126
0.138
0.198
0.183
0.217
0.217
0.244
0.231
0.194
0.231
0.286
0.197
0.096
0.087
0.103
0.079
0.074
0.082
0.123
0.167
0.165
0.194
0.269
0.302
0.248
0.303
0.352
0.409
0.397
0.337
0.313
0.273
0.254
0.325
0.352
0.389
0.372
0.360
0.336
0.323
0.301
0.297
0.335
0.392
0.427
0.423
0.401
0.389
0.364
0.370
0.356
0.341
0.342
0.343
0.401
0.391
0.365
0.328
0.335
0.253
0.225
0.300
0.394
0.450
0.398
0.422
0.475
0.483
0.487
0.515
0.474
0.500
0.566
0.528
0.497
0.477
0.472
0.510
0.539
0.451
0.485
0.584
0.936
0.754
0.728
0.696
0.677
0.683
0.698
0.648
0.900
0.857
0.876
0.905
0.937
0.873
0.824
0.827
0.899
0.896
0.857
0.817
0.876
0.865
0.818
0.834
0.819
0.917
0.912
0.884
0.835
0.837
0.845
0.882
0.863
0.903
0.897
0.825
0.924
0.869
0.855
0.823
0.871
0.942
0.957
0.924
0.936
0.941
0.935
0.938
0.921
0.942
0.878
0.862
0.838
0.849
0.868
0.867
0.850
0.862
0.893
0.872
0.863
0.870
0.888
0.888
0.884
0.923
0.871
0.870
0.927
0.945
0.923
0.937
0.890
0.923
0.882
0.936
0.930
0.901
0.819
0.840
0.849
0.902
0.908
0.847
0.810
0.795
0.796
0.786
0.778
0.798
0.788
0.779
0.760
0.735
0.696
0.628
0.648
0.684
0.673
0.661
0.572
0.506
0.507
0.461
0.383
0.418
0.414
0.412
0.365
0.408
0.405
0.474
0.368
0.271
0.365
0.372
0.299
0.298
0.310
0.293
0.302
0.335
0.326
0.333
0.320
0.304
0.300
0.304
0.295
0.310
0.387
0.361
0.368
0.345
0.367
0.358
0.376
0.359
0.355
0.316
0.335
0.330
0.336
0.312
0.320
0.273
0.268
0.302
0.339
0.422
0.432
0.419
0.381
0.333
0.284
0.246
0.254
0.235
0.288
0.392
0.447
0.452
0.340
0.316
0.383
0.262
0.163
0.201
0.253
0.351
0.308
0.326
0.341
0.316
0.306
0.299
0.273
0.351
0.371
0.350
0.387
0.357
0.335
0.285
0.278
0.354
0.409
0.400
0.453
0.506
0.409
0.565
0.667
0.446
0.218
0.343
0.369
0.338
0.304
0.338
0.248
0.394
0.645
0.547
0.327
0.326
0.411
0.279
0.264
0.314
0.348
0.323
0.357
0.344
0.344
0.360
0.330
0.288
0.188
0.304
0.223
0.453
0.406
0.280
0.328
0.122
0.147
0.151
0.168
0.231
0.502
0.346
0.220
0.291
0.333
0.268
0.216
0.252
0.344
0.453
0.349
0.195
0.166
0.213
0.163
0.185
0.195
0.352
0.438
0.395
0.389
0.339
0.366
0.351
0.237
0.085
0.118
0.112
0.174
0.306
0.151
0.139
0.180
0.213
0.281
0.272
0.271
0.070
0.066
0.065
0.065
0.099
0.148
0.214
0.232
0.173
0.158
0.206
0.189
0.152
0.186
0.218
0.221
0.239
0.233
0.202
0.182
0.279
0.288
0.261
0.300
0.351
0.327
0.247
0.277
0.316
0.270
0.481
0.423
0.286
0.236
0.303
0.241
0.243
0.214
0.228
0.232
0.198
0.205
0.215
0.205
0.308
0.392
0.356
0.372
0.385
0.277
0.290
0.307
0.380
0.384
0.337
0.292
0.285
0.314
0.322
0.325
0.308
0.291
0.330
0.305
0.319
0.313
0.336
0.351
0.316
0.329
0.371
0.361
0.375
0.374
0.378
0.375
0.355
0.342
0.363
0.366
0.402
0.414
0.486
0.476
0.386
0.535
0.481
0.508
0.439
0.426
0.431
0.455
0.437
0.459
0.458
0.445
0.452
0.444
0.479
0.458
0.437
0.434
0.453
0.569
0.537
0.645
0.815
0.739
0.703
0.709
0.685
0.820
0.826
0.798
0.881
0.865
0.826
0.761
0.832
0.830
0.881
0.844
0.726
0.679
0.758
0.804
0.793
0.785
0.744
0.711
0.759
0.838
0.820
0.843
0.854
0.857
0.794
0.794
0.779
0.817
0.878
0.837
0.788
0.881
0.849
0.874
0.905
0.897
0.921
0.923
0.899
0.825
0.874
0.927
0.884
0.893
0.920
0.945
0.883
0.837
0.867
0.852
0.812
0.834
0.886
0.854
0.854
0.840
0.836
0.881
0.950
0.946
0.908
0.917
0.886
0.942
0.906
0.939
0.852
0.839
0.843
0.861
0.816
0.822
0.854
0.863
0.843
0.825
0.800
0.739
0.641
0.576
0.533
0.509
0.407
0.417
0.431
0.648
0.677
0.654
0.557
0.459
0.409
0.296
0.364
0.392
0.462
0.508
0.474
0.393
0.410
0.450
0.394
0.386
0.353
0.347
0.375
0.315
0.287
0.298
0.250
0.264
0.231
0.257
0.273
0.282
0.255
0.260
0.263
0.288
0.253
0.278
0.318
0.359
0.306
0.285
0.314
0.262
0.319
0.289
0.231
0.234
0.240
0.268
0.305
0.308
0.311
0.317
0.295
0.326
0.312
0.320
0.316
0.416
0.369
0.260
0.319
0.329
0.289
0.260
0.233
0.243
0.287
0.287
0.382
0.477
0.336
0.462
0.624
0.611
0.474
0.385
0.374
0.328
0.269
0.179
0.223
0.238
0.216
0.239
0.268
0.348
0.480
0.590
0.369
0.384
0.346
0.374
0.411
0.371
0.325
0.303
0.235
0.178
0.175
0.273
0.334
0.474
0.546
0.446
0.417
0.518
0.542
0.531
0.335
0.247
0.174
0.228
0.224
0.191
0.207
0.186
0.201
0.210
0.199
0.210
0.276
0.262
0.328
0.339
0.500
0.539
0.330
0.254
0.205
0.203
0.231
0.314
0.325
0.393
0.315
0.381
0.421
0.463
0.334
0.292
0.270
0.258
0.325
0.348
0.369
0.296
0.239
0.338
0.242
0.139
0.177
0.126
0.092
0.133
0.133
0.119
0.142
0.211
0.284
0.263
0.150
0.204
0.272
0.215
0.209
0.274
0.153
0.132
0.181
0.225
0.244
0.274
0.307
0.163
0.173
0.272
0.344
0.406
0.272
0.198
0.167
0.202
0.297
0.257
0.152
0.125
0.169
0.242
0.341
0.221
0.279
0.233
0.186
0.199
0.183
0.250
0.332
0.354
0.317
0.321
0.304
0.312
0.359
0.322
0.282
0.234
0.233
0.204
0.284
0.275
0.139
0.099
0.195
0.317
0.266
0.289
0.262
0.213
0.242
0.300
0.297
0.304
0.298
0.226
0.199
0.241
0.298
0.287
0.254
0.254
0.238
0.252
0.335
0.385
0.383
0.392
0.400
0.376
0.370
0.354
0.360
0.375
0.322
0.340
0.415
0.422
0.412
0.474
0.596
0.602
0.711
0.630
0.669
0.646
0.567
0.533
0.551
0.725
0.888
0.757
0.700
0.643
0.646
0.603
0.576
0.560
0.603
0.618
0.621
0.624
0.590
0.623
0.563
0.551
0.618
0.790
0.778
0.845
0.862
0.888
0.857
0.866
0.835
0.843
0.883
0.915
0.861
0.889
0.935
0.896
0.843
0.846
0.936
0.817
0.790
0.899
0.889
0.884
0.945
0.934
0.887
0.878
0.926
0.841
0.911
0.889
0.847
0.882
0.925
0.932
0.933
0.946
0.904
0.904
0.934
0.927
0.924
0.885
0.888
0.853
0.810
0.803
0.923
0.885
0.852
0.923
0.931
0.887
0.819
0.851
0.845
0.823
0.824
0.826
0.819
0.795
0.781
0.777
0.784
0.828
0.792
0.709
0.598
0.569
0.600
0.559
0.591
0.603
0.645
0.619
0.603
0.502
0.456
0.749
0.874
0.884
0.893
0.893
0.935
0.882
0.918
0.924
0.891
0.874
0.854
0.835
0.722
0.730
0.806
0.844
0.809
0.770
0.813
0.788
0.744
0.666
0.642
0.645
0.618
0.537
0.463
0.444
0.426
0.450
0.412
0.405
0.432
0.526
0.484
0.424
0.480
0.537
0.553
0.517
0.504
0.468
0.538
0.521
0.477
0.497
0.545
0.502
0.459
0.433
0.416
0.396
0.462
0.469
0.367
0.307
0.316
0.323
0.324
0.326
0.332
0.329
0.336
0.342
0.349
0.311
0.303
0.281
0.304
0.346
0.329
0.315
0.300
0.321
0.395
0.367
0.427
0.415
0.399
0.358
0.395
0.364
0.375
0.475
0.529
0.533
0.515
0.576
0.474
0.294
0.362
0.313
0.374
0.461
0.488
0.448
0.366
0.360
0.447
0.464
0.284
0.468
0.548
0.649
0.490
0.276
0.336
0.332
0.432
0.430
0.459
0.425
0.408
0.368
0.419
0.380
0.512
0.455
0.417
0.373
0.548
0.791
0.664
0.498
0.573
0.547
0.525
0.406
0.330
0.328
0.278
0.289
0.312
0.336
0.389
0.399
0.442
0.401
0.467
0.455
0.304
0.310
0.474
0.282
0.379
0.462
0.343
0.284
0.243
0.285
0.303
0.307
0.434
0.320
0.344
0.348
0.392
0.324
0.231
0.236
0.261
0.251
0.248
0.246
0.274
0.245
0.219
0.224
0.306
0.266
0.283
0.161
0.119
0.185
0.164
0.177
0.273
0.368
0.140
0.104
0.251
0.422
0.354
0.269
0.300
0.279
0.257
0.248
0.293
0.336
0.267
0.238
0.310
0.315
0.190
0.181
0.239
0.289
0.150
0.101
0.095
0.138
0.176
0.221
0.251
0.211
0.225
0.236
0.271
0.304
0.258
0.242
0.165
0.174
0.188
0.214
0.237
0.186
0.142
0.165
0.167
0.178
0.245
0.285
0.281
0.298
0.215
0.165
0.148
0.160
0.296
0.338
0.382
0.373
0.372
0.358
0.421
0.406
0.284
0.215
0.174
0.181
0.221
0.278
0.262
0.286
0.203
0.163
0.181
0.261
0.294
0.326
0.338
0.264
0.209
0.224
0.230
0.239
0.236
0.278
0.270
0.299
0.404
0.455
0.451
0.487
0.502
0.521
0.546
0.515
0.511
0.444
0.451
0.494
0.473
0.452
0.449
0.418
0.398
0.404
0.435
0.454
0.485
0.506
0.580
0.486
0.425
0.384
0.398
0.423
0.437
0.549
0.526
0.550
0.605
0.685
0.637
0.699
0.683
0.791
0.878
0.755
0.715
0.713
0.873
0.925
0.942
0.902
0.866
0.955
0.939
0.907
0.876
