20000101
0.223
0.267
0.300
0.318
0.366
0.297
0.303
0.361
0.326
0.407
0.359
0.365
0.441
0.317
0.134
0.194
0.180
0.282
0.263
0.162
0.476
0.567
0.566
0.427
0.395
0.351
0.281
0.245
0.278
0.223
0.213
0.536
0.472
0.546
0.490
0.452
0.394
0.293
0.288
0.291
0.375
0.448
0.311
0.186
0.213
0.235
0.152
0.160
0.138
0.164
0.220
0.214
0.228
0.210
0.195
0.122
0.098
0.153
0.221
0.308
0.204
0.247
0.220
0.282
0.264
0.095
0.156
0.111
0.086
0.098
0.308
0.293
0.339
0.085
0.173
0.296
0.311
0.244
0.052
0.045
0.151
0.222
0.149
0.128
0.111
0.106
0.086
0.060
0.132
0.079
0.148
0.127
0.084
0.082
0.098
0.123
0.080
0.071
0.102
0.104
0.108
0.158
0.134
0.151
0.215
0.277
0.270
0.139
0.173
0.132
0.127
0.152
0.213
0.287
0.269
0.298
0.292
0.297
0.226
0.244
0.215
0.144
0.217
0.173
0.182
0.169
0.212
0.234
0.281
0.360
0.286
0.350
0.406
0.477
0.410
0.399
0.451
0.498
0.562
0.500
0.519
0.478
0.394
0.422
0.393
0.359
0.359
0.335
0.306
0.393
0.456
0.475
0.396
0.332
0.295
0.331
0.418
0.244
0.290
0.398
0.417
0.312
0.318
0.345
0.406
0.391
0.403
0.367
0.343
0.317
0.299
0.304
0.379
0.395
0.447
0.414
0.405
0.413
0.398
0.439
0.363
0.384
0.586
0.732
0.619
0.643
0.553
0.526
0.544
0.700
0.672
0.682
0.707
0.726
0.737
0.871
0.890
0.835
0.809
0.728
0.734
0.734
0.824
0.728
0.665
0.590
0.574
0.547
0.522
0.519
0.605
0.652
0.615
0.550
0.502
0.588
0.526
0.489
0.483
0.435
0.419
0.476
0.506
0.601
0.713
0.853
0.876
0.852
0.822
0.829
0.782
0.850
0.896
0.861
0.869
0.742
0.714
0.634
0.695
0.802
0.790
0.753
0.716
0.794
0.772
0.725
0.694
0.726
0.899
0.693
0.641
0.690
0.641
0.613
0.602
0.599
0.573
0.525
0.452
0.464
0.483
0.475
0.519
0.459
0.389
0.346
0.450
0.447
0.525
0.406
0.334
0.305
0.213
0.290
0.333
0.240
0.201
0.259
0.254
0.291
0.276
0.355
0.315
0.360
0.346
0.347
0.321
0.274
0.308
0.121
0.138
0.202
0.224
0.255
0.156
0.193
0.313
0.414
0.333
0.294
0.233
0.175
0.201
0.177
0.167
0.147
0.140
0.171
0.223
0.243
0.194
0.279
0.294
0.269
0.249
0.233
0.241
0.240
0.245
0.213
0.250
0.329
0.263
0.153
0.163
0.255
0.326
0.357
0.230
0.250
0.297
0.271
0.244
0.213
0.184
0.159
0.130
0.105
0.157
0.164
0.171
0.200
0.251
0.248
0.207
0.296
0.238
0.327
0.289
0.315
0.393
0.317
0.303
0.377
0.314
0.287
0.223
0.229
0.247
0.227
0.144
0.210
0.238
0.248
0.362
0.553
0.407
0.478
0.346
0.412
0.339
0.318
0.243
0.259
0.291
0.249
0.268
0.291
0.198
0.216
0.226
0.216
0.311
0.382
0.252
0.209
0.254
0.431
0.202
0.127
0.239
0.165
0.157
0.203
0.320
0.205
0.223
0.188
0.127
0.194
0.127
0.143
0.212
0.217
0.160
0.123
0.200
0.152
0.115
0.123
0.196
0.273
0.273
0.259
0.243
0.268
0.184
0.276
0.122
0.195
0.223
0.359
0.292
0.312
0.217
0.130
0.087
0.103
0.147
0.149
0.101
0.142
0.122
0.066
0.072
0.169
0.461
0.446
0.309
0.199
0.169
0.165
0.166
0.163
0.261
0.307
0.276
0.237
0.243
0.185
0.197
0.261
0.290
0.290
0.175
0.173
0.118
0.113
0.123
0.176
0.107
0.107
0.066
0.065
0.108
0.162
0.248
0.200
0.216
0.177
0.200
0.242
0.291
0.371
0.285
0.224
0.145
0.105
0.093
0.110
0.124
0.128
0.120
0.165
0.213
0.261
0.178
0.199
0.152
0.246
0.222
0.245
0.220
0.242
0.277
0.273
0.276
0.282
0.247
0.268
0.315
0.356
0.347
0.407
0.431
0.372
0.375
0.320
0.223
0.212
0.412
0.441
0.411
0.402
0.495
0.617
0.570
0.541
0.566
0.653
0.560
0.527
0.520
0.454
0.467
0.463
0.531
0.586
0.600
0.595
0.699
0.737
0.784
0.767
0.717
0.680
0.567
0.484
0.466
0.487
0.458
0.436
0.446
0.459
0.438
0.481
0.472
0.564
0.699
0.797
0.930
0.858
0.726
0.659
0.723
0.779
0.779
0.867
0.856
0.828
0.750
0.817
0.826
0.841
0.801
0.711
0.845
0.875
0.831
0.883
0.784
0.806
0.781
0.737
0.743
0.775
0.744
0.737
0.695
0.607
0.564
0.574
0.740
0.749
0.804
0.794
0.772
0.797
0.817
0.823
0.864
0.814
0.812
0.937
0.936
0.882
0.736
0.713
0.749
0.785
0.811
0.797
0.786
0.703
0.660
0.659
0.686
0.741
0.671
0.659
0.635
0.577
0.574
0.610
0.625
0.689
0.703
0.621
0.582
0.628
0.662
0.604
0.559
0.511
0.510
0.452
0.513
0.453
0.502
0.496
0.349
0.370
0.378
0.403
0.383
0.242
0.348
0.194
0.218
0.357
0.495
0.588
0.645
0.591
0.421
0.402
0.340
0.466
0.595
0.764
0.829
0.640
0.546
0.277
0.321
0.259
0.203
0.209
0.225
0.193
0.209
0.208
0.188
0.175
0.183
0.221
0.170
0.212
0.279
0.286
0.253
0.240
0.245
0.263
0.281
0.339
0.210
0.250
0.205
0.188
0.197
0.200
0.195
0.176
0.182
0.201
0.191
0.179
0.181
0.211
0.267
0.197
0.212
0.220
0.196
0.184
0.196
0.190
0.194
0.192
0.255
0.288
0.306
0.368
0.308
0.296
0.264
0.247
0.258
0.375
0.468
0.410
0.246
0.254
0.259
0.266
0.285
0.321
0.270
0.303
0.220
0.205
0.216
0.266
0.290
0.388
0.257
0.219
0.218
0.259
0.231
0.173
0.195
0.201
0.214
0.219
0.293
0.404
0.248
0.253
0.263
0.290
0.310
0.244
0.461
0.542
0.472
0.317
0.564
0.428
0.316
0.300
0.345
0.361
0.313
0.426
0.433
0.195
0.193
0.184
0.198
0.215
0.240
0.181
0.170
0.183
0.195
0.140
0.133
0.134
0.108
0.250
0.393
0.224
0.227
0.289
0.280
0.233
0.221
0.246
0.219
0.165
0.217
0.229
0.308
0.277
0.195
0.191
0.163
0.205
0.231
0.207
0.201
0.191
0.118
0.139
0.170
0.304
0.402
0.251
0.142
0.201
0.320
0.471
0.440
0.249
0.223
0.146
0.095
0.115
0.198
0.179
0.181
0.220
0.302
0.335
0.120
0.067
0.061
0.059
0.098
0.187
0.148
0.102
0.129
0.200
0.165
0.288
0.358
0.240
0.152
0.134
0.135
0.174
0.175
0.300
0.202
0.209
0.182
0.154
0.162
0.186
0.155
0.228
0.174
0.184
0.089
0.057
0.099
0.088
0.095
0.103
0.091
0.067
0.068
0.084
0.089
0.240
0.228
0.271
0.279
0.314
0.345
0.365
0.314
0.304
0.255
0.262
0.272
0.287
0.390
0.388
0.353
0.335
0.274
0.248
0.291
0.309
0.350
0.374
0.352
0.258
0.257
0.314
0.286
0.306
0.314
0.333
0.341
0.318
0.273
0.268
0.273
0.309
0.385
0.363
0.475
0.478
0.507
0.493
0.458
0.521
0.581
0.549
0.482
0.373
0.381
0.459
0.645
0.757
0.894
0.854
0.660
0.565
0.545
0.571
0.489
0.491
0.511
0.499
0.460
0.536
0.465
0.419
0.484
0.481
0.653
0.703
0.642
0.679
0.701
0.743
0.656
0.735
0.780
0.749
0.766
0.749
0.653
0.523
0.520
0.458
0.463
0.445
0.452
0.433
0.480
0.791
0.877
0.816
0.873
0.829
0.792
0.786
0.867
0.890
0.890
0.866
0.787
0.739
0.734
0.711
0.667
0.685
0.670
0.775
0.824
0.831
0.870
0.827
0.750
0.644
0.763
0.839
0.819
0.788
0.833
0.856
0.751
0.681
0.583
0.575
0.567
0.560
0.595
0.445
0.525
0.583
0.587
0.553
0.579
0.630
0.638
0.499
0.415
0.419
0.384
0.439
0.527
0.487
0.475
0.438
0.322
0.263
0.264
0.199
0.235
0.254
0.213
0.236
0.221
0.254
0.258
0.291
0.307
0.279
0.308
0.274
0.259
0.303
0.382
0.286
0.357
0.410
0.353
0.293
0.208
0.179
0.193
0.177
0.185
0.260
0.313
0.277
0.230
0.166
0.114
0.154
0.293
0.298
0.228
0.386
0.257
0.247
0.266
0.281
0.310
0.379
0.343
0.251
0.214
0.244
0.194
0.209
0.204
0.220
0.255
0.317
0.270
0.226
0.155
0.165
0.148
0.154
0.214
0.203
0.215
0.252
0.201
0.230
0.225
0.252
0.250
0.229
0.264
0.225
0.267
0.231
0.235
0.279
0.287
0.378
0.320
0.433
0.452
0.384
0.361
0.338
0.323
0.350
0.331
0.359
0.391
0.317
0.410
0.560
0.449
0.517
0.416
0.410
0.344
0.381
0.245
0.307
0.277
0.277
0.237
0.231
0.179
0.153
0.197
0.147
0.215
0.177
0.272
0.245
0.225
0.187
0.174
0.223
0.219
0.277
0.276
0.417
0.425
0.286
0.544
0.513
0.478
0.530
0.369
0.296
0.387
0.235
0.264
0.239
0.314
0.238
0.156
0.166
0.195
0.241
0.210
0.248
0.690
0.465
0.362
0.212
0.230
0.222
0.224
0.227
0.255
0.260
0.240
0.250
0.289
0.213
0.054
0.086
0.083
0.086
0.087
0.080
0.128
0.111
0.113
0.108
0.101
0.110
0.133
0.208
0.207
0.178
0.162
0.135
0.134
0.122
0.155
0.133
0.118
0.123
0.152
0.205
0.259
0.178
0.169
0.161
0.241
0.374
0.427
0.243
0.155
0.169
0.159
0.153
0.171
0.160
0.175
0.273
0.295
0.287
0.229
0.250
0.235
0.262
0.227
0.102
0.075
0.103
0.181
0.210
0.210
0.135
0.083
0.083
0.108
0.151
0.225
0.138
0.262
0.260
0.235
0.220
0.085
0.098
0.092
0.117
0.171
0.160
0.070
0.153
0.157
0.255
0.324
0.307
0.302
0.350
0.356
0.314
0.274
0.292
0.321
0.287
0.344
0.222
0.181
0.211
0.280
0.268
0.250
0.324
0.356
0.379
0.366
0.343
0.313
0.345
0.348
0.358
0.366
0.404
0.519
0.655
0.769
0.767
0.695
0.592
0.512
0.519
0.502
0.562
0.577
0.544
0.639
0.630
0.564
0.558
0.562
0.637
0.709
0.866
0.780
0.749
0.742
0.790
0.738
0.787
0.712
0.717
0.698
0.722
0.854
0.765
0.732
0.716
0.762
0.754
0.763
0.774
0.888
0.892
0.824
0.837
0.904
0.902
0.842
0.785
0.795
0.820
0.843
0.854
0.851
0.769
0.734
0.784
0.823
0.821
0.842
0.800
0.779
0.738
0.726
0.705
0.645
0.680
0.712
0.718
0.705
0.661
0.679
0.830
0.916
0.907
0.878
0.858
0.825
0.944
0.892
0.881
0.825
0.830
0.768
0.758
0.779
0.792
0.672
0.682
0.744
0.741
0.679
0.671
0.712
0.720
0.617
0.704
0.738
0.733
0.657
0.693
0.692
0.694
0.671
0.704
0.643
0.561
0.522
0.559
0.565
0.548
0.470
0.459
0.359
0.346
0.386
0.418
0.453
0.428
0.453
0.404
0.386
0.266
0.237
0.313
0.325
0.352
0.356
0.288
0.222
0.290
0.289
0.306
0.258
0.258
0.242
0.269
0.313
0.319
0.327
0.311
0.238
0.295
0.476
0.420
0.427
0.305
0.300
0.377
0.269
0.159
0.171
0.272
0.306
0.312
0.355
0.367
0.432
0.395
0.275
0.265
0.313
0.215
0.189
0.252
0.367
0.376
0.303
0.273
0.262
0.328
0.300
0.255
0.226
0.228
0.213
0.244
0.216
0.246
0.299
0.402
0.309
0.430
0.456
0.333
0.288
0.289
0.266
0.352
0.348
0.447
0.411
0.409
0.319
0.387
0.350
0.254
0.256
0.406
0.408
0.352
0.305
0.276
0.286
0.377
0.383
0.388
0.566
0.572
0.329
0.284
0.291
0.336
0.352
0.382
0.369
0.220
0.235
0.452
0.501
0.355
0.271
0.371
0.489
0.464
0.318
0.298
0.348
0.302
0.330
0.407
0.367
0.445
0.326
0.265
0.295
0.167
0.162
0.160
0.251
0.260
0.330
0.305
0.335
0.312
0.316
0.319
0.249
0.286
0.306
0.278
0.418
0.264
0.227
0.209
0.174
0.223
0.157
0.151
0.201
0.172
0.166
0.147
0.090
0.084
0.071
0.063
0.075
0.108
0.061
0.144
0.204
0.087
0.118
0.101
0.105
0.116
0.107
0.086
0.082
0.095
0.094
0.149
0.189
0.241
0.219
0.164
0.219
0.153
0.087
0.122
0.115
0.117
0.147
0.220
0.221
0.197
0.157
0.199
0.229
0.326
0.334
0.298
0.294
0.211
0.250
0.234
0.232
0.297
0.243
0.308
0.342
0.346
0.231
0.251
0.218
0.134
0.101
0.110
0.174
0.243
0.288
0.315
0.173
0.091
0.090
0.057
0.072
0.132
0.232
0.291
0.324
0.449
0.476
0.502
0.559
0.482
0.358
0.325
0.295
0.248
0.274
0.324
0.343
0.365
0.378
0.374
0.366
0.350
0.279
0.228
0.222
0.209
0.218
0.231
0.236
0.227
0.278
0.303
0.299
0.354
0.373
0.388
0.366
0.393
0.358
0.448
0.430
0.540
0.545
0.640
0.728
0.553
0.504
0.452
0.447
0.457
0.514
0.560
0.608
0.601
0.641
0.658
0.711
0.608
0.586
0.515
0.552
0.596
0.660
0.678
0.660
0.670
0.634
0.655
0.543
0.473
0.464
0.479
0.425
0.475
0.581
0.619
0.600
0.521
0.485
0.504
0.412
0.414
0.428
0.547
0.551
0.632
0.627
0.619
0.738
0.755
0.651
0.647
0.666
0.757
0.860
0.917
0.846
0.843
0.922
0.859
0.829
0.927
0.812
0.915
0.853
0.827
0.816
0.824
0.782
0.792
0.842
0.798
0.777
0.729
0.728
0.739
0.693
0.666
0.670
0.681
0.714
0.698
0.660
0.627
0.515
0.454
0.432
0.565
0.611
0.564
0.652
0.637
0.656
0.687
0.755
0.723
0.726
0.784
0.685
0.531
0.580
0.476
0.563
0.557
0.641
0.596
0.450
0.476
0.738
0.591
0.773
0.775
0.808
0.771
0.673
0.590
0.535
0.661
0.721
0.578
0.329
0.360
0.375
0.301
0.317
0.340
0.345
0.339
0.334
0.339
0.316
0.283
0.271
0.280
0.217
0.241
0.209
0.204
0.226
0.280
0.268
0.299
0.316
0.195
0.168
0.202
0.195
0.213
0.217
0.281
0.463
0.534
0.391
0.330
0.271
0.230
0.233
0.236
0.233
0.245
0.273
0.290
0.297
0.299
0.310
0.316
0.298
0.290
0.307
0.361
0.421
0.455
0.363
0.337
0.352
0.307
0.335
0.342
0.301
0.228
0.205
0.210
0.283
0.360
0.309
0.268
0.254
0.289
0.392
0.487
0.500
0.560
0.391
0.344
0.340
0.328
0.373
0.418
0.431
0.408
0.461
0.379
0.498
0.315
0.344
0.371
0.373
0.306
0.355
0.316
0.355
0.321
0.272
0.312
0.352
0.342
0.342
0.293
0.370
0.358
0.271
0.263
0.422
0.317
0.196
0.232
0.466
0.421
0.342
0.338
0.421
0.431
0.322
0.248
0.308
0.367
0.468
0.461
0.528
0.487
0.363
0.236
0.311
0.352
0.380
0.326
0.387
0.381
0.340
0.283
0.222
0.197
0.193
0.197
0.228
0.147
0.148
0.198
0.229
0.204
0.214
0.222
0.241
0.211
0.219
0.212
0.298
0.282
0.308
0.308
0.301
0.287
0.269
0.234
0.126
0.160
0.163
0.145
0.208
0.214
0.263
0.334
0.241
0.210
0.130
0.183
0.302
0.243
0.173
0.079
0.085
0.079
0.074
0.071
0.071
0.074
0.098
0.141
0.225
0.177
0.047
0.049
0.060
0.061
0.067
0.151
0.168
0.111
0.071
0.088
0.079
0.112
0.190
0.205
0.229
0.266
0.242
0.219
0.256
0.321
0.362
0.306
0.267
0.247
0.235
0.303
0.259
0.294
0.281
0.228
0.239
0.180
0.164
0.192
0.180
0.210
0.225
0.234
0.302
0.267
0.192
0.195
0.205
0.274
0.254
0.175
0.190
0.280
0.233
0.243
0.208
0.158
0.122
0.193
0.241
0.289
0.270
0.243
0.315
0.357
0.283
0.246
0.263
0.302
0.396
0.429
0.285
0.303
0.275
0.270
0.363
0.388
0.472
0.487
0.504
0.543
0.609
0.652
0.621
0.670
0.687
0.684
0.754
0.800
0.810
0.790
0.721
0.676
0.717
0.649
0.653
0.756
0.629
0.800
0.690
0.695
0.699
0.774
0.723
0.679
0.597
0.549
0.526
0.539
0.509
0.628
0.566
0.637
0.774
0.853
0.853
0.845
0.745
0.755
0.810
0.851
0.853
0.821
0.875
0.849
0.816
0.801
0.777
0.758
0.743
0.721
0.749
0.724
0.778
0.776
0.740
0.738
0.757
0.763
0.721
0.687
0.714
0.710
0.726
0.717
0.693
0.642
0.641
0.614
0.566
0.431
0.407
0.334
0.435
0.589
0.588
0.640
0.668
0.714
0.690
0.829
0.786
0.862
0.903
0.886
0.890
0.918
0.847
0.797
0.664
0.681
0.819
0.933
0.830
0.814
0.794
0.766
0.697
0.702
0.763
0.619
0.680
0.593
0.504
0.465
0.471
0.483
0.441
0.351
0.385
0.376
0.391
0.349
0.320
0.445
0.327
0.359
0.424
0.333
0.323
0.400
0.389
0.330
0.350
0.308
0.277
0.306
0.250
0.252
0.334
0.366
0.329
0.327
0.389
0.306
0.326
0.347
0.317
0.251
0.288
0.316
0.296
0.238
0.244
0.268
0.249
0.263
0.251
0.283
0.230
0.263
0.236
0.276
0.270
0.304
0.353
0.398
0.369
0.223
0.286
0.306
0.383
0.349
0.319
0.268
0.234
0.235
0.222
0.213
0.221
0.196
0.215
0.242
0.257
0.272
0.221
0.207
0.246
0.294
0.319
0.313
0.354
0.320
0.238
0.269
0.278
0.339
0.386
0.378
0.325
0.516
0.377
0.413
0.404
0.315
0.318
0.333
0.278
0.283
0.333
0.340
0.272
0.306
0.304
0.262
0.325
0.404
0.369
0.478
0.458
0.345
0.298
0.228
0.228
0.248
0.253
0.233
0.230
0.284
0.330
0.289
0.249
0.222
0.217
0.222
0.237
0.174
0.162
0.275
0.310
0.229
0.177
0.217
0.277
0.209
0.231
0.221
0.302
0.358
0.369
0.273
0.219
0.151
0.141
0.161
0.182
0.205
0.202
0.268
0.186
0.134
0.180
0.232
0.192
0.182
0.189
0.156
0.145
0.505
0.649
0.505
0.313
0.280
0.371
0.345
0.306
0.233
0.220
0.285
0.260
0.201
0.164
0.228
0.230
0.213
0.161
0.141
0.095
0.114
0.098
0.092
0.193
0.257
0.193
0.182
0.210
0.213
0.185
0.227
0.275
0.236
0.200
0.193
0.129
0.194
0.145
0.138
0.197
0.144
0.198
0.201
0.165
0.197
0.238
0.305
0.260
0.190
0.253
0.295
0.272
0.248
0.218
0.188
0.170
0.120
0.116
0.104
0.160
0.229
0.202
0.210
0.166
0.186
0.237
0.293
0.335
0.338
0.312
0.201
0.301
0.395
0.448
0.379
0.398
0.334
0.313
0.313
0.280
0.301
0.305
0.297
0.342
0.477
0.729
0.588
0.510
0.430
0.406
0.424
0.359
0.359
0.332
0.318
0.378
0.397
0.398
0.349
0.297
0.306
0.323
0.331
0.314
0.268
0.291
0.243
0.293
0.423
0.490
0.583
0.695
0.637
0.653
0.635
0.585
0.558
0.432
0.400
0.754
0.777
0.806
0.746
0.783
0.745
0.743
0.608
0.552
0.550
0.536
0.602
0.657
0.733
0.800
0.834
0.762
0.843
0.847
0.787
0.724
0.814
0.827
0.886
0.843
0.873
0.923
0.915
0.847
0.900
0.813
0.796
0.860
0.904
0.915
0.900
0.902
0.865
0.874
0.834
0.861
0.825
0.863
0.894
0.946
0.943
0.898
0.918
0.852
0.826
0.849
0.857
0.862
0.854
0.819
0.755
0.896
0.909
0.841
0.817
0.727
0.662
0.845
0.901
0.829
0.781
0.726
0.773
0.779
0.727
0.723
0.700
0.696
0.675
0.687
0.722
0.771
0.745
0.794
0.808
0.829
0.763
0.743
0.758
0.676
0.644
0.528
0.418
0.517
0.594
0.551
0.428
0.525
0.524
0.496
0.480
0.485
0.499
0.377
0.527
0.346
0.372
0.341
0.321
0.297
0.381
0.466
0.435
0.453
0.359
0.289
0.322
0.358
0.363
0.346
0.326
0.321
0.289
0.282
0.290
0.403
0.314
0.314
0.352
0.349
0.317
0.288
0.262
0.294
0.346
0.348
0.332
0.325
0.326
0.334
0.342
0.363
0.335
0.340
0.345
0.443
0.301
0.293
0.336
0.279
0.249
0.312
0.372
0.320
0.436
0.396
0.417
0.560
0.585
0.512
0.402
0.416
0.313
0.272
0.274
0.324
0.312
0.324
0.312
0.265
0.281
0.294
0.346
0.333
0.333
0.341
0.402
0.462
0.549
0.437
0.345
0.380
0.345
0.396
0.452
0.464
0.489
0.394
0.351
0.381
0.308
0.402
0.378
0.391
0.342
0.295
0.244
0.264
0.276
0.248
0.197
0.209
0.234
0.264
0.286
0.250
0.222
0.178
0.156
0.206
0.237
0.232
0.273
0.468
0.425
0.269
0.302
0.253
0.254
0.203
0.376
0.501
0.311
0.273
0.502
0.521
0.389
0.428
0.316
0.366
0.318
0.277
0.308
0.286
0.253
0.233
0.246
0.273
0.309
0.308
0.314
0.301
0.299
0.388
0.344
0.230
0.221
0.189
0.188
0.165
0.154
0.237
0.327
0.265
0.392
0.415
0.304
0.209
0.182
0.174
0.189
0.219
0.302
0.313
0.220
0.165
0.160
0.146
0.148
0.112
0.115
0.109
0.113
0.139
0.182
0.133
0.077
0.104
0.105
0.131
0.143
0.150
0.173
0.154
0.117
0.154
0.169
0.197
0.182
0.124
0.100
0.093
0.159
0.136
0.108
0.170
0.216
0.252
0.186
0.137
0.121
0.128
0.141
0.143
0.140
0.130
0.154
0.159
0.203
0.256
0.247
0.281
0.291
0.299
0.244
0.218
0.287
0.289
0.309
0.341
0.300
0.275
0.289
0.308
0.411
0.363
0.301
0.250
0.272
0.308
0.278
0.245
0.336
0.290
0.243
0.202
0.225
0.538
0.523
0.559
0.470
0.388
0.312
0.317
0.332
0.369
0.351
0.350
0.416
0.517
0.525
0.468
0.520
0.504
0.529
0.552
0.434
0.364
0.582
0.789
0.706
0.710
0.622
0.657
0.619
0.560
0.722
0.902
0.906
0.825
0.837
0.798
0.797
0.830
0.882
0.863
0.780
0.813
0.762
0.739
0.755
0.778
0.678
0.664
0.687
0.638
0.638
0.652
0.658
0.757
0.714
0.670
0.732
0.735
0.782
0.743
0.772
0.798
0.891
0.868
0.871
0.820
0.835
0.798
0.916
0.874
0.849
0.881
0.915
0.918
0.876
0.879
0.871
0.814
0.745
0.728
0.890
0.868
0.876
0.777
0.709
0.711
0.774
0.778
0.811
0.845
0.873
0.846
0.856
0.857
0.866
0.851
0.870
0.870
0.794
0.764
0.755
0.802
0.742
0.723
0.696
0.653
0.641
0.623
0.584
0.694
0.685
0.769
0.695
0.755
0.710
0.674
0.648
0.745
0.688
0.602
0.421
0.455
0.523
0.472
0.371
0.361
0.408
0.376
0.407
0.430
0.508
0.483
0.396
0.360
0.344
0.304
0.246
0.204
0.202
0.281
0.271
0.280
0.311
0.271
0.296
0.280
0.243
0.269
0.284
0.265
0.241
0.301
0.337
0.221
0.238
0.347
0.367
0.198
0.356
0.310
0.313
0.273
0.319
0.253
0.281
0.279
0.281
0.249
0.213
0.238
0.225
0.195
0.186
0.214
0.199
0.224
0.251
0.252
0.350
0.421
0.435
0.363
0.334
0.339
0.270
0.326
0.321
0.298
0.302
0.228
0.314
0.286
0.308
0.329
0.299
0.319
0.254
0.283
0.216
0.295
0.438
0.346
0.335
0.279
0.234
0.332
0.370
0.250
0.295
0.348
0.362
0.296
0.292
0.280
0.236
0.190
0.227
0.282
0.325
0.379
0.447
0.402
0.453
0.375
0.305
0.264
0.204
0.237
0.289
0.305
0.379
0.390
0.238
0.250
0.229
0.270
0.189
0.183
0.274
0.377
0.327
0.275
0.321
0.218
0.312
0.255
0.428
0.385
0.301
0.373
0.320
0.273
0.250
0.244
0.193
0.151
0.125
0.137
0.230
0.180
0.185
0.141
0.174
0.151
0.171
0.197
0.365
0.292
0.149
0.094
0.079
0.176
0.110
0.122
0.161
0.221
0.207
0.187
0.211
0.157
0.120
0.154
0.140
0.173
0.205
0.305
0.289
0.211
0.170
0.146
0.158
0.165
0.212
0.094
0.108
0.095
0.272
0.313
0.214
0.144
0.161
0.158
0.250
0.233
0.329
0.337
0.340
0.455
0.475
0.285
0.224
0.178
0.206
0.168
0.172
0.204
0.192
0.186
0.186
0.185
0.203
0.087
0.112
0.134
0.160
0.147
0.132
0.104
0.109
0.107
0.123
0.107
0.148
0.149
0.163
0.210
0.261
0.280
0.268
0.357
0.346
0.298
0.352
0.309
0.277
0.297
0.301
0.288
0.263
0.295
0.315
0.327
0.331
0.337
0.320
0.336
0.295
0.248
0.193
0.213
0.242
0.263
0.302
0.311
0.315
0.338
0.326
0.332
0.347
0.387
0.561
0.529
0.488
0.540
0.592
0.581
0.842
0.672
0.766
0.609
0.558
0.592
0.478
0.501
0.568
0.565
0.455
0.422
0.414
0.517
0.571
0.677
0.529
0.598
0.730
0.762
0.690
0.766
0.666
0.629
0.545
0.635
0.608
0.807
0.813
0.845
0.784
0.803
0.756
0.672
0.602
0.566
0.557
0.539
0.571
0.571
0.537
0.556
0.695
0.606
0.697
0.825
0.863
0.719
0.776
0.806
0.815
0.906
0.841
0.781
0.847
0.830
0.811
0.842
0.819
0.788
0.816
0.942
0.876
0.919
0.832
0.806
0.765
0.809
0.756
0.726
0.684
0.712
0.743
0.668
0.765
0.813
0.829
0.706
0.679
0.667
0.632
0.577
0.511
0.500
0.625
0.711
0.766
0.749
0.608
0.556
0.621
0.729
0.752
0.720
0.821
0.806
0.843
0.853
0.868
0.780
0.706
0.730
0.763
0.704
0.599
0.600
0.658
0.697
0.687
0.645
0.675
0.648
0.629
0.557
0.535
0.573
0.603
0.602
0.598
0.572
0.461
0.344
0.309
0.295
0.274
0.274
0.293
0.336
0.331
0.325
0.311
0.305
0.251
0.295
0.291
0.254
0.243
0.221
0.317
0.379
0.410
0.317
0.227
0.264
0.256
0.239
0.186
0.219
0.267
0.256
0.274
0.270
0.291
0.301
0.247
0.242
0.233
0.305
0.281
0.415
0.744
0.526
0.189
0.277
0.266
0.299
0.302
0.271
0.263
0.285
0.305
0.262
0.367
0.246
0.204
0.239
0.282
0.310
0.316
0.299
0.298
0.325
0.347
0.327
0.370
0.393
0.369
0.347
0.441
0.299
0.252
0.274
0.356
0.472
0.395
0.266
0.219
0.204
0.301
0.360
0.315
0.268
0.263
0.262
0.369
0.290
0.336
0.557
0.402
0.428
0.486
0.727
0.697
0.633
0.555
0.472
0.530
0.503
0.411
0.366
0.399
0.467
0.457
0.315
0.275
0.231
0.295
0.331
0.378
0.293
0.283
0.203
0.199
0.277
0.369
0.241
0.233
0.321
0.424
0.390
0.327
0.372
0.264
0.245
0.255
0.407
0.365
0.463
0.349
0.316
0.245
0.259
0.259
0.215
0.220
0.157
0.179
0.258
0.335
0.209
0.245
0.217
0.197
0.170
0.147
0.258
0.218
0.190
0.255
0.221
0.168
0.127
0.189
0.138
0.090
0.111
0.119
0.111
0.144
0.155
0.219
0.260
0.240
0.194
0.232
0.156
0.171
0.182
0.251
0.326
0.259
0.235
0.222
0.211
0.192
0.190
0.131
0.188
0.302
0.244
0.277
0.224
0.169
0.128
0.094
0.081
0.114
0.178
0.147
0.128
0.077
0.061
0.113
0.185
0.180
0.102
0.110
0.099
0.104
0.087
0.074
0.083
0.092
0.133
0.132
0.174
0.258
0.210
0.256
0.149
0.138
0.155
0.203
0.271
0.317
0.281
0.301
0.315
0.310
0.306
0.272
0.261
0.293
0.274
0.179
0.245
0.230
0.297
0.279
0.280
0.280
0.295
0.316
0.338
0.329
0.356
0.359
0.375
0.346
0.297
0.293
0.309
0.344
0.358
0.342
0.364
0.344
0.330
0.355
0.342
0.410
0.383
0.318
0.249
0.312
0.415
0.426
0.541
0.504
0.497
0.569
0.744
0.598
0.542
0.549
0.708
0.599
0.565
0.517
0.433
0.426
0.391
0.647
0.837
0.750
0.722
0.769
0.867
0.729
0.730
0.814
0.871
0.845
0.775
0.870
0.814
0.846
0.904
0.913
0.905
0.868
0.863
0.880
0.775
0.816
0.807
0.831
0.706
0.676
0.722
0.731
0.790
0.744
0.735
0.711
0.702
0.736
0.808
0.797
0.760
0.765
0.693
0.661
0.634
0.616
0.638
0.578
0.575
0.569
0.571
0.727
0.736
0.896
0.912
0.926
0.852
0.847
0.838
0.789
0.762
0.761
0.749
0.715
0.615
0.554
0.724
0.644
0.686
0.580
0.565
0.610
0.641
0.596
0.502
0.493
0.486
0.522
0.480
0.435
0.504
0.546
0.573
0.504
0.394
0.326
0.371
0.368
0.436
0.537
0.752
0.724
0.608
0.506
0.602
0.610
0.583
0.517
0.460
0.393
0.360
0.375
0.371
0.271
0.339
0.327
0.298
0.272
0.233
0.132
0.130
0.189
0.212
0.242
0.318
0.266
0.255
0.204
0.187
0.226
0.249
0.272
0.307
0.284
0.352
0.371
0.399
0.350
0.509
0.675
0.641
0.638
0.544
0.607
0.499
0.448
0.514
0.524
0.468
0.405
0.407
0.480
0.301
0.248
0.323
0.453
0.470
0.382
0.359
0.367
0.405
0.440
0.354
0.265
0.253
0.319
0.363
0.238
0.237
0.304
0.365
0.412
0.330
0.397
0.516
0.470
0.442
0.541
0.536
0.382
0.383
0.391
0.246
0.263
0.278
0.305
0.467
0.555
0.468
0.312
0.344
0.450
0.417
0.310
0.316
0.353
0.382
0.295
0.274
0.350
0.459
0.346
0.398
0.433
0.320
0.300
0.333
0.261
0.229
0.273
0.286
0.400
0.368
0.293
0.332
0.387
0.326
0.353
0.334
0.257
0.240
0.247
0.356
0.347
0.347
0.334
0.349
0.320
0.355
0.269
0.357
0.492
0.312
0.291
0.268
0.152
0.186
0.179
0.217
0.292
0.225
0.274
0.327
0.331
0.288
0.190
0.202
0.150
0.170
0.248
0.247
0.351
0.422
0.376
0.319
0.270
0.179
0.153
0.138
0.099
0.104
0.126
0.182
0.200
0.164
0.134
0.125
0.110
0.100
0.118
0.201
0.185
0.283
0.249
0.224
0.158
0.164
0.259
0.306
0.322
0.418
0.234
0.180
0.123
0.125
0.100
0.084
0.110
0.163
0.210
0.218
0.194
0.183
0.125
0.128
0.142
0.215
0.255
0.276
0.269
0.270
0.198
0.162
0.229
0.216
0.234
0.196
0.202
0.185
0.176
0.189
0.202
0.247
0.202
0.257
0.241
0.220
0.218
0.197
0.209
0.199
0.194
0.242
0.263
0.267
0.227
0.166
0.176
0.138
0.128
0.201
0.199
0.208
0.263
0.365
0.395
0.383
0.360
0.343
0.264
0.276
0.419
0.506
0.407
0.415
0.421
0.582
0.497
0.394
0.296
0.238
0.190
0.164
0.232
0.461
0.581
0.498
0.359
0.240
0.383
0.385
0.344
0.404
0.445
0.458
0.416
0.371
0.418
0.463
0.440
0.391
0.457
0.445
0.626
0.801
0.752
0.731
0.706
0.664
0.679
0.700
0.701
0.698
0.662
0.612
0.636
0.663
0.617
0.669
0.625
0.622
0.697
0.779
0.904
0.891
0.804
0.879
0.792
0.766
0.715
0.774
0.898
0.871
0.820
0.875
0.863
0.823
0.826
0.881
0.876
0.865
0.839
0.823
0.807
0.811
0.812
0.789
0.784
0.809
0.853
0.790
0.792
0.786
0.755
0.769
0.767
0.779
0.799
0.737
0.758
0.803
0.869
0.864
0.831
0.826
0.852
0.852
0.873
0.887
0.823
0.879
0.891
0.892
0.892
0.881
0.880
0.858
0.777
0.692
0.679
0.652
0.643
0.648
0.700
0.714
0.644
0.520
0.504
0.486
0.461
0.470
0.431
0.449
0.463
0.463
0.442
0.455
0.368
0.417
0.374
0.298
0.455
0.635
0.683
0.588
0.488
0.424
0.291
0.397
0.595
0.583
0.611
0.566
0.527
0.502
0.397
0.370
0.351
0.287
0.292
0.351
0.342
0.304
0.321
0.344
0.351
0.345
0.296
0.280
0.305
0.360
0.445
0.535
0.584
0.615
0.660
0.639
0.622
0.674
0.725
0.687
0.597
0.462
0.612
0.756
0.803
0.850
0.745
0.703
0.635
0.637
0.592
0.550
0.474
0.411
0.410
0.425
0.472
0.476
0.417
0.416
0.454
0.401
0.290
0.337
0.393
0.383
0.348
0.338
0.323
0.315
0.281
0.328
0.282
0.339
0.460
0.451
0.343
0.368
0.392
0.431
0.518
0.511
0.345
0.329
0.371
0.420
0.441
0.385
0.381
0.355
0.293
0.337
0.323
0.298
0.300
0.407
0.553
0.472
0.168
0.210
0.286
0.263
0.285
0.306
0.315
0.327
0.353
0.385
0.297
0.367
0.396
0.381
0.478
0.408
0.375
0.334
0.278
0.256
0.329
0.365
0.504
0.496
0.378
0.310
0.308
0.305
0.277
0.365
0.569
0.384
0.401
0.362
0.317
0.305
0.328
0.353
0.277
0.239
0.325
0.260
0.303
0.350
0.262
0.285
0.351
0.306
0.266
0.255
0.223
0.230
0.213
0.132
0.155
0.194
0.153
0.143
0.134
0.139
0.140
0.136
0.166
0.279
0.227
0.189
0.234
0.217
0.161
0.136
0.123
0.130
0.253
0.217
0.245
0.206
0.198
0.135
0.131
0.132
0.118
0.115
0.116
0.189
0.166
0.191
0.205
0.235
0.215
0.169
0.194
0.262
0.193
0.105
0.093
0.117
0.098
0.080
0.080
0.096
0.119
0.138
0.150
0.228
0.267
0.224
0.240
0.311
0.367
0.373
0.314
0.284
0.281
0.202
0.278
0.316
0.344
0.331
0.325
0.293
0.267
0.267
0.256
0.312
0.375
0.435
0.446
0.435
0.394
0.341
0.342
0.320
0.294
0.289
0.296
0.376
0.391
0.396
0.325
0.346
0.268
0.273
0.311
0.441
0.455
0.406
0.429
0.474
0.481
0.504
0.533
0.486
0.523
0.581
0.563
0.580
0.500
0.513
0.554
0.716
0.555
0.530
0.711
0.931
0.816
0.750
0.706
0.713
0.720
0.731
0.707
0.887
0.819
0.854
0.868
0.931
0.869
0.798
0.792
0.878
0.900
0.905
0.865
0.886
0.874
0.832
0.823
0.816
0.925
0.891
0.907
0.851
0.850
0.857
0.882
0.861
0.900
0.905
0.852
0.947
0.891
0.875
0.844
0.878
0.948
0.940
0.934
0.934
0.946
0.929
0.950
0.948
0.945
0.868
0.876
0.866
0.861
0.856
0.874
0.864
0.893
0.893
0.875
0.895
0.886
0.910
0.916
0.907
0.928
0.881
0.890
0.954
0.962
0.936
0.934
0.922
0.929
0.910
0.941
0.935
0.913
0.817
0.853
0.875
0.923
0.903
0.860
0.842
0.795
0.803
0.801
0.798
0.822
0.825
0.788
0.762
0.718
0.670
0.616
0.600
0.664
0.644
0.629
0.578
0.502
0.497
0.416
0.403
0.427
0.412
0.419
0.341
0.367
0.354
0.396
0.308
0.292
0.328
0.356
0.278
0.314
0.326
0.306
0.295
0.332
0.328
0.328
0.301
0.295
0.317
0.283
0.295
0.290
0.374
0.374
0.365
0.352
0.350
0.342
0.323
0.361
0.345
0.318
0.338
0.312
0.330
0.317
0.302
0.272
0.285
0.332
0.393
0.437
0.455
0.440
0.402
0.366
0.300
0.252
0.243
0.221
0.298
0.399
0.426
0.410
0.324
0.307
0.380
0.255
0.177
0.219
0.271
0.322
0.318
0.284
0.303
0.345
0.324
0.303
0.297
0.363
0.374
0.385
0.380
0.414
0.334
0.288
0.313
0.394
0.443
0.445
0.562
0.573
0.447
0.484
0.600
0.404
0.236
0.375
0.362
0.314
0.322
0.284
0.221
0.343
0.557
0.540
0.313
0.402
0.382
0.296
0.297
0.339
0.371
0.348
0.331
0.418
0.373
0.409
0.329
0.281
0.200
0.250
0.265
0.415
0.446
0.309
0.356
0.125
0.160
0.163
0.158
0.187
0.417
0.286
0.221
0.297
0.355
0.261
0.232
0.272
0.261
0.362
0.321
0.180
0.164
0.218
0.176
0.160
0.161
0.262
0.341
0.342
0.313
0.258
0.287
0.258
0.178
0.086
0.115
0.126
0.158
0.270
0.191
0.148
0.149
0.172
0.198
0.189
0.209
0.064
0.078
0.106
0.097
0.074
0.120
0.171
0.204
0.148
0.155
0.184
0.173
0.123
0.148
0.182
0.190
0.201
0.213
0.169
0.146
0.223
0.254
0.238
0.308
0.311
0.290
0.221
0.237
0.274
0.241
0.431
0.413
0.257
0.208
0.262
0.215
0.204
0.194
0.198
0.189
0.172
0.242
0.205
0.205
0.288
0.413
0.379
0.374
0.402
0.249
0.242
0.252
0.327
0.351
0.322
0.251
0.239
0.275
0.276
0.263
0.251
0.247
0.303
0.277
0.281
0.279
0.273
0.312
0.269
0.273
0.327
0.345
0.372
0.380
0.380
0.383
0.345
0.335
0.390
0.362
0.399
0.417
0.519
0.474
0.386
0.523
0.531
0.546
0.486
0.422
0.433
0.464
0.431
0.442
0.459
0.461
0.493
0.474
0.498
0.483
0.445
0.428
0.473
0.527
0.494
0.641
0.881
0.789
0.749
0.767
0.790
0.871
0.904
0.848
0.897
0.884
0.842
0.804
0.805
0.830
0.886
0.835
0.757
0.761
0.830
0.845
0.842
0.846
0.779
0.850
0.856
0.868
0.900
0.879
0.920
0.909
0.815
0.812
0.796
0.865
0.908
0.878
0.841
0.905
0.879
0.909
0.943
0.932
0.936
0.947
0.906
0.828
0.896
0.940
0.895
0.933
0.932
0.951
0.903
0.868
0.891
0.847
0.830
0.864
0.901
0.873
0.877
0.850
0.847
0.907
0.962
0.956
0.917
0.891
0.882
0.950
0.923
0.954
0.866
0.830
0.864
0.886
0.817
0.820
0.860
0.873
0.873
0.858
0.808
0.732
0.627
0.556
0.542
0.483
0.416
0.412
0.395
0.616
0.643
0.592
0.473
0.413
0.436
0.382
0.401
0.436
0.436
0.432
0.417
0.379
0.390
0.376
0.355
0.359
0.323
0.331
0.388
0.332
0.294
0.291
0.266
0.269
0.247
0.277
0.303
0.318
0.290
0.291
0.295
0.313
0.276
0.295
0.302
0.323
0.284
0.283
0.285
0.253
0.309
0.284
0.228
0.233
0.247
0.279
0.323
0.322
0.315
0.302
0.277
0.310
0.328
0.311
0.299
0.378
0.345
0.272
0.325
0.321
0.303
0.284
0.252
0.259
0.280
0.252
0.342
0.440
0.280
0.358
0.550
0.582
0.447
0.426
0.390
0.321
0.272
0.193
0.241
0.250
0.226
0.259
0.292
0.325
0.370
0.597
0.372
0.373
0.331
0.360
0.364
0.351
0.296
0.279
0.239
0.206
0.191
0.219
0.306
0.403
0.455
0.384
0.394
0.442
0.477
0.489
0.350
0.290
0.214
0.275
0.267
0.225
0.243
0.199
0.207
0.233
0.194
0.217
0.298
0.272
0.315
0.355
0.459
0.504
0.325
0.282
0.227
0.235
0.277
0.309
0.348
0.435
0.332
0.399
0.362
0.400
0.339
0.296
0.286
0.287
0.281
0.313
0.373
0.296
0.234
0.263
0.218
0.151
0.173
0.126
0.113
0.102
0.125
0.137
0.128
0.175
0.207
0.218
0.134
0.164
0.226
0.203
0.251
0.342
0.186
0.153
0.174
0.156
0.197
0.240
0.267
0.145
0.177
0.235
0.304
0.357
0.253
0.204
0.166
0.169
0.253
0.220
0.152
0.114
0.145
0.194
0.291
0.249
0.230
0.202
0.160
0.177
0.156
0.196
0.280
0.359
0.319
0.311
0.289
0.284
0.337
0.288
0.268
0.218
0.176
0.184
0.239
0.223
0.130
0.079
0.149
0.282
0.231
0.251
0.242
0.173
0.181
0.250
0.259
0.271
0.284
0.186
0.166
0.204
0.280
0.267
0.215
0.204
0.185
0.209
0.286
0.340
0.366
0.372
0.381
0.361
0.336
0.307
0.329
0.337
0.320
0.354
0.408
0.436
0.485
0.607
0.639
0.678
0.737
0.643
0.699
0.650
0.581
0.516
0.571
0.754
0.864
0.724
0.692
0.671
0.662
0.615
0.609
0.589
0.707
0.662
0.669
0.679
0.649
0.670
0.604
0.612
0.655
0.775
0.775
0.858
0.862
0.886
0.859
0.884
0.820
0.883
0.888
0.927
0.858
0.895
0.924
0.893
0.843
0.853
0.928
0.820
0.791
0.901
0.877
0.894
0.937
0.936
0.878
0.866
0.914
0.859
0.911
0.899
0.829
0.875
0.939
0.919
0.922
0.939
0.906
0.916
0.930
0.927
0.934
0.885
0.886
0.860
0.820
0.803
0.936
0.941
0.898
0.893
0.920
0.889
0.795
0.819
0.827
0.818
0.840
0.844
0.854
0.829
0.819
0.791
0.780
0.860
0.818
0.707
0.593
0.574
0.634
0.555
0.588
0.572
0.636
0.572
0.553
0.481
0.399
0.847
0.896
0.899
0.906
0.945
0.933
0.859
0.934
0.944
0.908
0.888
0.860
0.850
0.782
0.763
0.805
0.826
0.832
0.833
0.823
0.765
0.724
0.676
0.640
0.589
0.567
0.531
0.447
0.428
0.405
0.387
0.365
0.391
0.477
0.606
0.502
0.428
0.459
0.464
0.481
0.494
0.486
0.449
0.496
0.487
0.467
0.468
0.535
0.573
0.474
0.453
0.458
0.445
0.495
0.457
0.348
0.315
0.336
0.334
0.315
0.313
0.324
0.320
0.346
0.330
0.335
0.289
0.281
0.296
0.337
0.346
0.323
0.305
0.270
0.332
0.420
0.340
0.359
0.331
0.333
0.314
0.373
0.360
0.361
0.397
0.417
0.438
0.418
0.461
0.454
0.307
0.376
0.325
0.378
0.491
0.535
0.499
0.390
0.430
0.532
0.503
0.375
0.560
0.557
0.686
0.545
0.286
0.331
0.372
0.448
0.455
0.478
0.425
0.411
0.410
0.450
0.355
0.512
0.473
0.401
0.454
0.608
0.874
0.796
0.630
0.655
0.623
0.539
0.434
0.382
0.317
0.309
0.341
0.360
0.367
0.396
0.368
0.404
0.367
0.402
0.406
0.299
0.289
0.450
0.335
0.383
0.493
0.373
0.352
0.277
0.265
0.244
0.289
0.401
0.358
0.423
0.421
0.443
0.387
0.233
0.256
0.271
0.244
0.268
0.256
0.323
0.277
0.246
0.251
0.325
0.320
0.265
0.171
0.136
0.203
0.187
0.156
0.205
0.306
0.119
0.097
0.174
0.344
0.307
0.238
0.249
0.244
0.229
0.209
0.233
0.285
0.256
0.202
0.274
0.286
0.163
0.157
0.177
0.254
0.142
0.105
0.095
0.126
0.149
0.185
0.213
0.193
0.193
0.207
0.250
0.305
0.233
0.236
0.167
0.164
0.173
0.177
0.191
0.169
0.124
0.144
0.150
0.131
0.195
0.238
0.251
0.285
0.218
0.161
0.128
0.134
0.235
0.314
0.347
0.340
0.350
0.324
0.384
0.371
0.264
0.192
0.155
0.152
0.181
0.239
0.221
0.243
0.182
0.130
0.155
0.227
0.265
0.289
0.310
0.216
0.178
0.205
0.228
0.206
0.208
0.236
0.264
0.308
0.422
0.460
0.451
0.517
0.524
0.515
0.556
0.541
0.542
0.472
0.489
0.504
0.495
0.443
0.445
0.421
0.391
0.384
0.414
0.436
0.452
0.482
0.555
0.479
0.411
0.373
0.395
0.423
0.443
0.543
0.555
0.579
0.681
0.724
0.669
0.747
0.725
0.804
0.880
0.764
0.716
0.739
0.904
0.931
0.952
0.915
0.871
0.930
0.957
0.876
0.883
