20000101
0.280
0.299
0.248
0.222
0.297
0.217
0.269
0.361
0.392
0.478
0.352
0.361
0.441
0.256
0.135
0.172
0.176
0.263
0.281
0.187
0.643
0.605
0.522
0.416
0.340
0.308
0.253
0.223
0.208
0.139
0.268
0.520
0.395
0.516
0.471
0.498
0.345
0.275
0.201
0.231
0.403
0.408
0.178
0.135
0.186
0.160
0.144
0.165
0.141
0.164
0.165
0.147
0.162
0.218
0.223
0.137
0.094
0.160
0.193
0.269
0.235
0.293
0.255
0.329
0.230
0.076
0.165
0.107
0.080
0.110
0.406
0.321
0.372
0.134
0.213
0.279
0.366
0.143
0.054
0.050
0.186
0.205
0.137
0.118
0.098
0.092
0.080
0.055
0.061
0.084
0.170
0.114
0.075
0.084
0.105
0.092
0.080
0.099
0.119
0.121
0.127
0.218
0.179
0.169
0.242
0.277
0.251
0.202
0.217
0.158
0.168
0.192
0.277
0.295
0.310
0.349
0.341
0.350
0.268
0.274
0.234
0.186
0.275
0.227
0.260
0.233
0.234
0.226
0.266
0.317
0.268
0.324
0.378
0.514
0.418
0.388
0.449
0.506
0.581
0.505
0.453
0.412
0.359
0.391
0.380
0.351
0.369
0.352
0.328
0.363
0.431
0.458
0.410
0.361
0.315
0.305
0.429
0.235
0.247
0.388
0.359
0.332
0.362
0.376
0.427
0.409
0.428
0.402
0.371
0.338
0.301
0.294
0.319
0.410
0.406
0.416
0.427
0.446
0.429
0.415
0.391
0.416
0.588
0.765
0.626
0.647
0.577
0.545
0.565
0.633
0.677
0.668
0.692
0.647
0.627
0.832
0.913
0.840
0.796
0.713
0.704
0.643
0.763
0.669
0.617
0.558
0.549
0.497
0.486
0.462
0.539
0.601
0.547
0.479
0.482
0.586
0.521
0.505
0.479
0.444
0.440
0.486
0.493
0.614
0.670
0.814
0.773
0.810
0.781
0.839
0.749
0.805
0.908
0.858
0.840
0.702
0.674
0.610
0.640
0.721
0.768
0.701
0.647
0.781
0.774
0.695
0.603
0.672
0.804
0.641
0.635
0.648
0.557
0.551
0.567
0.562
0.532
0.461
0.399
0.487
0.471
0.473
0.533
0.490
0.401
0.391
0.422
0.411
0.471
0.347
0.333
0.266
0.237
0.322
0.296
0.229
0.180
0.230
0.252
0.291
0.312
0.363
0.338
0.334
0.333
0.330
0.276
0.276
0.248
0.113
0.123
0.141
0.157
0.144
0.155
0.228
0.359
0.425
0.345
0.271
0.225
0.178
0.153
0.118
0.131
0.210
0.140
0.157
0.192
0.182
0.218
0.324
0.324
0.252
0.216
0.178
0.205
0.220
0.209
0.180
0.234
0.247
0.179
0.141
0.169
0.187
0.183
0.248
0.227
0.235
0.207
0.318
0.257
0.197
0.187
0.145
0.113
0.100
0.089
0.097
0.127
0.164
0.152
0.182
0.199
0.226
0.207
0.216
0.202
0.193
0.193
0.236
0.334
0.365
0.375
0.259
0.186
0.180
0.183
0.148
0.190
0.234
0.193
0.244
0.343
0.501
0.399
0.432
0.330
0.368
0.326
0.224
0.202
0.252
0.279
0.219
0.193
0.194
0.170
0.174
0.161
0.219
0.248
0.322
0.252
0.184
0.288
0.466
0.172
0.151
0.138
0.135
0.176
0.111
0.129
0.253
0.161
0.151
0.122
0.118
0.095
0.107
0.116
0.151
0.133
0.129
0.177
0.171
0.089
0.105
0.170
0.279
0.234
0.168
0.150
0.171
0.180
0.180
0.109
0.226
0.274
0.415
0.237
0.193
0.159
0.103
0.092
0.081
0.074
0.084
0.075
0.086
0.071
0.062
0.064
0.134
0.397
0.314
0.265
0.228
0.146
0.112
0.104
0.153
0.288
0.230
0.247
0.243
0.223
0.221
0.212
0.291
0.310
0.322
0.197
0.146
0.107
0.090
0.073
0.130
0.092
0.077
0.066
0.070
0.124
0.206
0.300
0.208
0.221
0.205
0.233
0.247
0.313
0.351
0.275
0.227
0.198
0.115
0.119
0.155
0.161
0.158
0.145
0.202
0.291
0.305
0.213
0.247
0.176
0.280
0.252
0.266
0.257
0.275
0.305
0.316
0.326
0.308
0.295
0.311
0.341
0.390
0.391
0.417
0.419
0.391
0.388
0.345
0.270
0.215
0.390
0.437
0.426
0.417
0.542
0.639
0.596
0.539
0.559
0.601
0.529
0.501
0.495
0.428
0.391
0.420
0.473
0.625
0.665
0.588
0.718
0.728
0.712
0.719
0.652
0.564
0.503
0.470
0.432
0.441
0.433
0.432
0.457
0.453
0.457
0.474
0.445
0.510
0.601
0.712
0.925
0.835
0.722
0.676
0.725
0.801
0.746
0.866
0.834
0.788
0.729
0.806
0.832
0.848
0.849
0.767
0.837
0.869
0.814
0.822
0.784
0.809
0.795
0.762
0.756
0.728
0.765
0.696
0.626
0.561
0.558
0.568
0.714
0.735
0.823
0.837
0.819
0.807
0.811
0.796
0.859
0.779
0.816
0.835
0.944
0.742
0.659
0.655
0.664
0.698
0.749
0.746
0.746
0.647
0.615
0.605
0.639
0.666
0.601
0.582
0.559
0.502
0.524
0.551
0.582
0.667
0.683
0.563
0.519
0.575
0.631
0.583
0.559
0.494
0.505
0.431
0.507
0.480
0.457
0.512
0.336
0.356
0.346
0.375
0.316
0.213
0.331
0.168
0.176
0.285
0.466
0.550
0.555
0.446
0.375
0.359
0.305
0.392
0.579
0.820
0.913
0.768
0.563
0.330
0.371
0.280
0.206
0.209
0.236
0.219
0.187
0.199
0.160
0.153
0.210
0.237
0.173
0.178
0.238
0.264
0.276
0.229
0.243
0.302
0.310
0.278
0.178
0.200
0.169
0.173
0.166
0.180
0.176
0.171
0.172
0.158
0.166
0.175
0.167
0.187
0.237
0.261
0.204
0.187
0.187
0.195
0.190
0.181
0.190
0.180
0.214
0.238
0.208
0.178
0.188
0.199
0.237
0.259
0.277
0.374
0.458
0.258
0.239
0.222
0.210
0.264
0.276
0.265
0.253
0.273
0.215
0.222
0.234
0.257
0.271
0.225
0.170
0.185
0.185
0.203
0.214
0.216
0.201
0.206
0.185
0.196
0.203
0.254
0.228
0.218
0.268
0.247
0.200
0.251
0.590
0.563
0.407
0.273
0.438
0.313
0.234
0.211
0.234
0.210
0.210
0.516
0.365
0.203
0.198
0.167
0.171
0.239
0.149
0.180
0.157
0.174
0.180
0.099
0.130
0.123
0.090
0.247
0.396
0.122
0.162
0.216
0.177
0.178
0.187
0.194
0.173
0.153
0.198
0.235
0.340
0.251
0.193
0.150
0.143
0.193
0.211
0.240
0.188
0.116
0.114
0.138
0.163
0.361
0.431
0.232
0.140
0.182
0.310
0.434
0.389
0.255
0.150
0.107
0.102
0.149
0.211
0.154
0.159
0.251
0.363
0.271
0.094
0.056
0.052
0.054
0.129
0.246
0.106
0.081
0.085
0.196
0.160
0.299
0.287
0.208
0.154
0.152
0.175
0.228
0.207
0.338
0.250
0.271
0.210
0.168
0.151
0.194
0.189
0.266
0.190
0.219
0.102
0.075
0.117
0.102
0.083
0.118
0.110
0.079
0.088
0.076
0.088
0.213
0.274
0.304
0.314
0.349
0.388
0.399
0.354
0.345
0.306
0.314
0.301
0.354
0.395
0.356
0.332
0.328
0.286
0.290
0.340
0.351
0.388
0.396
0.352
0.286
0.276
0.306
0.311
0.330
0.327
0.355
0.363
0.354
0.322
0.297
0.312
0.316
0.348
0.356
0.446
0.488
0.564
0.474
0.438
0.526
0.574
0.503
0.425
0.367
0.416
0.470
0.713
0.779
0.928
0.859
0.664
0.566
0.547
0.552
0.481
0.485
0.489
0.484
0.471
0.477
0.445
0.447
0.507
0.506
0.689
0.739
0.728
0.731
0.790
0.767
0.654
0.740
0.766
0.751
0.754
0.756
0.607
0.519
0.492
0.440
0.413
0.419
0.440
0.388
0.464
0.775
0.863
0.846
0.816
0.929
0.741
0.770
0.836
0.871
0.893
0.837
0.662
0.739
0.684
0.700
0.640
0.605
0.561
0.610
0.727
0.751
0.857
0.760
0.694
0.610
0.777
0.799
0.784
0.787
0.849
0.803
0.656
0.563
0.513
0.528
0.535
0.478
0.511
0.376
0.445
0.493
0.485
0.467
0.529
0.555
0.579
0.473
0.374
0.399
0.352
0.405
0.478
0.458
0.422
0.366
0.320
0.219
0.203
0.191
0.227
0.243
0.215
0.230
0.196
0.218
0.183
0.247
0.267
0.273
0.265
0.214
0.209
0.244
0.289
0.205
0.307
0.374
0.352
0.286
0.308
0.154
0.173
0.146
0.136
0.166
0.223
0.241
0.240
0.156
0.110
0.146
0.184
0.236
0.294
0.368
0.271
0.225
0.239
0.333
0.317
0.306
0.268
0.231
0.167
0.168
0.177
0.184
0.183
0.181
0.172
0.212
0.227
0.213
0.151
0.127
0.160
0.127
0.164
0.199
0.226
0.196
0.145
0.175
0.196
0.226
0.242
0.221
0.222
0.230
0.195
0.175
0.208
0.214
0.236
0.240
0.275
0.489
0.488
0.436
0.352
0.215
0.343
0.325
0.322
0.348
0.310
0.263
0.460
0.574
0.390
0.405
0.385
0.381
0.294
0.346
0.215
0.256
0.250
0.267
0.259
0.226
0.177
0.192
0.192
0.179
0.236
0.145
0.164
0.162
0.150
0.148
0.175
0.220
0.251
0.263
0.253
0.474
0.393
0.301
0.651
0.513
0.372
0.479
0.332
0.246
0.270
0.176
0.202
0.175
0.254
0.203
0.133
0.132
0.145
0.135
0.152
0.317
0.655
0.445
0.313
0.217
0.206
0.227
0.243
0.220
0.279
0.317
0.275
0.283
0.308
0.200
0.052
0.068
0.074
0.077
0.078
0.079
0.151
0.116
0.093
0.095
0.091
0.105
0.175
0.282
0.223
0.194
0.147
0.117
0.130
0.149
0.176
0.143
0.128
0.126
0.164
0.255
0.292
0.185
0.197
0.165
0.306
0.357
0.337
0.249
0.136
0.094
0.139
0.163
0.155
0.178
0.216
0.351
0.320
0.333
0.297
0.264
0.260
0.305
0.185
0.094
0.080
0.133
0.234
0.254
0.187
0.127
0.108
0.105
0.135
0.223
0.272
0.159
0.231
0.278
0.252
0.198
0.150
0.128
0.113
0.139
0.233
0.185
0.147
0.172
0.197
0.306
0.363
0.360
0.350
0.397
0.390
0.355
0.298
0.349
0.342
0.335
0.351
0.244
0.218
0.272
0.334
0.306
0.289
0.370
0.409
0.417
0.392
0.373
0.346
0.353
0.348
0.359
0.391
0.383
0.488
0.662
0.765
0.754
0.589
0.537
0.481
0.465
0.463
0.559
0.535
0.521
0.601
0.579
0.561
0.553
0.600
0.703
0.695
0.836
0.776
0.729
0.748
0.820
0.782
0.796
0.764
0.721
0.711
0.719
0.885
0.809
0.781
0.763
0.773
0.752
0.768
0.802
0.885
0.875
0.808
0.824
0.909
0.872
0.848
0.791
0.820
0.810
0.849
0.873
0.871
0.799
0.793
0.820
0.820
0.828
0.842
0.808
0.753
0.744
0.709
0.698
0.660
0.704
0.744
0.695
0.671
0.666
0.711
0.805
0.927
0.909
0.875
0.853
0.847
0.943
0.912
0.895
0.857
0.830
0.781
0.780
0.815
0.812
0.686
0.689
0.756
0.701
0.666
0.657
0.690
0.676
0.633
0.695
0.753
0.775
0.680
0.749
0.705
0.644
0.583
0.605
0.640
0.579
0.532
0.556
0.568
0.538
0.491
0.544
0.411
0.342
0.357
0.350
0.405
0.381
0.412
0.392
0.388
0.265
0.209
0.254
0.315
0.344
0.346
0.245
0.182
0.242
0.284
0.270
0.243
0.249
0.183
0.231
0.279
0.304
0.303
0.248
0.170
0.214
0.359
0.378
0.354
0.348
0.348
0.350
0.272
0.143
0.134
0.188
0.283
0.340
0.343
0.372
0.450
0.387
0.245
0.228
0.265
0.176
0.160
0.216
0.321
0.297
0.180
0.206
0.200
0.238
0.268
0.202
0.213
0.198
0.209
0.201
0.210
0.251
0.349
0.367
0.245
0.349
0.337
0.294
0.279
0.290
0.227
0.273
0.315
0.342
0.319
0.319
0.277
0.304
0.279
0.229
0.294
0.328
0.380
0.323
0.269
0.247
0.287
0.291
0.383
0.353
0.503
0.530
0.362
0.346
0.264
0.270
0.274
0.369
0.331
0.217
0.273
0.447
0.424
0.255
0.248
0.440
0.504
0.395
0.269
0.237
0.280
0.286
0.287
0.289
0.489
0.469
0.283
0.230
0.221
0.149
0.165
0.160
0.136
0.129
0.284
0.259
0.301
0.257
0.219
0.241
0.194
0.150
0.188
0.408
0.418
0.226
0.235
0.195
0.172
0.155
0.151
0.187
0.234
0.188
0.162
0.117
0.071
0.073
0.065
0.062
0.072
0.076
0.058
0.066
0.072
0.088
0.097
0.114
0.141
0.122
0.103
0.090
0.092
0.106
0.114
0.207
0.252
0.293
0.232
0.146
0.267
0.102
0.079
0.139
0.115
0.119
0.173
0.274
0.258
0.246
0.180
0.208
0.290
0.340
0.330
0.285
0.280
0.209
0.312
0.277
0.287
0.355
0.279
0.337
0.357
0.333
0.272
0.288
0.187
0.138
0.155
0.147
0.208
0.309
0.337
0.333
0.075
0.057
0.064
0.053
0.073
0.092
0.231
0.261
0.365
0.559
0.589
0.577
0.565
0.451
0.389
0.359
0.282
0.232
0.290
0.379
0.390
0.409
0.411
0.389
0.359
0.363
0.325
0.267
0.268
0.227
0.265
0.281
0.257
0.256
0.321
0.326
0.341
0.349
0.357
0.408
0.386
0.412
0.398
0.455
0.442
0.547
0.558
0.551
0.695
0.534
0.482
0.458
0.462
0.477
0.546
0.576
0.639
0.629
0.625
0.650
0.700
0.618
0.557
0.511
0.516
0.600
0.700
0.662
0.672
0.680
0.609
0.692
0.567
0.527
0.501
0.492
0.420
0.442
0.511
0.602
0.551
0.485
0.465
0.466
0.431
0.416
0.425
0.508
0.534
0.610
0.594
0.675
0.728
0.842
0.794
0.697
0.652
0.738
0.905
0.893
0.829
0.847
0.894
0.923
0.889
0.936
0.824
0.845
0.877
0.831
0.831
0.847
0.838
0.752
0.759
0.778
0.726
0.685
0.677
0.646
0.615
0.613
0.621
0.644
0.661
0.647
0.583
0.578
0.488
0.422
0.410
0.495
0.548
0.516
0.606
0.566
0.574
0.622
0.725
0.688
0.633
0.745
0.644
0.507
0.479
0.441
0.510
0.548
0.607
0.501
0.428
0.491
0.752
0.640
0.852
0.840
0.829
0.756
0.692
0.616
0.595
0.717
0.782
0.597
0.294
0.303
0.325
0.264
0.263
0.314
0.310
0.317
0.291
0.357
0.287
0.197
0.200
0.270
0.229
0.236
0.193
0.216
0.230
0.240
0.263
0.320
0.313
0.241
0.150
0.175
0.205
0.234
0.232
0.275
0.431
0.491
0.224
0.280
0.233
0.179
0.198
0.219
0.243
0.250
0.276
0.281
0.286
0.296
0.313
0.288
0.258
0.257
0.268
0.382
0.479
0.369
0.334
0.336
0.314
0.300
0.340
0.329
0.254
0.206
0.225
0.200
0.248
0.316
0.305
0.237
0.294
0.272
0.407
0.557
0.357
0.421
0.269
0.263
0.307
0.311
0.379
0.381
0.380
0.356
0.362
0.458
0.502
0.263
0.287
0.312
0.318
0.293
0.292
0.332
0.463
0.376
0.357
0.284
0.256
0.277
0.332
0.299
0.315
0.361
0.262
0.224
0.428
0.288
0.174
0.214
0.397
0.395
0.275
0.241
0.348
0.414
0.236
0.200
0.246
0.412
0.557
0.494
0.574
0.479
0.301
0.231
0.320
0.393
0.370
0.363
0.421
0.343
0.338
0.189
0.166
0.162
0.171
0.147
0.136
0.113
0.140
0.181
0.194
0.207
0.239
0.210
0.233
0.227
0.235
0.255
0.288
0.302
0.267
0.316
0.287
0.222
0.181
0.123
0.142
0.188
0.201
0.166
0.256
0.260
0.285
0.368
0.215
0.146
0.109
0.206
0.340
0.255
0.114
0.075
0.073
0.064
0.061
0.061
0.057
0.062
0.088
0.156
0.217
0.176
0.047
0.043
0.059
0.052
0.072
0.173
0.168
0.103
0.099
0.138
0.115
0.146
0.225
0.213
0.244
0.254
0.250
0.260
0.285
0.302
0.341
0.277
0.281
0.255
0.273
0.305
0.278
0.327
0.312
0.234
0.200
0.165
0.200
0.239
0.252
0.276
0.285
0.272
0.371
0.313
0.252
0.246
0.263
0.323
0.276
0.187
0.206
0.291
0.237
0.257
0.265
0.212
0.189
0.217
0.298
0.326
0.292
0.266
0.302
0.344
0.302
0.282
0.284
0.338
0.424
0.425
0.301
0.303
0.263
0.296
0.372
0.408
0.530
0.496
0.524
0.561
0.595
0.655
0.640
0.668
0.688
0.668
0.807
0.821
0.828
0.767
0.639
0.614
0.625
0.565
0.530
0.621
0.558
0.811
0.705
0.696
0.696
0.768
0.709
0.631
0.544
0.509
0.551
0.532
0.496
0.496
0.509
0.571
0.761
0.800
0.884
0.874
0.751
0.733
0.815
0.866
0.870
0.831
0.871
0.872
0.824
0.772
0.782
0.804
0.774
0.749
0.724
0.733
0.760
0.758
0.732
0.727
0.745
0.734
0.697
0.640
0.675
0.742
0.768
0.675
0.622
0.603
0.607
0.582
0.523
0.461
0.396
0.324
0.377
0.531
0.541
0.566
0.629
0.632
0.610
0.809
0.738
0.840
0.886
0.857
0.876
0.890
0.812
0.790
0.663
0.659
0.785
0.920
0.838
0.801
0.772
0.755
0.683
0.686
0.752
0.632
0.605
0.600
0.580
0.533
0.521
0.501
0.444
0.389
0.354
0.328
0.352
0.323
0.285
0.394
0.286
0.334
0.387
0.309
0.206
0.336
0.361
0.313
0.350
0.446
0.306
0.307
0.211
0.204
0.320
0.363
0.408
0.374
0.343
0.339
0.337
0.323
0.315
0.252
0.259
0.312
0.349
0.206
0.215
0.244
0.238
0.253
0.271
0.318
0.244
0.254
0.264
0.341
0.269
0.341
0.420
0.439
0.278
0.220
0.263
0.251
0.338
0.414
0.355
0.314
0.254
0.198
0.232
0.285
0.221
0.190
0.238
0.230
0.262
0.299
0.255
0.213
0.230
0.264
0.246
0.290
0.291
0.282
0.247
0.245
0.331
0.434
0.455
0.512
0.426
0.466
0.365
0.344
0.366
0.289
0.299
0.372
0.318
0.286
0.292
0.263
0.228
0.264
0.247
0.321
0.357
0.391
0.384
0.580
0.460
0.362
0.383
0.237
0.248
0.240
0.297
0.277
0.266
0.289
0.312
0.223
0.174
0.187
0.207
0.199
0.173
0.171
0.290
0.331
0.363
0.198
0.154
0.144
0.165
0.276
0.241
0.235
0.369
0.456
0.379
0.301
0.253
0.150
0.151
0.180
0.201
0.188
0.221
0.277
0.184
0.084
0.081
0.112
0.103
0.166
0.192
0.194
0.135
0.383
0.652
0.461
0.275
0.290
0.330
0.277
0.244
0.176
0.182
0.267
0.233
0.200
0.168
0.262
0.257
0.224
0.191
0.156
0.083
0.098
0.082
0.090
0.251
0.288
0.206
0.233
0.260
0.238
0.210
0.233
0.312
0.287
0.184
0.141
0.127
0.167
0.178
0.169
0.234
0.117
0.224
0.232
0.201
0.223
0.280
0.324
0.277
0.228
0.297
0.378
0.315
0.279
0.229
0.204
0.200
0.183
0.138
0.129
0.191
0.247
0.241
0.248
0.194
0.231
0.283
0.343
0.372
0.352
0.331
0.243
0.352
0.449
0.443
0.424
0.388
0.369
0.359
0.360
0.300
0.315
0.321
0.319
0.392
0.572
0.802
0.596
0.508
0.439
0.429
0.420
0.392
0.392
0.364
0.369
0.408
0.419
0.400
0.366
0.334
0.333
0.329
0.325
0.297
0.266
0.255
0.216
0.289
0.392
0.492
0.601
0.656
0.684
0.661
0.650
0.570
0.570
0.407
0.412
0.751
0.808
0.802
0.802
0.810
0.727
0.700
0.574
0.577
0.531
0.491
0.594
0.598
0.667
0.739
0.789
0.747
0.849
0.866
0.746
0.698
0.801
0.854
0.920
0.845
0.886
0.926
0.917
0.855
0.880
0.858
0.855
0.876
0.888
0.919
0.883
0.909
0.894
0.902
0.864
0.851
0.843
0.889
0.885
0.939
0.955
0.940
0.949
0.901
0.864
0.901
0.893
0.868
0.853
0.857
0.778
0.869
0.841
0.830
0.817
0.757
0.706
0.812
0.882
0.816
0.774
0.741
0.741
0.739
0.716
0.800
0.677
0.688
0.668
0.688
0.760
0.787
0.734
0.769
0.817
0.825
0.780
0.743
0.800
0.772
0.695
0.583
0.421
0.391
0.567
0.500
0.468
0.527
0.565
0.549
0.511
0.498
0.447
0.420
0.541
0.414
0.466
0.368
0.334
0.347
0.392
0.419
0.423
0.417
0.357
0.271
0.301
0.318
0.360
0.325
0.313
0.307
0.291
0.272
0.288
0.332
0.309
0.312
0.337
0.383
0.347
0.321
0.238
0.273
0.328
0.353
0.361
0.363
0.335
0.378
0.368
0.328
0.344
0.378
0.434
0.420
0.275
0.251
0.312
0.284
0.264
0.285
0.392
0.321
0.422
0.422
0.397
0.684
0.572
0.546
0.395
0.348
0.298
0.267
0.252
0.296
0.337
0.336
0.302
0.262
0.280
0.300
0.308
0.308
0.377
0.335
0.412
0.473
0.485
0.406
0.357
0.402
0.414
0.461
0.468
0.530
0.503
0.383
0.324
0.361
0.326
0.389
0.396
0.299
0.319
0.274
0.261
0.260
0.261
0.276
0.232
0.214
0.209
0.285
0.305
0.230
0.237
0.189
0.218
0.221
0.205
0.196
0.280
0.432
0.327
0.181
0.244
0.247
0.219
0.217
0.468
0.464
0.226
0.251
0.439
0.534
0.448
0.494
0.314
0.416
0.275
0.296
0.302
0.292
0.219
0.225
0.249
0.306
0.300
0.291
0.290
0.320
0.371
0.449
0.322
0.231
0.201
0.167
0.172
0.153
0.161
0.312
0.373
0.269
0.361
0.443
0.315
0.173
0.163
0.161
0.193
0.228
0.380
0.305
0.267
0.171
0.159
0.133
0.139
0.121
0.137
0.122
0.138
0.158
0.210
0.126
0.078
0.099
0.112
0.154
0.158
0.199
0.175
0.141
0.129
0.191
0.229
0.218
0.206
0.167
0.129
0.112
0.190
0.155
0.131
0.199
0.283
0.296
0.213
0.141
0.159
0.142
0.157
0.144
0.156
0.148
0.175
0.210
0.227
0.255
0.265
0.271
0.262
0.274
0.264
0.262
0.344
0.331
0.356
0.379
0.337
0.316
0.325
0.350
0.397
0.350
0.318
0.289
0.322
0.330
0.280
0.262
0.355
0.322
0.269
0.200
0.216
0.489
0.535
0.522
0.492
0.387
0.346
0.353
0.381
0.405
0.388
0.383
0.398
0.502
0.551
0.475
0.542
0.484
0.554
0.608
0.445
0.361
0.568
0.777
0.710
0.730
0.632
0.684
0.656
0.630
0.784
0.875
0.872
0.793
0.792
0.752
0.756
0.821
0.871
0.858
0.797
0.821
0.783
0.717
0.748
0.826
0.692
0.652
0.650
0.588
0.561
0.636
0.646
0.746
0.671
0.647
0.717
0.743
0.808
0.769
0.808
0.850
0.873
0.883
0.887
0.812
0.869
0.835
0.916
0.911
0.884
0.922
0.929
0.932
0.910
0.876
0.917
0.866
0.792
0.773
0.877
0.869
0.892
0.806
0.742
0.734
0.783
0.831
0.842
0.860
0.884
0.841
0.869
0.891
0.866
0.854
0.901
0.841
0.799
0.826
0.761
0.790
0.742
0.741
0.707
0.685
0.659
0.635
0.613
0.634
0.654
0.773
0.757
0.775
0.733
0.673
0.636
0.712
0.651
0.517
0.416
0.411
0.479
0.463
0.417
0.399
0.352
0.316
0.469
0.488
0.540
0.529
0.380
0.365
0.350
0.323
0.207
0.206
0.235
0.311
0.266
0.272
0.315
0.288
0.311
0.296
0.284
0.253
0.259
0.235
0.229
0.281
0.349
0.226
0.225
0.329
0.311
0.188
0.393
0.399
0.383
0.336
0.342
0.315
0.385
0.319
0.286
0.265
0.196
0.216
0.227
0.184
0.178
0.193
0.192
0.214
0.224
0.213
0.339
0.437
0.413
0.448
0.323
0.327
0.236
0.302
0.344
0.339
0.323
0.235
0.268
0.252
0.293
0.389
0.329
0.305
0.253
0.296
0.246
0.251
0.369
0.334
0.284
0.258
0.231
0.382
0.322
0.221
0.218
0.336
0.237
0.254
0.289
0.207
0.240
0.221
0.204
0.274
0.266
0.330
0.481
0.447
0.445
0.361
0.273
0.234
0.225
0.246
0.234
0.273
0.359
0.284
0.189
0.206
0.209
0.208
0.167
0.186
0.229
0.268
0.266
0.275
0.317
0.210
0.277
0.233
0.556
0.379
0.316
0.385
0.339
0.267
0.232
0.225
0.167
0.121
0.165
0.163
0.138
0.138
0.118
0.142
0.141
0.086
0.106
0.203
0.445
0.184
0.117
0.085
0.094
0.075
0.083
0.105
0.127
0.208
0.204
0.172
0.182
0.184
0.137
0.115
0.130
0.188
0.218
0.307
0.254
0.161
0.137
0.114
0.173
0.225
0.214
0.081
0.078
0.089
0.178
0.272
0.236
0.157
0.151
0.156
0.239
0.222
0.374
0.368
0.323
0.517
0.526
0.279
0.226
0.226
0.223
0.162
0.185
0.254
0.214
0.209
0.212
0.215
0.176
0.081
0.131
0.152
0.207
0.164
0.144
0.142
0.140
0.123
0.131
0.137
0.178
0.205
0.188
0.269
0.327
0.340
0.329
0.399
0.383
0.344
0.389
0.348
0.324
0.351
0.354
0.329
0.318
0.340
0.358
0.365
0.361
0.354
0.346
0.363
0.339
0.294
0.221
0.236
0.268
0.301
0.334
0.342
0.354
0.375
0.359
0.361
0.365
0.396
0.564
0.525
0.487
0.507
0.580
0.546
0.744
0.660
0.754
0.598
0.516
0.552
0.486
0.481
0.572
0.525
0.462
0.432
0.420
0.471
0.522
0.601
0.506
0.606
0.700
0.756
0.699
0.687
0.619
0.576
0.504
0.596
0.596
0.810
0.726
0.824
0.711
0.726
0.733
0.647
0.593
0.555
0.523
0.500
0.504
0.508
0.514
0.537
0.547
0.558
0.668
0.779
0.881
0.684
0.744
0.819
0.822
0.935
0.849
0.768
0.796
0.798
0.834
0.875
0.829
0.808
0.842
0.938
0.902
0.920
0.855
0.840
0.822
0.859
0.791
0.733
0.689
0.740
0.733
0.666
0.733
0.773
0.788
0.685
0.641
0.641
0.602
0.590
0.510
0.513
0.574
0.611
0.674
0.654
0.567
0.467
0.519
0.670
0.713
0.735
0.797
0.809
0.851
0.891
0.875
0.720
0.684
0.693
0.739
0.680
0.618
0.589
0.647
0.692
0.674
0.648
0.662
0.653
0.641
0.555
0.470
0.545
0.609
0.601
0.610
0.628
0.517
0.387
0.315
0.299
0.288
0.296
0.283
0.334
0.293
0.302
0.311
0.314
0.229
0.275
0.272
0.224
0.261
0.279
0.335
0.419
0.436
0.351
0.282
0.331
0.330
0.305
0.226
0.280
0.257
0.252
0.269
0.251
0.245
0.222
0.220
0.267
0.200
0.296
0.294
0.392
0.586
0.392
0.181
0.222
0.239
0.269
0.372
0.292
0.239
0.240
0.253
0.230
0.432
0.281
0.287
0.364
0.373
0.361
0.330
0.312
0.331
0.343
0.336
0.285
0.327
0.363
0.402
0.330
0.483
0.316
0.249
0.263
0.383
0.460
0.325
0.254
0.240
0.257
0.374
0.446
0.262
0.245
0.238
0.220
0.337
0.245
0.431
0.605
0.364
0.360
0.368
0.652
0.606
0.569
0.516
0.460
0.482
0.452
0.391
0.370
0.433
0.431
0.405
0.294
0.271
0.232
0.258
0.358
0.394
0.293
0.231
0.189
0.205
0.302
0.282
0.213
0.262
0.436
0.458
0.375
0.263
0.278
0.257
0.284
0.237
0.293
0.308
0.505
0.256
0.183
0.188
0.205
0.183
0.165
0.153
0.146
0.181
0.295
0.368
0.275
0.266
0.212
0.231
0.181
0.158
0.301
0.256
0.217
0.329
0.271
0.150
0.125
0.122
0.107
0.084
0.121
0.107
0.108
0.146
0.184
0.243
0.317
0.260
0.207
0.186
0.168
0.191
0.172
0.289
0.368
0.259
0.239
0.218
0.214
0.187
0.190
0.129
0.217
0.318
0.268
0.323
0.189
0.138
0.113
0.094
0.104
0.158
0.229
0.173
0.125
0.072
0.064
0.146
0.201
0.164
0.107
0.125
0.108
0.061
0.056
0.082
0.091
0.125
0.170
0.159
0.216
0.313
0.242
0.269
0.157
0.160
0.201
0.255
0.329
0.351
0.324
0.289
0.298
0.312
0.301
0.279
0.299
0.277
0.231
0.181
0.257
0.259
0.291
0.290
0.308
0.294
0.311
0.351
0.354
0.361
0.403
0.402
0.416
0.389
0.344
0.336
0.355
0.375
0.357
0.347
0.387
0.357
0.357
0.379
0.375
0.366
0.331
0.290
0.240
0.271
0.389
0.452
0.605
0.543
0.520
0.521
0.652
0.575
0.536
0.571
0.689
0.597
0.535
0.477
0.388
0.420
0.385
0.581
0.906
0.773
0.728
0.769
0.818
0.743
0.722
0.802
0.900
0.846
0.769
0.893
0.831
0.852
0.892
0.924
0.912
0.884
0.895
0.897
0.832
0.824
0.866
0.855
0.733
0.684
0.686
0.667
0.680
0.630
0.666
0.649
0.657
0.681
0.668
0.664
0.713
0.746
0.632
0.593
0.557
0.555
0.571
0.530
0.526
0.544
0.560
0.677
0.650
0.831
0.896
0.945
0.865
0.862
0.812
0.765
0.735
0.763
0.755
0.718
0.631
0.570
0.648
0.633
0.645
0.555
0.555
0.575
0.613
0.565
0.489
0.445
0.469
0.512
0.475
0.448
0.460
0.513
0.541
0.491
0.430
0.335
0.316
0.300
0.345
0.428
0.573
0.617
0.539
0.445
0.534
0.546
0.567
0.506
0.412
0.419
0.346
0.406
0.366
0.296
0.355
0.337
0.321
0.287
0.246
0.144
0.122
0.162
0.276
0.210
0.260
0.261
0.246
0.214
0.225
0.226
0.219
0.238
0.273
0.283
0.303
0.317
0.326
0.289
0.408
0.505
0.620
0.566
0.459
0.420
0.254
0.228
0.395
0.404
0.351
0.383
0.352
0.378
0.208
0.254
0.256
0.288
0.337
0.324
0.350
0.325
0.363
0.381
0.293
0.245
0.246
0.293
0.311
0.238
0.262
0.328
0.384
0.351
0.325
0.362
0.469
0.390
0.415
0.479
0.413
0.394
0.429
0.298
0.210
0.289
0.303
0.254
0.330
0.490
0.346
0.289
0.298
0.457
0.513
0.278
0.292
0.330
0.294
0.232
0.229
0.268
0.349
0.375
0.365
0.368
0.330
0.325
0.258
0.273
0.246
0.268
0.278
0.301
0.281
0.235
0.243
0.294
0.300
0.363
0.357
0.254
0.228
0.175
0.230
0.323
0.374
0.264
0.263
0.313
0.402
0.216
0.237
0.366
0.251
0.244
0.224
0.152
0.151
0.146
0.111
0.126
0.150
0.247
0.379
0.335
0.245
0.192
0.222
0.152
0.191
0.313
0.290
0.412
0.447
0.408
0.379
0.261
0.158
0.114
0.110
0.096
0.101
0.128
0.227
0.249
0.179
0.129
0.106
0.098
0.116
0.136
0.280
0.273
0.290
0.271
0.245
0.195
0.193
0.342
0.354
0.381
0.371
0.293
0.211
0.131
0.115
0.072
0.085
0.115
0.173
0.263
0.254
0.261
0.154
0.154
0.158
0.180
0.266
0.274
0.325
0.311
0.311
0.215
0.171
0.266
0.298
0.279
0.189
0.225
0.197
0.197
0.194
0.223
0.278
0.238
0.303
0.262
0.233
0.239
0.216
0.248
0.240
0.216
0.260
0.275
0.303
0.259
0.205
0.215
0.188
0.183
0.237
0.227
0.252
0.321
0.415
0.434
0.418
0.407
0.385
0.289
0.329
0.441
0.505
0.442
0.453
0.453
0.627
0.588
0.471
0.377
0.309
0.271
0.235
0.284
0.448
0.511
0.421
0.354
0.243
0.303
0.355
0.376
0.431
0.467
0.469
0.404
0.365
0.382
0.391
0.393
0.394
0.425
0.477
0.599
0.775
0.776
0.763
0.736
0.699
0.730
0.714
0.706
0.757
0.733
0.692
0.656
0.690
0.635
0.685
0.662
0.664
0.731
0.835
0.888
0.923
0.846
0.892
0.812
0.789
0.739
0.759
0.929
0.893
0.839
0.882
0.909
0.884
0.838
0.889
0.897
0.895
0.882
0.859
0.833
0.842
0.830
0.815
0.787
0.830
0.884
0.815
0.805
0.836
0.805
0.815
0.775
0.792
0.819
0.752
0.797
0.835
0.883
0.889
0.854
0.845
0.856
0.856
0.868
0.874
0.820
0.883
0.920
0.899
0.910
0.922
0.890
0.870
0.815
0.780
0.736
0.679
0.651
0.705
0.721
0.759
0.678
0.590
0.540
0.549
0.493
0.513
0.506
0.469
0.484
0.486
0.444
0.464
0.407
0.381
0.360
0.338
0.505
0.638
0.730
0.661
0.573
0.491
0.322
0.303
0.556
0.549
0.590
0.533
0.578
0.480
0.441
0.421
0.350
0.283
0.394
0.405
0.301
0.321
0.322
0.330
0.326
0.345
0.329
0.302
0.272
0.330
0.435
0.541
0.638
0.638
0.679
0.650
0.610
0.665
0.723
0.676
0.496
0.414
0.584
0.787
0.771
0.863
0.781
0.676
0.607
0.599
0.547
0.564
0.503
0.483
0.411
0.402
0.483
0.489
0.428
0.364
0.404
0.386
0.276
0.326
0.502
0.508
0.379
0.357
0.340
0.314
0.284
0.361
0.320
0.456
0.638
0.497
0.354
0.353
0.379
0.459
0.620
0.556
0.357
0.280
0.365
0.362
0.381
0.413
0.402
0.374
0.356
0.328
0.358
0.360
0.393
0.623
0.649
0.531
0.260
0.288
0.426
0.268
0.338
0.349
0.375
0.356
0.333
0.338
0.301
0.321
0.397
0.429
0.524
0.397
0.364
0.380
0.292
0.291
0.400
0.465
0.631
0.548
0.315
0.283
0.280
0.284
0.340
0.483
0.593
0.457
0.388
0.347
0.320
0.313
0.329
0.321
0.273
0.273
0.317
0.301
0.271
0.298
0.251
0.283
0.368
0.339
0.323
0.261
0.219
0.243
0.225
0.136
0.144
0.161
0.137
0.153
0.180
0.144
0.143
0.183
0.249
0.372
0.292
0.233
0.280
0.259
0.199
0.113
0.139
0.193
0.350
0.312
0.354
0.321
0.258
0.134
0.124
0.117
0.103
0.127
0.141
0.200
0.191
0.237
0.227
0.243
0.236
0.202
0.255
0.299
0.198
0.097
0.084
0.098
0.076
0.075
0.082
0.151
0.201
0.185
0.222
0.294
0.326
0.275
0.334
0.367
0.424
0.402
0.350
0.331
0.264
0.286
0.351
0.371
0.407
0.398
0.378
0.352
0.349
0.312
0.318
0.355
0.419
0.427
0.422
0.396
0.395
0.379
0.385
0.370
0.365
0.365
0.361
0.406
0.397
0.357
0.332
0.316
0.235
0.206
0.308
0.360
0.433
0.398
0.412
0.474
0.479
0.484
0.512
0.479
0.496
0.569
0.516
0.488
0.478
0.475
0.519
0.511
0.454
0.489
0.552
0.896
0.695
0.694
0.682
0.642
0.636
0.645
0.584
0.881
0.883
0.895
0.924
0.937
0.874
0.840
0.850
0.920
0.914
0.859
0.828
0.883
0.865
0.818
0.838
0.828
0.915
0.930
0.902
0.861
0.863
0.875
0.897
0.881
0.922
0.897
0.833
0.919
0.883
0.878
0.841
0.873
0.942
0.963
0.935
0.943
0.953
0.950
0.949
0.929
0.947
0.900
0.875
0.852
0.851
0.879
0.880
0.866
0.876
0.896
0.879
0.874
0.881
0.894
0.895
0.895
0.945
0.889
0.876
0.927
0.948
0.937
0.942
0.884
0.932
0.895
0.946
0.936
0.917
0.833
0.846
0.869
0.901
0.917
0.855
0.820
0.810
0.806
0.786
0.777
0.801
0.784
0.778
0.755
0.727
0.691
0.638
0.670
0.687
0.684
0.653
0.570
0.535
0.537
0.484
0.408
0.432
0.410
0.422
0.401
0.429
0.440
0.509
0.398
0.278
0.375
0.373
0.309
0.305
0.310
0.307
0.315
0.341
0.329
0.335
0.325
0.317
0.301
0.312
0.315
0.335
0.406
0.366
0.372
0.345
0.377
0.361
0.394
0.365
0.351
0.316
0.344
0.341
0.342
0.320
0.357
0.288
0.281
0.314
0.337
0.434
0.441
0.427
0.387
0.338
0.279
0.250
0.278
0.255
0.296
0.397
0.466
0.456
0.346
0.326
0.370
0.275
0.180
0.223
0.320
0.301
0.273
0.302
0.306
0.307
0.305
0.294
0.293
0.340
0.377
0.377
0.346
0.329
0.356
0.311
0.309
0.324
0.400
0.393
0.461
0.482
0.382
0.570
0.659
0.462
0.232
0.327
0.364
0.317
0.379
0.372
0.289
0.405
0.662
0.553
0.331
0.320
0.414
0.316
0.276
0.301
0.342
0.329
0.358
0.356
0.327
0.353
0.326
0.284
0.230
0.320
0.242
0.462
0.389
0.292
0.303
0.113
0.180
0.165
0.163
0.244
0.509
0.341
0.229
0.239
0.327
0.259
0.225
0.216
0.369
0.464
0.312
0.176
0.168
0.186
0.167
0.157
0.209
0.381
0.448
0.407
0.404
0.351
0.378
0.363
0.219
0.083
0.091
0.101
0.182
0.294
0.148
0.148
0.182
0.236
0.295
0.299
0.293
0.066
0.062
0.067
0.066
0.099
0.176
0.236
0.247
0.191
0.162
0.217
0.200
0.180
0.212
0.234
0.238
0.261
0.255
0.222
0.201
0.307
0.298
0.279
0.307
0.375
0.324
0.267
0.298
0.339
0.282
0.529
0.430
0.313
0.267
0.333
0.258
0.269
0.225
0.249
0.261
0.223
0.188
0.213
0.200
0.323
0.359
0.347
0.376
0.360
0.297
0.315
0.338
0.407
0.401
0.351
0.319
0.306
0.332
0.346
0.357
0.337
0.324
0.353
0.328
0.339
0.326
0.360
0.367
0.345
0.357
0.391
0.375
0.388
0.383
0.387
0.384
0.366
0.350
0.361
0.379
0.404
0.412
0.468
0.454
0.382
0.560
0.474
0.503
0.437
0.441
0.446
0.459
0.445
0.470
0.458
0.444
0.440
0.445
0.476
0.450
0.439
0.445
0.439
0.584
0.570
0.652
0.810
0.737
0.707
0.708
0.656
0.787
0.786
0.801
0.887
0.862
0.825
0.765
0.889
0.852
0.887
0.859
0.715
0.640
0.712
0.774
0.780
0.760
0.728
0.683
0.707
0.806
0.774
0.828
0.827
0.832
0.791
0.800
0.788
0.801
0.860
0.798
0.754
0.862
0.820
0.859
0.908
0.897
0.922
0.921
0.895
0.831
0.875
0.931
0.882
0.888
0.915
0.952
0.888
0.842
0.874
0.870
0.833
0.858
0.896
0.884
0.890
0.867
0.849
0.893
0.954
0.953
0.928
0.935
0.901
0.944
0.915
0.940
0.862
0.853
0.852
0.871
0.836
0.824
0.867
0.885
0.866
0.838
0.815
0.745
0.653
0.594
0.538
0.540
0.445
0.451
0.481
0.667
0.688
0.666
0.569
0.469
0.409
0.310
0.336
0.354
0.447
0.503
0.500
0.402
0.408
0.456
0.389
0.374
0.365
0.369
0.379
0.306
0.302
0.311
0.264
0.275
0.242
0.269
0.275
0.285
0.263
0.266
0.265
0.292
0.263
0.285
0.330
0.366
0.333
0.304
0.323
0.279
0.323
0.305
0.249
0.249
0.251
0.284
0.315
0.319
0.328
0.316
0.311
0.332
0.320
0.304
0.309
0.389
0.395
0.276
0.351
0.362
0.313
0.280
0.255
0.249
0.295
0.302
0.402
0.484
0.370
0.450
0.648
0.603
0.486
0.399
0.383
0.329
0.324
0.210
0.240
0.267
0.236
0.293
0.305
0.325
0.533
0.532
0.383
0.366
0.363
0.343
0.428
0.384
0.325
0.322
0.275
0.207
0.237
0.319
0.331
0.474
0.559
0.479
0.395
0.535
0.570
0.542
0.407
0.267
0.197
0.240
0.234
0.206
0.220
0.215
0.233
0.220
0.223
0.249
0.294
0.290
0.320
0.343
0.525
0.563
0.322
0.271
0.245
0.198
0.227
0.288
0.317
0.390
0.319
0.354
0.439
0.456
0.345
0.292
0.291
0.269
0.357
0.364
0.379
0.277
0.247
0.351
0.206
0.147
0.169
0.111
0.097
0.102
0.116
0.120
0.114
0.153
0.322
0.256
0.137
0.193
0.271
0.231
0.199
0.235
0.143
0.135
0.176
0.272
0.246
0.298
0.329
0.166
0.174
0.309
0.368
0.420
0.276
0.198
0.161
0.224
0.324
0.272
0.160
0.143
0.180
0.277
0.362
0.221
0.305
0.242
0.199
0.210
0.208
0.283
0.359
0.339
0.322
0.325
0.314
0.328
0.364
0.337
0.287
0.241
0.264
0.217
0.295
0.303
0.134
0.110
0.227
0.332
0.282
0.312
0.272
0.238
0.267
0.314
0.306
0.314
0.307
0.264
0.223
0.273
0.312
0.304
0.278
0.280
0.265
0.274
0.349
0.398
0.395
0.399
0.408
0.389
0.385
0.374
0.377
0.384
0.328
0.338
0.415
0.413
0.405
0.440
0.547
0.561
0.701
0.635
0.670
0.656
0.572
0.541
0.533
0.724
0.911
0.773
0.701
0.626
0.626
0.591
0.567
0.555
0.587
0.610
0.613
0.615
0.573
0.612
0.560
0.531
0.626
0.801
0.790
0.852
0.871
0.892
0.873
0.869
0.864
0.858
0.885
0.927
0.879
0.897
0.936
0.903
0.866
0.857
0.947
0.839
0.822
0.919
0.916
0.902
0.951
0.939
0.901
0.895
0.935
0.858
0.928
0.903
0.863
0.897
0.924
0.943
0.935
0.949
0.909
0.916
0.951
0.937
0.934
0.899
0.904
0.875
0.825
0.820
0.929
0.863
0.831
0.934
0.932
0.890
0.828
0.869
0.867
0.848
0.839
0.835
0.823
0.801
0.780
0.779
0.788
0.811
0.788
0.719
0.616
0.585
0.585
0.583
0.610
0.600
0.635
0.640
0.608
0.505
0.479
0.724
0.850
0.883
0.898
0.900
0.940
0.897
0.922
0.915
0.888
0.882
0.858
0.847
0.726
0.737
0.807
0.854
0.832
0.781
0.824
0.796
0.759
0.692
0.673
0.669
0.644
0.555
0.496
0.490
0.467
0.470
0.444
0.437
0.448
0.520
0.498
0.449
0.488
0.557
0.556
0.526
0.523
0.501
0.547
0.534
0.492
0.505
0.526
0.470
0.448
0.424
0.411
0.388
0.450
0.469
0.410
0.328
0.340
0.344
0.343
0.332
0.341
0.350
0.353
0.365
0.367
0.330
0.324
0.303
0.315
0.367
0.351
0.354
0.319
0.328
0.396
0.388
0.457
0.435
0.393
0.364
0.415
0.379
0.378
0.466
0.549
0.527
0.535
0.594
0.475
0.300
0.377
0.322
0.403
0.449
0.480
0.455
0.361
0.336
0.427
0.424
0.275
0.442
0.552
0.632
0.457
0.267
0.304
0.349
0.446
0.393
0.473
0.435
0.411
0.381
0.405
0.350
0.490
0.486
0.428
0.370
0.550
0.768
0.680
0.516
0.579
0.549
0.585
0.442
0.352
0.379
0.285
0.293
0.326
0.348
0.413
0.414
0.459
0.411
0.503
0.461
0.295
0.336
0.462
0.275
0.389
0.416
0.342
0.292
0.240
0.269
0.302
0.296
0.451
0.306
0.331
0.341
0.394
0.310
0.233
0.253
0.264
0.241
0.261
0.264
0.280
0.242
0.211
0.212
0.294
0.242
0.285
0.153
0.124
0.193
0.165
0.192
0.314
0.384
0.161
0.118
0.289
0.449
0.367
0.290
0.316
0.296
0.273
0.264
0.319
0.349
0.265
0.257
0.328
0.337
0.192
0.195
0.270
0.293
0.149
0.103
0.094
0.142
0.197
0.248
0.270
0.219
0.235
0.250
0.282
0.306
0.277
0.249
0.167
0.181
0.198
0.243
0.280
0.202
0.156
0.185
0.179
0.218
0.275
0.318
0.311
0.318
0.226
0.170
0.160
0.188
0.330
0.357
0.399
0.390
0.385
0.381
0.436
0.426
0.300
0.235
0.197
0.207
0.253
0.299
0.287
0.310
0.224
0.185
0.201
0.277
0.312
0.348
0.356
0.295
0.232
0.238
0.244
0.260
0.255
0.302
0.278
0.298
0.391
0.447
0.445
0.474
0.491
0.527
0.539
0.496
0.480
0.424
0.440
0.496
0.478
0.462
0.455
0.423
0.407
0.417
0.447
0.462
0.503
0.523
0.578
0.486
0.431
0.395
0.407
0.427
0.444
0.517
0.501
0.529
0.568
0.696
0.634
0.676
0.675
0.800
0.899
0.759
0.722
0.709
0.868
0.933
0.951
0.910
0.886
0.960
0.949
0.951
0.897
