20000101
0.226
0.240
0.246
0.240
0.306
0.240
0.220
0.309
0.308
0.426
0.297
0.323
0.420
0.263
0.131
0.192
0.183
0.292
0.287
0.160
0.524
0.574
0.521
0.321
0.322
0.275
0.288
0.254
0.210
0.148
0.208
0.490
0.286
0.480
0.453
0.509
0.408
0.295
0.239
0.246
0.332
0.427
0.236
0.179
0.214
0.182
0.153
0.162
0.134
0.159
0.168
0.182
0.206
0.227
0.215
0.139
0.101
0.163
0.181
0.220
0.210
0.223
0.198
0.292
0.192
0.072
0.106
0.114
0.085
0.098
0.357
0.298
0.318
0.073
0.110
0.219
0.300
0.111
0.052
0.049
0.166
0.229
0.149
0.135
0.115
0.107
0.088
0.058
0.075
0.084
0.155
0.122
0.085
0.088
0.096
0.075
0.061
0.065
0.103
0.093
0.100
0.166
0.133
0.143
0.201
0.251
0.230
0.139
0.167
0.132
0.126
0.162
0.247
0.271
0.286
0.323
0.319
0.315
0.240
0.263
0.225
0.151
0.230
0.175
0.194
0.172
0.230
0.225
0.266
0.351
0.278
0.323
0.393
0.523
0.458
0.394
0.457
0.518
0.599
0.515
0.493
0.484
0.377
0.412
0.396
0.358
0.367
0.347
0.309
0.377
0.463
0.487
0.408
0.352
0.313
0.312
0.454
0.262
0.295
0.371
0.405
0.320
0.336
0.366
0.438
0.420
0.436
0.401
0.364
0.326
0.284
0.273
0.336
0.408
0.438
0.429
0.429
0.444
0.424
0.430
0.384
0.397
0.600
0.759
0.647
0.702
0.598
0.574
0.578
0.685
0.671
0.698
0.732
0.702
0.745
0.888
0.929
0.896
0.842
0.741
0.739
0.727
0.868
0.754
0.691
0.619
0.605
0.559
0.533
0.511
0.630
0.642
0.624
0.550
0.517
0.634
0.544
0.518
0.495
0.448
0.448
0.494
0.521
0.628
0.748
0.915
0.908
0.875
0.830
0.878
0.775
0.875
0.926
0.890
0.878
0.732
0.738
0.661
0.683
0.833
0.841
0.763
0.731
0.843
0.813
0.737
0.673
0.741
0.925
0.685
0.630
0.688
0.623
0.604
0.597
0.579
0.538
0.500
0.399
0.414
0.443
0.452
0.512
0.471
0.405
0.381
0.455
0.471
0.498
0.432
0.354
0.284
0.208
0.307
0.295
0.210
0.191
0.249
0.237
0.277
0.267
0.353
0.302
0.344
0.359
0.341
0.270
0.271
0.293
0.111
0.131
0.186
0.157
0.152
0.149
0.190
0.286
0.386
0.332
0.309
0.224
0.176
0.144
0.124
0.128
0.152
0.142
0.167
0.219
0.204
0.217
0.323
0.322
0.268
0.248
0.204
0.222
0.228
0.229
0.200
0.264
0.295
0.219
0.149
0.178
0.214
0.206
0.224
0.239
0.245
0.230
0.286
0.250
0.213
0.191
0.159
0.126
0.105
0.101
0.105
0.136
0.159
0.199
0.203
0.213
0.224
0.218
0.231
0.206
0.204
0.212
0.234
0.317
0.385
0.323
0.270
0.184
0.173
0.176
0.166
0.156
0.165
0.170
0.188
0.432
0.552
0.401
0.444
0.372
0.417
0.349
0.270
0.224
0.269
0.284
0.244
0.215
0.231
0.189
0.201
0.198
0.216
0.273
0.346
0.259
0.205
0.254
0.419
0.175
0.133
0.152
0.117
0.120
0.129
0.161
0.213
0.205
0.169
0.124
0.121
0.111
0.118
0.130
0.131
0.126
0.133
0.173
0.152
0.108
0.118
0.170
0.298
0.249
0.197
0.170
0.199
0.185
0.180
0.114
0.207
0.231
0.358
0.211
0.197
0.155
0.127
0.094
0.097
0.096
0.100
0.082
0.083
0.080
0.072
0.078
0.100
0.348
0.376
0.231
0.203
0.167
0.132
0.107
0.134
0.265
0.221
0.206
0.217
0.221
0.167
0.197
0.267
0.298
0.295
0.156
0.176
0.116
0.104
0.090
0.135
0.087
0.085
0.064
0.070
0.111
0.169
0.266
0.206
0.222
0.179
0.196
0.223
0.319
0.377
0.299
0.229
0.156
0.104
0.087
0.113
0.125
0.130
0.119
0.165
0.233
0.267
0.175
0.208
0.149
0.228
0.196
0.224
0.206
0.247
0.296
0.285
0.288
0.287
0.248
0.279
0.319
0.382
0.379
0.443
0.460
0.392
0.388
0.336
0.250
0.196
0.409
0.455
0.427
0.412
0.537
0.664
0.607
0.562
0.568
0.626
0.553
0.520
0.544
0.470
0.464
0.462
0.518
0.641
0.692
0.648
0.770
0.756
0.815
0.783
0.723
0.663
0.570
0.508
0.471
0.483
0.449
0.453
0.474
0.478
0.473
0.518
0.511
0.593
0.718
0.808
0.944
0.896
0.757
0.684
0.789
0.809
0.807
0.918
0.898
0.867
0.793
0.869
0.887
0.901
0.869
0.780
0.843
0.918
0.858
0.862
0.832
0.861
0.824
0.769
0.802
0.800
0.830
0.790
0.729
0.614
0.587
0.601
0.777
0.763
0.843
0.848
0.836
0.854
0.857
0.844
0.900
0.844
0.844
0.909
0.959
0.867
0.724
0.721
0.772
0.851
0.845
0.834
0.809
0.710
0.669
0.657
0.697
0.744
0.668
0.660
0.623
0.556
0.573
0.611
0.624
0.707
0.731
0.641
0.570
0.616
0.644
0.591
0.548
0.523
0.528
0.452
0.491
0.484
0.480
0.528
0.356
0.369
0.379
0.390
0.314
0.205
0.324
0.172
0.200
0.327
0.500
0.611
0.642
0.539
0.430
0.375
0.349
0.421
0.624
0.816
0.865
0.743
0.555
0.273
0.341
0.248
0.192
0.232
0.235
0.193
0.217
0.199
0.171
0.166
0.206
0.221
0.161
0.205
0.283
0.288
0.261
0.237
0.242
0.265
0.301
0.288
0.202
0.240
0.191
0.179
0.188
0.190
0.190
0.176
0.184
0.187
0.186
0.183
0.191
0.215
0.281
0.226
0.229
0.227
0.213
0.200
0.201
0.200
0.209
0.202
0.214
0.218
0.224
0.206
0.212
0.217
0.248
0.262
0.265
0.335
0.436
0.299
0.242
0.234
0.235
0.263
0.296
0.293
0.277
0.303
0.219
0.202
0.207
0.218
0.248
0.285
0.209
0.207
0.208
0.245
0.249
0.191
0.216
0.207
0.215
0.225
0.254
0.334
0.252
0.259
0.249
0.229
0.202
0.206
0.496
0.551
0.443
0.270
0.559
0.342
0.276
0.237
0.272
0.260
0.266
0.410
0.386
0.205
0.196
0.191
0.198
0.197
0.184
0.192
0.166
0.200
0.192
0.112
0.132
0.128
0.102
0.264
0.446
0.138
0.213
0.265
0.238
0.232
0.208
0.221
0.191
0.170
0.206
0.223
0.321
0.251
0.203
0.178
0.165
0.212
0.221
0.233
0.197
0.135
0.119
0.146
0.169
0.306
0.387
0.237
0.148
0.196
0.322
0.442
0.395
0.240
0.110
0.097
0.094
0.131
0.202
0.168
0.158
0.232
0.321
0.236
0.071
0.070
0.057
0.057
0.109
0.203
0.091
0.047
0.071
0.166
0.159
0.295
0.341
0.233
0.141
0.142
0.136
0.182
0.184
0.314
0.203
0.216
0.183
0.158
0.148
0.172
0.167
0.238
0.172
0.193
0.062
0.057
0.102
0.062
0.074
0.101
0.089
0.070
0.068
0.084
0.072
0.208
0.212
0.264
0.299
0.330
0.364
0.391
0.332
0.325
0.277
0.275
0.273
0.324
0.399
0.365
0.341
0.324
0.275
0.262
0.318
0.343
0.382
0.400
0.365
0.278
0.262
0.312
0.308
0.306
0.312
0.338
0.357
0.337
0.289
0.267
0.297
0.311
0.373
0.370
0.484
0.521
0.553
0.524
0.476
0.560
0.608
0.546
0.465
0.361
0.403
0.459
0.705
0.775
0.936
0.874
0.684
0.587
0.573
0.596
0.506
0.507
0.517
0.506
0.476
0.528
0.477
0.441
0.508
0.507
0.695
0.755
0.683
0.732
0.715
0.759
0.696
0.774
0.816
0.787
0.811
0.788
0.661
0.535
0.514
0.442
0.433
0.436
0.433
0.389
0.480
0.833
0.869
0.838
0.891
0.847
0.748
0.783
0.895
0.924
0.920
0.889
0.748
0.757
0.740
0.717
0.657
0.673
0.647
0.773
0.827
0.825
0.908
0.830
0.744
0.654
0.820
0.849
0.835
0.821
0.852
0.851
0.704
0.607
0.532
0.541
0.533
0.515
0.535
0.386
0.457
0.512
0.524
0.508
0.563
0.598
0.615
0.501
0.406
0.397
0.357
0.407
0.540
0.492
0.423
0.440
0.332
0.267
0.210
0.185
0.218
0.239
0.194
0.216
0.198
0.218
0.212
0.279
0.305
0.283
0.283
0.240
0.231
0.287
0.307
0.220
0.306
0.349
0.321
0.274
0.235
0.181
0.189
0.162
0.156
0.175
0.216
0.241
0.230
0.132
0.124
0.160
0.190
0.208
0.249
0.349
0.251
0.250
0.283
0.312
0.338
0.343
0.319
0.238
0.190
0.183
0.205
0.213
0.198
0.201
0.218
0.253
0.258
0.235
0.149
0.144
0.139
0.131
0.191
0.198
0.202
0.213
0.178
0.192
0.216
0.249
0.261
0.229
0.243
0.204
0.186
0.217
0.240
0.230
0.253
0.282
0.297
0.452
0.447
0.363
0.299
0.274
0.328
0.347
0.332
0.363
0.341
0.283
0.427
0.605
0.445
0.476
0.420
0.404
0.313
0.405
0.229
0.305
0.295
0.275
0.268
0.242
0.179
0.162
0.156
0.152
0.185
0.177
0.195
0.189
0.184
0.163
0.179
0.225
0.221
0.278
0.284
0.465
0.441
0.309
0.619
0.521
0.486
0.549
0.364
0.284
0.330
0.206
0.237
0.226
0.319
0.239
0.152
0.152
0.162
0.151
0.162
0.277
0.728
0.458
0.292
0.228
0.241
0.239
0.231
0.252
0.283
0.271
0.253
0.270
0.308
0.194
0.059
0.091
0.085
0.091
0.090
0.084
0.129
0.117
0.114
0.113
0.107
0.114
0.138
0.232
0.216
0.180
0.164
0.126
0.121
0.124
0.154
0.145
0.123
0.135
0.161
0.217
0.262
0.170
0.180
0.155
0.246
0.350
0.432
0.221
0.142
0.099
0.115
0.144
0.173
0.165
0.181
0.301
0.313
0.303
0.226
0.230
0.247
0.271
0.176
0.097
0.075
0.105
0.193
0.218
0.164
0.105
0.082
0.082
0.109
0.168
0.235
0.090
0.205
0.233
0.200
0.142
0.082
0.104
0.099
0.134
0.187
0.150
0.078
0.158
0.166
0.264
0.340
0.346
0.323
0.384
0.390
0.336
0.286
0.309
0.337
0.309
0.351
0.221
0.194
0.230
0.305
0.279
0.265
0.361
0.403
0.427
0.406
0.381
0.333
0.348
0.340
0.366
0.366
0.406
0.504
0.658
0.845
0.805
0.657
0.559
0.501
0.508
0.501
0.670
0.603
0.541
0.662
0.643
0.580
0.581
0.594
0.680
0.751
0.881
0.818
0.797
0.791
0.849
0.829
0.827
0.764
0.775
0.736
0.762
0.905
0.816
0.789
0.784
0.793
0.780
0.813
0.820
0.916
0.916
0.842
0.849
0.937
0.927
0.883
0.829
0.844
0.840
0.887
0.898
0.885
0.812
0.803
0.841
0.860
0.857
0.861
0.825
0.803
0.762
0.758
0.743
0.651
0.691
0.756
0.727
0.727
0.704
0.669
0.831
0.932
0.932
0.895
0.864
0.853
0.953
0.896
0.914
0.852
0.867
0.767
0.773
0.802
0.837
0.685
0.658
0.759
0.746
0.668
0.675
0.725
0.735
0.631
0.734
0.767
0.736
0.644
0.745
0.711
0.681
0.652
0.661
0.630
0.565
0.532
0.541
0.537
0.573
0.509
0.517
0.383
0.299
0.356
0.383
0.426
0.409
0.417
0.358
0.374
0.257
0.221
0.247
0.315
0.350
0.334
0.233
0.190
0.263
0.282
0.283
0.246
0.222
0.187
0.231
0.302
0.314
0.326
0.269
0.227
0.284
0.443
0.384
0.381
0.320
0.321
0.372
0.260
0.141
0.143
0.207
0.284
0.329
0.361
0.365
0.450
0.376
0.263
0.248
0.277
0.183
0.177
0.261
0.364
0.344
0.265
0.264
0.241
0.297
0.283
0.234
0.237
0.213
0.200
0.197
0.214
0.251
0.281
0.358
0.269
0.395
0.377
0.321
0.281
0.311
0.263
0.303
0.326
0.402
0.362
0.348
0.279
0.333
0.327
0.246
0.288
0.358
0.385
0.336
0.278
0.239
0.284
0.338
0.388
0.396
0.586
0.591
0.347
0.283
0.270
0.286
0.295
0.329
0.300
0.209
0.240
0.374
0.454
0.262
0.271
0.395
0.533
0.446
0.297
0.272
0.329
0.303
0.308
0.319
0.428
0.431
0.328
0.265
0.219
0.164
0.156
0.147
0.170
0.154
0.220
0.274
0.330
0.284
0.277
0.283
0.226
0.189
0.188
0.291
0.386
0.199
0.206
0.198
0.179
0.173
0.151
0.158
0.197
0.163
0.155
0.122
0.073
0.078
0.065
0.064
0.082
0.078
0.063
0.079
0.095
0.092
0.103
0.098
0.107
0.106
0.107
0.090
0.084
0.100
0.086
0.158
0.187
0.244
0.214
0.151
0.217
0.072
0.090
0.116
0.114
0.103
0.155
0.227
0.224
0.202
0.163
0.193
0.217
0.321
0.297
0.247
0.261
0.184
0.250
0.245
0.244
0.310
0.254
0.326
0.327
0.306
0.227
0.247
0.190
0.111
0.108
0.118
0.175
0.258
0.296
0.322
0.064
0.071
0.075
0.058
0.077
0.089
0.226
0.297
0.371
0.532
0.542
0.570
0.601
0.510
0.376
0.334
0.273
0.219
0.269
0.354
0.381
0.397
0.409
0.386
0.368
0.358
0.307
0.245
0.246
0.214
0.229
0.254
0.237
0.235
0.296
0.318
0.317
0.341
0.379
0.423
0.366
0.386
0.370
0.435
0.429
0.569
0.561
0.615
0.748
0.571
0.514
0.473
0.479
0.493
0.567
0.594
0.628
0.627
0.688
0.690
0.711
0.624
0.605
0.533
0.587
0.615
0.715
0.689
0.674
0.728
0.653
0.681
0.573
0.496
0.489
0.509
0.439
0.468
0.591
0.653
0.610
0.525
0.497
0.506
0.447
0.438
0.444
0.557
0.538
0.628
0.647
0.681
0.785
0.822
0.756
0.715
0.655
0.743
0.901
0.943
0.877
0.879
0.937
0.915
0.875
0.955
0.828
0.885
0.866
0.851
0.848
0.850
0.816
0.814
0.796
0.799
0.772
0.736
0.731
0.719
0.677
0.653
0.663
0.681
0.707
0.709
0.657
0.648
0.502
0.454
0.420
0.537
0.589
0.548
0.670
0.613
0.632
0.706
0.783
0.717
0.733
0.748
0.648
0.562
0.576
0.510
0.566
0.579
0.631
0.597
0.470
0.525
0.786
0.627
0.821
0.813
0.850
0.811
0.686
0.601
0.578
0.705
0.769
0.584
0.258
0.391
0.370
0.295
0.311
0.332
0.337
0.353
0.321
0.360
0.284
0.241
0.226
0.277
0.213
0.250
0.190
0.206
0.252
0.284
0.283
0.304
0.313
0.197
0.161
0.195
0.193
0.223
0.223
0.281
0.408
0.464
0.327
0.321
0.233
0.194
0.213
0.220
0.224
0.237
0.279
0.276
0.289
0.307
0.327
0.313
0.287
0.284
0.286
0.334
0.449
0.371
0.349
0.364
0.337
0.316
0.340
0.341
0.273
0.202
0.220
0.209
0.277
0.349
0.257
0.232
0.236
0.263
0.344
0.519
0.361
0.462
0.285
0.319
0.336
0.337
0.371
0.381
0.404
0.400
0.453
0.368
0.450
0.291
0.328
0.354
0.369
0.308
0.320
0.325
0.354
0.314
0.279
0.266
0.282
0.298
0.349
0.320
0.353
0.337
0.288
0.244
0.336
0.289
0.202
0.263
0.451
0.435
0.300
0.304
0.420
0.447
0.233
0.217
0.274
0.346
0.510
0.442
0.516
0.469
0.337
0.254
0.306
0.361
0.378
0.334
0.408
0.366
0.302
0.199
0.162
0.183
0.200
0.164
0.166
0.133
0.155
0.210
0.212
0.221
0.234
0.222
0.236
0.219
0.219
0.225
0.295
0.274
0.293
0.291
0.316
0.271
0.201
0.146
0.135
0.157
0.170
0.147
0.210
0.233
0.277
0.340
0.218
0.172
0.127
0.202
0.312
0.218
0.171
0.086
0.084
0.081
0.074
0.067
0.071
0.069
0.090
0.139
0.187
0.148
0.050
0.050
0.063
0.060
0.065
0.132
0.161
0.087
0.073
0.092
0.082
0.123
0.196
0.202
0.224
0.254
0.229
0.231
0.270
0.346
0.376
0.319
0.292
0.268
0.277
0.333
0.277
0.319
0.297
0.210
0.192
0.143
0.165
0.216
0.200
0.224
0.239
0.244
0.324
0.277
0.200
0.211
0.230
0.304
0.272
0.182
0.199
0.283
0.243
0.244
0.237
0.160
0.139
0.200
0.263
0.307
0.266
0.240
0.293
0.339
0.279
0.251
0.272
0.314
0.426
0.478
0.299
0.311
0.275
0.286
0.343
0.389
0.491
0.515
0.534
0.580
0.640
0.672
0.642
0.710
0.707
0.686
0.793
0.819
0.814
0.788
0.697
0.671
0.710
0.643
0.614
0.742
0.640
0.854
0.741
0.736
0.714
0.817
0.778
0.716
0.599
0.548
0.549
0.554
0.510
0.570
0.546
0.635
0.798
0.862
0.883
0.874
0.786
0.795
0.826
0.882
0.896
0.832
0.896
0.864
0.830
0.827
0.800
0.772
0.754
0.751
0.767
0.733
0.791
0.783
0.757
0.758
0.777
0.772
0.723
0.680
0.705
0.728
0.739
0.700
0.663
0.635
0.620
0.610
0.530
0.451
0.386
0.332
0.398
0.579
0.560
0.606
0.671
0.766
0.682
0.840
0.783
0.878
0.917
0.910
0.910
0.936
0.828
0.804
0.668
0.681
0.837
0.941
0.839
0.819
0.787
0.774
0.695
0.682
0.716
0.594
0.620
0.562
0.529
0.487
0.482
0.516
0.448
0.383
0.388
0.365
0.369
0.361
0.310
0.396
0.301
0.372
0.448
0.303
0.272
0.393
0.390
0.319
0.345
0.331
0.287
0.312
0.205
0.217
0.301
0.349
0.360
0.352
0.353
0.329
0.326
0.341
0.327
0.248
0.281
0.311
0.318
0.225
0.233
0.267
0.246
0.251
0.246
0.283
0.225
0.289
0.243
0.266
0.255
0.306
0.376
0.431
0.309
0.223
0.289
0.278
0.358
0.408
0.331
0.280
0.257
0.230
0.220
0.216
0.220
0.199
0.228
0.253
0.271
0.285
0.227
0.214
0.243
0.290
0.318
0.312
0.337
0.303
0.227
0.245
0.270
0.361
0.422
0.473
0.377
0.447
0.368
0.346
0.393
0.297
0.311
0.365
0.306
0.286
0.288
0.316
0.239
0.265
0.285
0.255
0.281
0.395
0.345
0.511
0.460
0.356
0.298
0.229
0.225
0.249
0.243
0.227
0.226
0.236
0.250
0.219
0.203
0.196
0.219
0.225
0.184
0.161
0.160
0.268
0.284
0.206
0.166
0.163
0.177
0.207
0.209
0.225
0.313
0.394
0.370
0.278
0.235
0.152
0.147
0.171
0.201
0.203
0.218
0.285
0.183
0.102
0.129
0.178
0.143
0.154
0.183
0.175
0.140
0.499
0.689
0.500
0.333
0.293
0.374
0.337
0.283
0.213
0.226
0.282
0.276
0.201
0.177
0.265
0.244
0.210
0.172
0.140
0.092
0.117
0.104
0.092
0.214
0.257
0.191
0.179
0.213
0.208
0.188
0.199
0.262
0.254
0.167
0.115
0.078
0.173
0.156
0.139
0.211
0.112
0.194
0.209
0.177
0.204
0.245
0.305
0.260
0.202
0.275
0.316
0.268
0.241
0.197
0.166
0.184
0.126
0.118
0.102
0.140
0.198
0.193
0.216
0.163
0.193
0.245
0.306
0.343
0.336
0.311
0.209
0.308
0.436
0.475
0.417
0.407
0.354
0.334
0.329
0.281
0.283
0.288
0.293
0.344
0.517
0.823
0.614
0.530
0.436
0.425
0.440
0.381
0.388
0.352
0.342
0.405
0.429
0.407
0.364
0.312
0.312
0.321
0.334
0.316
0.254
0.262
0.232
0.278
0.435
0.525
0.635
0.746
0.680
0.706
0.668
0.611
0.580
0.437
0.399
0.800
0.854
0.865
0.814
0.850
0.801
0.793
0.649
0.601
0.562
0.558
0.630
0.693
0.766
0.829
0.841
0.763
0.887
0.897
0.831
0.749
0.853
0.872
0.929
0.856
0.911
0.947
0.941
0.887
0.907
0.839
0.817
0.890
0.901
0.928
0.901
0.910
0.892
0.916
0.859
0.867
0.841
0.879
0.902
0.954
0.962
0.944
0.952
0.897
0.850
0.876
0.897
0.905
0.909
0.837
0.770
0.903
0.878
0.861
0.835
0.751
0.668
0.849
0.912
0.840
0.774
0.740
0.762
0.770
0.722
0.730
0.705
0.684
0.661
0.688
0.728
0.801
0.743
0.812
0.841
0.858
0.799
0.770
0.784
0.691
0.690
0.517
0.396
0.417
0.556
0.491
0.410
0.505
0.532
0.540
0.485
0.456
0.466
0.368
0.557
0.388
0.411
0.354
0.311
0.305
0.387
0.449
0.451
0.482
0.355
0.275
0.305
0.353
0.366
0.343
0.327
0.309
0.293
0.287
0.296
0.375
0.312
0.320
0.359
0.325
0.308
0.287
0.246
0.290
0.339
0.357
0.347
0.345
0.338
0.363
0.374
0.348
0.349
0.366
0.391
0.420
0.280
0.280
0.330
0.271
0.255
0.296
0.397
0.323
0.434
0.410
0.455
0.638
0.628
0.567
0.403
0.391
0.303
0.263
0.280
0.313
0.329
0.342
0.323
0.259
0.290
0.304
0.324
0.324
0.344
0.358
0.434
0.469
0.525
0.446
0.351
0.373
0.395
0.407
0.470
0.464
0.455
0.394
0.342
0.384
0.331
0.355
0.418
0.337
0.321
0.284
0.253
0.256
0.269
0.243
0.200
0.217
0.225
0.277
0.283
0.240
0.228
0.174
0.159
0.218
0.225
0.208
0.295
0.458
0.385
0.205
0.264
0.255
0.234
0.203
0.404
0.478
0.264
0.288
0.531
0.540
0.415
0.470
0.357
0.340
0.306
0.292
0.321
0.298
0.268
0.244
0.263
0.318
0.333
0.310
0.331
0.315
0.321
0.443
0.372
0.247
0.226
0.195
0.198
0.171
0.165
0.275
0.355
0.277
0.437
0.439
0.335
0.209
0.194
0.187
0.207
0.229
0.353
0.321
0.211
0.189
0.171
0.152
0.157
0.121
0.123
0.119
0.127
0.152
0.188
0.132
0.081
0.108
0.113
0.145
0.138
0.150
0.174
0.143
0.119
0.163
0.168
0.173
0.179
0.130
0.099
0.096
0.147
0.141
0.105
0.166
0.217
0.251
0.183
0.136
0.123
0.130
0.139
0.139
0.142
0.135
0.161
0.169
0.168
0.216
0.250
0.282
0.258
0.255
0.230
0.230
0.307
0.311
0.333
0.366
0.307
0.288
0.302
0.327
0.410
0.351
0.294
0.262
0.280
0.313
0.257
0.232
0.342
0.302
0.253
0.205
0.205
0.502
0.569
0.603
0.517
0.417
0.339
0.347
0.375
0.414
0.389
0.374
0.412
0.575
0.579
0.501
0.557
0.539
0.559
0.605
0.462
0.400
0.613
0.849
0.759
0.765
0.660
0.728
0.656
0.578
0.725
0.916
0.914
0.852
0.857
0.798
0.821
0.841
0.907
0.899
0.840
0.850
0.792
0.761
0.800
0.842
0.724
0.707
0.712
0.659
0.669
0.725
0.720
0.819
0.774
0.726
0.770
0.760
0.823
0.796
0.820
0.844
0.920
0.891
0.907
0.849
0.845
0.823
0.939
0.918
0.890
0.934
0.943
0.948
0.921
0.870
0.922
0.846
0.767
0.752
0.911
0.897
0.917
0.790
0.731
0.754
0.805
0.810
0.837
0.854
0.910
0.880
0.882
0.896
0.904
0.881
0.862
0.874
0.798
0.841
0.770
0.828
0.736
0.723
0.700
0.690
0.661
0.644
0.604
0.694
0.671
0.781
0.711
0.763
0.738
0.690
0.641
0.723
0.685
0.598
0.411
0.414
0.499
0.434
0.367
0.345
0.395
0.346
0.375
0.426
0.515
0.521
0.404
0.313
0.325
0.305
0.199
0.193
0.182
0.276
0.247
0.251
0.302
0.268
0.298
0.298
0.246
0.261
0.266
0.232
0.226
0.298
0.343
0.203
0.235
0.352
0.321
0.173
0.356
0.335
0.299
0.268
0.296
0.237
0.309
0.283
0.300
0.238
0.212
0.227
0.232
0.184
0.176
0.201
0.191
0.213
0.214
0.205
0.292
0.372
0.387
0.413
0.342
0.322
0.269
0.314
0.335
0.318
0.305
0.225
0.282
0.265
0.310
0.380
0.333
0.327
0.279
0.297
0.215
0.258
0.391
0.366
0.310
0.272
0.244
0.385
0.350
0.235
0.280
0.311
0.273
0.270
0.288
0.213
0.235
0.203
0.222
0.284
0.292
0.323
0.396
0.402
0.449
0.375
0.287
0.239
0.209
0.246
0.248
0.288
0.356
0.293
0.209
0.235
0.232
0.234
0.188
0.180
0.262
0.295
0.305
0.287
0.315
0.207
0.231
0.240
0.513
0.366
0.316
0.360
0.331
0.276
0.261
0.247
0.183
0.137
0.127
0.140
0.150
0.154
0.124
0.140
0.139
0.096
0.122
0.181
0.375
0.195
0.127
0.091
0.083
0.087
0.089
0.098
0.112
0.158
0.183
0.162
0.156
0.155
0.123
0.127
0.144
0.176
0.246
0.358
0.293
0.197
0.159
0.130
0.148
0.164
0.189
0.087
0.085
0.098
0.258
0.308
0.225
0.152
0.142
0.142
0.219
0.217
0.323
0.323
0.306
0.448
0.515
0.298
0.236
0.203
0.213
0.177
0.184
0.225
0.196
0.190
0.190
0.203
0.181
0.089
0.100
0.139
0.176
0.161
0.133
0.109
0.108
0.105
0.118
0.100
0.134
0.153
0.168
0.223
0.279
0.302
0.287
0.391
0.363
0.318
0.376
0.325
0.300
0.323
0.331
0.311
0.292
0.322
0.343
0.358
0.361
0.349
0.340
0.364
0.325
0.271
0.192
0.205
0.244
0.283
0.324
0.323
0.330
0.368
0.352
0.355
0.392
0.409
0.586
0.561
0.519
0.549
0.610
0.625
0.866
0.701
0.801
0.616
0.551
0.586
0.504
0.520
0.592
0.569
0.484
0.448
0.430
0.524
0.597
0.687
0.552
0.627
0.744
0.786
0.724
0.762
0.696
0.637
0.548
0.679
0.666
0.840
0.800
0.854
0.817
0.842
0.777
0.685
0.635
0.589
0.570
0.548
0.581
0.593
0.562
0.583
0.741
0.659
0.747
0.850
0.853
0.751
0.821
0.878
0.871
0.930
0.866
0.825
0.870
0.870
0.869
0.870
0.855
0.834
0.854
0.957
0.928
0.943
0.856
0.811
0.805
0.856
0.806
0.750
0.704
0.727
0.755
0.708
0.764
0.810
0.856
0.709
0.682
0.675
0.628
0.610
0.528
0.503
0.610
0.704
0.797
0.766
0.553
0.497
0.602
0.749
0.795
0.757
0.843
0.830
0.875
0.881
0.885
0.748
0.645
0.717
0.785
0.699
0.595
0.588
0.645
0.696
0.692
0.642
0.668
0.684
0.611
0.523
0.491
0.553
0.613
0.594
0.611
0.584
0.441
0.361
0.302
0.299
0.270
0.272
0.289
0.359
0.320
0.320
0.312
0.308
0.227
0.294
0.292
0.231
0.260
0.213
0.322
0.382
0.413
0.291
0.233
0.267
0.256
0.238
0.185
0.206
0.249
0.247
0.264
0.258
0.273
0.270
0.239
0.251
0.216
0.319
0.309
0.385
0.641
0.442
0.187
0.237
0.245
0.281
0.335
0.280
0.257
0.273
0.279
0.223
0.403
0.226
0.244
0.310
0.389
0.379
0.322
0.298
0.320
0.352
0.356
0.304
0.367
0.406
0.424
0.372
0.491
0.333
0.272
0.288
0.382
0.502
0.338
0.248
0.215
0.220
0.304
0.351
0.277
0.243
0.253
0.242
0.317
0.266
0.358
0.535
0.402
0.401
0.431
0.785
0.708
0.660
0.572
0.494
0.521
0.517
0.440
0.374
0.417
0.475
0.430
0.307
0.275
0.236
0.272
0.333
0.364
0.291
0.245
0.203
0.207
0.314
0.321
0.235
0.223
0.358
0.419
0.366
0.295
0.325
0.271
0.255
0.260
0.340
0.307
0.449
0.311
0.222
0.230
0.238
0.209
0.202
0.181
0.159
0.183
0.272
0.317
0.237
0.241
0.225
0.216
0.161
0.148
0.268
0.204
0.186
0.254
0.222
0.167
0.128
0.146
0.119
0.084
0.114
0.105
0.117
0.144
0.159
0.206
0.266
0.231
0.159
0.232
0.167
0.173
0.185
0.249
0.339
0.265
0.251
0.238
0.226
0.205
0.198
0.132
0.215
0.308
0.253
0.294
0.224
0.171
0.132
0.095
0.088
0.122
0.196
0.156
0.133
0.073
0.060
0.117
0.168
0.143
0.082
0.115
0.091
0.067
0.058
0.075
0.083
0.097
0.131
0.130
0.169
0.268
0.207
0.232
0.147
0.139
0.170
0.219
0.295
0.331
0.286
0.268
0.281
0.283
0.281
0.251
0.268
0.259
0.244
0.176
0.224
0.230
0.272
0.263
0.286
0.283
0.298
0.340
0.378
0.353
0.397
0.392
0.413
0.382
0.315
0.305
0.325
0.360
0.359
0.340
0.370
0.377
0.361
0.387
0.373
0.441
0.407
0.328
0.254
0.294
0.406
0.455
0.610
0.551
0.537
0.599
0.745
0.622
0.569
0.592
0.697
0.634
0.565
0.509
0.407
0.441
0.389
0.665
0.878
0.803
0.796
0.790
0.867
0.761
0.751
0.836
0.923
0.899
0.828
0.910
0.838
0.867
0.935
0.941
0.934
0.905
0.908
0.920
0.849
0.847
0.851
0.888
0.749
0.709
0.769
0.751
0.793
0.782
0.775
0.759
0.735
0.776
0.811
0.788
0.777
0.805
0.702
0.666
0.635
0.621
0.636
0.603
0.585
0.595
0.638
0.799
0.773
0.908
0.917
0.951
0.874
0.872
0.875
0.807
0.761
0.755
0.743
0.706
0.582
0.508
0.710
0.638
0.670
0.551
0.542
0.597
0.627
0.583
0.496
0.469
0.456
0.489
0.443
0.414
0.451
0.509
0.546
0.481
0.390
0.300
0.332
0.259
0.409
0.528
0.765
0.711
0.576
0.440
0.570
0.598
0.570
0.507
0.447
0.392
0.340
0.372
0.370
0.262
0.328
0.322
0.286
0.264
0.235
0.117
0.131
0.165
0.214
0.209
0.287
0.272
0.266
0.203
0.209
0.228
0.236
0.271
0.309
0.294
0.339
0.359
0.386
0.326
0.397
0.612
0.639
0.637
0.521
0.522
0.310
0.348
0.501
0.449
0.393
0.406
0.381
0.423
0.207
0.254
0.275
0.403
0.408
0.381
0.373
0.356
0.383
0.427
0.325
0.260
0.268
0.323
0.362
0.238
0.258
0.312
0.372
0.394
0.335
0.424
0.544
0.469
0.443
0.550
0.422
0.395
0.407
0.311
0.211
0.264
0.283
0.288
0.387
0.532
0.416
0.329
0.337
0.461
0.473
0.299
0.323
0.352
0.326
0.273
0.277
0.340
0.423
0.373
0.406
0.418
0.302
0.289
0.292
0.258
0.232
0.232
0.235
0.322
0.300
0.257
0.266
0.323
0.329
0.338
0.354
0.263
0.221
0.200
0.324
0.338
0.380
0.310
0.304
0.329
0.397
0.203
0.355
0.473
0.297
0.287
0.246
0.155
0.169
0.156
0.123
0.154
0.173
0.260
0.337
0.313
0.217
0.182
0.213
0.147
0.179
0.257
0.262
0.383
0.438
0.398
0.340
0.271
0.183
0.142
0.126
0.100
0.105
0.127
0.181
0.211
0.168
0.134
0.124
0.106
0.107
0.117
0.210
0.179
0.233
0.234
0.193
0.159
0.165
0.280
0.315
0.322
0.389
0.229
0.164
0.121
0.118
0.076
0.084
0.112
0.158
0.219
0.221
0.183
0.112
0.122
0.131
0.145
0.220
0.254
0.303
0.287
0.281
0.196
0.156
0.233
0.225
0.249
0.181
0.198
0.184
0.182
0.166
0.179
0.235
0.207
0.274
0.255
0.229
0.226
0.203
0.216
0.198
0.176
0.217
0.249
0.267
0.224
0.177
0.201
0.141
0.102
0.167
0.185
0.215
0.288
0.409
0.441
0.428
0.404
0.378
0.272
0.282
0.449
0.540
0.441
0.455
0.461
0.657
0.579
0.453
0.342
0.275
0.218
0.199
0.249
0.484
0.589
0.506
0.368
0.232
0.328
0.367
0.366
0.433
0.478
0.490
0.447
0.405
0.429
0.436
0.442
0.396
0.476
0.479
0.630
0.825
0.820
0.784
0.756
0.712
0.744
0.754
0.753
0.759
0.718
0.686
0.659
0.694
0.669
0.723
0.671
0.706
0.762
0.842
0.919
0.922
0.851
0.926
0.858
0.819
0.772
0.831
0.949
0.910
0.872
0.914
0.914
0.878
0.858
0.911
0.924
0.914
0.893
0.874
0.868
0.871
0.859
0.837
0.823
0.842
0.896
0.837
0.817
0.819
0.784
0.794
0.796
0.822
0.833
0.770
0.814
0.823
0.900
0.896
0.857
0.842
0.869
0.872
0.894
0.895
0.848
0.889
0.936
0.914
0.914
0.917
0.905
0.872
0.753
0.683
0.668
0.624
0.589
0.596
0.668
0.701
0.630
0.523
0.549
0.516
0.482
0.518
0.434
0.452
0.482
0.463
0.445
0.451
0.353
0.392
0.333
0.289
0.455
0.658
0.756
0.620
0.527
0.455
0.274
0.355
0.624
0.625
0.616
0.502
0.508
0.457
0.384
0.378
0.335
0.272
0.297
0.368
0.342
0.330
0.319
0.333
0.343
0.340
0.302
0.289
0.291
0.353
0.464
0.573
0.670
0.692
0.717
0.734
0.669
0.717
0.796
0.732
0.573
0.451
0.631
0.837
0.856
0.892
0.798
0.725
0.662
0.640
0.609
0.584
0.518
0.504
0.431
0.454
0.528
0.534
0.464
0.424
0.451
0.399
0.280
0.347
0.426
0.418
0.394
0.373
0.352
0.334
0.295
0.345
0.339
0.365
0.531
0.430
0.347
0.382
0.413
0.492
0.605
0.551
0.366
0.293
0.356
0.387
0.394
0.388
0.350
0.340
0.328
0.316
0.308
0.295
0.330
0.493
0.609
0.498
0.158
0.237
0.290
0.248
0.283
0.335
0.324
0.321
0.325
0.375
0.300
0.350
0.403
0.397
0.522
0.397
0.373
0.337
0.291
0.285
0.390
0.443
0.564
0.527
0.347
0.315
0.292
0.311
0.320
0.441
0.579
0.439
0.411
0.374
0.338
0.312
0.348
0.348
0.304
0.257
0.329
0.284
0.290
0.343
0.265
0.304
0.377
0.343
0.304
0.269
0.230
0.250
0.224
0.137
0.155
0.179
0.149
0.152
0.156
0.155
0.156
0.160
0.206
0.333
0.240
0.189
0.234
0.240
0.160
0.125
0.138
0.160
0.298
0.255
0.290
0.236
0.213
0.126
0.140
0.128
0.105
0.127
0.123
0.198
0.185
0.199
0.216
0.251
0.219
0.184
0.222
0.271
0.193
0.103
0.099
0.114
0.086
0.079
0.080
0.105
0.137
0.156
0.176
0.255
0.286
0.238
0.273
0.349
0.405
0.392
0.316
0.267
0.233
0.220
0.315
0.348
0.389
0.364
0.344
0.316
0.289
0.271
0.261
0.321
0.399
0.447
0.451
0.414
0.396
0.363
0.377
0.347
0.312
0.325
0.331
0.417
0.404
0.373
0.289
0.336
0.259
0.218
0.291
0.391
0.462
0.402
0.414
0.476
0.487
0.535
0.551
0.500
0.518
0.583
0.555
0.532
0.503
0.511
0.549
0.625
0.511
0.535
0.705
0.914
0.791
0.780
0.751
0.718
0.713
0.718
0.675
0.889
0.846
0.880
0.925
0.962
0.883
0.827
0.820
0.908
0.923
0.884
0.847
0.874
0.869
0.835
0.857
0.852
0.937
0.898
0.905
0.866
0.858
0.870
0.898
0.879
0.914
0.918
0.847
0.951
0.888
0.870
0.840
0.878
0.949
0.954
0.949
0.954
0.956
0.952
0.952
0.921
0.953
0.865
0.875
0.862
0.870
0.874
0.894
0.870
0.888
0.900
0.888
0.893
0.879
0.877
0.896
0.911
0.920
0.865
0.880
0.941
0.960
0.948
0.959
0.899
0.917
0.910
0.939
0.951
0.911
0.808
0.853
0.860
0.926
0.870
0.847
0.811
0.783
0.792
0.795
0.777
0.814
0.794
0.777
0.759
0.726
0.686
0.642
0.643
0.680
0.671
0.648
0.616
0.516
0.527
0.442
0.397
0.462
0.450
0.429
0.390
0.370
0.371
0.422
0.330
0.295
0.354
0.375
0.298
0.326
0.328
0.297
0.310
0.357
0.339
0.363
0.356
0.330
0.314
0.307
0.317
0.324
0.428
0.393
0.366
0.353
0.382
0.374
0.368
0.356
0.355
0.332
0.357
0.330
0.357
0.322
0.313
0.275
0.274
0.313
0.373
0.448
0.472
0.448
0.402
0.358
0.277
0.253
0.258
0.240
0.299
0.400
0.437
0.462
0.322
0.318
0.383
0.241
0.167
0.209
0.257
0.300
0.279
0.281
0.317
0.344
0.318
0.298
0.278
0.356
0.382
0.368
0.400
0.369
0.329
0.274
0.286
0.366
0.442
0.438
0.476
0.499
0.424
0.567
0.653
0.415
0.209
0.333
0.352
0.298
0.310
0.293
0.258
0.362
0.663
0.572
0.278
0.342
0.394
0.301
0.301
0.322
0.362
0.330
0.356
0.360
0.358
0.380
0.340
0.292
0.198
0.237
0.229
0.487
0.407
0.298
0.336
0.127
0.145
0.161
0.155
0.216
0.485
0.296
0.231
0.300
0.361
0.272
0.223
0.239
0.323
0.428
0.334
0.189
0.155
0.192
0.173
0.165
0.185
0.283
0.392
0.369
0.352
0.310
0.344
0.285
0.215
0.090
0.100
0.122
0.170
0.290
0.165
0.139
0.182
0.199
0.247
0.226
0.242
0.057
0.061
0.068
0.065
0.087
0.147
0.199
0.233
0.158
0.161
0.187
0.174
0.140
0.168
0.201
0.209
0.215
0.196
0.182
0.159
0.252
0.271
0.242
0.276
0.319
0.316
0.237
0.261
0.294
0.269
0.498
0.446
0.281
0.227
0.282
0.237
0.227
0.211
0.211
0.212
0.187
0.167
0.152
0.156
0.263
0.388
0.363
0.377
0.430
0.281
0.270
0.277
0.374
0.384
0.326
0.267
0.272
0.311
0.309
0.297
0.273
0.245
0.301
0.272
0.301
0.312
0.312
0.340
0.289
0.300
0.352
0.349
0.391
0.392
0.397
0.395
0.369
0.337
0.372
0.365
0.409
0.433
0.502
0.498
0.383
0.536
0.565
0.556
0.475
0.445
0.452
0.483
0.466
0.483
0.481
0.464
0.471
0.467
0.500
0.478
0.452
0.458
0.461
0.563
0.513
0.628
0.837
0.748
0.721
0.741
0.745
0.854
0.891
0.859
0.921
0.913
0.846
0.816
0.820
0.831
0.899
0.851
0.747
0.742
0.807
0.818
0.823
0.839
0.773
0.778
0.809
0.871
0.886
0.903
0.920
0.903
0.816
0.793
0.797
0.865
0.898
0.867
0.824
0.900
0.872
0.907
0.905
0.916
0.929
0.941
0.901
0.838
0.887
0.939
0.915
0.935
0.948
0.959
0.900
0.857
0.880
0.867
0.841
0.868
0.898
0.875
0.879
0.842
0.830
0.885
0.949
0.962
0.925
0.896
0.874
0.950
0.920
0.949
0.833
0.818
0.859
0.880
0.813
0.810
0.855
0.869
0.853
0.825
0.777
0.701
0.639
0.554
0.562
0.480
0.392
0.388
0.406
0.589
0.634
0.616
0.543
0.488
0.455
0.331
0.394
0.423
0.451
0.454
0.431
0.383
0.424
0.471
0.410
0.394
0.358
0.355
0.402
0.313
0.283
0.315
0.264
0.276
0.256
0.270
0.293
0.311
0.283
0.274
0.281
0.309
0.280
0.304
0.349
0.363
0.324
0.316
0.329
0.290
0.331
0.329
0.254
0.240
0.251
0.283
0.333
0.330
0.330
0.321
0.306
0.324
0.299
0.300
0.313
0.398
0.341
0.264
0.330
0.331
0.316
0.286
0.250
0.271
0.303
0.281
0.373
0.459
0.296
0.437
0.545
0.612
0.457
0.420
0.409
0.303
0.276
0.173
0.236
0.263
0.237
0.252
0.283
0.343
0.478
0.580
0.372
0.360
0.346
0.358
0.365
0.351
0.291
0.286
0.240
0.198
0.188
0.231
0.319
0.454
0.534
0.396
0.460
0.506
0.537
0.538
0.347
0.271
0.190
0.252
0.240
0.208
0.226
0.186
0.186
0.220
0.216
0.234
0.305
0.289
0.335
0.355
0.486
0.527
0.326
0.278
0.222
0.220
0.261
0.323
0.340
0.423
0.347
0.401
0.429
0.438
0.343
0.314
0.300
0.291
0.334
0.362
0.407
0.300
0.251
0.311
0.241
0.159
0.171
0.126
0.099
0.113
0.130
0.130
0.130
0.183
0.259
0.245
0.156
0.184
0.236
0.223
0.224
0.285
0.160
0.141
0.173
0.174
0.222
0.266
0.295
0.159
0.184
0.240
0.333
0.400
0.276
0.217
0.174
0.174
0.256
0.224
0.157
0.124
0.158
0.205
0.321
0.247
0.262
0.215
0.183
0.190
0.167
0.203
0.285
0.316
0.278
0.304
0.309
0.285
0.362
0.321
0.292
0.241
0.205
0.199
0.262
0.250
0.126
0.075
0.164
0.288
0.246
0.253
0.225
0.192
0.210
0.282
0.295
0.295
0.257
0.180
0.164
0.190
0.264
0.254
0.207
0.233
0.209
0.235
0.320
0.373
0.391
0.404
0.407
0.377
0.365
0.325
0.338
0.361
0.340
0.343
0.413
0.430
0.479
0.578
0.637
0.650
0.740
0.651
0.715
0.664
0.586
0.499
0.527
0.741
0.853
0.726
0.720
0.667
0.663
0.613
0.600
0.611
0.669
0.685
0.673
0.675
0.641
0.683
0.602
0.592
0.622
0.801
0.798
0.902
0.879
0.905
0.885
0.891
0.848
0.876
0.908
0.944
0.880
0.921
0.932
0.911
0.890
0.866
0.901
0.842
0.778
0.907
0.894
0.895
0.947
0.950
0.921
0.891
0.936
0.831
0.933
0.916
0.856
0.895
0.940
0.946
0.944
0.956
0.927
0.926
0.949
0.948
0.944
0.894
0.891
0.865
0.817
0.817
0.938
0.907
0.879
0.916
0.923
0.872
0.809
0.821
0.834
0.821
0.840
0.841
0.846
0.816
0.800
0.774
0.773
0.857
0.799
0.693
0.605
0.595
0.581
0.587
0.586
0.600
0.628
0.632
0.622
0.489
0.345
0.803
0.892
0.889
0.896
0.911
0.948
0.871
0.951
0.945
0.908
0.870
0.866
0.842
0.737
0.701
0.767
0.845
0.839
0.798
0.799
0.773
0.709
0.635
0.611
0.614
0.625
0.560
0.465
0.423
0.414
0.431
0.401
0.410
0.454
0.561
0.503
0.451
0.490
0.519
0.557
0.560
0.532
0.465
0.540
0.542
0.509
0.544
0.582
0.567
0.490
0.468
0.437
0.443
0.510
0.506
0.369
0.331
0.336
0.333
0.349
0.321
0.341
0.348
0.358
0.349
0.345
0.314
0.328
0.316
0.335
0.352
0.332
0.339
0.303
0.329
0.412
0.358
0.422
0.458
0.359
0.338
0.454
0.357
0.366
0.459
0.497
0.521
0.456
0.545
0.458
0.330
0.382
0.320
0.389
0.464
0.514
0.479
0.397
0.375
0.443
0.495
0.294
0.506
0.563
0.654
0.529
0.290
0.315
0.359
0.468
0.474
0.464
0.429
0.407
0.383
0.434
0.366
0.487
0.445
0.387
0.429
0.615
0.818
0.696
0.536
0.618
0.592
0.540
0.433
0.368
0.361
0.329
0.334
0.363
0.372
0.459
0.403
0.432
0.413
0.459
0.446
0.300
0.304
0.454
0.339
0.380
0.489
0.404
0.323
0.251
0.261
0.266
0.333
0.450
0.325
0.396
0.386
0.422
0.372
0.234
0.276
0.278
0.271
0.272
0.254
0.288
0.247
0.230
0.231
0.288
0.292
0.285
0.157
0.124
0.191
0.174
0.170
0.255
0.359
0.116
0.100
0.209
0.384
0.330
0.256
0.280
0.273
0.246
0.234
0.275
0.327
0.272
0.219
0.304
0.297
0.184
0.174
0.216
0.277
0.141
0.108
0.098
0.136
0.156
0.197
0.213
0.194
0.198
0.220
0.257
0.300
0.259
0.266
0.177
0.180
0.186
0.198
0.208
0.179
0.130
0.162
0.159
0.152
0.232
0.273
0.267
0.293
0.236
0.179
0.151
0.148
0.264
0.327
0.385
0.386
0.391
0.355
0.424
0.399
0.282
0.212
0.164
0.177
0.197
0.274
0.261
0.257
0.182
0.141
0.168
0.253
0.298
0.326
0.337
0.243
0.200
0.216
0.218
0.216
0.229
0.272
0.268
0.284
0.404
0.475
0.458
0.511
0.513
0.520
0.550
0.546
0.544
0.464
0.472
0.527
0.510
0.478
0.475
0.438
0.408
0.416
0.455
0.486
0.518
0.538
0.618
0.528
0.436
0.384
0.401
0.441
0.448
0.544
0.549
0.586
0.719
0.760
0.708
0.755
0.749
0.849
0.850
0.774
0.736
0.755
0.884
0.948
0.955
0.933
0.898
0.941
0.924
0.883
0.879
