20000101
0.216
0.232
0.235
0.229
0.260
0.238
0.219
0.272
0.257
0.366
0.276
0.316
0.406
0.269
0.130
0.199
0.184
0.268
0.267
0.158
0.449
0.551
0.497
0.314
0.311
0.275
0.294
0.259
0.205
0.147
0.182
0.487
0.275
0.471
0.448
0.481
0.413
0.294
0.243
0.242
0.308
0.427
0.253
0.196
0.221
0.188
0.148
0.157
0.129
0.154
0.171
0.187
0.217
0.215
0.194
0.132
0.100
0.143
0.163
0.215
0.198
0.212
0.191
0.271
0.195
0.075
0.106
0.110
0.085
0.091
0.316
0.279
0.299
0.060
0.096
0.195
0.280
0.121
0.050
0.047
0.151
0.226
0.149
0.135
0.117
0.108
0.086
0.060
0.079
0.079
0.147
0.125
0.087
0.087
0.093
0.076
0.059
0.057
0.096
0.086
0.091
0.143
0.120
0.134
0.190
0.241
0.225
0.122
0.146
0.122
0.113
0.147
0.217
0.262
0.266
0.298
0.294
0.288
0.222
0.247
0.211
0.137
0.208
0.155
0.166
0.154
0.212
0.218
0.260
0.350
0.279
0.322
0.392
0.496
0.444
0.387
0.443
0.496
0.572
0.506
0.490
0.480
0.371
0.407
0.385
0.348
0.351
0.330
0.292
0.375
0.454
0.474
0.393
0.332
0.299
0.310
0.426
0.252
0.305
0.360
0.412
0.304
0.308
0.346
0.420
0.405
0.413
0.377
0.342
0.309
0.276
0.271
0.353
0.392
0.442
0.415
0.408
0.419
0.400
0.425
0.359
0.375
0.582
0.734
0.633
0.691
0.573
0.549
0.562
0.707
0.655
0.684
0.716
0.714
0.749
0.874
0.911
0.880
0.825
0.718
0.734
0.753
0.866
0.749
0.685
0.611
0.592
0.557
0.524
0.519
0.617
0.639
0.619
0.557
0.507
0.612
0.530
0.495
0.480
0.430
0.433
0.472
0.499
0.572
0.727
0.904
0.916
0.851
0.808
0.847
0.756
0.872
0.907
0.879
0.881
0.738
0.732
0.657
0.677
0.830
0.813
0.754
0.733
0.814
0.779
0.717
0.683
0.726
0.911
0.681
0.621
0.679
0.629
0.607
0.592
0.574
0.522
0.496
0.399
0.399
0.431
0.440
0.497
0.446
0.405
0.359
0.454
0.458
0.489
0.421
0.349
0.290
0.193
0.277
0.287
0.210
0.192
0.245
0.236
0.266
0.242
0.332
0.283
0.318
0.328
0.310
0.278
0.263
0.269
0.102
0.131
0.183
0.161
0.151
0.145
0.176
0.267
0.367
0.310
0.293
0.213
0.163
0.139
0.127
0.121
0.135
0.141
0.169
0.221
0.214
0.201
0.284
0.294
0.265
0.249
0.203
0.228
0.236
0.225
0.198
0.248
0.281
0.224
0.146
0.173
0.219
0.206
0.212
0.232
0.239
0.227
0.272
0.238
0.211
0.185
0.160
0.127
0.104
0.103
0.105
0.129
0.153
0.195
0.203
0.208
0.219
0.211
0.224
0.200
0.197
0.208
0.217
0.290
0.375
0.307
0.233
0.162
0.151
0.162
0.160
0.150
0.161
0.171
0.178
0.402
0.560
0.397
0.443
0.369
0.430
0.351
0.288
0.230
0.265
0.278
0.243
0.220
0.247
0.195
0.200
0.198
0.209
0.276
0.342
0.258
0.202
0.240
0.401
0.175
0.135
0.171
0.114
0.116
0.132
0.192
0.194
0.219
0.182
0.125
0.124
0.120
0.124
0.128
0.130
0.120
0.130
0.171
0.146
0.115
0.123
0.170
0.289
0.243
0.196
0.166
0.205
0.182
0.180
0.111
0.195
0.214
0.333
0.206
0.209
0.163
0.133
0.091
0.100
0.107
0.112
0.083
0.081
0.078
0.069
0.075
0.097
0.305
0.379
0.230
0.188
0.173
0.142
0.101
0.130
0.249
0.236
0.210
0.209
0.202
0.156
0.184
0.239
0.282
0.275
0.147
0.171
0.119
0.103
0.091
0.140
0.083
0.086
0.065
0.069
0.103
0.153
0.242
0.196
0.211
0.170
0.180
0.218
0.309
0.364
0.297
0.224
0.142
0.101
0.081
0.100
0.114
0.117
0.111
0.153
0.204
0.244
0.161
0.187
0.139
0.213
0.184
0.212
0.191
0.230
0.277
0.263
0.262
0.266
0.225
0.254
0.300
0.356
0.352
0.429
0.454
0.374
0.373
0.323
0.229
0.190
0.402
0.443
0.408
0.400
0.506
0.629
0.573
0.554
0.555
0.624
0.556
0.515
0.536
0.459
0.471
0.452
0.514
0.606
0.649
0.627
0.726
0.749
0.812
0.779
0.724
0.682
0.577
0.498
0.467
0.493
0.450
0.444
0.456
0.467
0.452
0.503
0.498
0.587
0.723
0.810
0.939
0.889
0.748
0.665
0.761
0.785
0.802
0.907
0.887
0.850
0.776
0.845
0.861
0.875
0.836
0.749
0.820
0.881
0.844
0.861
0.815
0.839
0.799
0.745
0.761
0.786
0.794
0.766
0.717
0.608
0.569
0.580
0.745
0.750
0.822
0.810
0.791
0.830
0.842
0.838
0.882
0.835
0.820
0.921
0.947
0.900
0.733
0.724
0.765
0.845
0.826
0.810
0.787
0.699
0.659
0.652
0.690
0.736
0.670
0.663
0.626
0.557
0.566
0.603
0.611
0.692
0.693
0.624
0.564
0.608
0.629
0.578
0.534
0.497
0.498
0.437
0.473
0.436
0.462
0.489
0.354
0.367
0.364
0.359
0.314
0.214
0.305
0.166
0.212
0.355
0.507
0.612
0.644
0.557
0.424
0.379
0.359
0.437
0.590
0.763
0.792
0.652
0.538
0.263
0.313
0.233
0.191
0.232
0.230
0.182
0.214
0.200
0.172
0.171
0.191
0.214
0.168
0.211
0.290
0.291
0.243
0.232
0.235
0.250
0.272
0.278
0.210
0.254
0.199
0.183
0.196
0.193
0.192
0.173
0.189
0.196
0.182
0.180
0.190
0.218
0.281
0.199
0.219
0.225
0.203
0.189
0.200
0.200
0.206
0.202
0.218
0.205
0.210
0.212
0.209
0.214
0.233
0.245
0.254
0.326
0.417
0.316
0.240
0.232
0.236
0.257
0.286
0.291
0.278
0.311
0.219
0.210
0.211
0.224
0.243
0.276
0.228
0.215
0.211
0.248
0.242
0.182
0.210
0.209
0.223
0.228
0.268
0.375
0.254
0.268
0.244
0.222
0.199
0.211
0.452
0.527
0.451
0.285
0.588
0.361
0.300
0.263
0.297
0.280
0.298
0.385
0.393
0.196
0.196
0.195
0.203
0.199
0.192
0.186
0.167
0.192
0.187
0.118
0.130
0.128
0.106
0.259
0.447
0.169
0.232
0.278
0.254
0.243
0.213
0.235
0.203
0.166
0.205
0.220
0.308
0.251
0.196
0.179
0.168
0.211
0.222
0.215
0.196
0.144
0.118
0.142
0.168
0.286
0.372
0.238
0.144
0.197
0.311
0.439
0.389
0.231
0.105
0.097
0.087
0.116
0.195
0.174
0.153
0.216
0.289
0.238
0.075
0.073
0.059
0.057
0.097
0.185
0.098
0.045
0.076
0.161
0.156
0.275
0.341
0.236
0.138
0.130
0.123
0.162
0.168
0.289
0.187
0.195
0.171
0.150
0.147
0.166
0.153
0.221
0.163
0.179
0.058
0.055
0.094
0.064
0.073
0.094
0.084
0.066
0.063
0.081
0.067
0.209
0.194
0.242
0.278
0.308
0.338
0.367
0.308
0.300
0.254
0.252
0.255
0.292
0.384
0.369
0.340
0.315
0.261
0.241
0.291
0.317
0.357
0.380
0.358
0.263
0.249
0.311
0.290
0.291
0.302
0.322
0.339
0.311
0.265
0.247
0.274
0.295
0.373
0.362
0.476
0.501
0.524
0.515
0.471
0.536
0.590
0.545
0.473
0.353
0.378
0.447
0.655
0.762
0.912
0.865
0.671
0.572
0.559
0.585
0.498
0.494
0.512
0.496
0.457
0.530
0.480
0.421
0.488
0.488
0.650
0.709
0.631
0.678
0.677
0.725
0.672
0.743
0.791
0.749
0.780
0.753
0.655
0.522
0.511
0.439
0.439
0.427
0.422
0.394
0.465
0.808
0.858
0.824
0.894
0.807
0.763
0.772
0.873
0.906
0.901
0.866
0.774
0.720
0.730
0.692
0.643
0.685
0.661
0.782
0.822
0.834
0.883
0.834
0.751
0.651
0.796
0.847
0.814
0.791
0.832
0.832
0.718
0.632
0.543
0.541
0.525
0.516
0.532
0.393
0.464
0.523
0.531
0.518
0.563
0.605
0.605
0.483
0.391
0.385
0.355
0.399
0.522
0.464
0.406
0.418
0.313
0.266
0.211
0.179
0.212
0.230
0.184
0.203
0.198
0.233
0.237
0.281
0.307
0.277
0.288
0.261
0.246
0.304
0.337
0.238
0.303
0.343
0.312
0.271
0.197
0.182
0.190
0.171
0.157
0.189
0.211
0.234
0.214
0.131
0.119
0.153
0.186
0.210
0.228
0.351
0.242
0.246
0.273
0.287
0.334
0.358
0.338
0.238
0.191
0.190
0.203
0.213
0.197
0.199
0.221
0.254
0.252
0.230
0.145
0.161
0.136
0.132
0.200
0.199
0.199
0.215
0.196
0.193
0.210
0.252
0.259
0.225
0.254
0.197
0.192
0.220
0.238
0.222
0.250
0.296
0.284
0.423
0.428
0.345
0.296
0.263
0.316
0.348
0.325
0.354
0.348
0.289
0.400
0.591
0.458
0.496
0.426
0.410
0.314
0.396
0.232
0.324
0.289
0.267
0.254
0.235
0.175
0.156
0.149
0.148
0.173
0.188
0.202
0.201
0.203
0.175
0.179
0.224
0.213
0.266
0.276
0.445
0.438
0.300
0.574
0.526
0.515
0.559
0.371
0.295
0.353
0.212
0.245
0.247
0.331
0.246
0.157
0.157
0.160
0.149
0.169
0.252
0.717
0.461
0.285
0.228
0.249
0.238
0.238
0.250
0.271
0.261
0.244
0.253
0.297
0.191
0.057
0.095
0.087
0.093
0.091
0.084
0.126
0.115
0.120
0.116
0.108
0.113
0.128
0.203
0.194
0.174
0.169
0.129
0.118
0.117
0.150
0.140
0.120
0.133
0.158
0.200
0.249
0.174
0.169
0.151
0.224
0.348
0.428
0.194
0.137
0.122
0.116
0.137
0.169
0.154
0.169
0.267
0.296
0.281
0.212
0.222
0.231
0.254
0.181
0.096
0.072
0.096
0.174
0.200
0.171
0.099
0.072
0.078
0.101
0.147
0.215
0.086
0.208
0.222
0.190
0.138
0.071
0.092
0.093
0.125
0.162
0.133
0.066
0.147
0.151
0.241
0.318
0.319
0.298
0.357
0.367
0.311
0.269
0.282
0.329
0.285
0.332
0.209
0.177
0.208
0.281
0.259
0.243
0.334
0.371
0.399
0.382
0.359
0.311
0.332
0.329
0.353
0.350
0.391
0.491
0.644
0.818
0.792
0.700
0.575
0.498
0.513
0.504
0.622
0.595
0.532
0.649
0.634
0.563
0.565
0.560
0.632
0.722
0.871
0.800
0.777
0.762
0.810
0.788
0.798
0.718
0.751
0.712
0.745
0.868
0.777
0.752
0.745
0.776
0.759
0.780
0.783
0.910
0.903
0.843
0.847
0.928
0.922
0.859
0.809
0.818
0.831
0.871
0.878
0.871
0.788
0.764
0.809
0.846
0.838
0.858
0.813
0.799
0.741
0.759
0.718
0.630
0.667
0.718
0.711
0.721
0.676
0.644
0.819
0.916
0.919
0.882
0.860
0.833
0.948
0.878
0.887
0.837
0.859
0.760
0.762
0.766
0.823
0.671
0.645
0.732
0.753
0.655
0.663
0.707
0.717
0.606
0.707
0.723
0.704
0.617
0.681
0.662
0.671
0.644
0.661
0.600
0.553
0.516
0.543
0.532
0.546
0.470
0.472
0.358
0.303
0.360
0.402
0.433
0.409
0.399
0.342
0.358
0.245
0.232
0.283
0.321
0.345
0.341
0.254
0.197
0.269
0.285
0.290
0.247
0.234
0.215
0.251
0.316
0.321
0.332
0.291
0.250
0.315
0.466
0.403
0.390
0.297
0.283
0.366
0.250
0.142
0.147
0.218
0.272
0.310
0.324
0.352
0.427
0.355
0.270
0.259
0.285
0.203
0.192
0.270
0.364
0.363
0.308
0.285
0.266
0.310
0.285
0.254
0.240
0.221
0.195
0.191
0.212
0.242
0.265
0.363
0.278
0.403
0.402
0.324
0.283
0.302
0.271
0.309
0.335
0.412
0.363
0.349
0.286
0.335
0.346
0.256
0.290
0.389
0.403
0.335
0.273
0.255
0.284
0.355
0.400
0.408
0.608
0.590
0.342
0.277
0.273
0.289
0.307
0.323
0.292
0.209
0.226
0.355
0.443
0.266
0.261
0.358
0.521
0.462
0.289
0.288
0.339
0.311
0.305
0.339
0.387
0.423
0.337
0.276
0.225
0.172
0.150
0.142
0.183
0.164
0.209
0.282
0.325
0.289
0.287
0.292
0.238
0.205
0.195
0.253
0.368
0.203
0.203
0.198
0.178
0.172
0.148
0.147
0.186
0.157
0.153
0.123
0.072
0.079
0.066
0.062
0.080
0.076
0.063
0.082
0.107
0.088
0.105
0.097
0.101
0.107
0.106
0.085
0.080
0.095
0.084
0.135
0.170
0.222
0.204
0.154
0.193
0.074
0.089
0.107
0.110
0.103
0.146
0.210
0.209
0.188
0.153
0.185
0.198
0.309
0.294
0.243
0.253
0.182
0.226
0.227
0.223
0.281
0.235
0.306
0.311
0.302
0.210
0.226
0.191
0.108
0.091
0.104
0.161
0.233
0.272
0.305
0.074
0.074
0.079
0.057
0.073
0.094
0.226
0.295
0.356
0.480
0.494
0.543
0.595
0.510
0.358
0.318
0.272
0.217
0.259
0.325
0.353
0.370
0.385
0.373
0.360
0.347
0.283
0.227
0.222
0.204
0.209
0.233
0.227
0.221
0.272
0.299
0.290
0.331
0.369
0.396
0.356
0.375
0.347
0.406
0.409
0.552
0.550
0.618
0.739
0.564
0.510
0.458
0.459
0.471
0.531
0.563
0.600
0.603
0.663
0.664
0.695
0.607
0.597
0.514
0.577
0.589
0.676
0.669
0.651
0.692
0.640
0.647
0.549
0.467
0.464
0.492
0.430
0.463
0.580
0.631
0.599
0.514
0.482
0.495
0.414
0.414
0.432
0.546
0.523
0.606
0.617
0.623
0.742
0.762
0.682
0.665
0.634
0.724
0.878
0.934
0.866
0.850
0.923
0.867
0.847
0.940
0.816
0.891
0.847
0.836
0.823
0.825
0.789
0.803
0.807
0.781
0.755
0.720
0.721
0.721
0.683
0.644
0.655
0.669
0.689
0.683
0.625
0.622
0.480
0.428
0.398
0.530
0.582
0.548
0.651
0.605
0.631
0.682
0.745
0.695
0.717
0.721
0.636
0.525
0.569
0.492
0.568
0.553
0.640
0.607
0.449
0.494
0.758
0.595
0.786
0.790
0.829
0.802
0.668
0.568
0.543
0.662
0.742
0.573
0.287
0.399
0.376
0.299
0.317
0.328
0.336
0.352
0.323
0.343
0.296
0.270
0.232
0.265
0.206
0.251
0.198
0.198
0.238
0.286
0.281
0.291
0.300
0.180
0.164
0.199
0.184
0.211
0.213
0.275
0.407
0.486
0.385
0.323
0.253
0.208
0.221
0.223
0.219
0.231
0.276
0.276
0.274
0.297
0.303
0.298
0.287
0.287
0.293
0.306
0.421
0.365
0.342
0.351
0.329
0.306
0.325
0.322
0.274
0.203
0.207
0.210
0.286
0.351
0.244
0.229
0.232
0.260
0.304
0.469
0.394
0.482
0.314
0.341
0.340
0.334
0.349
0.366
0.410
0.406
0.475
0.353
0.384
0.292
0.342
0.371
0.387
0.310
0.325
0.323
0.341
0.294
0.269
0.257
0.285
0.296
0.352
0.310
0.365
0.351
0.285
0.246
0.326
0.291
0.201
0.269
0.483
0.443
0.313
0.328
0.435
0.441
0.255
0.225
0.269
0.323
0.462
0.420
0.491
0.464
0.336
0.255
0.290
0.325
0.369
0.312
0.389
0.373
0.300
0.221
0.165
0.184
0.205
0.167
0.170
0.137
0.151
0.204
0.210
0.213
0.219
0.223
0.232
0.215
0.212
0.212
0.292
0.272
0.314
0.293
0.314
0.279
0.206
0.160
0.129
0.148
0.153
0.137
0.192
0.214
0.261
0.320
0.223
0.172
0.130
0.188
0.289
0.217
0.186
0.084
0.086
0.082
0.076
0.069
0.074
0.071
0.087
0.131
0.185
0.143
0.048
0.051
0.061
0.062
0.065
0.122
0.152
0.090
0.069
0.079
0.074
0.111
0.184
0.197
0.216
0.253
0.216
0.213
0.256
0.354
0.369
0.327
0.280
0.264
0.262
0.329
0.269
0.306
0.282
0.205
0.201
0.144
0.153
0.197
0.176
0.203
0.217
0.229
0.293
0.258
0.179
0.195
0.206
0.286
0.257
0.174
0.189
0.268
0.236
0.233
0.223
0.152
0.127
0.188
0.240
0.287
0.253
0.227
0.289
0.337
0.269
0.231
0.257
0.293
0.410
0.459
0.289
0.301
0.275
0.270
0.327
0.367
0.464
0.497
0.511
0.558
0.619
0.644
0.621
0.673
0.684
0.678
0.759
0.795
0.798
0.767
0.712
0.678
0.725
0.648
0.632
0.744
0.635
0.811
0.710
0.701
0.693
0.798
0.781
0.720
0.600
0.547
0.524
0.539
0.502
0.602
0.555
0.640
0.772
0.843
0.862
0.848
0.763
0.770
0.807
0.872
0.878
0.824
0.880
0.845
0.819
0.818
0.779
0.741
0.734
0.735
0.751
0.714
0.775
0.777
0.735
0.733
0.752
0.756
0.703
0.671
0.698
0.697
0.709
0.691
0.663
0.622
0.604
0.596
0.523
0.427
0.367
0.315
0.406
0.583
0.549
0.610
0.665
0.772
0.703
0.838
0.790
0.873
0.912
0.907
0.902
0.922
0.826
0.798
0.671
0.681
0.835
0.937
0.822
0.810
0.781
0.756
0.677
0.664
0.703
0.578
0.621
0.541
0.485
0.455
0.462
0.495
0.446
0.361
0.390
0.368
0.381
0.358
0.319
0.418
0.306
0.369
0.437
0.315
0.316
0.396
0.389
0.318
0.338
0.284
0.278
0.306
0.218
0.229
0.301
0.338
0.322
0.327
0.356
0.307
0.309
0.344
0.312
0.248
0.294
0.312
0.300
0.228
0.233
0.267
0.244
0.250
0.231
0.278
0.218
0.270
0.235
0.268
0.255
0.298
0.338
0.398
0.308
0.224
0.291
0.295
0.366
0.369
0.316
0.255
0.237
0.231
0.215
0.212
0.218
0.202
0.222
0.248
0.266
0.273
0.212
0.207
0.242
0.292
0.322
0.314
0.357
0.310
0.234
0.254
0.268
0.274
0.392
0.439
0.333
0.422
0.375
0.351
0.396
0.304
0.310
0.345
0.289
0.271
0.286
0.311
0.246
0.275
0.301
0.253
0.291
0.386
0.337
0.475
0.456
0.349
0.287
0.228
0.222
0.248
0.243
0.229
0.233
0.237
0.225
0.204
0.208
0.197
0.220
0.226
0.192
0.157
0.152
0.222
0.280
0.204
0.169
0.166
0.182
0.189
0.206
0.214
0.291
0.357
0.355
0.267
0.218
0.152
0.141
0.162
0.186
0.206
0.207
0.278
0.180
0.116
0.154
0.222
0.177
0.155
0.177
0.156
0.132
0.520
0.686
0.510
0.334
0.280
0.392
0.364
0.287
0.233
0.231
0.276
0.275
0.195
0.175
0.241
0.234
0.205
0.163
0.142
0.094
0.121
0.106
0.091
0.196
0.245
0.178
0.164
0.194
0.198
0.177
0.193
0.246
0.232
0.163
0.122
0.072
0.179
0.144
0.132
0.204
0.119
0.180
0.199
0.165
0.196
0.228
0.287
0.251
0.187
0.250
0.276
0.249
0.227
0.190
0.158
0.165
0.107
0.108
0.095
0.129
0.190
0.180
0.199
0.154
0.175
0.223
0.282
0.321
0.325
0.296
0.198
0.281
0.400
0.468
0.389
0.414
0.335
0.309
0.303
0.267
0.271
0.275
0.282
0.326
0.476
0.777
0.607
0.520
0.425
0.408
0.438
0.361
0.370
0.334
0.316
0.383
0.411
0.392
0.352
0.291
0.295
0.311
0.329
0.313
0.241
0.265
0.235
0.273
0.426
0.503
0.613
0.725
0.646
0.676
0.641
0.591
0.541
0.421
0.388
0.773
0.825
0.836
0.762
0.816
0.786
0.797
0.647
0.578
0.562
0.563
0.596
0.673
0.751
0.824
0.841
0.755
0.865
0.876
0.820
0.737
0.831
0.840
0.895
0.846
0.891
0.939
0.930
0.872
0.899
0.819
0.784
0.874
0.897
0.914
0.889
0.896
0.873
0.897
0.846
0.870
0.833
0.877
0.902
0.946
0.955
0.918
0.937
0.880
0.839
0.859
0.873
0.890
0.896
0.810
0.748
0.900
0.881
0.858
0.829
0.722
0.651
0.844
0.907
0.842
0.783
0.735
0.774
0.778
0.720
0.713
0.698
0.688
0.674
0.681
0.702
0.782
0.738
0.797
0.825
0.841
0.776
0.751
0.747
0.652
0.637
0.497
0.411
0.462
0.566
0.514
0.388
0.487
0.502
0.512
0.460
0.427
0.441
0.347
0.512
0.370
0.380
0.353
0.305
0.294
0.369
0.446
0.429
0.464
0.340
0.274
0.314
0.364
0.365
0.350
0.331
0.309
0.293
0.290
0.291
0.406
0.317
0.310
0.356
0.322
0.303
0.273
0.254
0.297
0.348
0.348
0.338
0.335
0.334
0.338
0.359
0.346
0.342
0.355
0.360
0.426
0.285
0.295
0.324
0.268
0.252
0.320
0.376
0.311
0.405
0.390
0.424
0.585
0.610
0.546
0.408
0.416
0.313
0.265
0.285
0.321
0.316
0.335
0.315
0.263
0.285
0.299
0.317
0.321
0.342
0.350
0.414
0.450
0.491
0.431
0.345
0.349
0.362
0.379
0.462
0.454
0.455
0.406
0.355
0.368
0.317
0.364
0.397
0.348
0.327
0.295
0.246
0.246
0.269
0.242
0.202
0.214
0.234
0.275
0.272
0.238
0.224
0.176
0.152
0.212
0.230
0.219
0.292
0.465
0.404
0.213
0.267
0.248
0.245
0.197
0.368
0.478
0.277
0.296
0.550
0.532
0.394
0.445
0.357
0.326
0.311
0.291
0.318
0.294
0.278
0.245
0.260
0.304
0.327
0.308
0.339
0.293
0.301
0.419
0.362
0.245
0.232
0.201
0.201
0.171
0.162
0.241
0.334
0.270
0.437
0.420
0.323
0.220
0.195
0.185
0.199
0.223
0.320
0.318
0.195
0.184
0.168
0.153
0.156
0.116
0.118
0.114
0.118
0.141
0.176
0.132
0.080
0.108
0.108
0.135
0.135
0.136
0.169
0.142
0.113
0.148
0.151
0.162
0.166
0.112
0.091
0.090
0.138
0.135
0.100
0.156
0.194
0.233
0.174
0.130
0.114
0.123
0.134
0.136
0.131
0.126
0.150
0.152
0.159
0.210
0.232
0.280
0.257
0.256
0.216
0.212
0.279
0.286
0.305
0.339
0.286
0.267
0.281
0.305
0.397
0.344
0.285
0.242
0.257
0.297
0.256
0.221
0.323
0.278
0.233
0.200
0.199
0.493
0.533
0.582
0.504
0.406
0.319
0.325
0.347
0.388
0.364
0.350
0.402
0.550
0.548
0.488
0.535
0.529
0.540
0.567
0.446
0.387
0.594
0.827
0.738
0.728
0.646
0.694
0.624
0.549
0.710
0.908
0.913
0.852
0.849
0.796
0.817
0.827
0.895
0.883
0.826
0.831
0.776
0.753
0.780
0.791
0.696
0.686
0.697
0.649
0.666
0.698
0.687
0.784
0.764
0.708
0.758
0.743
0.789
0.770
0.793
0.812
0.917
0.872
0.887
0.843
0.838
0.804
0.936
0.904
0.865
0.902
0.927
0.936
0.902
0.856
0.890
0.814
0.731
0.729
0.896
0.885
0.899
0.777
0.710
0.726
0.789
0.782
0.812
0.839
0.895
0.872
0.868
0.877
0.889
0.863
0.837
0.866
0.798
0.792
0.751
0.814
0.722
0.701
0.680
0.663
0.626
0.617
0.571
0.669
0.655
0.756
0.678
0.733
0.707
0.682
0.637
0.731
0.702
0.589
0.408
0.409
0.491
0.427
0.346
0.325
0.395
0.354
0.356
0.402
0.484
0.474
0.400
0.310
0.323
0.302
0.214
0.195
0.180
0.270
0.244
0.246
0.287
0.259
0.291
0.287
0.236
0.263
0.268
0.239
0.231
0.308
0.338
0.208
0.241
0.339
0.336
0.193
0.332
0.298
0.292
0.247
0.280
0.218
0.256
0.253
0.286
0.231
0.212
0.231
0.229
0.187
0.178
0.204
0.194
0.217
0.216
0.207
0.270
0.327
0.370
0.392
0.339
0.329
0.281
0.323
0.321
0.303
0.294
0.221
0.287
0.271
0.304
0.354
0.316
0.329
0.280
0.290
0.205
0.258
0.384
0.339
0.307
0.272
0.236
0.360
0.366
0.246
0.312
0.304
0.304
0.276
0.277
0.209
0.232
0.196
0.220
0.282
0.302
0.327
0.397
0.361
0.442
0.372
0.299
0.236
0.206
0.241
0.250
0.293
0.353
0.312
0.229
0.248
0.222
0.231
0.188
0.180
0.268
0.307
0.317
0.282
0.310
0.205
0.234
0.234
0.463
0.353
0.308
0.341
0.321
0.274
0.266
0.250
0.190
0.146
0.130
0.134
0.142
0.153
0.128
0.134
0.141
0.100
0.122
0.169
0.341
0.201
0.131
0.091
0.081
0.091
0.090
0.105
0.107
0.154
0.172
0.159
0.142
0.145
0.117
0.130
0.144
0.169
0.236
0.356
0.296
0.208
0.161
0.139
0.137
0.148
0.178
0.090
0.090
0.101
0.289
0.300
0.208
0.144
0.139
0.140
0.214
0.220
0.298
0.307
0.307
0.420
0.500
0.300
0.232
0.183
0.191
0.173
0.173
0.208
0.188
0.181
0.184
0.190
0.185
0.090
0.096
0.130
0.161
0.155
0.127
0.101
0.098
0.099
0.112
0.092
0.127
0.136
0.157
0.201
0.252
0.273
0.258
0.363
0.341
0.296
0.353
0.305
0.279
0.295
0.304
0.289
0.266
0.297
0.318
0.334
0.339
0.333
0.320
0.342
0.300
0.249
0.179
0.192
0.228
0.261
0.302
0.305
0.306
0.346
0.337
0.338
0.372
0.395
0.564
0.546
0.508
0.536
0.590
0.619
0.862
0.695
0.781
0.616
0.562
0.584
0.492
0.517
0.578
0.563
0.469
0.434
0.418
0.534
0.603
0.683
0.547
0.605
0.747
0.771
0.706
0.764
0.682
0.635
0.548
0.662
0.650
0.812
0.829
0.843
0.838
0.842
0.761
0.678
0.623
0.576
0.567
0.545
0.590
0.591
0.549
0.572
0.792
0.646
0.713
0.828
0.850
0.748
0.810
0.849
0.848
0.904
0.847
0.822
0.871
0.866
0.833
0.831
0.837
0.811
0.824
0.956
0.905
0.932
0.830
0.789
0.782
0.824
0.779
0.732
0.688
0.708
0.732
0.674
0.740
0.812
0.851
0.702
0.674
0.662
0.626
0.584
0.511
0.486
0.595
0.708
0.781
0.768
0.557
0.528
0.626
0.745
0.780
0.741
0.844
0.834
0.858
0.866
0.875
0.772
0.639
0.726
0.761
0.686
0.576
0.581
0.633
0.677
0.674
0.626
0.650
0.654
0.588
0.503
0.497
0.534
0.587
0.578
0.592
0.545
0.420
0.328
0.288
0.278
0.261
0.263
0.293
0.353
0.322
0.315
0.306
0.305
0.228
0.301
0.292
0.242
0.246
0.196
0.302
0.351
0.385
0.283
0.212
0.246
0.241
0.217
0.178
0.201
0.254
0.246
0.269
0.274
0.285
0.294
0.250
0.242
0.230
0.316
0.297
0.392
0.699
0.483
0.191
0.257
0.257
0.291
0.321
0.278
0.267
0.289
0.300
0.232
0.348
0.215
0.214
0.274
0.337
0.349
0.311
0.291
0.308
0.346
0.360
0.319
0.378
0.408
0.403
0.358
0.449
0.320
0.273
0.299
0.366
0.498
0.354
0.262
0.223
0.199
0.285
0.319
0.279
0.251
0.265
0.252
0.303
0.283
0.322
0.511
0.411
0.416
0.465
0.792
0.737
0.677
0.567
0.492
0.526
0.533
0.438
0.380
0.403
0.475
0.441
0.306
0.270
0.231
0.280
0.316
0.359
0.285
0.248
0.213
0.203
0.304
0.322
0.243
0.202
0.319
0.401
0.357
0.290
0.326
0.270
0.243
0.261
0.352
0.301
0.423
0.326
0.231
0.240
0.244
0.211
0.206
0.186
0.160
0.178
0.253
0.303
0.216
0.224
0.208
0.198
0.159
0.141
0.249
0.191
0.163
0.227
0.204
0.165
0.129
0.149
0.116
0.087
0.109
0.105
0.115
0.140
0.147
0.196
0.240
0.222
0.156
0.226
0.161
0.161
0.177
0.233
0.316
0.256
0.244
0.230
0.218
0.196
0.192
0.130
0.203
0.304
0.238
0.272
0.228
0.176
0.133
0.095
0.082
0.110
0.176
0.145
0.134
0.072
0.060
0.107
0.159
0.142
0.077
0.110
0.087
0.067
0.058
0.070
0.079
0.088
0.118
0.122
0.154
0.242
0.193
0.218
0.140
0.132
0.151
0.199
0.268
0.312
0.267
0.264
0.280
0.274
0.277
0.244
0.248
0.255
0.252
0.172
0.214
0.213
0.266
0.251
0.267
0.267
0.284
0.317
0.359
0.332
0.368
0.365
0.386
0.355
0.290
0.281
0.301
0.338
0.352
0.334
0.353
0.358
0.339
0.370
0.354
0.430
0.411
0.327
0.253
0.298
0.402
0.429
0.572
0.521
0.509
0.595
0.747
0.611
0.554
0.570
0.678
0.608
0.539
0.501
0.407
0.422
0.378
0.664
0.849
0.772
0.770
0.772
0.862
0.741
0.742
0.822
0.900
0.883
0.809
0.885
0.820
0.857
0.931
0.932
0.921
0.883
0.881
0.900
0.812
0.819
0.811
0.853
0.725
0.692
0.764
0.747
0.794
0.786
0.752
0.740
0.719
0.764
0.825
0.796
0.770
0.782
0.702
0.669
0.638
0.623
0.634
0.601
0.579
0.577
0.600
0.767
0.759
0.905
0.912
0.945
0.863
0.844
0.855
0.795
0.746
0.729
0.719
0.687
0.559
0.494
0.711
0.622
0.663
0.538
0.527
0.590
0.617
0.564
0.479
0.463
0.443
0.470
0.430
0.390
0.441
0.497
0.537
0.469
0.362
0.286
0.334
0.283
0.438
0.550
0.789
0.746
0.572
0.436
0.575
0.603
0.550
0.487
0.449
0.369
0.356
0.356
0.347
0.257
0.307
0.309
0.272
0.249
0.223
0.114
0.133
0.172
0.212
0.217
0.279
0.270
0.257
0.194
0.188
0.217
0.242
0.275
0.316
0.289
0.351
0.368
0.391
0.332
0.425
0.667
0.640
0.652
0.541
0.601
0.399
0.428
0.512
0.482
0.429
0.398
0.402
0.458
0.233
0.247
0.284
0.430
0.431
0.385
0.370
0.366
0.395
0.437
0.329
0.262
0.268
0.343
0.389
0.238
0.247
0.303
0.360
0.415
0.330
0.445
0.553
0.487
0.449
0.558
0.437
0.391
0.385
0.339
0.221
0.254
0.266
0.289
0.417
0.542
0.442
0.331
0.346
0.446
0.437
0.309
0.332
0.366
0.341
0.296
0.296
0.358
0.454
0.357
0.420
0.438
0.316
0.298
0.299
0.261
0.234
0.234
0.239
0.308
0.338
0.260
0.266
0.328
0.325
0.321
0.336
0.252
0.221
0.215
0.359
0.329
0.354
0.318
0.328
0.326
0.370
0.196
0.398
0.492
0.326
0.300
0.266
0.151
0.174
0.158
0.124
0.161
0.177
0.266
0.313
0.303
0.215
0.182
0.200
0.144
0.169
0.237
0.243
0.356
0.417
0.382
0.313
0.267
0.185
0.150
0.133
0.101
0.102
0.122
0.166
0.187
0.159
0.134
0.128
0.107
0.100
0.111
0.181
0.155
0.225
0.223
0.187
0.146
0.153
0.247
0.293
0.292
0.385
0.208
0.156
0.120
0.119
0.078
0.082
0.108
0.150
0.199
0.207
0.160
0.112
0.108
0.120
0.132
0.200
0.241
0.278
0.265
0.259
0.186
0.148
0.216
0.195
0.227
0.178
0.184
0.175
0.172
0.155
0.171
0.219
0.191
0.250
0.240
0.216
0.213
0.191
0.200
0.181
0.164
0.207
0.239
0.246
0.208
0.161
0.183
0.128
0.087
0.148
0.170
0.193
0.261
0.379
0.415
0.403
0.374
0.348
0.252
0.253
0.426
0.522
0.418
0.428
0.438
0.625
0.532
0.415
0.313
0.243
0.184
0.171
0.227
0.473
0.599
0.526
0.360
0.230
0.344
0.370
0.346
0.413
0.460
0.468
0.432
0.384
0.421
0.443
0.443
0.381
0.466
0.442
0.611
0.805
0.783
0.754
0.730
0.682
0.706
0.727
0.729
0.716
0.673
0.622
0.621
0.661
0.637
0.695
0.641
0.660
0.724
0.808
0.900
0.900
0.817
0.903
0.831
0.787
0.740
0.812
0.929
0.891
0.851
0.898
0.889
0.853
0.855
0.905
0.911
0.899
0.863
0.855
0.849
0.856
0.846
0.818
0.820
0.830
0.872
0.824
0.810
0.802
0.766
0.778
0.792
0.804
0.822
0.762
0.793
0.808
0.891
0.877
0.842
0.832
0.864
0.863
0.888
0.889
0.839
0.886
0.917
0.895
0.897
0.888
0.893
0.865
0.737
0.657
0.648
0.620
0.595
0.575
0.655
0.691
0.610
0.503
0.530
0.500
0.474
0.502
0.429
0.457
0.483
0.469
0.454
0.446
0.359
0.415
0.350
0.287
0.430
0.631
0.708
0.586
0.491
0.421
0.268
0.391
0.633
0.639
0.625
0.523
0.483
0.447
0.362
0.350
0.338
0.276
0.268
0.345
0.344
0.323
0.321
0.339
0.355
0.343
0.300
0.289
0.303
0.363
0.469
0.566
0.641
0.679
0.712
0.719
0.667
0.709
0.783
0.737
0.611
0.466
0.632
0.822
0.856
0.884
0.793
0.732
0.663
0.644
0.619
0.567
0.499
0.473
0.434
0.461
0.519
0.527
0.462
0.444
0.466
0.398
0.280
0.341
0.412
0.394
0.379
0.361
0.340
0.334
0.298
0.349
0.320
0.327
0.472
0.412
0.351
0.386
0.420
0.469
0.555
0.536
0.368
0.338
0.390
0.448
0.455
0.425
0.410
0.379
0.340
0.353
0.344
0.309
0.320
0.442
0.583
0.487
0.174
0.235
0.274
0.270
0.303
0.350
0.326
0.323
0.361
0.408
0.309
0.388
0.415
0.393
0.500
0.430
0.397
0.350
0.308
0.281
0.341
0.374
0.510
0.524
0.386
0.335
0.321
0.321
0.294
0.388
0.583
0.428
0.430
0.387
0.346
0.322
0.352
0.373
0.296
0.246
0.343
0.282
0.315
0.366
0.274
0.314
0.382
0.336
0.294
0.280
0.241
0.242
0.223
0.141
0.165
0.199
0.156
0.150
0.145
0.158
0.147
0.145
0.172
0.295
0.223
0.179
0.216
0.218
0.153
0.131
0.126
0.138
0.259
0.218
0.244
0.203
0.199
0.111
0.138
0.130
0.111
0.115
0.117
0.190
0.167
0.186
0.206
0.241
0.211
0.169
0.203
0.261
0.192
0.106
0.103
0.116
0.095
0.083
0.078
0.094
0.117
0.140
0.153
0.230
0.265
0.230
0.235
0.322
0.376
0.369
0.298
0.244
0.229
0.192
0.285
0.319
0.355
0.333
0.314
0.284
0.259
0.251
0.238
0.295
0.374
0.437
0.450
0.420
0.386
0.339
0.352
0.316
0.279
0.287
0.298
0.392
0.389
0.381
0.284
0.333
0.258
0.240
0.280
0.406
0.457
0.394
0.408
0.470
0.479
0.538
0.565
0.503
0.529
0.584
0.565
0.566
0.511
0.549
0.598
0.734
0.565
0.561
0.777
0.910
0.821
0.785
0.743
0.723
0.724
0.725
0.698
0.870
0.830
0.863
0.892
0.950
0.865
0.802
0.798
0.885
0.918
0.900
0.856
0.875
0.857
0.836
0.846
0.844
0.932
0.883
0.916
0.872
0.859
0.872
0.882
0.874
0.906
0.904
0.854
0.956
0.898
0.883
0.845
0.879
0.937
0.936
0.945
0.950
0.956
0.945
0.960
0.940
0.949
0.863
0.875
0.867
0.872
0.867
0.896
0.868
0.895
0.894
0.872
0.909
0.888
0.890
0.917
0.920
0.928
0.866
0.896
0.956
0.969
0.956
0.957
0.912
0.904
0.917
0.937
0.952
0.918
0.810
0.854
0.879
0.922
0.864
0.852
0.833
0.782
0.799
0.800
0.781
0.824
0.808
0.770
0.754
0.718
0.671
0.622
0.609
0.654
0.634
0.630
0.600
0.523
0.515
0.416
0.410
0.440
0.444
0.434
0.373
0.360
0.367
0.394
0.316
0.300
0.338
0.358
0.293
0.333
0.338
0.298
0.310
0.356
0.344
0.361
0.333
0.316
0.324
0.306
0.308
0.318
0.421
0.400
0.367
0.359
0.364
0.362
0.347
0.367
0.351
0.329
0.351
0.323
0.356
0.327
0.313
0.283
0.290
0.343
0.411
0.465
0.488
0.462
0.423
0.383
0.291
0.260
0.255
0.235
0.312
0.403
0.425
0.424
0.322
0.311
0.378
0.240
0.181
0.228
0.279
0.330
0.309
0.300
0.307
0.332
0.333
0.299
0.289
0.372
0.398
0.393
0.397
0.394
0.346
0.298
0.321
0.409
0.472
0.464
0.545
0.557
0.461
0.527
0.620
0.398
0.222
0.368
0.377
0.319
0.340
0.311
0.248
0.335
0.612
0.571
0.288
0.374
0.406
0.320
0.327
0.346
0.381
0.352
0.359
0.388
0.382
0.415
0.344
0.294
0.211
0.257
0.240
0.461
0.422
0.317
0.358
0.124
0.162
0.172
0.168
0.209
0.428
0.287
0.238
0.312
0.374
0.278
0.234
0.226
0.277
0.379
0.313
0.188
0.160
0.205
0.184
0.155
0.171
0.247
0.343
0.348
0.317
0.267
0.300
0.251
0.183
0.089
0.104
0.135
0.164
0.267
0.177
0.148
0.163
0.174
0.206
0.183
0.203
0.056
0.065
0.074
0.068
0.077
0.118
0.181
0.214
0.150
0.158
0.182
0.167
0.127
0.148
0.182
0.195
0.193
0.185
0.167
0.143
0.223
0.250
0.228
0.272
0.298
0.295
0.225
0.236
0.271
0.253
0.458
0.427
0.267
0.212
0.260
0.222
0.207
0.200
0.195
0.189
0.170
0.176
0.143
0.146
0.253
0.389
0.363
0.384
0.430
0.268
0.244
0.248
0.342
0.364
0.310
0.241
0.244
0.284
0.279
0.261
0.238
0.219
0.277
0.251
0.273
0.285
0.273
0.314
0.258
0.261
0.315
0.325
0.376
0.379
0.381
0.385
0.348
0.323
0.377
0.354
0.399
0.419
0.512
0.481
0.385
0.523
0.579
0.574
0.497
0.436
0.447
0.483
0.454
0.465
0.474
0.462
0.479
0.469
0.497
0.479
0.444
0.453
0.462
0.518
0.473
0.607
0.866
0.773
0.741
0.762
0.783
0.863
0.918
0.859
0.922
0.904
0.841
0.821
0.820
0.829
0.887
0.841
0.749
0.744
0.811
0.822
0.830
0.848
0.767
0.835
0.836
0.866
0.906
0.906
0.930
0.919
0.807
0.787
0.792
0.865
0.894
0.873
0.831
0.896
0.868
0.906
0.936
0.939
0.938
0.951
0.895
0.828
0.884
0.934
0.909
0.945
0.936
0.960
0.900
0.870
0.887
0.846
0.838
0.877
0.899
0.882
0.886
0.857
0.843
0.906
0.959
0.968
0.920
0.884
0.864
0.952
0.924
0.958
0.832
0.812
0.865
0.880
0.815
0.803
0.850
0.857
0.865
0.846
0.782
0.702
0.622
0.541
0.544
0.477
0.407
0.394
0.392
0.560
0.608
0.578
0.512
0.468
0.470
0.385
0.409
0.441
0.432
0.411
0.403
0.372
0.403
0.402
0.377
0.378
0.356
0.353
0.417
0.323
0.286
0.314
0.276
0.282
0.268
0.284
0.312
0.333
0.305
0.298
0.302
0.326
0.297
0.318
0.339
0.345
0.316
0.309
0.316
0.288
0.329
0.323
0.251
0.242
0.258
0.289
0.347
0.338
0.334
0.325
0.295
0.324
0.302
0.306
0.311
0.352
0.342
0.281
0.343
0.331
0.322
0.299
0.263
0.281
0.300
0.274
0.348
0.420
0.284
0.371
0.519
0.591
0.462
0.451
0.423
0.313
0.285
0.191
0.253
0.276
0.248
0.273
0.305
0.351
0.415
0.576
0.379
0.384
0.347
0.376
0.362
0.338
0.308
0.297
0.256
0.219
0.208
0.244
0.322
0.409
0.496
0.359
0.423
0.457
0.502
0.515
0.370
0.300
0.221
0.286
0.268
0.230
0.252
0.202
0.212
0.239
0.213
0.245
0.312
0.305
0.335
0.367
0.473
0.512
0.335
0.295
0.241
0.246
0.286
0.330
0.368
0.449
0.359
0.410
0.399
0.430
0.361
0.325
0.313
0.310
0.312
0.339
0.410
0.324
0.262
0.271
0.231
0.169
0.184
0.135
0.105
0.113
0.138
0.144
0.139
0.169
0.221
0.233
0.140
0.161
0.220
0.222
0.243
0.327
0.179
0.150
0.168
0.148
0.196
0.246
0.274
0.147
0.188
0.228
0.305
0.372
0.267
0.219
0.168
0.158
0.238
0.211
0.154
0.120
0.143
0.184
0.290
0.256
0.234
0.189
0.168
0.176
0.154
0.178
0.251
0.315
0.273
0.292
0.297
0.279
0.339
0.298
0.282
0.232
0.181
0.192
0.234
0.227
0.122
0.068
0.144
0.265
0.222
0.230
0.211
0.171
0.179
0.255
0.271
0.278
0.241
0.174
0.151
0.170
0.244
0.234
0.182
0.203
0.180
0.209
0.290
0.343
0.371
0.385
0.388
0.358
0.330
0.289
0.307
0.329
0.326
0.336
0.394
0.416
0.509
0.649
0.662
0.694
0.761
0.662
0.727
0.656
0.594
0.490
0.535
0.748
0.838
0.705
0.704
0.667
0.660
0.608
0.604
0.620
0.715
0.685
0.677
0.685
0.654
0.686
0.603
0.606
0.626
0.771
0.789
0.894
0.864
0.883
0.866
0.878
0.830
0.895
0.889
0.943
0.873
0.912
0.911
0.899
0.880
0.859
0.898
0.841
0.777
0.901
0.878
0.900
0.928
0.943
0.913
0.886
0.924
0.843
0.933
0.908
0.840
0.885
0.935
0.935
0.913
0.935
0.911
0.923
0.935
0.941
0.944
0.884
0.884
0.865
0.825
0.815
0.945
0.924
0.885
0.889
0.912
0.870
0.802
0.812
0.841
0.819
0.838
0.841
0.855
0.825
0.812
0.773
0.766
0.845
0.801
0.686
0.589
0.588
0.596
0.594
0.578
0.569
0.613
0.579
0.593
0.464
0.346
0.861
0.900
0.894
0.909
0.945
0.948
0.857
0.951
0.952
0.917
0.884
0.868
0.858
0.778
0.730
0.761
0.827
0.842
0.827
0.803
0.747
0.695
0.658
0.629
0.578
0.577
0.538
0.464
0.423
0.418
0.395
0.385
0.412
0.489
0.611
0.519
0.451
0.478
0.488
0.489
0.516
0.513
0.471
0.514
0.532
0.510
0.520
0.573
0.597
0.505
0.490
0.480
0.469
0.525
0.500
0.367
0.347
0.356
0.352
0.355
0.322
0.337
0.354
0.373
0.348
0.349
0.307
0.327
0.331
0.359
0.359
0.346
0.340
0.290
0.350
0.435
0.355
0.386
0.380
0.349
0.345
0.411
0.361
0.373
0.401
0.438
0.452
0.412
0.471
0.455
0.342
0.397
0.332
0.397
0.503
0.551
0.514
0.413
0.427
0.518
0.516
0.340
0.568
0.576
0.712
0.540
0.296
0.328
0.396
0.489
0.467
0.487
0.437
0.436
0.424
0.464
0.369
0.526
0.488
0.398
0.486
0.669
0.880
0.769
0.626
0.672
0.649
0.575
0.470
0.406
0.373
0.350
0.382
0.396
0.399
0.438
0.392
0.420
0.402
0.423
0.423
0.309
0.302
0.462
0.361
0.387
0.491
0.386
0.367
0.275
0.283
0.268
0.316
0.427
0.339
0.450
0.432
0.450
0.417
0.232
0.295
0.289
0.265
0.295
0.269
0.313
0.260
0.245
0.252
0.302
0.307
0.276
0.162
0.133
0.204
0.188
0.158
0.213
0.324
0.115
0.099
0.174
0.342
0.306
0.241
0.254
0.247
0.228
0.210
0.245
0.298
0.271
0.200
0.279
0.283
0.165
0.161
0.182
0.259
0.139
0.107
0.094
0.122
0.144
0.179
0.197
0.181
0.180
0.204
0.242
0.293
0.248
0.259
0.176
0.173
0.180
0.178
0.191
0.168
0.123
0.151
0.147
0.130
0.204
0.247
0.245
0.289
0.235
0.174
0.137
0.135
0.234
0.311
0.357
0.361
0.375
0.331
0.406
0.378
0.273
0.199
0.155
0.162
0.182
0.246
0.231
0.227
0.170
0.124
0.154
0.231
0.270
0.297
0.316
0.219
0.183
0.203
0.210
0.193
0.207
0.238
0.254
0.275
0.399
0.469
0.447
0.519
0.513
0.507
0.546
0.548
0.547
0.467
0.480
0.522
0.505
0.462
0.458
0.426
0.392
0.394
0.432
0.469
0.489
0.518
0.583
0.509
0.414
0.364
0.384
0.426
0.437
0.529
0.549
0.584
0.735
0.756
0.704
0.752
0.747
0.839
0.854
0.766
0.723
0.753
0.891
0.946
0.959
0.929
0.891
0.916
0.934
0.868
0.883
