20000101
0.227
0.248
0.231
0.235
0.319
0.225
0.221
0.365
0.412
0.509
0.320
0.379
0.442
0.257
0.138
0.175
0.176
0.259
0.279
0.164
0.654
0.635
0.522
0.333
0.378
0.300
0.267
0.234
0.196
0.145
0.286
0.489
0.291
0.455
0.477
0.528
0.368
0.272
0.208
0.243
0.378
0.414
0.177
0.145
0.193
0.170
0.154
0.167
0.142
0.156
0.143
0.157
0.172
0.220
0.222
0.136
0.100
0.174
0.213
0.227
0.249
0.269
0.239
0.349
0.202
0.071
0.149
0.114
0.084
0.122
0.418
0.324
0.349
0.099
0.154
0.261
0.362
0.091
0.055
0.053
0.199
0.221
0.145
0.124
0.102
0.097
0.085
0.057
0.064
0.090
0.175
0.122
0.082
0.089
0.098
0.080
0.066
0.098
0.123
0.119
0.119
0.212
0.172
0.165
0.243
0.275
0.239
0.194
0.214
0.160
0.161
0.193
0.302
0.288
0.311
0.350
0.342
0.346
0.266
0.279
0.238
0.180
0.275
0.224
0.255
0.230
0.242
0.218
0.249
0.304
0.265
0.313
0.371
0.524
0.431
0.385
0.446
0.496
0.577
0.488
0.418
0.406
0.339
0.377
0.373
0.348
0.373
0.358
0.325
0.349
0.429
0.454
0.412
0.365
0.318
0.292
0.433
0.239
0.255
0.350
0.346
0.337
0.365
0.383
0.435
0.421
0.434
0.410
0.375
0.342
0.295
0.283
0.312
0.407
0.401
0.423
0.437
0.457
0.438
0.409
0.387
0.395
0.566
0.740
0.620
0.636
0.582
0.548
0.564
0.617
0.643
0.649
0.668
0.610
0.625
0.838
0.926
0.871
0.800
0.735
0.701
0.655
0.801
0.711
0.639
0.574
0.564
0.509
0.493
0.455
0.550
0.592
0.549
0.482
0.491
0.617
0.535
0.517
0.480
0.439
0.443
0.478
0.498
0.585
0.641
0.842
0.806
0.817
0.779
0.842
0.734
0.817
0.908
0.827
0.799
0.685
0.666
0.605
0.614
0.748
0.765
0.703
0.652
0.787
0.774
0.689
0.586
0.650
0.797
0.618
0.581
0.622
0.539
0.540
0.553
0.538
0.498
0.443
0.370
0.434
0.438
0.455
0.516
0.482
0.381
0.366
0.398
0.431
0.450
0.356
0.316
0.232
0.203
0.299
0.273
0.210
0.171
0.214
0.248
0.256
0.281
0.331
0.354
0.320
0.313
0.322
0.259
0.271
0.242
0.099
0.111
0.136
0.144
0.138
0.159
0.226
0.335
0.399
0.333
0.285
0.201
0.156
0.128
0.108
0.139
0.223
0.145
0.150
0.186
0.181
0.243
0.342
0.341
0.266
0.219
0.175
0.204
0.227
0.203
0.170
0.234
0.240
0.175
0.142
0.174
0.194
0.207
0.261
0.231
0.241
0.218
0.333
0.255
0.196
0.183
0.145
0.116
0.106
0.091
0.097
0.129
0.152
0.176
0.196
0.213
0.258
0.216
0.219
0.206
0.200
0.209
0.260
0.354
0.362
0.325
0.262
0.195
0.188
0.159
0.149
0.152
0.156
0.163
0.213
0.335
0.484
0.399
0.438
0.358
0.385
0.354
0.235
0.212
0.262
0.270
0.219
0.194
0.197
0.176
0.182
0.170
0.217
0.244
0.323
0.264
0.198
0.309
0.465
0.171
0.122
0.135
0.113
0.125
0.111
0.149
0.260
0.174
0.157
0.122
0.118
0.099
0.110
0.129
0.173
0.141
0.138
0.191
0.167
0.098
0.106
0.172
0.296
0.239
0.174
0.162
0.175
0.184
0.178
0.122
0.243
0.284
0.402
0.201
0.162
0.128
0.103
0.095
0.082
0.072
0.078
0.077
0.091
0.073
0.068
0.071
0.106
0.354
0.287
0.251
0.228
0.147
0.109
0.119
0.157
0.296
0.193
0.221
0.217
0.201
0.223
0.217
0.296
0.315
0.319
0.179
0.165
0.107
0.096
0.081
0.115
0.077
0.076
0.071
0.073
0.127
0.210
0.305
0.224
0.224
0.199
0.224
0.240
0.315
0.359
0.292
0.225
0.201
0.115
0.110
0.149
0.156
0.157
0.143
0.200
0.290
0.302
0.206
0.245
0.176
0.268
0.229
0.252
0.249
0.280
0.311
0.308
0.321
0.308
0.293
0.322
0.351
0.401
0.399
0.434
0.439
0.403
0.394
0.348
0.276
0.209
0.377
0.426
0.422
0.401
0.537
0.626
0.580
0.525
0.542
0.583
0.509
0.484
0.490
0.421
0.380
0.397
0.441
0.590
0.653
0.598
0.751
0.726
0.739
0.699
0.646
0.556
0.512
0.485
0.445
0.451
0.432
0.435
0.454
0.453
0.470
0.487
0.463
0.530
0.617
0.712
0.901
0.839
0.716
0.662
0.735
0.788
0.753
0.905
0.852
0.806
0.746
0.817
0.848
0.870
0.862
0.762
0.792
0.878
0.825
0.797
0.799
0.831
0.799
0.776
0.779
0.739
0.803
0.705
0.635
0.561
0.570
0.580
0.731
0.729
0.853
0.832
0.827
0.814
0.821
0.792
0.872
0.775
0.814
0.801
0.944
0.736
0.651
0.647
0.659
0.721
0.749
0.742
0.739
0.640
0.607
0.596
0.639
0.663
0.594
0.575
0.544
0.486
0.504
0.542
0.565
0.656
0.667
0.547
0.504
0.555
0.598
0.569
0.521
0.468
0.482
0.413
0.483
0.471
0.415
0.511
0.326
0.315
0.351
0.351
0.270
0.211
0.273
0.160
0.158
0.280
0.454
0.545
0.526
0.426
0.401
0.344
0.305
0.360
0.567
0.808
0.908
0.757
0.560
0.354
0.388
0.273
0.194
0.221
0.235
0.202
0.192
0.182
0.151
0.159
0.221
0.246
0.172
0.174
0.235
0.253
0.260
0.244
0.245
0.298
0.307
0.266
0.183
0.199
0.163
0.164
0.163
0.169
0.171
0.172
0.173
0.160
0.164
0.165
0.169
0.192
0.255
0.275
0.205
0.188
0.186
0.199
0.185
0.180
0.197
0.188
0.191
0.195
0.199
0.177
0.195
0.214
0.253
0.293
0.284
0.382
0.444
0.249
0.231
0.218
0.219
0.272
0.277
0.270
0.263
0.266
0.210
0.182
0.188
0.192
0.216
0.249
0.174
0.188
0.187
0.209
0.218
0.185
0.215
0.208
0.197
0.206
0.205
0.227
0.226
0.229
0.232
0.216
0.195
0.226
0.576
0.556
0.425
0.263
0.459
0.305
0.221
0.200
0.232
0.208
0.220
0.503
0.367
0.209
0.194
0.171
0.178
0.185
0.162
0.191
0.154
0.172
0.178
0.096
0.138
0.122
0.091
0.260
0.431
0.106
0.169
0.220
0.185
0.193
0.196
0.196
0.174
0.164
0.212
0.254
0.355
0.261
0.200
0.156
0.152
0.206
0.220
0.261
0.190
0.122
0.119
0.146
0.156
0.366
0.428
0.236
0.145
0.174
0.324
0.406
0.379
0.255
0.114
0.091
0.095
0.153
0.220
0.162
0.157
0.256
0.374
0.207
0.064
0.065
0.054
0.061
0.136
0.237
0.087
0.048
0.066
0.189
0.164
0.300
0.280
0.210
0.149
0.161
0.175
0.225
0.209
0.341
0.248
0.270
0.214
0.173
0.152
0.196
0.194
0.263
0.185
0.220
0.086
0.071
0.120
0.078
0.083
0.118
0.106
0.082
0.090
0.081
0.085
0.203
0.264
0.295
0.316
0.345
0.386
0.403
0.352
0.347
0.307
0.305
0.296
0.373
0.405
0.351
0.331
0.328
0.290
0.289
0.349
0.369
0.403
0.408
0.359
0.286
0.270
0.295
0.308
0.320
0.323
0.362
0.374
0.362
0.319
0.289
0.308
0.305
0.342
0.348
0.441
0.488
0.555
0.478
0.442
0.530
0.562
0.485
0.404
0.356
0.406
0.427
0.709
0.763
0.926
0.841
0.660
0.571
0.560
0.568
0.494
0.491
0.489
0.485
0.472
0.472
0.445
0.447
0.502
0.497
0.695
0.745
0.714
0.719
0.728
0.711
0.666
0.754
0.772
0.771
0.779
0.769
0.611
0.518
0.490
0.431
0.401
0.410
0.409
0.363
0.460
0.767
0.820
0.844
0.856
0.879
0.724
0.769
0.854
0.889
0.904
0.831
0.640
0.747
0.674
0.695
0.623
0.596
0.557
0.604
0.724
0.735
0.852
0.748
0.691
0.611
0.787
0.782
0.785
0.775
0.825
0.763
0.620
0.509
0.482
0.509
0.500
0.455
0.472
0.345
0.405
0.455
0.454
0.453
0.523
0.531
0.552
0.467
0.391
0.386
0.344
0.391
0.472
0.455
0.379
0.352
0.313
0.246
0.212
0.187
0.217
0.237
0.209
0.223
0.177
0.172
0.157
0.238
0.270
0.263
0.246
0.186
0.192
0.226
0.256
0.194
0.282
0.338
0.328
0.285
0.296
0.158
0.157
0.133
0.128
0.148
0.210
0.244
0.243
0.139
0.122
0.157
0.176
0.185
0.295
0.333
0.254
0.233
0.256
0.365
0.340
0.310
0.271
0.232
0.171
0.168
0.185
0.189
0.187
0.183
0.174
0.214
0.259
0.239
0.150
0.130
0.167
0.139
0.183
0.189
0.194
0.196
0.165
0.183
0.195
0.230
0.246
0.228
0.226
0.235
0.191
0.185
0.209
0.219
0.245
0.258
0.315
0.505
0.489
0.460
0.389
0.249
0.357
0.333
0.338
0.365
0.314
0.266
0.480
0.598
0.397
0.411
0.398
0.371
0.290
0.363
0.219
0.260
0.254
0.263
0.273
0.236
0.174
0.153
0.147
0.157
0.191
0.150
0.172
0.158
0.152
0.151
0.182
0.220
0.235
0.281
0.281
0.488
0.411
0.323
0.685
0.511
0.388
0.490
0.334
0.246
0.262
0.211
0.201
0.177
0.266
0.199
0.135
0.137
0.150
0.141
0.165
0.314
0.678
0.440
0.270
0.214
0.214
0.235
0.232
0.237
0.290
0.312
0.281
0.295
0.310
0.179
0.056
0.073
0.078
0.082
0.082
0.084
0.146
0.116
0.100
0.099
0.096
0.112
0.174
0.287
0.237
0.200
0.149
0.119
0.126
0.153
0.172
0.150
0.127
0.133
0.169
0.258
0.282
0.181
0.197
0.161
0.290
0.336
0.356
0.215
0.124
0.074
0.115
0.157
0.167
0.176
0.214
0.360
0.324
0.341
0.282
0.250
0.261
0.296
0.159
0.096
0.084
0.128
0.235
0.252
0.163
0.117
0.103
0.096
0.129
0.226
0.258
0.124
0.207
0.266
0.237
0.153
0.140
0.128
0.115
0.152
0.226
0.166
0.130
0.173
0.195
0.306
0.360
0.369
0.345
0.401
0.401
0.361
0.296
0.349
0.343
0.336
0.351
0.236
0.220
0.271
0.321
0.290
0.289
0.385
0.432
0.441
0.414
0.389
0.357
0.361
0.350
0.369
0.379
0.379
0.459
0.624
0.812
0.749
0.545
0.511
0.472
0.466
0.469
0.623
0.551
0.510
0.600
0.570
0.549
0.547
0.586
0.683
0.701
0.843
0.781
0.738
0.766
0.847
0.826
0.807
0.758
0.722
0.707
0.721
0.897
0.813
0.777
0.765
0.772
0.748
0.788
0.828
0.915
0.881
0.812
0.812
0.914
0.880
0.862
0.795
0.834
0.815
0.861
0.889
0.869
0.792
0.777
0.859
0.832
0.836
0.848
0.797
0.752
0.739
0.688
0.689
0.646
0.691
0.762
0.685
0.653
0.659
0.627
0.766
0.916
0.901
0.860
0.822
0.830
0.943
0.902
0.893
0.842
0.821
0.750
0.741
0.759
0.781
0.645
0.636
0.719
0.671
0.632
0.621
0.672
0.669
0.589
0.693
0.730
0.731
0.631
0.727
0.681
0.608
0.550
0.566
0.593
0.557
0.497
0.509
0.538
0.493
0.503
0.532
0.381
0.289
0.316
0.326
0.366
0.345
0.385
0.343
0.361
0.256
0.196
0.220
0.289
0.333
0.303
0.185
0.147
0.214
0.266
0.252
0.207
0.195
0.143
0.180
0.254
0.282
0.288
0.216
0.171
0.219
0.336
0.333
0.334
0.324
0.345
0.352
0.256
0.139
0.132
0.168
0.265
0.333
0.338
0.376
0.472
0.364
0.241
0.228
0.245
0.170
0.159
0.233
0.326
0.270
0.185
0.218
0.206
0.257
0.264
0.207
0.221
0.200
0.199
0.198
0.211
0.254
0.325
0.331
0.252
0.353
0.334
0.301
0.285
0.305
0.231
0.268
0.285
0.336
0.309
0.317
0.278
0.314
0.285
0.244
0.319
0.308
0.348
0.312
0.272
0.250
0.283
0.301
0.370
0.360
0.508
0.542
0.337
0.286
0.242
0.249
0.273
0.346
0.317
0.220
0.273
0.441
0.465
0.241
0.255
0.451
0.530
0.423
0.285
0.235
0.289
0.276
0.277
0.263
0.522
0.463
0.292
0.241
0.199
0.164
0.171
0.152
0.139
0.135
0.257
0.249
0.333
0.272
0.235
0.245
0.197
0.155
0.195
0.417
0.425
0.191
0.254
0.201
0.178
0.165
0.158
0.226
0.239
0.188
0.174
0.122
0.074
0.075
0.066
0.064
0.080
0.079
0.064
0.067
0.079
0.097
0.105
0.118
0.140
0.119
0.112
0.100
0.102
0.116
0.114
0.208
0.245
0.291
0.228
0.143
0.259
0.066
0.087
0.134
0.123
0.119
0.186
0.279
0.266
0.245
0.183
0.210
0.277
0.339
0.314
0.278
0.269
0.201
0.304
0.280
0.283
0.355
0.278
0.342
0.357
0.320
0.270
0.276
0.180
0.131
0.155
0.151
0.204
0.314
0.342
0.345
0.060
0.060
0.066
0.058
0.077
0.084
0.223
0.277
0.376
0.585
0.602
0.597
0.555
0.449
0.392
0.358
0.265
0.216
0.291
0.393
0.414
0.430
0.435
0.395
0.362
0.366
0.335
0.273
0.275
0.230
0.266
0.280
0.252
0.251
0.320
0.325
0.344
0.344
0.353
0.407
0.367
0.389
0.381
0.426
0.419
0.530
0.533
0.529
0.693
0.539
0.495
0.477
0.483
0.496
0.578
0.587
0.629
0.608
0.621
0.653
0.660
0.600
0.554
0.505
0.516
0.575
0.704
0.662
0.655
0.675
0.603
0.689
0.565
0.519
0.498
0.494
0.413
0.421
0.515
0.610
0.547
0.477
0.470
0.454
0.444
0.418
0.432
0.516
0.515
0.585
0.585
0.686
0.735
0.821
0.796
0.694
0.627
0.700
0.887
0.915
0.828
0.849
0.878
0.936
0.921
0.943
0.806
0.803
0.855
0.818
0.816
0.834
0.822
0.730
0.688
0.764
0.701
0.663
0.656
0.624
0.589
0.587
0.594
0.618
0.630
0.636
0.574
0.558
0.458
0.395
0.388
0.473
0.529
0.496
0.582
0.525
0.550
0.614
0.699
0.659
0.610
0.669
0.582
0.483
0.437
0.436
0.475
0.518
0.583
0.489
0.413
0.469
0.762
0.601
0.827
0.811
0.829
0.767
0.686
0.604
0.589
0.702
0.773
0.574
0.218
0.318
0.308
0.255
0.253
0.304
0.310
0.291
0.274
0.342
0.227
0.184
0.197
0.246
0.203
0.217
0.184
0.201
0.228
0.241
0.284
0.310
0.292
0.232
0.149
0.174
0.194
0.227
0.223
0.267
0.371
0.431
0.225
0.281
0.199
0.152
0.182
0.223
0.243
0.245
0.283
0.294
0.303
0.310
0.339
0.291
0.256
0.246
0.251
0.341
0.444
0.325
0.333
0.337
0.306
0.292
0.331
0.314
0.238
0.194
0.230
0.200
0.239
0.304
0.254
0.226
0.230
0.255
0.360
0.521
0.298
0.372
0.248
0.263
0.292
0.299
0.351
0.379
0.394
0.382
0.391
0.426
0.491
0.263
0.258
0.306
0.323
0.290
0.302
0.336
0.422
0.333
0.315
0.264
0.259
0.287
0.337
0.334
0.314
0.289
0.272
0.223
0.391
0.266
0.178
0.244
0.407
0.408
0.277
0.248
0.362
0.394
0.209
0.195
0.250
0.428
0.569
0.495
0.572
0.480
0.314
0.249
0.311
0.419
0.379
0.377
0.433
0.332
0.289
0.182
0.189
0.171
0.186
0.156
0.149
0.122
0.145
0.193
0.210
0.222
0.244
0.226
0.247
0.247
0.240
0.265
0.303
0.308
0.274
0.298
0.304
0.234
0.181
0.123
0.154
0.198
0.213
0.176
0.268
0.278
0.297
0.368
0.205
0.164
0.121
0.219
0.340
0.231
0.152
0.084
0.077
0.070
0.066
0.064
0.060
0.064
0.095
0.165
0.209
0.153
0.051
0.045
0.060
0.054
0.074
0.154
0.170
0.092
0.098
0.134
0.115
0.148
0.222
0.212
0.242
0.252
0.254
0.261
0.293
0.311
0.346
0.286
0.282
0.262
0.286
0.317
0.277
0.329
0.313
0.221
0.183
0.157
0.198
0.247
0.256
0.274
0.279
0.267
0.370
0.307
0.243
0.240
0.265
0.325
0.279
0.189
0.206
0.288
0.242
0.253
0.269
0.196
0.178
0.214
0.298
0.326
0.289
0.266
0.304
0.341
0.298
0.284
0.285
0.326
0.411
0.426
0.297
0.303
0.269
0.303
0.336
0.392
0.498
0.493
0.520
0.550
0.597
0.631
0.616
0.655
0.658
0.639
0.786
0.798
0.825
0.745
0.625
0.602
0.617
0.547
0.521
0.606
0.560
0.803
0.685
0.701
0.680
0.776
0.728
0.630
0.529
0.506
0.563
0.542
0.490
0.481
0.491
0.562
0.726
0.770
0.865
0.862
0.758
0.735
0.807
0.870
0.868
0.818
0.867
0.867
0.812
0.762
0.773
0.788
0.752
0.723
0.701
0.695
0.736
0.730
0.709
0.693
0.701
0.704
0.673
0.604
0.636
0.707
0.738
0.648
0.584
0.577
0.563
0.553
0.484
0.439
0.383
0.317
0.352
0.487
0.510
0.536
0.586
0.615
0.549
0.787
0.731
0.839
0.875
0.866
0.866
0.897
0.789
0.762
0.629
0.634
0.746
0.920
0.811
0.776
0.744
0.732
0.650
0.636
0.695
0.580
0.536
0.529
0.536
0.503
0.485
0.477
0.400
0.356
0.320
0.327
0.324
0.328
0.274
0.333
0.256
0.318
0.336
0.263
0.176
0.317
0.341
0.285
0.303
0.385
0.301
0.294
0.168
0.178
0.264
0.313
0.334
0.329
0.304
0.329
0.341
0.290
0.293
0.239
0.238
0.277
0.321
0.191
0.210
0.237
0.230
0.240
0.252
0.292
0.230
0.284
0.239
0.247
0.236
0.313
0.396
0.406
0.275
0.223
0.255
0.221
0.295
0.393
0.305
0.270
0.236
0.182
0.200
0.209
0.209
0.183
0.214
0.225
0.258
0.289
0.248
0.202
0.209
0.249
0.251
0.277
0.292
0.279
0.210
0.230
0.304
0.451
0.487
0.523
0.419
0.406
0.333
0.349
0.378
0.279
0.279
0.335
0.292
0.276
0.269
0.264
0.224
0.233
0.244
0.246
0.288
0.321
0.355
0.586
0.493
0.383
0.317
0.231
0.234
0.235
0.221
0.218
0.205
0.218
0.257
0.198
0.175
0.186
0.203
0.191
0.162
0.161
0.273
0.302
0.281
0.192
0.151
0.146
0.182
0.297
0.214
0.259
0.373
0.463
0.413
0.320
0.287
0.161
0.164
0.196
0.221
0.201
0.227
0.286
0.166
0.081
0.078
0.116
0.114
0.176
0.202
0.203
0.131
0.380
0.646
0.459
0.299
0.304
0.347
0.281
0.259
0.175
0.189
0.234
0.239
0.196
0.180
0.268
0.266
0.221
0.198
0.147
0.086
0.104
0.090
0.093
0.255
0.277
0.204
0.227
0.261
0.235
0.215
0.217
0.304
0.296
0.173
0.086
0.087
0.170
0.183
0.159
0.233
0.112
0.221
0.233
0.205
0.226
0.288
0.334
0.275
0.227
0.305
0.377
0.306
0.271
0.221
0.187
0.212
0.183
0.139
0.121
0.183
0.232
0.238
0.249
0.184
0.225
0.284
0.345
0.378
0.350
0.331
0.239
0.332
0.462
0.459
0.428
0.391
0.371
0.353
0.353
0.297
0.300
0.302
0.302
0.397
0.569
0.835
0.602
0.513
0.435
0.427
0.418
0.393
0.393
0.364
0.374
0.415
0.434
0.409
0.368
0.332
0.330
0.327
0.329
0.296
0.264
0.242
0.205
0.280
0.389
0.490
0.604
0.678
0.699
0.669
0.652
0.587
0.550
0.406
0.388
0.740
0.829
0.801
0.809
0.824
0.739
0.707
0.591
0.588
0.530
0.489
0.611
0.609
0.674
0.750
0.790
0.724
0.861
0.873
0.753
0.689
0.831
0.855
0.896
0.835
0.884
0.928
0.923
0.870
0.874
0.852
0.845
0.876
0.876
0.918
0.876
0.891
0.882
0.903
0.839
0.842
0.834
0.860
0.864
0.938
0.950
0.946
0.954
0.897
0.851
0.884
0.887
0.865
0.857
0.841
0.755
0.841
0.793
0.811
0.792
0.723
0.647
0.763
0.866
0.788
0.741
0.707
0.695
0.697
0.669
0.721
0.646
0.629
0.624
0.662
0.715
0.764
0.704
0.747
0.811
0.834
0.775
0.724
0.777
0.739
0.669
0.513
0.378
0.316
0.487
0.412
0.425
0.494
0.536
0.537
0.476
0.439
0.398
0.384
0.514
0.404
0.432
0.358
0.316
0.328
0.362
0.396
0.410
0.415
0.332
0.257
0.268
0.289
0.329
0.304
0.302
0.286
0.269
0.261
0.280
0.313
0.292
0.287
0.307
0.345
0.326
0.294
0.217
0.263
0.310
0.348
0.339
0.341
0.313
0.349
0.350
0.308
0.329
0.372
0.428
0.384
0.260
0.243
0.299
0.258
0.253
0.290
0.392
0.318
0.405
0.410
0.415
0.679
0.593
0.568
0.389
0.335
0.294
0.254
0.252
0.280
0.302
0.327
0.294
0.243
0.279
0.292
0.308
0.312
0.327
0.332
0.415
0.467
0.480
0.421
0.332
0.388
0.425
0.458
0.466
0.485
0.434
0.370
0.324
0.354
0.313
0.354
0.418
0.295
0.301
0.273
0.251
0.245
0.258
0.268
0.208
0.201
0.213
0.290
0.289
0.209
0.229
0.172
0.173
0.227
0.213
0.196
0.298
0.447
0.325
0.174
0.248
0.253
0.223
0.237
0.492
0.461
0.229
0.280
0.469
0.537
0.432
0.514
0.331
0.341
0.299
0.285
0.313
0.296
0.239
0.230
0.265
0.326
0.316
0.317
0.309
0.339
0.387
0.474
0.346
0.238
0.211
0.181
0.191
0.163
0.171
0.316
0.390
0.282
0.403
0.465
0.333
0.182
0.178
0.179
0.208
0.237
0.409
0.314
0.253
0.187
0.167
0.143
0.151
0.128
0.135
0.132
0.146
0.167
0.212
0.129
0.082
0.105
0.120
0.164
0.152
0.195
0.180
0.148
0.132
0.192
0.218
0.199
0.198
0.166
0.123
0.114
0.179
0.159
0.124
0.195
0.276
0.288
0.204
0.144
0.156
0.138
0.153
0.145
0.158
0.151
0.180
0.213
0.209
0.228
0.256
0.279
0.246
0.255
0.256
0.261
0.345
0.336
0.358
0.388
0.336
0.316
0.328
0.353
0.396
0.348
0.313
0.298
0.321
0.327
0.258
0.256
0.357
0.317
0.261
0.199
0.212
0.435
0.549
0.543
0.498
0.401
0.351
0.360
0.394
0.422
0.407
0.392
0.396
0.533
0.567
0.472
0.537
0.497
0.539
0.603
0.448
0.379
0.564
0.802
0.731
0.746
0.646
0.697
0.656
0.614
0.728
0.873
0.871
0.796
0.798
0.751
0.762
0.784
0.866
0.876
0.825
0.817
0.765
0.706
0.756
0.804
0.686
0.644
0.636
0.594
0.557
0.640
0.634
0.732
0.670
0.647
0.740
0.732
0.793
0.760
0.786
0.846
0.873
0.860
0.881
0.786
0.828
0.815
0.905
0.905
0.882
0.934
0.934
0.936
0.917
0.852
0.924
0.842
0.751
0.740
0.874
0.867
0.890
0.778
0.717
0.719
0.754
0.796
0.816
0.809
0.874
0.831
0.853
0.876
0.845
0.843
0.875
0.807
0.762
0.870
0.735
0.760
0.710
0.687
0.664
0.645
0.638
0.629
0.572
0.605
0.589
0.709
0.712
0.734
0.731
0.646
0.601
0.627
0.625
0.461
0.374
0.378
0.423
0.402
0.380
0.350
0.337
0.293
0.387
0.434
0.495
0.518
0.383
0.311
0.281
0.259
0.175
0.186
0.171
0.243
0.250
0.245
0.291
0.280
0.301
0.284
0.272
0.255
0.235
0.208
0.209
0.267
0.344
0.209
0.225
0.312
0.250
0.166
0.368
0.408
0.356
0.294
0.300
0.270
0.360
0.303
0.289
0.230
0.192
0.206
0.218
0.172
0.167
0.183
0.186
0.202
0.201
0.196
0.291
0.410
0.392
0.446
0.340
0.305
0.243
0.295
0.343
0.338
0.297
0.212
0.250
0.238
0.305
0.401
0.349
0.302
0.262
0.283
0.220
0.239
0.362
0.331
0.277
0.255
0.234
0.400
0.323
0.218
0.229
0.318
0.224
0.240
0.271
0.193
0.220
0.205
0.187
0.269
0.252
0.307
0.379
0.387
0.468
0.371
0.267
0.217
0.193
0.242
0.237
0.276
0.370
0.258
0.201
0.196
0.213
0.203
0.163
0.186
0.239
0.266
0.264
0.281
0.311
0.196
0.193
0.242
0.569
0.384
0.324
0.381
0.365
0.274
0.248
0.236
0.169
0.122
0.135
0.129
0.136
0.136
0.118
0.151
0.137
0.085
0.109
0.220
0.445
0.181
0.117
0.087
0.082
0.080
0.092
0.113
0.136
0.208
0.212
0.173
0.182
0.191
0.151
0.122
0.140
0.190
0.251
0.338
0.261
0.163
0.138
0.120
0.177
0.218
0.196
0.082
0.083
0.093
0.198
0.284
0.241
0.162
0.145
0.151
0.236
0.221
0.371
0.359
0.307
0.507
0.526
0.283
0.228
0.230
0.228
0.170
0.188
0.259
0.212
0.207
0.211
0.222
0.164
0.088
0.123
0.159
0.213
0.173
0.147
0.139
0.138
0.121
0.135
0.130
0.175
0.207
0.192
0.265
0.325
0.347
0.340
0.409
0.390
0.351
0.386
0.348
0.325
0.354
0.361
0.331
0.324
0.347
0.366
0.382
0.389
0.370
0.368
0.383
0.354
0.301
0.220
0.227
0.260
0.305
0.345
0.345
0.358
0.388
0.364
0.366
0.386
0.401
0.553
0.522
0.479
0.512
0.575
0.553
0.762
0.669
0.737
0.597
0.530
0.553
0.504
0.495
0.577
0.535
0.473
0.444
0.432
0.476
0.516
0.595
0.505
0.593
0.673
0.735
0.687
0.675
0.621
0.571
0.505
0.619
0.599
0.809
0.697
0.784
0.728
0.754
0.755
0.651
0.607
0.562
0.527
0.498
0.510
0.513
0.519
0.530
0.549
0.567
0.668
0.764
0.813
0.682
0.748
0.840
0.835
0.930
0.844
0.773
0.804
0.806
0.839
0.873
0.834
0.811
0.853
0.936
0.925
0.927
0.861
0.817
0.810
0.833
0.777
0.717
0.675
0.707
0.708
0.659
0.680
0.735
0.766
0.662
0.620
0.624
0.586
0.590
0.503
0.495
0.541
0.587
0.649
0.641
0.509
0.413
0.488
0.648
0.698
0.706
0.772
0.776
0.843
0.899
0.862
0.690
0.641
0.657
0.702
0.643
0.575
0.562
0.610
0.656
0.647
0.614
0.619
0.638
0.595
0.502
0.430
0.509
0.586
0.562
0.579
0.602
0.463
0.388
0.306
0.284
0.270
0.285
0.271
0.314
0.260
0.283
0.310
0.287
0.202
0.252
0.259
0.203
0.264
0.260
0.322
0.390
0.412
0.309
0.277
0.329
0.306
0.286
0.208
0.223
0.236
0.248
0.253
0.229
0.221
0.205
0.225
0.244
0.194
0.301
0.301
0.364
0.555
0.335
0.170
0.193
0.214
0.246
0.308
0.306
0.234
0.234
0.240
0.204
0.396
0.256
0.272
0.396
0.436
0.395
0.322
0.303
0.328
0.361
0.342
0.279
0.325
0.367
0.420
0.352
0.470
0.330
0.260
0.267
0.409
0.469
0.292
0.256
0.232
0.267
0.374
0.428
0.262
0.241
0.232
0.211
0.280
0.248
0.447
0.547
0.368
0.346
0.341
0.649
0.609
0.586
0.513
0.471
0.468
0.457
0.404
0.382
0.444
0.445
0.397
0.285
0.272
0.230
0.254
0.362
0.399
0.297
0.243
0.203
0.216
0.311
0.292
0.223
0.296
0.484
0.471
0.388
0.282
0.296
0.258
0.290
0.254
0.300
0.324
0.497
0.252
0.184
0.197
0.209
0.183
0.168
0.153
0.154
0.190
0.313
0.363
0.277
0.263
0.230
0.239
0.189
0.168
0.315
0.252
0.218
0.325
0.263
0.163
0.133
0.134
0.109
0.087
0.132
0.102
0.113
0.151
0.197
0.242
0.322
0.244
0.159
0.185
0.174
0.193
0.180
0.293
0.364
0.278
0.256
0.235
0.225
0.209
0.203
0.131
0.233
0.322
0.275
0.326
0.205
0.145
0.123
0.098
0.108
0.156
0.230
0.175
0.126
0.073
0.068
0.146
0.201
0.148
0.107
0.127
0.100
0.063
0.057
0.084
0.093
0.125
0.172
0.157
0.205
0.310
0.249
0.265
0.160
0.162
0.206
0.256
0.332
0.352
0.320
0.279
0.290
0.308
0.296
0.276
0.303
0.267
0.229
0.178
0.248
0.259
0.279
0.293
0.318
0.299
0.313
0.367
0.381
0.371
0.417
0.412
0.427
0.398
0.347
0.341
0.359
0.376
0.357
0.349
0.394
0.373
0.371
0.395
0.388
0.379
0.340
0.288
0.238
0.260
0.366
0.445
0.642
0.560
0.529
0.543
0.652
0.587
0.542
0.577
0.642
0.596
0.518
0.469
0.366
0.419
0.376
0.578
0.861
0.776
0.744
0.750
0.801
0.730
0.701
0.792
0.905
0.849
0.784
0.893
0.826
0.840
0.892
0.928
0.904
0.876
0.902
0.915
0.863
0.822
0.876
0.884
0.741
0.691
0.704
0.683
0.681
0.666
0.689
0.660
0.650
0.688
0.692
0.669
0.701
0.767
0.632
0.592
0.554
0.554
0.563
0.540
0.530
0.548
0.575
0.684
0.636
0.806
0.883
0.927
0.834
0.856
0.809
0.743
0.707
0.744
0.732
0.687
0.581
0.513
0.617
0.605
0.605
0.523
0.530
0.551
0.582
0.534
0.460
0.421
0.429
0.462
0.431
0.408
0.426
0.483
0.516
0.468
0.411
0.296
0.297
0.240
0.323
0.425
0.580
0.596
0.507
0.385
0.504
0.519
0.547
0.472
0.381
0.379
0.313
0.379
0.338
0.284
0.329
0.321
0.304
0.280
0.244
0.125
0.105
0.141
0.224
0.207
0.259
0.273
0.242
0.206
0.221
0.223
0.212
0.230
0.263
0.277
0.296
0.305
0.313
0.260
0.311
0.467
0.623
0.562
0.476
0.392
0.192
0.225
0.389
0.324
0.271
0.352
0.332
0.333
0.225
0.243
0.236
0.285
0.291
0.311
0.341
0.321
0.346
0.383
0.314
0.241
0.257
0.303
0.327
0.241
0.273
0.339
0.399
0.368
0.338
0.376
0.480
0.380
0.409
0.480
0.360
0.371
0.422
0.262
0.202
0.314
0.360
0.253
0.307
0.479
0.342
0.299
0.298
0.475
0.518
0.283
0.314
0.326
0.291
0.231
0.248
0.265
0.337
0.394
0.376
0.366
0.283
0.269
0.249
0.228
0.233
0.217
0.213
0.291
0.288
0.251
0.256
0.352
0.374
0.401
0.374
0.263
0.230
0.184
0.241
0.324
0.387
0.285
0.291
0.330
0.431
0.193
0.245
0.358
0.253
0.262
0.220
0.157
0.160
0.155
0.117
0.132
0.150
0.258
0.392
0.337
0.220
0.205
0.254
0.169
0.222
0.324
0.300
0.428
0.473
0.430
0.391
0.273
0.166
0.117
0.112
0.102
0.114
0.138
0.229
0.268
0.195
0.138
0.112
0.102
0.127
0.142
0.284
0.275
0.275
0.277
0.241
0.201
0.200
0.347
0.349
0.374
0.359
0.286
0.201
0.134
0.119
0.073
0.089
0.114
0.172
0.267
0.257
0.244
0.110
0.157
0.160
0.181
0.270
0.280
0.336
0.315
0.314
0.213
0.171
0.263
0.297
0.282
0.183
0.220
0.197
0.207
0.186
0.206
0.266
0.238
0.306
0.265
0.239
0.241
0.219
0.243
0.234
0.207
0.250
0.276
0.308
0.259
0.211
0.229
0.177
0.150
0.218
0.215
0.246
0.316
0.420
0.444
0.431
0.420
0.397
0.297
0.328
0.455
0.513
0.446
0.462
0.467
0.678
0.619
0.488
0.382
0.318
0.273
0.237
0.280
0.462
0.511
0.430
0.354
0.234
0.271
0.352
0.375
0.427
0.469
0.475
0.411
0.371
0.378
0.384
0.395
0.391
0.429
0.459
0.563
0.756
0.771
0.757
0.734
0.696
0.722
0.713
0.717
0.765
0.732
0.696
0.635
0.676
0.624
0.687
0.653
0.669
0.733
0.846
0.885
0.916
0.835
0.888
0.826
0.784
0.737
0.773
0.940
0.908
0.836
0.887
0.907
0.899
0.836
0.868
0.902
0.888
0.875
0.852
0.841
0.861
0.834
0.805
0.777
0.813
0.881
0.814
0.791
0.833
0.791
0.813
0.755
0.774
0.810
0.737
0.773
0.805
0.879
0.870
0.834
0.816
0.830
0.836
0.852
0.856
0.805
0.869
0.928
0.895
0.890
0.921
0.883
0.844
0.768
0.727
0.694
0.621
0.582
0.641
0.657
0.709
0.632
0.553
0.536
0.517
0.474
0.513
0.439
0.435
0.478
0.460
0.424
0.449
0.376
0.320
0.313
0.309
0.477
0.628
0.720
0.642
0.557
0.487
0.294
0.281
0.543
0.556
0.534
0.422
0.519
0.422
0.391
0.391
0.350
0.272
0.334
0.367
0.287
0.325
0.305
0.302
0.307
0.323
0.306
0.275
0.247
0.315
0.425
0.547
0.661
0.681
0.704
0.717
0.631
0.669
0.732
0.664
0.485
0.399
0.549
0.813
0.832
0.874
0.803
0.688
0.599
0.581
0.549
0.547
0.493
0.508
0.416
0.407
0.497
0.506
0.441
0.372
0.399
0.367
0.258
0.317
0.493
0.477
0.381
0.356
0.335
0.310
0.277
0.318
0.338
0.430
0.617
0.417
0.324
0.341
0.377
0.475
0.645
0.570
0.360
0.266
0.358
0.362
0.370
0.414
0.371
0.375
0.359
0.319
0.319
0.361
0.361
0.616
0.651
0.512
0.185
0.234
0.379
0.245
0.305
0.336
0.366
0.344
0.326
0.353
0.303
0.317
0.392
0.436
0.533
0.377
0.367
0.343
0.316
0.333
0.437
0.509
0.634
0.542
0.292
0.287
0.278
0.305
0.358
0.511
0.576
0.476
0.396
0.361
0.334
0.325
0.351
0.338
0.293
0.287
0.332
0.319
0.271
0.303
0.259
0.306
0.387
0.369
0.348
0.281
0.233
0.258
0.233
0.143
0.154
0.166
0.145
0.168
0.197
0.154
0.154
0.196
0.271
0.390
0.285
0.249
0.296
0.263
0.188
0.121
0.156
0.214
0.366
0.336
0.373
0.329
0.257
0.137
0.135
0.122
0.112
0.141
0.143
0.205
0.197
0.237
0.233
0.256
0.239
0.206
0.263
0.301
0.193
0.102
0.090
0.101
0.083
0.078
0.085
0.147
0.193
0.186
0.225
0.301
0.338
0.277
0.351
0.384
0.437
0.414
0.353
0.326
0.242
0.292
0.373
0.391
0.428
0.415
0.395
0.367
0.357
0.302
0.310
0.372
0.448
0.448
0.446
0.407
0.407
0.397
0.402
0.388
0.373
0.379
0.375
0.425
0.415
0.368
0.324
0.300
0.232
0.184
0.317
0.334
0.429
0.399
0.393
0.458
0.466
0.494
0.510
0.491
0.500
0.571
0.519
0.490
0.484
0.483
0.542
0.524
0.474
0.505
0.587
0.799
0.652
0.680
0.690
0.639
0.620
0.624
0.564
0.861
0.844
0.868
0.933
0.955
0.869
0.822
0.828
0.914
0.922
0.834
0.814
0.856
0.839
0.791
0.827
0.821
0.908
0.920
0.898
0.846
0.848
0.867
0.893
0.870
0.918
0.904
0.828
0.924
0.873
0.867
0.819
0.843
0.944
0.964
0.948
0.955
0.957
0.958
0.938
0.912
0.950
0.887
0.871
0.842
0.826
0.873
0.875
0.853
0.870
0.893
0.879
0.870
0.875
0.873
0.890
0.896
0.938
0.875
0.867
0.918
0.946
0.942
0.955
0.871
0.945
0.896
0.938
0.939
0.897
0.806
0.834
0.852
0.906
0.911
0.832
0.811
0.791
0.783
0.782
0.760
0.784
0.764
0.763
0.742
0.701
0.665
0.627
0.657
0.672
0.671
0.634
0.578
0.529
0.547
0.467
0.409
0.442
0.417
0.398
0.433
0.402
0.408
0.462
0.354
0.269
0.345
0.369
0.298
0.320
0.317
0.304
0.302
0.348
0.334
0.341
0.345
0.338
0.287
0.300
0.329
0.355
0.425
0.384
0.373
0.336
0.378
0.373
0.408
0.356
0.345
0.317
0.367
0.347
0.356
0.330
0.358
0.286
0.274
0.297
0.327
0.437
0.452
0.430
0.374
0.326
0.254
0.241
0.262
0.258
0.296
0.402
0.482
0.477
0.334
0.334
0.367
0.262
0.175
0.222
0.304
0.277
0.252
0.262
0.285
0.328
0.342
0.320
0.290
0.333
0.386
0.376
0.374
0.369
0.370
0.298
0.277
0.316
0.403
0.408
0.415
0.449
0.357
0.597
0.664
0.435
0.221
0.308
0.329
0.289
0.312
0.378
0.370
0.417
0.725
0.586
0.320
0.330
0.473
0.318
0.296
0.306
0.346
0.328
0.367
0.357
0.331
0.334
0.330
0.276
0.208
0.245
0.263
0.478
0.368
0.313
0.298
0.121
0.154
0.173
0.175
0.264
0.520
0.320
0.241
0.246
0.329
0.259
0.226
0.241
0.398
0.493
0.308
0.193
0.168
0.186
0.171
0.175
0.211
0.374
0.466
0.421
0.415
0.372
0.404
0.370
0.234
0.094
0.097
0.114
0.198
0.296
0.158
0.161
0.203
0.256
0.319
0.315
0.304
0.060
0.066
0.072
0.073
0.111
0.185
0.252
0.271
0.192
0.167
0.212
0.204
0.188
0.224
0.242
0.250
0.270
0.251
0.229
0.205
0.327
0.318
0.296
0.313
0.383
0.335
0.278
0.316
0.345
0.298
0.557
0.455
0.334
0.270
0.332
0.264
0.277
0.232
0.255
0.275
0.240
0.157
0.175
0.170
0.308
0.344
0.355
0.370
0.370
0.310
0.327
0.346
0.428
0.416
0.360
0.330
0.320
0.351
0.359
0.368
0.343
0.318
0.356
0.331
0.350
0.341
0.373
0.374
0.353
0.368
0.400
0.385
0.416
0.410
0.420
0.412
0.387
0.364
0.365
0.387
0.403
0.420
0.452
0.456
0.381
0.550
0.501
0.509
0.443
0.450
0.457
0.474
0.461
0.481
0.462
0.447
0.440
0.459
0.482
0.450
0.445
0.442
0.429
0.593
0.570
0.649
0.801
0.715
0.689
0.693
0.664
0.789
0.820
0.840
0.911
0.899
0.832
0.808
0.899
0.853
0.893
0.868
0.724
0.665
0.707
0.758
0.773
0.768
0.728
0.662
0.682
0.781
0.791
0.862
0.864
0.841
0.826
0.816
0.781
0.818
0.859
0.782
0.749
0.850
0.830
0.856
0.887
0.902
0.920
0.911
0.868
0.821
0.872
0.926
0.893
0.906
0.941
0.958
0.884
0.833
0.866
0.862
0.825
0.850
0.891
0.869
0.871
0.840
0.825
0.870
0.938
0.955
0.929
0.930
0.876
0.938
0.900
0.929
0.841
0.832
0.836
0.869
0.816
0.794
0.854
0.871
0.853
0.804
0.786
0.703
0.622
0.556
0.526
0.492
0.403
0.397
0.472
0.601
0.646
0.640
0.579
0.463
0.410
0.312
0.332
0.350
0.412
0.463
0.453
0.382
0.415
0.464
0.398
0.373
0.352
0.364
0.377
0.287
0.281
0.314
0.269
0.271
0.254
0.269
0.272
0.291
0.271
0.261
0.261
0.296
0.274
0.297
0.355
0.375
0.358
0.334
0.340
0.292
0.319
0.333
0.276
0.252
0.254
0.284
0.327
0.334
0.340
0.333
0.332
0.338
0.311
0.304
0.315
0.382
0.355
0.259
0.343
0.366
0.338
0.308
0.272
0.262
0.308
0.299
0.417
0.494
0.374
0.460
0.620
0.609
0.482
0.403
0.411
0.302
0.302
0.208
0.228
0.285
0.249
0.261
0.322
0.338
0.557
0.492
0.372
0.343
0.352
0.330
0.341
0.380
0.298
0.289
0.254
0.236
0.222
0.280
0.346
0.489
0.562
0.490
0.439
0.568
0.571
0.551
0.385
0.263
0.194
0.237
0.234
0.210
0.216
0.197
0.187
0.214
0.239
0.245
0.309
0.297
0.345
0.349
0.530
0.565
0.344
0.288
0.236
0.204
0.237
0.303
0.327
0.398
0.333
0.352
0.455
0.453
0.362
0.321
0.324
0.297
0.396
0.394
0.403
0.293
0.258
0.360
0.227
0.164
0.179
0.127
0.106
0.110
0.120
0.122
0.121
0.165
0.352
0.260
0.149
0.202
0.270
0.237
0.197
0.211
0.145
0.146
0.183
0.283
0.263
0.319
0.347
0.177
0.185
0.299
0.396
0.438
0.284
0.211
0.173
0.216
0.316
0.264
0.164
0.156
0.185
0.275
0.369
0.240
0.320
0.253
0.212
0.218
0.203
0.287
0.368
0.314
0.315
0.333
0.338
0.320
0.377
0.353
0.298
0.255
0.267
0.217
0.302
0.303
0.127
0.091
0.218
0.335
0.296
0.316
0.268
0.246
0.278
0.321
0.327
0.323
0.314
0.245
0.214
0.274
0.316
0.310
0.278
0.295
0.276
0.291
0.357
0.404
0.407
0.413
0.420
0.400
0.400
0.384
0.388
0.397
0.342
0.334
0.413
0.422
0.421
0.443
0.512
0.530
0.667
0.613
0.669
0.658
0.569
0.544
0.511
0.716
0.899
0.755
0.702
0.623
0.623
0.592
0.563
0.551
0.578
0.612
0.618
0.618
0.576
0.613
0.548
0.515
0.592
0.784
0.763
0.871
0.865
0.897
0.881
0.882
0.855
0.840
0.891
0.938
0.874
0.902
0.933
0.904
0.882
0.853
0.914
0.834
0.787
0.896
0.908
0.889
0.957
0.945
0.915
0.887
0.936
0.836
0.931
0.913
0.859
0.895
0.933
0.950
0.945
0.955
0.920
0.915
0.962
0.947
0.939
0.897
0.903
0.865
0.805
0.806
0.926
0.830
0.809
0.927
0.926
0.870
0.801
0.833
0.842
0.825
0.814
0.820
0.804
0.787
0.761
0.753
0.761
0.821
0.777
0.701
0.583
0.562
0.537
0.570
0.598
0.556
0.594
0.629
0.601
0.489
0.413
0.697
0.840
0.864
0.892
0.890
0.938
0.899
0.940
0.911
0.886
0.856
0.849
0.836
0.695
0.670
0.767
0.843
0.825
0.773
0.788
0.781
0.740
0.661
0.633
0.657
0.649
0.556
0.486
0.483
0.453
0.476
0.439
0.429
0.425
0.498
0.476
0.451
0.478
0.509
0.541
0.522
0.520
0.494
0.552
0.530
0.503
0.506
0.524
0.474
0.441
0.405
0.384
0.396
0.452
0.475
0.423
0.337
0.345
0.343
0.351
0.320
0.345
0.355
0.369
0.376
0.349
0.326
0.334
0.322
0.326
0.354
0.340
0.375
0.333
0.313
0.377
0.372
0.482
0.498
0.384
0.341
0.396
0.378
0.380
0.483
0.551
0.539
0.520
0.583
0.460
0.320
0.404
0.317
0.418
0.435
0.459
0.447
0.376
0.322
0.372
0.392
0.268
0.408
0.482
0.536
0.474
0.273
0.288
0.355
0.465
0.407
0.457
0.415
0.381
0.364
0.383
0.355
0.461
0.449
0.390
0.370
0.556
0.731
0.694
0.470
0.548
0.516
0.530
0.450
0.376
0.382
0.303
0.290
0.348
0.380
0.439
0.422
0.468
0.432
0.524
0.461
0.288
0.328
0.448
0.308
0.388
0.426
0.446
0.329
0.226
0.246
0.299
0.325
0.462
0.307
0.336
0.333
0.389
0.315
0.243
0.275
0.285
0.267
0.284
0.300
0.295
0.245
0.212
0.198
0.270
0.258
0.306
0.149
0.133
0.196
0.171
0.210
0.348
0.403
0.153
0.134
0.303
0.462
0.375
0.299
0.329
0.320
0.284
0.276
0.331
0.365
0.276
0.258
0.345
0.355
0.209
0.205
0.299
0.298
0.145
0.115
0.109
0.149
0.192
0.244
0.262
0.220
0.238
0.256
0.293
0.310
0.295
0.268
0.180
0.194
0.204
0.240
0.273
0.212
0.158
0.186
0.185
0.230
0.295
0.334
0.325
0.325
0.242
0.181
0.175
0.199
0.332
0.364
0.418
0.419
0.405
0.406
0.456
0.448
0.309
0.242
0.198
0.217
0.250
0.323
0.311
0.308
0.213
0.182
0.201
0.283
0.338
0.368
0.377
0.299
0.229
0.243
0.258
0.270
0.268
0.330
0.288
0.299
0.385
0.448
0.441
0.473
0.487
0.520
0.523
0.492
0.472
0.413
0.444
0.516
0.508
0.474
0.472
0.441
0.420
0.436
0.463
0.480
0.535
0.550
0.597
0.506
0.444
0.406
0.412
0.438
0.453
0.497
0.492
0.527
0.574
0.706
0.649
0.679
0.697
0.808
0.853
0.746
0.727
0.710
0.840
0.935
0.953
0.923
0.896
0.947
0.930
0.930
0.875
