20000101
0.231
0.244
0.243
0.240
0.332
0.234
0.215
0.342
0.377
0.481
0.320
0.351
0.435
0.260
0.133
0.182
0.178
0.288
0.288
0.162
0.599
0.609
0.528
0.325
0.344
0.291
0.276
0.244
0.204
0.147
0.247
0.493
0.295
0.479
0.465
0.526
0.391
0.287
0.225
0.246
0.354
0.422
0.208
0.160
0.203
0.174
0.155
0.165
0.138
0.158
0.155
0.168
0.190
0.229
0.223
0.140
0.101
0.176
0.198
0.224
0.228
0.244
0.216
0.321
0.196
0.071
0.120
0.115
0.085
0.109
0.394
0.315
0.334
0.087
0.128
0.242
0.331
0.100
0.054
0.051
0.183
0.228
0.147
0.130
0.110
0.103
0.089
0.056
0.069
0.087
0.165
0.121
0.083
0.088
0.098
0.076
0.063
0.081
0.111
0.105
0.109
0.191
0.150
0.153
0.219
0.263
0.233
0.162
0.191
0.144
0.142
0.177
0.276
0.279
0.301
0.340
0.335
0.335
0.255
0.274
0.233
0.165
0.253
0.198
0.225
0.198
0.239
0.225
0.261
0.333
0.271
0.318
0.383
0.531
0.450
0.391
0.456
0.516
0.600
0.511
0.460
0.451
0.360
0.397
0.388
0.356
0.374
0.355
0.320
0.365
0.451
0.476
0.414
0.362
0.318
0.304
0.457
0.255
0.276
0.368
0.377
0.331
0.355
0.378
0.442
0.424
0.442
0.412
0.375
0.337
0.290
0.277
0.320
0.413
0.421
0.430
0.438
0.457
0.436
0.423
0.393
0.405
0.593
0.753
0.638
0.679
0.598
0.570
0.577
0.650
0.667
0.682
0.710
0.660
0.696
0.876
0.932
0.892
0.832
0.747
0.727
0.692
0.846
0.742
0.677
0.605
0.596
0.542
0.521
0.489
0.605
0.627
0.600
0.521
0.510
0.635
0.545
0.526
0.495
0.450
0.449
0.496
0.521
0.628
0.707
0.893
0.874
0.864
0.819
0.875
0.768
0.858
0.928
0.872
0.850
0.717
0.713
0.641
0.659
0.808
0.826
0.745
0.701
0.834
0.815
0.730
0.641
0.715
0.888
0.665
0.618
0.669
0.591
0.580
0.584
0.567
0.530
0.483
0.390
0.431
0.449
0.460
0.520
0.487
0.398
0.384
0.433
0.465
0.487
0.407
0.341
0.262
0.210
0.317
0.292
0.214
0.184
0.238
0.243
0.274
0.283
0.348
0.333
0.347
0.348
0.346
0.266
0.275
0.278
0.110
0.126
0.164
0.153
0.148
0.155
0.208
0.314
0.401
0.342
0.306
0.220
0.173
0.140
0.116
0.133
0.185
0.144
0.161
0.206
0.192
0.234
0.346
0.340
0.268
0.234
0.195
0.213
0.224
0.221
0.190
0.262
0.280
0.200
0.147
0.177
0.204
0.200
0.252
0.239
0.243
0.223
0.303
0.257
0.208
0.190
0.153
0.121
0.104
0.095
0.101
0.135
0.157
0.187
0.200
0.214
0.236
0.218
0.226
0.208
0.203
0.211
0.248
0.338
0.379
0.328
0.277
0.192
0.185
0.175
0.161
0.157
0.163
0.164
0.203
0.399
0.524
0.402
0.442
0.365
0.400
0.340
0.247
0.217
0.266
0.280
0.234
0.203
0.214
0.182
0.192
0.183
0.218
0.259
0.338
0.267
0.204
0.278
0.448
0.174
0.129
0.143
0.117
0.121
0.121
0.150
0.235
0.189
0.161
0.123
0.118
0.103
0.112
0.131
0.150
0.133
0.135
0.180
0.160
0.103
0.112
0.171
0.299
0.247
0.188
0.168
0.186
0.184
0.177
0.118
0.224
0.257
0.385
0.207
0.177
0.142
0.117
0.095
0.089
0.082
0.087
0.080
0.085
0.078
0.071
0.076
0.103
0.367
0.338
0.239
0.217
0.156
0.119
0.112
0.142
0.280
0.206
0.208
0.221
0.219
0.192
0.208
0.286
0.309
0.311
0.167
0.173
0.111
0.100
0.085
0.127
0.084
0.081
0.066
0.071
0.120
0.189
0.288
0.215
0.225
0.189
0.211
0.230
0.321
0.374
0.295
0.227
0.175
0.107
0.095
0.130
0.138
0.143
0.130
0.181
0.263
0.287
0.190
0.228
0.161
0.248
0.211
0.237
0.227
0.264
0.307
0.301
0.308
0.301
0.271
0.302
0.337
0.397
0.394
0.443
0.452
0.400
0.394
0.344
0.267
0.202
0.398
0.447
0.430
0.411
0.546
0.659
0.609
0.549
0.562
0.611
0.535
0.506
0.525
0.455
0.430
0.440
0.490
0.631
0.689
0.635
0.775
0.742
0.787
0.752
0.691
0.611
0.541
0.500
0.460
0.465
0.441
0.447
0.469
0.470
0.478
0.510
0.495
0.569
0.678
0.771
0.928
0.875
0.743
0.680
0.778
0.808
0.788
0.915
0.883
0.850
0.781
0.858
0.881
0.898
0.877
0.782
0.831
0.918
0.848
0.840
0.826
0.856
0.821
0.780
0.810
0.780
0.830
0.764
0.696
0.596
0.588
0.604
0.769
0.756
0.848
0.851
0.849
0.849
0.849
0.830
0.898
0.819
0.841
0.870
0.960
0.801
0.695
0.694
0.730
0.801
0.815
0.808
0.795
0.693
0.652
0.638
0.680
0.719
0.640
0.627
0.593
0.531
0.548
0.587
0.604
0.696
0.724
0.613
0.548
0.596
0.637
0.589
0.546
0.513
0.525
0.443
0.495
0.496
0.458
0.540
0.346
0.347
0.378
0.384
0.294
0.204
0.313
0.166
0.180
0.300
0.487
0.586
0.597
0.494
0.417
0.365
0.326
0.393
0.609
0.827
0.900
0.776
0.561
0.307
0.368
0.264
0.194
0.228
0.237
0.197
0.206
0.193
0.162
0.161
0.217
0.235
0.160
0.189
0.260
0.270
0.268
0.241
0.249
0.284
0.316
0.281
0.192
0.220
0.177
0.173
0.176
0.182
0.183
0.178
0.179
0.173
0.178
0.177
0.182
0.205
0.268
0.256
0.221
0.212
0.207
0.204
0.196
0.194
0.206
0.197
0.205
0.215
0.218
0.192
0.206
0.215
0.253
0.280
0.274
0.359
0.445
0.274
0.239
0.231
0.228
0.268
0.293
0.283
0.270
0.286
0.216
0.192
0.199
0.207
0.236
0.279
0.188
0.197
0.197
0.227
0.239
0.193
0.218
0.206
0.203
0.217
0.228
0.278
0.242
0.242
0.244
0.226
0.200
0.215
0.546
0.565
0.436
0.264
0.511
0.321
0.248
0.215
0.249
0.233
0.238
0.457
0.380
0.209
0.194
0.181
0.188
0.192
0.172
0.194
0.161
0.191
0.190
0.103
0.135
0.126
0.096
0.265
0.442
0.116
0.189
0.242
0.209
0.212
0.203
0.206
0.181
0.168
0.208
0.236
0.337
0.256
0.203
0.168
0.157
0.209
0.220
0.249
0.195
0.127
0.118
0.146
0.163
0.336
0.408
0.238
0.147
0.187
0.331
0.429
0.395
0.253
0.112
0.095
0.097
0.145
0.211
0.164
0.158
0.245
0.351
0.224
0.067
0.067
0.055
0.059
0.122
0.222
0.088
0.049
0.067
0.176
0.161
0.304
0.318
0.224
0.144
0.152
0.152
0.204
0.198
0.333
0.226
0.243
0.199
0.166
0.149
0.183
0.181
0.253
0.179
0.207
0.071
0.063
0.111
0.067
0.077
0.109
0.096
0.075
0.077
0.083
0.077
0.206
0.237
0.283
0.312
0.342
0.380
0.403
0.347
0.341
0.295
0.295
0.288
0.353
0.405
0.357
0.336
0.327
0.284
0.278
0.338
0.360
0.398
0.408
0.363
0.284
0.267
0.303
0.311
0.314
0.318
0.352
0.369
0.355
0.307
0.281
0.308
0.313
0.360
0.362
0.467
0.514
0.563
0.508
0.462
0.554
0.595
0.520
0.438
0.361
0.410
0.446
0.718
0.767
0.937
0.861
0.677
0.584
0.572
0.588
0.503
0.504
0.507
0.500
0.480
0.505
0.461
0.449
0.511
0.508
0.709
0.767
0.715
0.752
0.739
0.756
0.692
0.779
0.810
0.796
0.812
0.797
0.646
0.533
0.506
0.439
0.419
0.430
0.427
0.376
0.475
0.814
0.854
0.846
0.879
0.873
0.734
0.782
0.888
0.918
0.921
0.875
0.700
0.773
0.718
0.720
0.652
0.641
0.608
0.698
0.791
0.788
0.892
0.793
0.720
0.636
0.815
0.820
0.825
0.816
0.853
0.821
0.666
0.560
0.512
0.529
0.526
0.494
0.515
0.370
0.437
0.489
0.498
0.484
0.549
0.571
0.596
0.496
0.408
0.403
0.355
0.406
0.523
0.489
0.418
0.415
0.334
0.258
0.215
0.189
0.220
0.246
0.204
0.227
0.194
0.198
0.184
0.263
0.290
0.281
0.273
0.212
0.214
0.257
0.280
0.206
0.302
0.349
0.331
0.283
0.281
0.170
0.176
0.148
0.147
0.163
0.218
0.246
0.240
0.135
0.124
0.161
0.188
0.196
0.279
0.343
0.257
0.243
0.275
0.340
0.341
0.324
0.293
0.235
0.181
0.175
0.197
0.203
0.193
0.194
0.197
0.236
0.258
0.239
0.151
0.133
0.153
0.135
0.185
0.196
0.201
0.206
0.169
0.188
0.210
0.240
0.256
0.231
0.234
0.224
0.181
0.204
0.227
0.226
0.251
0.267
0.310
0.486
0.472
0.413
0.335
0.271
0.342
0.340
0.337
0.365
0.327
0.274
0.453
0.608
0.421
0.443
0.406
0.388
0.302
0.387
0.225
0.281
0.278
0.275
0.277
0.240
0.179
0.161
0.155
0.155
0.204
0.161
0.181
0.172
0.166
0.155
0.179
0.223
0.229
0.281
0.284
0.479
0.430
0.317
0.659
0.515
0.439
0.522
0.350
0.264
0.295
0.206
0.219
0.200
0.293
0.221
0.143
0.144
0.157
0.148
0.160
0.298
0.712
0.452
0.286
0.221
0.226
0.237
0.228
0.246
0.290
0.289
0.266
0.285
0.315
0.190
0.058
0.081
0.081
0.086
0.086
0.084
0.135
0.116
0.106
0.105
0.102
0.115
0.153
0.261
0.232
0.188
0.156
0.121
0.124
0.136
0.162
0.147
0.125
0.133
0.164
0.237
0.274
0.173
0.189
0.158
0.271
0.346
0.404
0.228
0.135
0.082
0.114
0.151
0.172
0.171
0.196
0.335
0.322
0.324
0.250
0.241
0.257
0.285
0.168
0.097
0.079
0.116
0.215
0.237
0.161
0.111
0.092
0.088
0.117
0.196
0.250
0.104
0.205
0.248
0.217
0.145
0.104
0.118
0.106
0.143
0.209
0.161
0.099
0.166
0.181
0.285
0.355
0.363
0.339
0.399
0.401
0.353
0.294
0.331
0.340
0.326
0.356
0.230
0.208
0.251
0.319
0.288
0.280
0.378
0.424
0.441
0.416
0.391
0.349
0.356
0.346
0.370
0.375
0.400
0.494
0.651
0.837
0.785
0.602
0.534
0.490
0.490
0.487
0.670
0.586
0.532
0.641
0.618
0.572
0.572
0.604
0.697
0.741
0.872
0.811
0.780
0.791
0.864
0.843
0.830
0.779
0.760
0.732
0.752
0.912
0.827
0.793
0.787
0.793
0.776
0.813
0.836
0.918
0.907
0.827
0.836
0.930
0.911
0.883
0.823
0.849
0.836
0.884
0.902
0.884
0.811
0.801
0.856
0.858
0.857
0.858
0.814
0.782
0.759
0.726
0.731
0.661
0.702
0.776
0.719
0.700
0.700
0.656
0.813
0.932
0.925
0.886
0.850
0.853
0.952
0.903
0.916
0.849
0.850
0.766
0.767
0.800
0.825
0.684
0.659
0.758
0.719
0.665
0.661
0.717
0.721
0.625
0.733
0.763
0.746
0.654
0.768
0.711
0.655
0.613
0.628
0.633
0.573
0.525
0.529
0.542
0.547
0.523
0.549
0.395
0.297
0.340
0.359
0.400
0.387
0.416
0.361
0.377
0.265
0.211
0.229
0.305
0.346
0.319
0.209
0.171
0.243
0.275
0.268
0.232
0.209
0.162
0.206
0.279
0.301
0.309
0.241
0.198
0.249
0.396
0.361
0.360
0.333
0.345
0.369
0.264
0.141
0.137
0.190
0.282
0.337
0.369
0.377
0.469
0.383
0.253
0.237
0.264
0.173
0.166
0.247
0.349
0.312
0.222
0.241
0.221
0.276
0.274
0.217
0.229
0.207
0.201
0.200
0.213
0.255
0.304
0.347
0.258
0.375
0.353
0.313
0.282
0.311
0.248
0.286
0.308
0.371
0.341
0.335
0.281
0.324
0.305
0.243
0.300
0.330
0.362
0.328
0.276
0.242
0.283
0.313
0.370
0.379
0.544
0.568
0.343
0.287
0.258
0.270
0.284
0.333
0.308
0.212
0.259
0.398
0.466
0.251
0.266
0.428
0.537
0.431
0.294
0.251
0.308
0.292
0.297
0.290
0.477
0.447
0.310
0.252
0.207
0.161
0.163
0.152
0.152
0.142
0.236
0.262
0.329
0.274
0.254
0.264
0.210
0.170
0.189
0.352
0.407
0.194
0.228
0.199
0.178
0.169
0.153
0.182
0.216
0.175
0.164
0.122
0.074
0.076
0.065
0.064
0.081
0.078
0.064
0.072
0.084
0.096
0.103
0.106
0.119
0.109
0.109
0.096
0.091
0.108
0.096
0.183
0.213
0.270
0.223
0.149
0.244
0.069
0.090
0.125
0.117
0.108
0.169
0.253
0.244
0.221
0.173
0.202
0.245
0.331
0.304
0.259
0.267
0.191
0.279
0.264
0.265
0.336
0.269
0.339
0.344
0.311
0.250
0.267
0.187
0.118
0.132
0.135
0.189
0.286
0.321
0.336
0.058
0.064
0.069
0.058
0.078
0.086
0.224
0.288
0.371
0.565
0.577
0.586
0.583
0.480
0.387
0.348
0.269
0.218
0.280
0.378
0.402
0.417
0.425
0.392
0.367
0.363
0.325
0.261
0.264
0.223
0.248
0.271
0.246
0.245
0.312
0.326
0.335
0.344
0.371
0.423
0.369
0.389
0.381
0.439
0.431
0.559
0.556
0.580
0.729
0.560
0.507
0.479
0.486
0.500
0.583
0.601
0.636
0.626
0.669
0.683
0.694
0.620
0.588
0.529
0.563
0.606
0.720
0.683
0.672
0.719
0.636
0.694
0.578
0.513
0.500
0.507
0.431
0.449
0.559
0.641
0.589
0.509
0.490
0.488
0.457
0.436
0.443
0.544
0.533
0.617
0.620
0.702
0.782
0.845
0.798
0.721
0.647
0.737
0.903
0.936
0.861
0.877
0.920
0.940
0.906
0.958
0.825
0.856
0.868
0.841
0.842
0.854
0.829
0.785
0.753
0.797
0.754
0.717
0.710
0.687
0.646
0.635
0.643
0.665
0.686
0.695
0.640
0.625
0.496
0.446
0.421
0.519
0.571
0.529
0.644
0.584
0.602
0.675
0.765
0.703
0.694
0.730
0.628
0.551
0.530
0.494
0.533
0.568
0.608
0.552
0.453
0.509
0.785
0.622
0.834
0.816
0.849
0.800
0.696
0.618
0.597
0.717
0.777
0.586
0.238
0.361
0.345
0.278
0.289
0.330
0.333
0.330
0.306
0.362
0.261
0.211
0.216
0.273
0.212
0.236
0.187
0.206
0.249
0.266
0.285
0.311
0.312
0.215
0.154
0.184
0.197
0.229
0.227
0.276
0.395
0.448
0.269
0.304
0.214
0.171
0.199
0.221
0.231
0.242
0.281
0.284
0.298
0.311
0.340
0.312
0.275
0.270
0.270
0.353
0.456
0.358
0.350
0.357
0.327
0.311
0.343
0.336
0.258
0.199
0.227
0.207
0.260
0.329
0.261
0.230
0.234
0.261
0.373
0.536
0.329
0.422
0.263
0.290
0.317
0.323
0.379
0.385
0.401
0.393
0.421
0.398
0.494
0.279
0.297
0.329
0.345
0.298
0.307
0.328
0.378
0.327
0.307
0.271
0.270
0.293
0.342
0.331
0.334
0.316
0.282
0.234
0.382
0.279
0.193
0.251
0.418
0.423
0.287
0.277
0.390
0.430
0.218
0.206
0.265
0.383
0.551
0.473
0.550
0.476
0.327
0.252
0.315
0.396
0.380
0.362
0.425
0.353
0.301
0.186
0.174
0.178
0.192
0.159
0.156
0.127
0.152
0.205
0.211
0.222
0.242
0.224
0.239
0.231
0.229
0.244
0.295
0.290
0.279
0.293
0.312
0.254
0.191
0.132
0.146
0.175
0.192
0.161
0.240
0.257
0.291
0.357
0.214
0.168
0.124
0.214
0.330
0.225
0.159
0.086
0.080
0.076
0.070
0.065
0.065
0.066
0.092
0.151
0.197
0.154
0.051
0.049
0.063
0.057
0.069
0.144
0.168
0.087
0.082
0.111
0.095
0.134
0.208
0.207
0.231
0.253
0.242
0.249
0.283
0.327
0.365
0.299
0.291
0.265
0.283
0.325
0.278
0.326
0.307
0.215
0.184
0.147
0.180
0.233
0.228
0.249
0.260
0.257
0.350
0.293
0.223
0.226
0.251
0.317
0.280
0.187
0.203
0.288
0.243
0.248
0.254
0.174
0.156
0.209
0.283
0.320
0.278
0.252
0.296
0.338
0.288
0.269
0.281
0.324
0.425
0.468
0.300
0.310
0.272
0.296
0.343
0.396
0.502
0.511
0.535
0.574
0.630
0.662
0.637
0.697
0.694
0.668
0.799
0.817
0.819
0.778
0.663
0.641
0.668
0.601
0.572
0.686
0.609
0.848
0.729
0.734
0.708
0.809
0.760
0.679
0.571
0.531
0.561
0.553
0.504
0.522
0.520
0.603
0.778
0.841
0.885
0.878
0.781
0.780
0.823
0.879
0.888
0.827
0.889
0.869
0.824
0.804
0.792
0.789
0.760
0.741
0.747
0.725
0.775
0.766
0.745
0.739
0.755
0.752
0.714
0.657
0.684
0.730
0.748
0.684
0.637
0.620
0.607
0.595
0.518
0.457
0.391
0.330
0.381
0.543
0.546
0.580
0.633
0.697
0.615
0.817
0.757
0.863
0.904
0.893
0.892
0.928
0.818
0.799
0.653
0.665
0.805
0.937
0.837
0.810
0.778
0.770
0.690
0.676
0.717
0.600
0.595
0.562
0.554
0.507
0.494
0.512
0.433
0.383
0.362
0.354
0.350
0.354
0.295
0.365
0.281
0.352
0.407
0.286
0.221
0.364
0.372
0.307
0.329
0.370
0.296
0.309
0.188
0.198
0.291
0.343
0.370
0.357
0.338
0.335
0.341
0.322
0.322
0.244
0.258
0.297
0.333
0.213
0.225
0.255
0.242
0.247
0.254
0.287
0.231
0.306
0.245
0.260
0.248
0.314
0.409
0.443
0.310
0.222
0.274
0.253
0.336
0.420
0.330
0.286
0.256
0.210
0.215
0.216
0.217
0.192
0.225
0.244
0.269
0.291
0.241
0.213
0.231
0.272
0.289
0.298
0.313
0.291
0.221
0.236
0.282
0.444
0.465
0.498
0.404
0.440
0.354
0.348
0.385
0.286
0.298
0.363
0.309
0.286
0.282
0.291
0.231
0.249
0.264
0.252
0.270
0.368
0.355
0.552
0.477
0.368
0.311
0.229
0.230
0.243
0.235
0.220
0.215
0.228
0.266
0.221
0.189
0.194
0.213
0.212
0.172
0.161
0.194
0.299
0.283
0.200
0.158
0.156
0.169
0.255
0.214
0.243
0.346
0.434
0.389
0.293
0.272
0.155
0.156
0.184
0.214
0.202
0.224
0.287
0.179
0.088
0.099
0.141
0.123
0.160
0.190
0.190
0.139
0.444
0.674
0.484
0.321
0.303
0.353
0.305
0.272
0.195
0.213
0.268
0.262
0.202
0.178
0.271
0.256
0.216
0.184
0.139
0.090
0.110
0.097
0.094
0.237
0.268
0.200
0.201
0.237
0.220
0.202
0.207
0.283
0.277
0.170
0.102
0.083
0.169
0.169
0.147
0.220
0.108
0.208
0.221
0.190
0.214
0.265
0.324
0.269
0.216
0.294
0.353
0.288
0.256
0.208
0.177
0.199
0.153
0.129
0.110
0.159
0.212
0.214
0.234
0.173
0.211
0.266
0.327
0.363
0.343
0.322
0.224
0.325
0.457
0.470
0.429
0.399
0.365
0.348
0.347
0.291
0.292
0.297
0.299
0.366
0.546
0.839
0.611
0.527
0.439
0.431
0.429
0.391
0.395
0.362
0.362
0.414
0.436
0.411
0.368
0.326
0.324
0.324
0.333
0.309
0.262
0.254
0.220
0.280
0.419
0.519
0.634
0.728
0.694
0.700
0.671
0.610
0.584
0.432
0.398
0.782
0.850
0.847
0.829
0.851
0.782
0.760
0.627
0.601
0.547
0.527
0.635
0.667
0.737
0.804
0.821
0.749
0.884
0.894
0.805
0.732
0.852
0.875
0.929
0.852
0.908
0.943
0.936
0.885
0.898
0.852
0.841
0.889
0.894
0.929
0.897
0.912
0.897
0.917
0.855
0.856
0.841
0.868
0.888
0.952
0.959
0.952
0.956
0.903
0.853
0.884
0.903
0.896
0.895
0.853
0.775
0.885
0.845
0.842
0.822
0.749
0.667
0.827
0.899
0.817
0.758
0.730
0.737
0.745
0.702
0.737
0.687
0.663
0.645
0.679
0.733
0.797
0.734
0.794
0.837
0.849
0.798
0.755
0.797
0.726
0.708
0.517
0.380
0.369
0.528
0.455
0.430
0.512
0.548
0.552
0.496
0.464
0.446
0.383
0.560
0.398
0.434
0.355
0.324
0.324
0.388
0.432
0.447
0.465
0.355
0.270
0.286
0.324
0.356
0.326
0.316
0.306
0.285
0.277
0.295
0.342
0.304
0.313
0.342
0.332
0.315
0.298
0.232
0.278
0.326
0.360
0.350
0.350
0.329
0.367
0.373
0.334
0.345
0.374
0.421
0.410
0.271
0.260
0.319
0.267
0.256
0.287
0.403
0.322
0.433
0.419
0.453
0.679
0.622
0.573
0.397
0.362
0.300
0.258
0.266
0.295
0.323
0.336
0.316
0.253
0.285
0.299
0.319
0.318
0.337
0.348
0.432
0.479
0.529
0.440
0.346
0.389
0.413
0.437
0.466
0.477
0.447
0.379
0.331
0.376
0.328
0.355
0.422
0.316
0.311
0.276
0.253
0.253
0.263
0.249
0.203
0.210
0.217
0.281
0.289
0.227
0.228
0.169
0.166
0.221
0.218
0.201
0.294
0.445
0.353
0.188
0.255
0.256
0.226
0.216
0.447
0.471
0.244
0.280
0.497
0.543
0.433
0.492
0.345
0.347
0.304
0.287
0.317
0.298
0.251
0.238
0.264
0.323
0.326
0.314
0.319
0.333
0.353
0.461
0.367
0.243
0.218
0.186
0.193
0.168
0.168
0.299
0.374
0.279
0.421
0.455
0.338
0.194
0.186
0.183
0.210
0.233
0.384
0.320
0.232
0.189
0.170
0.148
0.155
0.125
0.128
0.125
0.136
0.161
0.201
0.131
0.081
0.107
0.116
0.157
0.144
0.171
0.178
0.146
0.126
0.178
0.191
0.187
0.191
0.149
0.111
0.103
0.159
0.150
0.113
0.179
0.245
0.270
0.192
0.140
0.137
0.134
0.144
0.142
0.151
0.143
0.171
0.189
0.184
0.221
0.257
0.280
0.252
0.253
0.243
0.247
0.329
0.328
0.351
0.382
0.324
0.304
0.318
0.343
0.407
0.350
0.303
0.281
0.302
0.322
0.256
0.244
0.352
0.315
0.262
0.204
0.210
0.480
0.570
0.580
0.511
0.413
0.349
0.358
0.391
0.424
0.403
0.387
0.407
0.566
0.583
0.491
0.554
0.524
0.555
0.620
0.461
0.394
0.597
0.835
0.753
0.768
0.659
0.724
0.661
0.605
0.734
0.906
0.901
0.832
0.839
0.780
0.801
0.829
0.900
0.896
0.838
0.845
0.786
0.742
0.788
0.849
0.720
0.690
0.688
0.638
0.622
0.700
0.696
0.801
0.738
0.702
0.762
0.755
0.822
0.789
0.815
0.858
0.905
0.885
0.903
0.828
0.840
0.826
0.925
0.914
0.895
0.943
0.945
0.949
0.926
0.867
0.932
0.857
0.775
0.756
0.904
0.891
0.911
0.790
0.734
0.751
0.793
0.816
0.835
0.840
0.904
0.864
0.877
0.897
0.889
0.870
0.878
0.846
0.782
0.872
0.762
0.805
0.734
0.722
0.699
0.683
0.675
0.652
0.604
0.675
0.643
0.767
0.728
0.762
0.743
0.678
0.626
0.677
0.656
0.547
0.399
0.404
0.478
0.431
0.383
0.359
0.380
0.322
0.389
0.441
0.521
0.541
0.398
0.313
0.308
0.288
0.187
0.193
0.182
0.267
0.254
0.258
0.309
0.278
0.306
0.298
0.262
0.259
0.255
0.221
0.218
0.283
0.346
0.203
0.229
0.341
0.290
0.165
0.375
0.381
0.331
0.290
0.307
0.256
0.352
0.305
0.301
0.239
0.203
0.218
0.228
0.178
0.171
0.192
0.188
0.207
0.209
0.201
0.301
0.412
0.400
0.442
0.344
0.314
0.257
0.305
0.342
0.332
0.306
0.223
0.268
0.253
0.311
0.395
0.344
0.316
0.272
0.295
0.222
0.249
0.378
0.359
0.296
0.264
0.243
0.398
0.335
0.224
0.250
0.318
0.245
0.256
0.287
0.202
0.229
0.205
0.211
0.279
0.274
0.316
0.387
0.415
0.459
0.376
0.276
0.231
0.204
0.247
0.241
0.281
0.364
0.275
0.197
0.213
0.225
0.222
0.178
0.182
0.252
0.281
0.285
0.285
0.314
0.203
0.214
0.239
0.550
0.377
0.320
0.377
0.346
0.275
0.254
0.240
0.175
0.128
0.135
0.138
0.146
0.146
0.120
0.145
0.137
0.090
0.117
0.200
0.416
0.187
0.121
0.089
0.083
0.083
0.089
0.105
0.122
0.178
0.203
0.168
0.168
0.172
0.133
0.124
0.142
0.186
0.250
0.350
0.277
0.180
0.149
0.123
0.161
0.189
0.197
0.084
0.082
0.096
0.227
0.302
0.239
0.161
0.143
0.146
0.227
0.216
0.348
0.343
0.305
0.476
0.520
0.290
0.234
0.220
0.224
0.174
0.188
0.243
0.205
0.198
0.200
0.213
0.173
0.088
0.109
0.148
0.194
0.167
0.139
0.121
0.121
0.112
0.125
0.113
0.151
0.177
0.181
0.245
0.305
0.328
0.316
0.405
0.381
0.337
0.386
0.338
0.316
0.343
0.350
0.325
0.312
0.339
0.358
0.374
0.377
0.362
0.356
0.377
0.343
0.289
0.206
0.217
0.254
0.298
0.338
0.336
0.348
0.381
0.360
0.363
0.394
0.408
0.579
0.550
0.506
0.538
0.601
0.596
0.827
0.691
0.781
0.606
0.537
0.574
0.508
0.510
0.590
0.557
0.483
0.450
0.434
0.501
0.561
0.651
0.533
0.618
0.713
0.768
0.714
0.729
0.673
0.612
0.530
0.661
0.646
0.834
0.748
0.835
0.777
0.810
0.775
0.675
0.628
0.582
0.553
0.527
0.548
0.559
0.546
0.565
0.640
0.624
0.729
0.830
0.841
0.719
0.793
0.874
0.866
0.936
0.862
0.807
0.847
0.852
0.870
0.884
0.851
0.834
0.866
0.949
0.932
0.940
0.867
0.823
0.815
0.860
0.805
0.746
0.701
0.729
0.748
0.704
0.745
0.787
0.825
0.697
0.665
0.664
0.614
0.615
0.525
0.506
0.591
0.661
0.750
0.713
0.543
0.460
0.552
0.716
0.766
0.749
0.818
0.805
0.864
0.889
0.881
0.720
0.651
0.690
0.758
0.681
0.595
0.585
0.640
0.691
0.686
0.642
0.660
0.680
0.618
0.525
0.468
0.548
0.616
0.592
0.610
0.611
0.466
0.385
0.314
0.302
0.277
0.286
0.283
0.347
0.298
0.307
0.315
0.301
0.221
0.277
0.282
0.217
0.267
0.239
0.328
0.397
0.422
0.301
0.259
0.301
0.281
0.266
0.196
0.210
0.242
0.247
0.258
0.242
0.250
0.237
0.231
0.250
0.203
0.310
0.311
0.376
0.590
0.390
0.181
0.215
0.231
0.266
0.329
0.291
0.243
0.251
0.256
0.212
0.415
0.235
0.260
0.354
0.421
0.395
0.324
0.301
0.329
0.358
0.349
0.290
0.347
0.391
0.426
0.367
0.503
0.336
0.265
0.272
0.395
0.487
0.316
0.242
0.215
0.248
0.337
0.393
0.271
0.240
0.240
0.225
0.306
0.253
0.401
0.549
0.384
0.377
0.385
0.728
0.663
0.624
0.553
0.487
0.498
0.489
0.426
0.372
0.431
0.461
0.412
0.297
0.276
0.235
0.261
0.351
0.380
0.295
0.243
0.200
0.211
0.317
0.308
0.227
0.258
0.423
0.447
0.381
0.289
0.312
0.263
0.272
0.257
0.320
0.319
0.479
0.283
0.203
0.213
0.224
0.196
0.185
0.168
0.156
0.187
0.295
0.340
0.259
0.256
0.232
0.230
0.172
0.157
0.293
0.226
0.206
0.289
0.245
0.165
0.130
0.139
0.115
0.083
0.121
0.104
0.116
0.147
0.176
0.223
0.296
0.238
0.161
0.216
0.171
0.183
0.185
0.270
0.357
0.273
0.254
0.239
0.228
0.210
0.201
0.132
0.224
0.315
0.266
0.314
0.215
0.159
0.127
0.095
0.097
0.137
0.215
0.167
0.129
0.072
0.063
0.130
0.183
0.147
0.093
0.121
0.095
0.065
0.057
0.079
0.087
0.109
0.149
0.142
0.187
0.292
0.226
0.248
0.153
0.149
0.189
0.239
0.317
0.344
0.304
0.272
0.283
0.293
0.286
0.261
0.287
0.262
0.235
0.177
0.236
0.243
0.274
0.278
0.303
0.293
0.308
0.357
0.385
0.365
0.413
0.407
0.426
0.396
0.334
0.327
0.344
0.371
0.359
0.343
0.383
0.377
0.366
0.391
0.381
0.413
0.372
0.308
0.245
0.277
0.390
0.460
0.629
0.561
0.540
0.580
0.712
0.611
0.561
0.588
0.681
0.624
0.554
0.495
0.390
0.438
0.387
0.632
0.878
0.800
0.783
0.784
0.848
0.758
0.735
0.825
0.922
0.884
0.813
0.912
0.839
0.859
0.920
0.939
0.929
0.903
0.915
0.924
0.869
0.849
0.875
0.901
0.757
0.711
0.748
0.728
0.750
0.739
0.755
0.729
0.708
0.750
0.766
0.744
0.753
0.802
0.679
0.640
0.604
0.596
0.611
0.578
0.566
0.588
0.634
0.775
0.725
0.875
0.907
0.943
0.860
0.876
0.861
0.787
0.744
0.763
0.751
0.707
0.592
0.515
0.679
0.637
0.653
0.549
0.547
0.587
0.620
0.578
0.495
0.459
0.457
0.492
0.451
0.428
0.450
0.509
0.543
0.483
0.409
0.305
0.323
0.248
0.370
0.482
0.682
0.657
0.556
0.426
0.546
0.568
0.574
0.507
0.414
0.400
0.325
0.381
0.368
0.273
0.342
0.330
0.299
0.279
0.244
0.120
0.117
0.155
0.226
0.205
0.285
0.276
0.260
0.208
0.224
0.238
0.225
0.253
0.289
0.293
0.321
0.337
0.355
0.301
0.358
0.539
0.636
0.602
0.495
0.444
0.237
0.273
0.451
0.389
0.335
0.390
0.357
0.377
0.207
0.251
0.257
0.348
0.354
0.352
0.364
0.339
0.362
0.404
0.324
0.253
0.263
0.311
0.337
0.241
0.265
0.325
0.387
0.378
0.339
0.399
0.517
0.430
0.427
0.521
0.396
0.388
0.423
0.284
0.205
0.291
0.309
0.273
0.345
0.512
0.377
0.314
0.314
0.466
0.500
0.289
0.310
0.330
0.307
0.248
0.259
0.303
0.380
0.383
0.389
0.388
0.290
0.279
0.270
0.245
0.227
0.226
0.225
0.330
0.292
0.251
0.260
0.333
0.347
0.370
0.364
0.268
0.223
0.189
0.282
0.335
0.393
0.296
0.290
0.331
0.418
0.201
0.302
0.423
0.274
0.274
0.230
0.157
0.164
0.154
0.119
0.143
0.162
0.258
0.366
0.325
0.219
0.188
0.232
0.156
0.197
0.289
0.282
0.410
0.456
0.416
0.369
0.273
0.174
0.128
0.118
0.101
0.111
0.133
0.204
0.239
0.180
0.135
0.117
0.103
0.117
0.128
0.249
0.222
0.250
0.254
0.213
0.179
0.182
0.317
0.335
0.353
0.378
0.259
0.180
0.126
0.118
0.073
0.085
0.113
0.166
0.243
0.238
0.213
0.110
0.140
0.143
0.162
0.246
0.268
0.323
0.304
0.300
0.205
0.163
0.250
0.262
0.268
0.183
0.210
0.191
0.193
0.178
0.190
0.251
0.223
0.293
0.263
0.236
0.236
0.212
0.231
0.218
0.191
0.232
0.261
0.288
0.242
0.195
0.217
0.158
0.124
0.191
0.201
0.234
0.307
0.422
0.450
0.437
0.420
0.394
0.287
0.308
0.457
0.534
0.450
0.465
0.469
0.675
0.607
0.477
0.364
0.300
0.250
0.222
0.268
0.477
0.554
0.469
0.364
0.232
0.298
0.358
0.375
0.435
0.478
0.490
0.436
0.395
0.410
0.413
0.422
0.398
0.459
0.488
0.615
0.809
0.813
0.784
0.758
0.715
0.744
0.746
0.745
0.775
0.737
0.713
0.664
0.698
0.661
0.718
0.674
0.708
0.763
0.853
0.911
0.927
0.854
0.917
0.853
0.813
0.766
0.815
0.952
0.913
0.861
0.909
0.922
0.896
0.852
0.893
0.919
0.908
0.892
0.872
0.865
0.874
0.852
0.830
0.806
0.835
0.901
0.835
0.811
0.829
0.794
0.809
0.778
0.809
0.828
0.761
0.809
0.822
0.893
0.889
0.852
0.835
0.856
0.861
0.883
0.884
0.833
0.882
0.938
0.910
0.908
0.926
0.903
0.863
0.766
0.713
0.685
0.620
0.586
0.627
0.674
0.711
0.642
0.544
0.554
0.525
0.484
0.524
0.446
0.446
0.483
0.462
0.434
0.454
0.362
0.359
0.326
0.300
0.476
0.660
0.762
0.640
0.554
0.478
0.284
0.317
0.589
0.591
0.584
0.466
0.527
0.454
0.397
0.395
0.345
0.273
0.326
0.378
0.319
0.331
0.313
0.321
0.325
0.332
0.307
0.287
0.271
0.336
0.447
0.567
0.675
0.689
0.712
0.727
0.650
0.701
0.778
0.706
0.527
0.430
0.599
0.828
0.839
0.883
0.796
0.705
0.639
0.617
0.580
0.574
0.515
0.513
0.422
0.430
0.520
0.524
0.453
0.396
0.425
0.387
0.271
0.336
0.460
0.447
0.392
0.369
0.350
0.325
0.285
0.333
0.345
0.408
0.598
0.432
0.339
0.362
0.395
0.492
0.633
0.571
0.365
0.265
0.339
0.353
0.360
0.378
0.337
0.342
0.334
0.301
0.297
0.313
0.351
0.560
0.629
0.505
0.164
0.252
0.322
0.236
0.277
0.326
0.348
0.327
0.309
0.356
0.296
0.324
0.386
0.412
0.529
0.375
0.353
0.330
0.293
0.310
0.426
0.481
0.605
0.529
0.311
0.293
0.276
0.306
0.349
0.481
0.559
0.453
0.391
0.356
0.327
0.310
0.342
0.330
0.305
0.270
0.321
0.293
0.269
0.313
0.256
0.296
0.375
0.360
0.330
0.267
0.225
0.255
0.227
0.136
0.150
0.163
0.143
0.157
0.174
0.150
0.156
0.179
0.244
0.367
0.264
0.213
0.266
0.258
0.171
0.120
0.150
0.186
0.334
0.301
0.335
0.283
0.232
0.135
0.137
0.123
0.105
0.135
0.130
0.198
0.191
0.214
0.224
0.253
0.227
0.198
0.239
0.284
0.192
0.099
0.093
0.104
0.082
0.077
0.082
0.121
0.161
0.169
0.198
0.276
0.309
0.250
0.313
0.365
0.420
0.402
0.331
0.292
0.234
0.253
0.341
0.368
0.407
0.386
0.369
0.340
0.320
0.281
0.283
0.342
0.418
0.442
0.440
0.401
0.395
0.378
0.387
0.368
0.340
0.352
0.353
0.420
0.405
0.362
0.303
0.318
0.246
0.192
0.297
0.355
0.444
0.395
0.400
0.463
0.472
0.502
0.517
0.486
0.500
0.567
0.530
0.495
0.484
0.482
0.530
0.544
0.472
0.506
0.625
0.868
0.719
0.723
0.714
0.672
0.662
0.665
0.615
0.876
0.837
0.863
0.928
0.954
0.869
0.817
0.818
0.909
0.914
0.846
0.818
0.855
0.848
0.807
0.840
0.833
0.923
0.903
0.880
0.837
0.837
0.853
0.878
0.855
0.901
0.901
0.821
0.931
0.861
0.850
0.811
0.851
0.944
0.957
0.942
0.949
0.949
0.948
0.934
0.903
0.945
0.861
0.863
0.832
0.833
0.865
0.870
0.833
0.854
0.888
0.869
0.861
0.861
0.864
0.881
0.893
0.915
0.860
0.864
0.922
0.946
0.935
0.952
0.875
0.923
0.885
0.929
0.937
0.893
0.799
0.831
0.835
0.905
0.880
0.825
0.797
0.778
0.775
0.777
0.763
0.785
0.766
0.766
0.748
0.713
0.679
0.635
0.656
0.678
0.671
0.644
0.593
0.510
0.533
0.449
0.381
0.443
0.423
0.406
0.398
0.372
0.374
0.427
0.331
0.273
0.349
0.361
0.293
0.311
0.313
0.291
0.301
0.343
0.325
0.344
0.345
0.328
0.294
0.300
0.314
0.329
0.417
0.374
0.357
0.336
0.377
0.372
0.383
0.348
0.346
0.317
0.355
0.334
0.351
0.318
0.322
0.268
0.268
0.297
0.340
0.433
0.453
0.431
0.375
0.332
0.260
0.239
0.261
0.244
0.294
0.394
0.454
0.471
0.321
0.324
0.377
0.249
0.164
0.205
0.260
0.277
0.256
0.267
0.300
0.349
0.316
0.317
0.275
0.338
0.370
0.358
0.389
0.356
0.333
0.272
0.269
0.332
0.417
0.419
0.432
0.456
0.385
0.589
0.667
0.425
0.208
0.306
0.331
0.282
0.296
0.316
0.335
0.382
0.703
0.574
0.292
0.315
0.426
0.292
0.286
0.311
0.344
0.323
0.357
0.345
0.341
0.347
0.332
0.283
0.195
0.231
0.228
0.504
0.389
0.298
0.317
0.126
0.144
0.161
0.156
0.241
0.514
0.307
0.232
0.276
0.341
0.263
0.219
0.247
0.361
0.469
0.327
0.193
0.158
0.185
0.168
0.176
0.195
0.325
0.443
0.394
0.383
0.345
0.380
0.327
0.241
0.092
0.094
0.114
0.183
0.305
0.158
0.144
0.209
0.234
0.283
0.270
0.276
0.060
0.061
0.068
0.068
0.115
0.168
0.219
0.251
0.172
0.162
0.193
0.188
0.161
0.194
0.222
0.226
0.241
0.217
0.203
0.180
0.289
0.297
0.265
0.286
0.346
0.334
0.252
0.290
0.320
0.286
0.525
0.448
0.302
0.241
0.304
0.250
0.248
0.221
0.231
0.241
0.211
0.156
0.161
0.162
0.281
0.366
0.352
0.363
0.385
0.289
0.296
0.308
0.399
0.397
0.338
0.296
0.295
0.331
0.334
0.331
0.306
0.277
0.325
0.297
0.323
0.325
0.344
0.355
0.319
0.334
0.376
0.363
0.396
0.394
0.402
0.397
0.375
0.346
0.359
0.370
0.401
0.423
0.468
0.476
0.377
0.534
0.514
0.517
0.443
0.438
0.444
0.470
0.458
0.476
0.466
0.450
0.447
0.453
0.483
0.455
0.442
0.442
0.437
0.579
0.530
0.627
0.796
0.711
0.681
0.692
0.673
0.812
0.839
0.837
0.905
0.897
0.829
0.792
0.837
0.823
0.882
0.847
0.723
0.685
0.743
0.780
0.779
0.785
0.736
0.690
0.733
0.818
0.831
0.877
0.883
0.860
0.811
0.784
0.767
0.827
0.869
0.814
0.777
0.865
0.840
0.873
0.876
0.891
0.907
0.915
0.872
0.813
0.860
0.920
0.889
0.905
0.938
0.950
0.866
0.825
0.858
0.850
0.815
0.838
0.882
0.849
0.852
0.825
0.815
0.864
0.936
0.952
0.918
0.906
0.866
0.939
0.892
0.927
0.831
0.818
0.828
0.860
0.802
0.795
0.840
0.852
0.838
0.803
0.771
0.695
0.617
0.546
0.542
0.486
0.387
0.387
0.432
0.598
0.641
0.632
0.571
0.481
0.424
0.298
0.363
0.387
0.432
0.455
0.440
0.381
0.429
0.480
0.406
0.390
0.355
0.355
0.375
0.295
0.275
0.307
0.256
0.267
0.245
0.261
0.275
0.293
0.267
0.259
0.263
0.296
0.267
0.292
0.349
0.368
0.331
0.313
0.330
0.283
0.321
0.325
0.259
0.242
0.247
0.277
0.321
0.324
0.327
0.323
0.311
0.324
0.299
0.296
0.313
0.391
0.343
0.257
0.326
0.334
0.315
0.283
0.249
0.254
0.299
0.290
0.385
0.480
0.327
0.460
0.581
0.607
0.455
0.391
0.395
0.296
0.279
0.177
0.224
0.260
0.233
0.243
0.284
0.342
0.524
0.547
0.362
0.344
0.355
0.341
0.381
0.369
0.284
0.281
0.239
0.200
0.193
0.242
0.325
0.487
0.552
0.444
0.458
0.554
0.548
0.532
0.338
0.252
0.177
0.227
0.223
0.197
0.211
0.183
0.173
0.206
0.217
0.227
0.293
0.277
0.327
0.338
0.499
0.546
0.327
0.271
0.218
0.201
0.238
0.304
0.323
0.400
0.334
0.382
0.447
0.440
0.336
0.304
0.295
0.280
0.367
0.384
0.400
0.284
0.248
0.343
0.234
0.155
0.166
0.120
0.098
0.108
0.121
0.121
0.120
0.177
0.308
0.251
0.161
0.195
0.255
0.224
0.206
0.240
0.148
0.140
0.180
0.222
0.245
0.291
0.321
0.170
0.181
0.260
0.363
0.424
0.282
0.210
0.175
0.192
0.282
0.241
0.155
0.132
0.171
0.234
0.349
0.239
0.293
0.242
0.197
0.205
0.181
0.241
0.326
0.311
0.287
0.314
0.319
0.291
0.364
0.337
0.293
0.248
0.233
0.206
0.284
0.277
0.128
0.083
0.188
0.310
0.272
0.281
0.243
0.216
0.245
0.305
0.315
0.308
0.281
0.205
0.184
0.225
0.285
0.277
0.240
0.263
0.241
0.263
0.337
0.388
0.395
0.405
0.412
0.384
0.383
0.355
0.360
0.377
0.336
0.330
0.410
0.421
0.430
0.479
0.574
0.574
0.685
0.617
0.677
0.652
0.565
0.514
0.505
0.707
0.859
0.729
0.701
0.632
0.630
0.592
0.566
0.561
0.595
0.626
0.624
0.625
0.589
0.628
0.556
0.528
0.581
0.779
0.760
0.865
0.849
0.882
0.863
0.869
0.829
0.831
0.884
0.926
0.858
0.899
0.925
0.891
0.867
0.838
0.893
0.825
0.767
0.885
0.883
0.873
0.947
0.941
0.908
0.878
0.932
0.823
0.923
0.903
0.847
0.877
0.926
0.943
0.941
0.950
0.913
0.904
0.951
0.941
0.931
0.885
0.873
0.841
0.799
0.801
0.917
0.866
0.834
0.921
0.922
0.860
0.798
0.823
0.826
0.806
0.808
0.816
0.811
0.789
0.770
0.759
0.764
0.837
0.778
0.691
0.592
0.571
0.557
0.563
0.586
0.581
0.611
0.633
0.617
0.479
0.372
0.740
0.859
0.863
0.881
0.878
0.933
0.876
0.935
0.922
0.889
0.851
0.848
0.818
0.692
0.670
0.762
0.831
0.815
0.770
0.783
0.774
0.722
0.632
0.605
0.639
0.640
0.555
0.466
0.440
0.424
0.457
0.421
0.415
0.427
0.515
0.480
0.443
0.485
0.525
0.561
0.553
0.525
0.465
0.545
0.529
0.496
0.510
0.548
0.503
0.458
0.425
0.397
0.407
0.474
0.485
0.381
0.322
0.328
0.327
0.343
0.315
0.336
0.345
0.352
0.357
0.337
0.316
0.324
0.306
0.316
0.343
0.324
0.345
0.310
0.310
0.381
0.357
0.465
0.484
0.359
0.334
0.437
0.357
0.367
0.481
0.526
0.542
0.501
0.571
0.456
0.314
0.383
0.308
0.392
0.435
0.476
0.452
0.385
0.340
0.387
0.444
0.269
0.442
0.523
0.589
0.512
0.280
0.295
0.337
0.458
0.462
0.452
0.418
0.388
0.362
0.406
0.370
0.463
0.424
0.381
0.379
0.559
0.754
0.664
0.487
0.567
0.533
0.526
0.419
0.345
0.350
0.304
0.296
0.335
0.353
0.448
0.422
0.450
0.422
0.501
0.463
0.292
0.310
0.442
0.310
0.375
0.472
0.435
0.312
0.231
0.249
0.275
0.330
0.476
0.317
0.353
0.346
0.398
0.337
0.242
0.272
0.279
0.267
0.264
0.259
0.282
0.239
0.214
0.207
0.275
0.275
0.303
0.154
0.125
0.190
0.168
0.189
0.307
0.389
0.129
0.106
0.261
0.425
0.355
0.278
0.310
0.297
0.266
0.262
0.306
0.351
0.272
0.239
0.326
0.320
0.201
0.188
0.258
0.294
0.143
0.109
0.104
0.143
0.169
0.216
0.234
0.207
0.218
0.237
0.274
0.298
0.268
0.265
0.176
0.186
0.193
0.216
0.234
0.193
0.141
0.172
0.172
0.188
0.262
0.301
0.291
0.302
0.233
0.180
0.163
0.170
0.296
0.342
0.401
0.401
0.395
0.376
0.435
0.419
0.291
0.223
0.176
0.193
0.218
0.296
0.285
0.281
0.193
0.164
0.182
0.267
0.317
0.345
0.354
0.268
0.211
0.227
0.232
0.239
0.247
0.301
0.274
0.287
0.391
0.458
0.446
0.482
0.492
0.515
0.531
0.515
0.504
0.433
0.448
0.514
0.501
0.472
0.470
0.435
0.409
0.423
0.456
0.479
0.521
0.535
0.605
0.513
0.437
0.393
0.402
0.435
0.446
0.519
0.514
0.550
0.637
0.707
0.650
0.687
0.696
0.810
0.830
0.741
0.715
0.710
0.845
0.933
0.942
0.912
0.871
0.935
0.915
0.892
0.858
