20000101
16.152
16.118
16.320
16.369
16.285
16.516
16.353
16.559
16.491
16.303
16.530
16.522
16.613
16.930
17.538
17.464
17.180
16.780
17.202
17.494
15.764
16.973
17.212
17.624
17.490
17.791
18.031
18.431
18.734
18.881
18.713
17.963
18.195
18.218
17.717
18.977
19.062
19.258
19.369
19.254
18.992
19.661
20.373
20.362
20.357
20.423
20.468
20.798
20.778
20.612
19.308
21.089
20.930
19.120
12.991
21.591
22.235
21.749
21.831
21.667
21.604
21.660
21.985
22.188
22.562
23.059
22.786
23.394
23.861
23.537
22.631
22.960
22.931
23.376
23.406
23.487
23.253
24.594
24.933
24.930
24.060
24.403
25.003
25.211
25.197
25.291
25.428
25.874
25.761
25.258
24.887
25.247
25.652
26.034
25.574
25.678
25.812
25.708
25.486
26.138
26.148
25.828
25.810
25.943
25.860
25.871
26.088
26.536
26.457
26.809
26.764
26.141
26.073
25.950
26.011
26.082
26.407
26.264
26.397
26.427
26.662
26.862
26.675
27.043
26.768
26.879
23.650
25.265
24.460
23.260
25.365
21.857
18.527
19.359
24.965
25.465
23.531
23.692
18.331
19.395
23.412
26.294
26.706
26.566
26.738
26.431
26.763
26.901
24.857
22.979
17.882
19.569
25.577
26.832
22.528
24.279
17.283
23.310
22.182
22.537
26.095
26.956
26.963
25.813
23.584
25.878
24.701
26.614
27.006
27.060
26.402
25.477
26.059
20.586
22.679
25.077
25.618
25.063
26.129
23.391
23.983
22.693
16.895
10.286
21.824
7.094
24.165
24.819
22.894
7.591
5.157
13.942
10.255
11.242
9.946
6.074
3.096
12.903
21.323
17.619
14.631
22.167
7.116
15.322
22.790
24.135
15.714
24.934
25.764
25.804
8.336
6.572
19.605
22.286
22.688
7.992
25.730
25.832
25.254
25.718
23.161
22.568
21.227
8.534
20.954
15.726
13.055
17.890
18.205
4.445
17.214
7.745
2.894
5.038
10.704
20.662
23.830
20.195
23.971
23.455
22.849
19.627
12.765
2.877
6.036
14.072
21.104
9.488
6.936
23.026
8.314
23.452
23.435
22.468
23.216
23.259
23.339
23.164
20.203
9.085
23.055
23.044
22.505
22.527
22.136
21.874
8.445
19.308
19.811
22.221
22.086
22.190
22.235
22.016
22.113
22.192
22.076
21.981
21.661
21.498
21.123
18.970
12.070
17.804
19.275
18.926
20.479
18.860
21.168
21.403
21.291
20.941
20.655
20.742
20.649
20.481
19.848
19.560
19.359
19.328
19.315
19.539
19.591
19.725
19.630
19.397
19.384
19.206
18.735
18.580
18.404
18.062
17.962
17.940
18.068
17.871
17.485
17.807
17.714
17.665
17.270
17.262
17.569
17.557
17.771
17.507
17.404
17.163
16.640
16.738
16.728
16.336
16.803
16.859
16.926
17.404
17.558
17.259
17.014
16.731
16.560
16.517
16.507
16.438
16.345
16.213
16.279
16.179
16.297
16.245
16.242
16.143
15.998
15.853
16.003
16.243
16.260
16.485
16.465
16.449
16.510
16.476
16.492
16.400
1.907
15.869
16.225
16.302
16.394
16.437
16.635
16.326
16.505
16.724
16.823
16.721
16.651
16.801
17.208
17.217
17.090
16.987
16.838
17.043
17.027
17.153
17.386
17.444
18.378
18.747
18.728
18.718
18.481
18.129
18.280
17.072
18.570
18.618
19.296
19.480
19.662
19.845
19.664
19.739
20.002
19.968
19.817
19.723
20.142
19.821
20.179
20.269
20.411
20.551
20.672
20.655
20.648
21.721
21.387
20.941
21.039
19.976
21.178
21.393
21.887
21.779
22.522
22.551
22.130
23.165
23.187
23.122
23.363
23.600
23.464
22.129
15.431
21.812
23.025
22.844
23.426
24.002
24.002
23.416
23.341
23.491
23.454
14.238
23.227
24.127
24.307
24.074
24.302
25.067
25.449
25.376
25.315
25.691
25.572
25.759
26.258
26.499
26.052
24.864
26.111
26.167
23.767
23.958
15.014
22.804
22.727
24.687
19.765
16.140
15.159
26.516
26.465
27.018
27.029
26.391
27.009
27.050
27.002
26.715
26.816
26.553
27.240
26.778
27.043
26.651
26.805
26.404
26.828
27.119
26.720
26.755
27.060
27.226
27.065
27.102
26.451
26.363
25.240
24.068
24.917
24.084
24.788
26.401
27.021
26.954
26.275
25.982
25.948
25.493
22.353
21.701
25.546
18.993
19.970
12.368
20.474
20.855
21.972
23.232
23.067
25.905
23.008
15.229
15.644
24.445
18.623
21.150
16.535
17.301
23.251
22.745
25.843
26.627
26.838
26.584
24.243
23.783
24.818
24.025
24.501
21.467
16.358
13.671
14.057
15.797
0.862
16.490
25.978
25.627
16.550
19.928
21.707
12.991
15.352
12.598
19.680
6.457
4.084
3.090
3.280
11.225
1.680
6.398
17.578
4.038
20.587
19.305
14.435
20.924
23.623
11.454
13.057
17.044
23.109
25.356
21.737
16.303
20.831
18.003
21.490
11.040
22.501
23.685
17.252
21.324
22.598
24.546
22.143
5.111
0.819
23.984
24.746
24.051
22.841
13.665
15.820
21.329
23.417
21.263
24.499
22.501
21.965
15.457
24.114
23.696
23.794
24.134
23.899
23.039
22.745
21.145
22.579
23.569
23.484
23.273
23.055
22.203
22.012
22.279
15.548
14.155
18.650
21.859
9.316
9.664
20.351
5.407
20.310
21.111
17.737
21.357
22.352
22.447
22.314
21.957
18.279
6.737
18.613
20.112
20.539
20.671
16.655
19.508
19.587
6.543
1.711
19.341
15.537
11.377
16.113
20.528
20.694
20.750
20.535
20.400
20.252
20.153
20.027
20.001
19.692
19.299
19.382
19.326
19.035
18.844
18.872
18.894
18.885
18.716
18.645
18.488
18.465
18.414
18.587
18.624
18.635
18.296
18.335
18.378
18.215
17.578
17.223
16.916
17.267
17.014
16.980
17.000
17.130
17.267
17.206
17.134
17.002
17.119
16.974
16.964
16.977
16.809
16.600
16.817
16.864
16.459
16.311
16.224
16.105
15.711
15.630
16.221
16.089
16.098
15.932
15.689
15.693
15.826
15.909
15.951
16.258
16.552
16.538
16.483
15.945
16.056
16.125
16.291
16.146
16.031
16.308
16.382
16.268
16.421
16.564
16.439
16.228
16.124
16.575
16.760
16.556
16.544
16.601
16.689
16.144
15.483
16.841
17.171
17.194
17.317
17.457
17.429
17.466
17.784
17.793
17.390
17.664
18.299
18.845
18.804
18.988
19.073
18.705
18.803
19.033
18.372
18.712
19.096
19.943
20.166
20.267
14.202
19.338
20.182
20.334
19.996
20.143
19.995
14.584
12.884
20.398
20.738
20.514
20.765
20.620
21.280
21.644
21.674
21.498
21.226
21.326
21.544
22.239
22.483
22.474
22.565
21.887
21.871
21.418
21.065
20.085
4.870
19.196
12.651
22.816
23.376
24.037
24.001
23.987
22.315
23.044
24.374
24.457
24.288
24.206
23.405
25.008
25.828
25.891
25.862
25.270
24.747
25.949
25.670
25.486
25.036
22.818
14.096
12.408
25.045
25.806
26.173
25.778
25.832
25.742
25.465
26.118
25.963
24.986
23.478
24.314
26.352
26.610
26.032
26.808
27.156
28.216
27.686
27.229
27.421
27.450
27.505
27.501
27.870
27.379
27.515
27.939
27.266
26.893
23.002
26.080
26.338
26.605
26.513
26.641
26.691
27.029
14.703
26.707
27.370
27.031
27.096
27.145
26.807
26.810
27.064
27.172
27.147
26.641
26.433
24.178
25.119
25.289
25.062
26.888
26.757
26.979
26.965
26.766
26.806
26.965
26.693
23.878
26.104
24.413
18.803
23.261
23.927
17.792
20.483
20.660
23.009
24.616
24.786
25.848
23.686
20.223
19.217
20.218
20.069
1.126
6.384
26.125
26.089
26.475
17.056
25.534
23.598
21.988
23.655
23.304
14.401
23.872
24.005
20.240
25.328
3.728
6.093
4.378
7.553
4.612
2.442
9.547
2.253
3.158
3.659
3.201
3.875
19.354
25.998
25.490
26.135
26.080
19.714
21.301
19.426
15.063
3.593
4.663
12.757
13.574
1.204
21.878
5.406
2.920
2.581
2.205
6.465
18.805
4.055
15.088
11.714
24.551
21.960
21.421
15.924
22.941
19.409
6.592
20.934
23.814
23.979
2.581
10.997
20.400
21.640
10.306
14.633
21.184
20.504
23.967
23.678
18.171
23.428
6.722
23.491
23.458
23.547
23.288
23.156
22.850
22.058
18.884
19.642
19.040
21.812
21.149
20.501
19.355
21.301
11.415
20.552
21.579
21.663
18.582
22.040
21.918
22.114
22.070
21.932
21.844
21.760
21.601
21.064
20.535
20.876
20.815
20.633
20.516
20.348
20.228
20.542
20.348
19.958
19.876
19.864
20.146
20.117
19.924
19.819
19.908
19.851
19.306
19.021
18.947
19.128
19.317
18.961
18.889
18.667
12.187
4.268
16.788
17.043
15.734
13.474
17.789
17.356
17.467
17.839
17.992
17.824
17.632
17.337
17.444
17.141
17.226
16.946
8.748
16.947
16.982
17.029
16.756
15.869
17.008
16.865
16.854
16.579
16.843
16.572
16.168
15.987
15.902
16.016
16.019
16.295
16.050
16.059
15.917
15.838
15.787
15.831
15.921
15.393
15.559
15.722
16.084
16.026
15.507
15.991
15.478
15.848
16.048
16.152
13.584
16.245
16.262
16.192
5.889
15.822
15.970
15.850
16.245
16.588
15.983
13.660
16.326
16.041
16.763
17.196
17.032
17.319
17.650
17.721
16.908
16.924
17.226
17.462
17.503
17.686
16.737
15.900
17.063
17.516
18.041
17.982
12.395
18.001
18.301
17.455
18.473
18.790
18.799
19.426
18.988
19.228
19.266
19.477
19.814
20.036
20.092
20.124
19.885
18.258
12.801
20.369
20.175
20.377
20.219
20.310
20.772
20.854
20.880
20.912
21.196
21.193
21.277
22.759
23.711
23.066
23.139
23.421
23.299
23.003
22.925
23.037
23.876
23.592
23.381
22.156
23.295
17.285
23.516
24.157
24.243
24.495
23.981
23.983
24.546
24.324
24.594
24.801
24.386
24.361
24.643
24.878
24.974
24.940
24.621
24.782
24.019
24.862
24.864
25.641
25.409
16.946
25.355
23.042
25.743
25.669
25.603
25.387
25.237
25.106
26.392
26.203
26.240
26.901
26.953
27.141
26.697
26.794
26.971
27.141
27.153
27.212
27.117
27.197
26.773
27.611
27.494
27.047
27.089
27.423
27.454
27.427
27.620
27.497
27.348
27.789
27.467
27.311
27.264
26.615
26.840
26.709
26.762
26.791
26.028
26.838
26.962
25.464
26.814
27.275
24.271
27.193
27.663
27.325
19.623
23.755
26.990
26.909
26.886
26.636
26.132
25.925
26.507
26.915
26.727
24.166
17.340
17.853
8.836
18.748
19.877
16.873
7.630
22.353
24.325
25.288
21.926
15.869
15.099
15.241
21.238
23.541
18.509
15.122
16.021
22.061
16.434
2.395
20.085
21.622
13.883
14.104
17.013
14.263
9.927
25.511
23.241
23.459
6.811
19.408
22.600
22.663
15.495
15.648
11.977
16.056
9.503
8.431
15.260
13.997
7.791
13.182
9.641
13.583
10.190
18.197
14.918
17.467
21.397
24.486
24.391
23.346
23.421
21.211
7.264
18.683
24.296
23.923
22.677
13.797
20.746
13.805
12.575
23.095
24.064
19.765
7.471
20.473
2.767
4.444
19.571
21.698
22.788
2.382
11.301
6.129
8.385
18.195
22.723
21.332
8.751
12.145
23.486
20.749
18.212
12.313
23.224
23.168
22.034
19.457
13.446
21.591
20.602
6.351
21.925
20.999
21.104
12.948
18.522
15.189
14.559
21.318
21.000
20.823
21.396
21.053
18.034
16.562
21.916
22.054
22.081
21.558
19.254
20.939
21.256
21.153
21.211
21.244
21.030
21.035
20.341
20.224
20.150
20.485
20.508
20.322
20.166
20.014
19.961
19.985
19.933
19.530
19.343
19.268
19.060
19.129
19.643
19.293
18.489
18.352
17.185
18.127
17.914
17.994
17.992
18.168
18.697
18.131
17.704
17.543
17.493
17.382
17.024
16.931
17.080
17.413
17.067
17.283
17.547
16.032
15.191
16.216
16.436
16.502
16.340
16.882
16.734
17.004
16.705
16.618
16.440
16.350
16.377
15.945
15.991
15.779
15.933
15.729
15.807
15.816
15.853
16.431
16.261
16.035
15.942
15.784
15.986
16.002
16.324
16.247
16.050
16.098
16.535
16.411
16.296
16.328
16.260
16.071
16.112
16.330
15.978
15.464
15.555
15.799
16.183
16.246
16.252
16.413
16.480
16.543
16.457
16.959
16.129
16.664
17.205
17.224
15.814
16.877
14.099
16.333
17.769
13.442
17.805
17.959
17.805
17.852
8.401
17.797
18.567
18.978
19.184
18.894
19.238
19.698
19.614
19.419
19.542
19.505
19.947
19.751
19.573
20.000
20.320
20.525
20.458
20.341
20.214
20.510
20.799
21.031
21.322
21.485
21.535
21.542
21.590
21.884
22.203
22.239
22.172
22.209
22.056
20.359
23.253
23.318
23.712
23.394
23.587
23.563
23.320
23.292
23.612
23.550
23.905
24.117
24.204
24.501
24.796
24.157
24.166
24.225
24.396
25.077
24.757
24.964
24.875
24.785
25.171
24.892
23.182
24.808
22.770
24.455
25.360
25.620
25.294
25.016
25.207
25.342
25.292
25.856
25.556
25.642
25.889
25.783
26.001
25.832
25.808
25.836
26.494
25.842
26.932
26.746
26.657
27.083
26.603
26.446
26.535
26.201
28.132
28.024
27.865
28.084
27.701
27.299
8.712
7.344
14.106
5.715
20.455
17.730
15.447
23.412
26.494
26.638
24.422
26.859
27.251
27.273
26.960
26.967
26.806
27.022
27.188
26.823
27.179
27.356
27.322
27.429
27.251
27.230
26.970
26.986
27.035
26.899
26.987
24.019
18.527
8.951
17.810
21.653
21.143
16.094
10.206
9.557
8.193
19.316
8.526
25.216
26.374
26.369
25.421
23.405
12.940
8.279
10.065
10.488
23.089
24.269
14.592
21.823
19.460
25.449
12.209
20.314
17.565
12.094
17.350
14.621
21.616
5.646
17.285
22.160
23.822
23.322
24.362
15.401
23.012
21.758
18.795
24.914
20.431
18.734
19.367
21.950
21.303
11.871
11.088
11.358
22.000
12.043
22.248
2.577
12.522
12.014
15.080
19.199
2.518
8.802
16.126
13.486
3.208
2.815
10.450
3.816
16.106
4.620
7.781
21.327
22.212
16.652
13.910
24.085
8.465
13.258
23.306
24.422
23.319
23.979
23.713
23.531
24.180
24.056
22.014
18.542
15.212
23.532
22.474
23.243
23.543
23.014
23.046
23.040
23.007
23.128
20.621
20.442
13.640
20.079
19.972
9.662
16.723
15.329
19.805
19.264
21.806
19.588
18.511
21.279
21.334
19.944
15.681
19.236
3.793
18.407
19.271
20.339
20.304
20.864
19.951
19.581
19.374
20.868
21.420
21.120
20.858
20.959
20.931
20.722
20.544
20.271
20.045
19.769
19.990
20.044
20.152
19.512
19.538
19.313
18.840
18.536
19.205
18.874
18.592
17.766
17.316
18.343
18.496
18.090
15.497
18.020
18.178
17.550
9.891
17.340
16.993
17.149
16.905
17.141
16.509
16.349
17.171
17.151
17.006
16.957
16.853
16.733
16.550
16.504
16.442
16.427
16.552
16.506
7.552
16.283
15.720
15.376
16.015
15.890
15.792
16.004
15.732
15.359
15.741
16.115
15.908
15.797
15.963
16.262
16.171
16.187
16.117
15.425
15.620
15.368
15.681
15.698
15.807
16.060
15.868
15.603
13.946
13.024
14.881
16.339
16.171
16.572
16.276
16.129
16.206
16.469
16.532
16.354
16.333
16.813
16.771
16.796
16.439
15.309
9.524
17.352
17.505
17.303
17.207
10.463
17.551
17.416
17.096
15.573
17.305
15.852
18.270
18.240
17.053
14.514
18.306
18.659
18.538
18.273
18.202
18.608
17.882
18.242
19.087
19.055
19.342
19.148
19.196
19.462
19.213
20.080
20.105
21.052
21.634
21.892
21.456
21.741
21.687
21.244
21.078
21.152
21.251
20.382
21.040
18.625
21.277
21.169
22.170
17.868
18.183
19.154
21.264
22.365
22.834
23.114
23.512
23.733
23.363
23.382
24.082
24.176
23.672
23.841
23.664
24.226
24.810
24.818
24.646
24.114
24.384
24.640
25.367
26.310
25.945
26.273
26.119
26.295
26.264
26.161
25.923
25.741
26.325
26.716
27.662
27.492
27.119
27.136
26.777
25.824
25.979
25.849
27.000
26.893
26.844
25.149
23.655
25.505
25.970
25.554
26.524
26.408
25.973
22.765
22.964
22.742
19.452
24.067
18.895
25.990
25.202
24.904
24.129
25.250
27.238
27.816
27.864
27.418
27.520
27.297
27.163
27.159
26.816
26.923
27.111
27.025
27.463
26.118
26.909
27.346
27.542
23.093
23.710
18.987
26.995
25.295
18.691
27.272
27.478
26.985
27.286
27.420
27.035
25.811
26.165
26.993
25.389
24.198
15.856
26.795
26.638
25.081
25.436
22.809
5.412
11.355
17.861
23.140
20.612
18.597
24.176
18.118
25.471
21.286
18.725
23.761
12.296
19.949
15.258
22.774
24.685
23.370
16.884
17.472
18.593
5.743
20.979
2.385
7.931
11.411
18.285
4.288
7.229
22.441
22.121
22.556
24.995
24.746
24.763
18.362
14.778
16.746
6.836
2.076
1.838
5.872
24.804
22.859
11.990
11.027
8.913
18.505
4.275
4.136
8.912
15.871
21.514
13.085
15.911
16.155
23.792
22.064
21.664
14.587
24.322
24.248
23.745
24.153
23.992
24.226
24.478
13.558
11.113
24.360
24.383
24.114
21.591
23.907
24.551
24.214
22.216
23.807
22.895
14.723
19.199
15.840
18.259
22.474
21.005
19.901
22.327
15.928
15.862
21.037
7.271
6.880
21.261
21.103
17.967
18.406
9.290
1.832
19.905
21.026
21.400
20.013
21.503
21.274
10.983
21.632
21.599
21.422
21.247
21.083
20.932
21.018
21.151
20.803
20.988
20.789
19.734
20.492
20.474
20.363
20.431
19.203
17.832
20.344
20.139
19.883
19.809
19.763
18.949
3.954
19.526
19.206
19.488
19.509
19.220
18.934
18.911
18.412
18.523
18.230
18.332
18.301
18.338
18.651
18.596
18.159
18.233
18.310
18.111
17.916
17.677
17.318
17.440
17.415
17.405
17.367
17.247
17.096
16.901
16.809
16.527
16.434
16.960
16.705
16.602
16.545
16.274
7.508
16.370
16.499
16.681
16.504
16.510
16.605
16.417
16.564
16.320
16.306
16.258
16.109
16.145
16.417
16.280
16.104
16.134
15.992
16.105
16.177
16.524
16.297
16.194
16.304
15.987
15.865
15.904
16.148
15.817
15.793
16.379
15.981
14.611
8.653
16.228
16.438
16.497
16.620
16.764
16.905
16.657
16.760
16.883
16.777
16.997
16.544
15.715
6.285
17.571
17.640
17.848
17.974
17.815
18.087
18.075
18.102
17.857
18.323
18.375
17.504
18.214
18.523
18.880
19.265
19.242
19.206
18.921
19.276
19.505
19.716
19.820
19.879
19.837
19.834
19.958
19.883
20.063
20.283
20.106
20.762
21.053
21.212
20.937
20.902
7.298
6.158
14.974
21.741
22.460
22.355
22.476
22.412
22.657
22.522
21.965
17.164
17.907
22.304
22.940
21.160
20.916
18.875
23.465
23.668
23.380
11.544
23.427
24.038
24.211
23.647
23.998
24.178
24.974
24.820
25.795
25.732
25.831
25.391
24.351
24.969
25.297
24.947
25.080
25.008
25.279
25.391
25.238
25.876
25.914
25.910
25.935
25.542
25.095
24.023
25.684
26.847
26.084
26.163
26.221
25.790
26.130
24.634
25.381
26.762
26.327
26.062
26.383
26.475
26.488
26.962
27.008
26.862
27.076
27.412
27.254
27.072
27.096
26.860
27.057
27.166
26.895
26.830
26.612
26.758
25.852
26.964
17.773
19.875
24.651
25.054
25.770
24.747
26.479
26.757
26.971
26.848
26.896
24.786
23.621
9.116
7.539
26.273
25.641
25.888
23.448
26.294
26.709
26.855
26.326
25.658
23.153
24.880
24.672
26.746
25.422
27.041
25.802
23.701
25.835
25.749
24.563
23.873
20.104
14.033
16.261
18.840
20.321
20.883
22.864
12.969
20.825
9.831
16.015
12.101
17.000
8.462
14.905
9.831
6.011
16.789
8.745
16.063
16.166
21.343
25.195
15.156
20.781
4.439
5.588
3.960
15.628
8.204
10.744
23.949
22.333
15.389
8.283
1.287
23.404
7.071
1.835
8.247
20.746
11.858
18.947
22.270
16.545
17.091
4.256
8.182
6.083
16.872
22.231
23.304
20.058
20.616
6.011
13.345
2.367
1.502
6.266
3.613
16.415
11.523
6.096
11.211
10.796
11.480
12.145
23.491
5.354
18.235
20.671
22.211
23.437
14.442
6.792
6.262
18.652
22.726
22.924
10.874
23.033
22.952
2.230
22.619
22.319
22.151
18.907
22.000
21.170
19.373
21.556
21.022
21.294
20.389
19.803
21.013
17.499
16.081
21.206
20.250
21.401
21.301
21.560
21.636
21.438
21.284
21.144
21.202
20.831
21.333
20.736
20.291
20.304
10.341
20.324
11.289
19.995
19.798
19.779
19.567
19.144
19.422
18.505
19.305
19.231
18.918
19.055
19.107
18.968
18.810
18.948
18.840
18.620
18.553
18.277
15.341
3.683
16.344
18.024
18.040
17.968
17.695
17.567
17.421
17.260
17.228
13.953
17.250
17.198
17.010
16.117
16.702
16.445
17.060
17.028
16.978
16.889
16.662
4.920
16.039
16.431
16.329
16.320
16.005
5.644
14.252
15.813
16.107
15.510
16.111
16.145
16.209
16.073
15.700
15.430
15.827
15.799
16.101
15.867
15.998
16.003
15.934
15.614
15.319
6.263
12.677
15.706
15.994
15.941
15.993
16.121
15.657
15.692
16.092
16.107
16.151
16.122
16.209
16.241
16.198
16.307
16.422
16.799
16.830
16.638
16.795
16.726
17.174
17.026
16.971
16.893
17.209
17.394
17.506
17.641
17.549
17.331
17.500
17.248
14.328
17.627
18.060
18.472
18.457
18.548
18.691
18.916
18.242
18.443
19.041
18.231
14.660
19.200
19.390
19.361
19.711
19.462
19.989
20.146
19.969
20.411
20.490
20.363
20.436
18.469
15.737
21.026
21.103
21.299
21.418
21.203
21.810
21.959
22.002
22.319
22.643
22.803
22.875
22.262
22.130
22.412
19.704
21.212
23.447
23.440
23.546
23.519
23.620
22.788
21.943
23.509
24.171
24.372
24.234
24.509
24.723
24.890
24.844
24.999
24.891
24.605
19.285
25.357
25.706
25.664
25.121
25.193
25.321
25.431
25.682
25.784
26.033
26.135
26.060
25.762
15.604
23.477
25.082
25.337
18.251
23.695
26.509
26.386
26.582
26.121
26.709
27.102
26.975
25.390
21.970
22.841
26.562
21.031
26.713
26.852
22.180
9.535
19.410
26.575
26.755
26.813
26.909
26.984
26.894
26.988
26.730
26.659
26.724
26.743
24.697
26.446
17.129
26.996
27.371
27.432
27.423
27.223
24.207
24.374
15.792
20.823
17.771
16.015
26.055
10.335
9.669
9.888
8.392
25.617
26.464
26.731
26.750
26.556
26.313
24.411
18.787
19.791
18.842
23.197
18.260
21.682
14.980
10.210
22.588
21.942
6.268
7.565
10.068
14.135
21.783
9.587
12.396
17.977
16.438
5.082
6.792
12.071
6.759
11.420
13.308
11.027
4.459
12.870
22.551
22.624
12.192
21.203
19.079
4.288
25.494
23.174
22.170
24.166
23.480
24.782
11.264
4.401
16.236
24.268
13.671
22.201
23.654
22.104
16.379
11.657
10.998
3.607
16.708
19.450
14.009
20.921
4.431
11.469
19.097
9.990
6.266
3.144
7.111
10.974
3.334
13.610
20.083
20.071
4.045
20.546
20.839
23.064
24.210
22.886
20.505
20.904
18.366
20.264
17.219
21.958
20.808
22.107
22.343
21.908
4.154
16.510
23.345
22.539
22.708
21.508
22.546
22.857
22.896
22.766
22.613
21.400
11.881
17.822
19.845
18.821
20.318
21.307
11.014
19.760
20.711
18.910
21.453
11.382
21.112
15.749
12.713
21.994
22.053
21.929
21.713
21.718
5.424
21.016
20.839
14.576
19.994
14.245
20.939
20.769
20.910
21.033
20.924
20.656
20.507
20.416
20.128
19.761
19.738
19.412
19.489
19.453
19.215
19.215
19.194
19.128
18.553
18.886
18.741
17.959
18.507
18.465
18.073
17.875
17.883
17.845
17.805
17.639
17.588
17.666
17.544
17.435
17.830
17.652
17.615
17.537
17.704
17.497
17.324
17.242
17.166
17.189
16.963
16.693
15.676
16.289
15.296
15.480
16.502
11.066
16.107
14.012
15.648
16.422
16.175
16.082
15.601
15.953
16.219
16.054
16.174
15.987
16.049
15.908
15.868
15.879
15.734
15.863
14.853
15.099
15.201
15.785
15.968
16.027
16.595
16.567
16.389
16.239
16.266
16.266
16.291
15.827
15.805
15.888
15.986
15.718
16.008
16.481
15.952
16.725
16.678
16.023
16.578
14.613
16.887
17.500
17.493
16.386
16.755
17.639
17.915
18.095
18.126
18.218
17.597
17.728
18.461
18.946
18.825
17.524
18.700
19.270
19.088
18.894
18.714
19.756
20.028
20.008
20.353
20.561
20.762
20.421
20.339
20.625
21.040
20.869
20.909
21.116
21.064
21.202
20.563
21.660
21.939
22.194
22.512
22.561
22.582
22.486
22.489
22.223
22.278
22.719
22.784
22.629
23.295
23.058
21.764
18.309
21.008
17.882
22.782
23.195
23.561
23.878
24.082
23.957
24.292
24.775
24.765
24.808
23.920
15.000
24.178
17.772
21.785
24.776
8.990
24.991
24.320
24.828
23.171
18.852
23.772
24.952
11.421
23.731
24.944
22.750
22.780
25.257
25.640
25.855
26.165
26.051
26.400
26.969
26.706
26.694
26.549
26.801
26.700
26.791
26.751
26.939
27.063
27.135
26.734
26.796
26.602
26.321
26.647
26.700
26.925
25.210
24.778
24.571
19.539
26.689
26.862
26.819
26.587
26.729
26.980
26.738
26.736
26.688
26.805
26.947
27.088
26.770
26.792
27.280
27.585
27.026
26.826
27.035
26.555
26.728
26.953
26.638
25.874
24.077
23.631
18.440
17.245
23.766
14.887
22.420
10.518
21.065
7.110
14.865
19.516
23.648
23.783
5.372
24.897
17.559
5.096
15.952
23.948
26.139
25.041
18.362
15.635
9.484
20.965
13.942
5.254
8.389
21.957
21.048
24.197
20.354
22.922
6.905
9.407
2.928
20.621
3.908
11.734
13.952
12.099
22.214
17.307
25.507
18.074
18.837
15.561
16.135
15.399
16.291
17.957
17.767
8.749
5.521
1.537
22.768
23.743
19.960
16.167
1.604
20.550
21.307
18.859
12.115
4.602
4.206
8.929
13.181
21.746
2.328
11.735
2.997
12.448
8.602
13.289
9.152
20.434
16.744
21.119
15.936
19.373
21.541
11.310
18.991
6.661
23.490
23.591
22.527
23.968
22.277
23.447
15.803
21.801
21.652
22.808
20.432
23.749
23.166
18.805
16.150
17.840
22.267
20.233
11.703
10.076
8.588
8.604
20.856
22.123
22.196
21.641
22.163
22.104
22.017
22.045
21.845
21.792
21.885
21.490
18.078
20.851
20.412
19.227
19.871
20.721
17.155
20.802
19.420
7.426
20.416
20.793
20.757
20.780
20.575
20.200
19.070
19.617
20.174
20.019
20.094
20.057
19.837
19.609
19.778
19.488
19.398
19.097
18.685
18.769
18.780
18.927
18.675
18.818
18.579
18.646
18.506
18.462
18.394
18.224
18.203
18.168
18.153
18.001
17.825
17.691
12.062
17.221
6.536
12.780
17.087
17.422
17.459
17.445
17.267
17.033
17.075
17.025
17.006
16.078
9.922
7.948
13.617
14.973
15.650
15.609
14.426
14.015
15.869
15.696
15.577
15.785
15.931
15.956
15.692
15.493
15.384
15.280
12.090
7.837
13.529
14.919
15.804
16.059
16.360
16.525
16.429
16.434
16.123
16.201
16.345
16.255
16.207
16.251
16.284
15.919
2.158
16.333
16.276
16.016
9.366
15.922
16.081
14.908
15.267
4.967
9.047
16.232
5.691
16.548
14.686
13.588
12.769
17.016
17.191
15.904
17.372
17.832
18.020
18.248
18.207
18.588
18.677
18.505
18.697
18.876
18.361
18.631
18.948
19.310
19.347
19.467
19.162
19.791
19.556
19.381
19.378
20.053
20.373
20.510
20.399
20.445
20.339
19.867
20.324
21.095
20.886
21.006
21.010
21.195
21.412
21.379
22.050
22.171
21.778
22.350
22.546
22.790
22.484
23.059
23.384
23.488
23.278
23.537
22.871
23.620
23.719
23.601
23.697
23.409
23.028
23.491
21.285
23.400
23.065
24.304
24.355
21.312
23.913
22.295
24.331
24.662
24.619
24.421
24.442
23.714
21.518
24.493
24.991
25.274
26.006
26.075
26.397
26.618
26.355
24.566
16.294
26.293
26.857
27.076
27.163
26.641
26.823
27.059
27.203
27.099
26.918
27.578
27.604
27.371
27.508
26.809
26.818
26.986
27.036
26.663
26.798
26.824
27.224
27.051
27.386
26.951
26.453
26.483
26.606
26.812
26.716
26.769
26.779
26.736
26.115
26.484
26.715
26.432
26.897
27.456
27.121
27.388
27.189
26.982
26.885
25.462
24.982
26.344
24.811
25.022
25.599
25.797
25.089
27.385
26.878
26.886
27.008
25.242
24.554
24.661
26.751
26.690
25.138
22.737
21.682
25.741
27.202
26.466
11.238
21.579
11.305
21.870
19.186
22.593
12.251
18.594
20.113
15.344
4.902
14.515
23.596
22.301
19.140
22.428
22.489
3.513
3.190
20.321
25.159
20.709
5.656
22.983
23.178
20.519
4.929
10.917
20.567
6.514
18.436
10.083
6.830
4.812
3.888
8.042
4.897
4.247
14.274
9.487
5.121
8.116
25.473
25.309
17.057
19.185
17.631
22.428
16.450
22.525
19.419
19.920
20.075
18.180
8.687
6.141
23.956
24.077
23.937
21.428
23.273
23.023
24.312
20.984
20.753
13.179
11.151
7.687
7.183
1.291
13.829
20.038
22.253
23.395
22.922
23.096
23.438
23.418
22.580
23.516
21.212
23.054
22.886
23.329
23.269
23.344
23.155
23.294
22.981
22.911
23.006
22.740
22.472
22.456
22.443
22.122
21.997
21.835
21.462
21.708
20.610
22.145
20.897
20.193
19.367
13.885
20.213
21.164
21.124
21.075
20.962
20.684
14.602
16.030
20.773
20.617
20.415
20.264
15.452
20.291
20.164
20.195
20.172
20.386
20.516
20.199
19.735
19.633
19.378
18.826
19.074
19.201
19.215
19.050
18.737
18.669
18.576
18.406
18.255
17.913
17.675
15.296
7.555
13.837
16.922
16.919
16.961
17.087
17.400
17.438
16.956
17.184
17.228
17.250
16.989
16.497
17.147
16.751
16.842
16.612
16.376
16.146
16.504
16.518
16.261
16.163
16.194
16.308
16.331
16.275
16.247
15.239
16.245
15.709
15.662
15.399
15.538
15.507
15.595
15.847
15.654
13.962
10.654
6.611
15.543
15.736
15.997
16.107
16.129
16.078
8.502
16.044
16.140
16.166
15.300
7.399
16.005
16.769
16.761
16.607
16.221
16.405
16.316
16.046
16.057
16.848
17.012
17.051
17.000
17.151
17.180
17.275
17.429
17.507
17.662
17.665
17.820
17.875
17.880
17.834
17.602
17.930
18.016
18.509
18.331
18.440
18.424
17.447
18.231
18.567
18.590
17.293
19.408
19.646
19.071
19.747
19.904
20.205
20.657
20.465
20.584
21.060
21.382
21.097
18.430
19.895
20.889
21.247
21.361
21.555
21.722
21.920
21.881
21.261
20.328
21.174
20.087
20.698
20.887
22.484
22.838
23.102
22.823
23.610
23.642
23.420
23.330
23.275
23.438
23.474
23.802
24.204
24.249
24.451
24.336
24.434
24.198
24.455
24.717
24.863
24.994
24.773
24.898
24.519
24.635
25.422
25.447
25.676
25.590
26.261
19.753
17.674
25.998
25.558
25.829
25.532
26.078
25.985
26.025
26.252
26.039
25.859
25.811
25.689
26.184
26.679
26.602
26.523
26.510
26.205
26.598
26.142
26.598
26.569
26.520
26.347
26.173
26.483
26.539
26.653
26.700
26.858
27.396
26.951
26.824
27.161
26.939
26.997
27.035
27.130
27.625
27.373
27.000
27.328
27.172
27.209
27.179
27.035
26.655
26.793
26.767
26.826
27.033
27.371
25.880
17.952
9.714
24.566
24.302
23.051
19.582
26.669
26.889
22.585
26.018
26.950
24.580
26.228
17.052
15.818
18.028
24.120
24.390
25.407
24.590
24.576
23.198
20.093
23.418
22.184
19.834
21.978
24.447
24.470
24.308
16.581
18.925
10.746
6.211
16.621
21.696
24.927
25.442
11.250
15.507
10.249
15.628
23.051
24.407
19.298
20.957
23.270
14.942
22.109
24.082
23.025
11.388
4.139
1.765
12.462
7.402
22.058
23.806
24.461
21.889
4.479
15.386
20.461
19.222
5.975
9.948
21.950
9.922
18.892
22.438
23.284
24.129
24.486
21.290
23.678
22.434
24.262
22.691
13.124
22.096
23.647
20.760
22.039
12.896
23.653
22.916
22.510
23.611
22.544
20.799
15.039
11.352
21.064
22.413
17.603
15.351
21.247
21.704
21.957
19.098
13.120
18.612
7.134
10.388
21.316
22.254
21.578
22.598
22.339
19.914
21.005
22.423
22.228
20.183
22.318
23.030
22.348
22.081
21.890
19.303
21.645
22.011
21.587
21.593
21.574
20.322
21.549
21.422
21.335
21.411
20.899
20.284
19.914
20.060
19.980
20.218
20.429
20.252
18.892
17.984
15.128
19.245
19.286
19.743
19.540
19.211
18.404
19.121
18.907
18.629
18.603
18.539
18.892
18.780
18.990
18.726
18.373
18.218
18.391
15.249
15.843
15.026
10.465
13.399
15.700
16.630
13.633
10.976
16.167
16.371
16.564
17.181
9.144
2.535
4.013
2.894
12.673
16.081
15.768
16.341
16.029
16.054
16.209
16.210
16.508
16.243
15.908
16.111
16.405
16.659
16.249
16.248
16.388
16.325
16.155
16.153
16.337
16.319
16.273
16.321
16.400
16.384
16.438
16.457
15.964
16.082
16.270
16.094
9.034
2.993
12.490
15.693
16.601
16.509
16.543
16.698
16.059
16.302
16.818
16.619
16.633
16.744
17.050
16.734
16.630
16.248
16.298
16.982
17.394
17.197
16.463
16.942
17.322
17.229
17.276
16.704
17.160
17.691
18.316
17.968
17.674
17.911
17.893
18.257
18.213
18.331
18.695
18.857
18.590
18.695
18.367
18.570
19.234
19.247
19.227
19.420
19.281
19.455
11.168
20.034
20.011
20.204
20.476
20.396
20.988
19.726
20.892
21.119
21.170
21.084
21.725
21.402
21.161
21.076
20.424
21.484
22.001
22.115
22.313
22.330
23.098
23.527
23.788
23.553
23.439
23.432
23.144
23.815
23.718
23.844
24.337
23.680
24.091
24.117
24.045
24.079
24.314
24.832
24.927
25.091
24.660
25.067
24.894
24.664
24.521
25.726
25.728
25.582
25.290
25.217
25.532
25.408
25.010
25.101
24.571
24.936
22.497
25.091
24.865
25.253
25.967
26.644
26.698
25.799
26.952
27.263
27.343
26.797
26.817
26.540
26.467
26.111
26.239
21.630
26.434
26.614
26.278
26.122
27.149
26.568
26.722
26.988
26.822
26.992
26.493
26.865
26.957
26.672
26.712
22.970
26.435
26.889
26.513
24.878
24.668
25.958
26.564
26.753
26.688
26.641
26.806
27.000
27.104
26.890
25.044
26.551
13.531
21.845
24.710
23.695
23.388
23.381
25.095
24.184
24.448
25.594
25.767
23.463
21.687
22.851
21.908
14.864
22.176
21.784
21.117
22.879
8.873
16.805
25.077
22.203
16.718
1.170
19.442
16.281
12.131
24.859
18.318
24.887
21.471
1.662
23.711
11.215
7.763
10.550
21.111
23.763
17.056
2.005
6.249
16.778
16.771
7.229
13.249
20.573
14.496
19.976
3.139
4.209
8.363
20.878
23.723
22.084
11.009
15.535
9.497
17.922
24.366
11.812
19.237
17.533
23.520
10.108
2.840
1.467
7.778
9.829
1.642
6.948
8.231
5.531
6.099
11.111
19.002
21.504
22.039
22.628
23.288
22.703
17.682
14.806
17.952
23.124
21.802
11.297
19.935
22.908
1.253
19.253
22.758
9.576
4.387
5.856
4.125
19.347
9.802
18.587
3.549
19.197
7.708
21.819
22.145
21.170
20.623
7.410
19.374
22.399
22.500
22.179
21.348
21.773
21.595
21.287
21.606
21.661
21.493
21.456
21.693
21.656
21.570
21.457
21.171
21.115
21.052
20.225
20.772
20.805
20.608
19.274
20.108
20.148
20.044
19.884
19.657
19.864
20.294
19.736
19.745
20.014
20.002
19.673
19.463
19.494
19.302
19.398
19.210
19.117
18.867
18.933
18.669
17.757
12.254
17.749
18.151
17.908
15.759
17.830
17.953
17.830
17.494
17.485
17.704
17.394
17.339
17.414
17.433
17.497
17.504
17.102
17.154
17.112
16.562
16.567
16.382
13.310
11.674
15.211
15.558
16.116
15.996
15.815
15.914
15.964
16.245
16.191
16.194
15.894
16.337
16.941
16.810
16.293
16.268
16.176
16.393
16.087
16.096
16.070
16.227
16.041
15.625
15.934
16.207
16.455
16.283
16.195
16.191
16.236
16.236
15.820
16.166
16.105
15.964
16.031
15.504
12.645
16.462
16.676
16.439
16.717
16.594
16.740
16.988
16.761
16.749
15.750
17.043
17.443
17.305
17.511
17.519
16.856
17.474
17.253
17.490
17.751
17.736
18.060
18.298
18.176
18.585
18.770
18.771
18.440
18.276
18.353
18.731
19.345
20.494
19.981
19.847
19.695
19.434
19.211
19.720
20.109
20.315
20.127
20.067
20.343
20.746
20.514
20.732
21.147
21.688
21.904
21.569
21.619
22.321
22.353
22.043
21.530
21.795
21.983
22.317
22.479
22.841
23.495
24.124
24.043
23.807
23.452
23.817
23.691
23.661
23.741
24.085
23.964
24.052
24.374
25.418
25.388
25.423
25.623
25.369
24.868
24.380
24.435
24.848
24.737
24.604
24.845
24.904
24.848
24.728
25.114
25.098
25.128
25.330
25.482
25.276
23.763
25.427
24.489
21.468
25.512
25.421
24.983
23.929
25.196
4.354
25.785
26.563
26.193
26.011
26.203
26.363
26.739
26.508
26.795
27.033
27.339
26.932
26.627
26.527
23.664
25.662
24.527
25.294
25.331
26.368
26.729
26.560
26.595
26.723
27.001
27.079
26.871
27.048
26.922
26.999
27.116
26.807
27.408
27.032
27.258
27.235
27.075
27.382
27.329
27.168
27.023
26.813
26.788
25.859
26.400
25.242
24.004
24.292
22.268
20.244
21.628
15.941
19.377
18.468
16.326
21.698
16.541
22.102
26.227
25.707
24.467
26.142
19.067
20.442
20.910
21.942
23.950
15.969
21.739
23.813
22.408
21.615
18.881
24.278
17.796
7.232
21.242
24.239
24.790
20.061
3.660
23.857
22.620
7.989
6.791
6.792
19.379
3.525
14.416
3.399
4.422
20.980
22.895
6.049
6.127
20.125
17.249
23.083
21.652
13.368
8.658
13.185
5.265
8.782
5.299
17.667
12.685
22.879
18.352
7.472
13.943
19.492
5.734
17.037
6.314
3.738
8.089
5.899
5.124
7.154
22.227
12.571
3.574
18.704
14.247
11.884
2.152
10.224
21.393
19.931
23.224
21.943
22.955
21.002
23.115
18.245
18.462
22.118
20.851
0.754
4.599
13.664
16.517
17.019
4.362
17.285
10.600
22.128
20.304
21.239
20.181
20.600
21.290
20.300
20.129
20.983
20.549
19.988
22.109
21.874
21.937
21.805
21.412
21.554
21.191
20.990
20.414
21.226
20.755
20.142
20.737
20.849
21.464
21.125
20.918
20.558
20.469
20.424
20.347
20.140
20.005
19.942
19.926
19.684
19.515
19.403
19.574
19.555
19.589
19.643
19.380
19.546
19.257
19.028
19.031
18.473
19.262
18.959
18.888
18.817
18.432
18.236
17.982
18.055
17.864
17.752
17.476
17.292
17.362
17.581
17.528
17.523
17.251
17.147
17.055
17.028
16.883
16.691
16.715
16.686
16.703
16.637
16.414
16.454
16.544
16.184
15.850
15.932
15.954
15.962
15.776
15.815
16.266
15.739
15.994
16.051
15.722
15.062
14.445
15.571
15.633
15.518
15.763
16.297
16.166
15.982
16.014
16.167
16.268
16.240
16.276
16.080
15.679
15.843
16.169
16.096
16.556
16.429
16.480
16.630
16.679
16.750
16.948
16.613
16.707
16.517
16.520
16.213
16.490
16.276
15.913
16.495
17.449
17.561
17.851
17.687
17.779
17.836
18.132
18.056
18.133
18.474
17.727
18.295
15.285
16.618
17.889
17.708
17.879
18.081
18.636
19.616
19.608
19.965
19.761
19.193
18.980
19.294
18.344
18.342
18.768
19.999
20.241
20.242
20.101
20.436
20.464
20.526
20.741
21.501
21.459
21.669
21.914
22.519
22.692
22.767
23.059
23.012
22.800
22.793
22.860
22.884
22.893
22.690
22.833
23.543
23.226
23.362
23.307
22.222
23.506
23.891
23.984
23.895
24.153
19.222
24.130
24.300
24.855
23.208
19.385
24.432
24.403
24.801
24.201
25.114
24.676
25.078
25.183
25.574
25.724
25.678
24.464
24.120
25.676
25.622
26.246
25.970
25.835
25.961
26.014
25.767
25.120
25.508
24.349
25.774
20.763
21.662
17.683
25.823
26.366
26.349
26.268
26.363
26.451
27.062
27.183
26.634
26.543
27.034
26.649
26.630
27.417
27.383
26.845
27.028
26.795
26.726
26.630
26.727
27.059
26.879
27.088
27.004
26.980
27.221
27.472
27.033
26.950
26.718
26.665
23.514
25.540
26.838
27.059
25.116
23.008
21.594
20.361
10.430
21.531
24.812
20.031
24.815
19.990
19.733
24.963
21.061
23.140
20.760
20.088
21.503
13.992
1.413
25.753
26.140
25.461
24.954
24.254
23.019
25.673
18.632
14.861
20.515
17.277
20.977
24.003
23.009
13.037
11.680
7.995
15.170
11.779
16.998
15.979
18.869
10.754
3.575
6.151
8.023
2.419
15.599
12.960
9.177
18.246
23.694
19.905
0.898
15.825
24.551
4.513
11.963
5.976
3.250
5.805
20.722
14.356
3.568
23.958
7.127
16.789
19.251
15.315
8.228
4.712
10.154
4.182
17.734
12.821
13.970
13.326
12.232
17.030
22.099
24.246
24.369
22.072
1.977
9.790
17.678
2.692
3.640
16.914
19.903
9.311
10.848
17.702
20.002
23.445
17.512
23.662
23.663
23.550
22.708
23.202
23.246
23.413
23.518
23.143
15.718
20.669
22.261
22.455
22.432
21.555
20.485
22.535
22.759
5.603
11.549
10.059
16.625
11.370
2.077
20.647
15.512
13.404
20.868
18.115
20.043
19.169
20.940
20.781
20.331
18.984
20.075
19.966
16.803
20.147
20.095
19.942
19.955
19.940
20.108
20.182
19.899
19.774
19.802
19.734
20.055
19.838
19.682
19.473
19.210
19.218
19.145
18.935
18.821
18.725
18.741
18.466
18.238
18.361
18.303
17.851
16.236
11.927
17.953
17.957
17.838
17.868
17.534
17.506
17.455
17.799
17.863
17.688
17.738
17.458
17.176
17.101
17.012
16.834
16.736
16.325
15.885
16.218
16.428
16.474
16.553
16.407
16.755
16.189
16.177
16.303
16.270
16.356
16.418
16.418
16.218
16.230
16.258
16.448
16.392
16.247
16.131
15.650
15.996
16.455
16.187
15.888
15.790
15.500
15.381
15.326
15.922
16.445
15.837
11.976
16.390
15.242
11.846
5.594
15.479
16.646
16.605
16.244
15.942
16.398
16.673
16.478
16.817
16.337
16.372
17.240
16.988
16.899
17.212
17.405
15.954
9.616
16.697
17.327
17.119
17.397
17.366
17.643
17.757
18.043
18.440
18.317
18.063
17.706
17.998
18.314
18.159
18.475
18.618
19.291
20.035
19.309
19.805
19.751
19.345
15.218
13.295
20.355
20.576
20.860
20.719
20.091
6.977
20.997
21.037
18.888
19.581
18.714
21.511
21.641
22.300
22.063
20.927
22.014
21.767
21.955
22.195
22.097
22.118
20.562
22.364
21.658
22.831
23.237
23.287
23.462
23.178
24.379
24.673
24.870
24.241
23.498
23.531
24.032
24.211
23.945
23.778
24.784
24.439
24.415
24.581
24.927
24.638
24.977
25.277
25.371
25.305
25.007
25.763
26.504
26.395
26.032
25.750
25.474
25.273
25.459
25.612
25.487
25.685
24.901
21.710
25.702
26.199
26.481
26.317
26.138
25.291
26.074
26.444
26.485
26.873
26.981
26.881
26.322
26.383
23.459
26.532
26.919
27.020
27.299
26.191
26.532
26.536
26.437
26.473
25.972
12.113
23.704
26.625
26.763
25.549
27.345
27.172
27.312
27.106
26.924
25.179
27.264
24.954
26.976
27.135
26.785
26.697
26.573
24.618
25.557
22.446
26.963
27.075
27.194
27.328
26.686
23.514
23.325
19.904
16.558
18.327
22.056
23.560
25.318
18.144
26.409
25.380
19.857
23.422
26.474
24.675
25.050
26.678
26.660
25.398
26.443
18.772
20.843
9.511
25.865
24.833
25.814
24.753
22.806
15.145
10.424
15.013
16.787
20.187
18.018
18.922
16.613
21.723
3.656
1.571
23.743
24.523
24.277
1.388
0.708
0.773
6.279
16.271
0.675
5.130
6.261
13.278
