20000101
16.105
16.144
16.385
16.467
16.376
16.493
16.372
16.593
16.599
16.399
16.638
16.528
16.543
16.973
17.478
17.403
17.064
16.789
17.190
17.447
16.925
17.060
17.146
17.597
17.549
17.729
17.984
18.453
18.731
18.882
18.750
17.839
17.943
18.201
17.784
18.944
19.063
19.260
19.388
19.326
19.159
19.559
20.229
20.230
20.359
20.398
20.446
20.825
20.850
20.595
19.151
21.025
20.837
15.248
8.812
21.518
22.238
21.878
21.938
21.754
21.634
21.687
21.980
22.301
22.533
22.978
23.005
23.407
23.809
23.653
22.660
22.951
22.881
23.618
23.605
23.557
23.245
24.432
24.966
24.888
24.133
24.448
24.954
25.224
25.204
25.268
25.479
25.999
25.756
25.332
25.005
25.200
25.552
26.101
25.699
25.626
25.918
25.506
25.523
26.327
26.256
25.880
25.961
26.055
25.975
25.871
26.022
26.674
26.670
27.030
26.841
26.279
25.875
25.222
26.084
26.249
26.571
26.419
26.594
26.522
26.715
27.009
26.751
27.057
26.894
27.008
22.512
24.705
22.786
21.369
24.559
22.861
17.324
17.715
25.154
24.440
23.067
23.201
15.304
19.616
18.306
26.477
26.875
26.709
26.958
26.942
27.067
27.069
25.368
25.240
17.144
21.652
26.280
27.016
18.699
23.677
17.982
24.310
17.995
20.850
24.005
26.994
27.201
21.323
22.977
25.942
24.949
26.883
27.062
27.144
26.276
19.933
21.608
21.739
22.412
24.852
25.704
26.458
26.607
22.162
23.632
20.680
18.572
14.881
21.727
14.307
23.684
23.331
23.076
4.202
8.751
15.024
12.550
7.956
7.913
4.708
3.473
15.723
15.931
13.269
13.863
15.723
7.475
17.839
23.195
25.853
25.421
25.059
25.875
25.882
6.757
8.439
22.820
22.238
24.186
11.888
25.906
25.960
25.753
25.755
23.449
24.533
17.433
9.432
22.409
14.311
11.470
17.449
12.531
7.930
13.338
5.098
6.179
4.561
14.560
23.080
24.160
21.045
24.099
21.376
22.785
20.228
15.066
3.544
12.162
15.657
20.777
9.191
2.119
21.547
21.367
23.007
23.567
23.442
23.539
23.483
23.400
22.880
14.612
14.469
23.056
23.055
22.567
22.572
22.384
22.222
10.811
17.205
13.008
22.175
22.076
21.748
22.212
22.002
22.220
22.293
22.229
22.100
21.751
21.547
21.298
19.382
19.431
18.913
17.078
19.801
20.522
19.119
20.886
21.593
21.319
21.005
20.745
20.709
20.679
20.523
19.945
19.645
19.464
19.337
19.457
19.627
19.645
19.681
19.718
19.602
19.409
19.269
18.828
18.542
18.493
18.206
18.054
18.026
18.031
17.877
17.529
17.869
17.775
17.686
17.384
17.400
17.469
17.545
17.791
17.531
17.366
17.167
16.710
16.798
16.785
16.454
16.836
16.850
16.939
17.478
17.546
17.313
17.041
16.792
16.628
16.579
16.536
16.487
16.387
16.235
16.333
16.205
16.328
16.272
16.252
16.258
16.175
15.930
16.040
16.278
16.306
16.520
16.466
16.461
16.561
16.522
16.497
16.395
5.353
15.784
16.248
16.334
16.441
16.503
16.629
16.315
16.412
16.774
16.855
16.677
16.551
16.788
17.108
17.186
17.007
17.000
16.746
16.985
17.055
17.153
17.383
17.453
18.294
18.710
18.715
18.704
18.472
18.157
18.326
15.021
17.848
18.246
19.139
19.368
19.597
19.793
19.735
19.844
20.015
20.019
19.841
19.804
20.227
19.697
20.026
20.400
20.411
20.614
20.694
20.618
20.666
21.688
21.428
20.913
21.147
19.980
21.208
21.205
21.832
21.437
22.524
22.347
17.291
23.057
23.169
23.151
23.304
23.519
23.384
22.457
12.820
19.651
22.997
22.875
23.420
23.870
24.028
18.310
23.433
23.210
22.918
12.523
21.938
24.170
24.406
24.216
24.255
25.015
25.565
25.315
25.326
25.677
25.585
24.890
26.185
26.502
25.259
24.693
26.331
26.177
23.280
24.376
14.030
22.006
15.671
24.681
18.297
16.278
17.077
26.593
26.650
27.187
27.240
26.661
27.056
27.194
27.200
26.914
27.065
26.640
27.188
26.987
27.261
26.769
27.041
26.769
26.752
27.280
26.937
26.926
27.217
27.214
27.172
27.160
26.973
26.437
25.570
24.338
24.821
24.837
25.893
26.280
27.181
27.125
24.873
26.066
24.350
24.179
23.524
22.420
25.979
20.183
19.321
8.642
25.600
22.363
19.482
22.805
22.143
25.376
20.693
19.685
17.431
22.017
17.981
20.354
10.567
10.119
23.759
22.349
25.656
26.748
26.965
26.605
24.225
23.057
24.930
23.370
24.695
20.140
14.498
9.071
11.150
16.060
0.791
13.399
25.730
25.080
20.444
22.591
19.613
6.663
11.732
11.123
16.948
5.398
4.787
3.039
6.725
14.733
1.169
2.916
14.697
1.736
20.546
16.763
14.045
19.370
22.046
11.879
15.573
17.719
23.732
24.947
21.509
16.400
24.282
17.812
21.921
21.899
22.367
21.662
23.321
21.373
20.940
24.287
22.644
0.915
1.307
8.482
24.609
24.058
19.363
16.696
13.260
23.095
22.332
23.919
24.604
21.868
17.987
11.583
24.302
23.952
23.584
24.189
23.939
23.803
23.712
19.466
23.108
23.609
23.510
23.325
23.070
22.944
21.716
22.271
20.309
16.324
22.511
21.569
9.075
19.157
14.288
6.902
21.035
21.515
21.483
21.683
22.420
22.458
22.314
21.679
13.905
9.754
14.625
15.049
21.269
20.837
19.549
19.118
19.750
17.559
1.252
19.316
14.338
14.241
18.279
20.601
20.938
20.806
20.563
20.425
20.249
20.282
20.164
19.957
19.825
19.464
19.505
19.342
19.061
18.889
18.884
18.954
18.904
18.821
18.686
18.422
18.436
18.363
18.665
18.743
18.662
18.326
18.411
18.468
18.322
17.597
17.273
16.994
17.310
17.145
17.048
17.224
17.194
17.253
17.280
17.214
17.074
17.189
17.019
17.007
16.960
16.843
16.614
16.793
16.876
16.472
16.357
16.246
16.156
15.790
15.732
16.166
16.165
16.140
15.960
15.848
15.795
15.894
15.912
15.968
16.331
16.657
16.570
16.524
16.079
16.023
16.123
16.204
16.110
16.007
16.322
16.434
16.380
16.545
16.616
16.460
16.135
16.154
16.634
16.837
16.570
16.545
16.665
16.715
16.281
15.980
16.716
17.149
17.104
17.399
17.417
17.384
17.415
17.680
17.750
17.426
17.522
18.302
18.808
18.841
19.007
19.095
18.657
18.765
19.055
18.187
18.617
18.654
19.804
20.076
20.226
16.457
19.146
20.132
20.325
19.964
20.064
19.945
8.455
15.212
20.271
20.705
20.468
20.795
20.682
21.163
21.632
21.653
21.490
21.293
21.241
21.669
22.172
22.477
22.465
22.615
21.998
21.919
21.125
20.654
20.144
3.625
15.313
10.110
22.797
23.462
24.020
24.043
23.991
22.213
21.886
24.260
24.481
24.363
24.357
23.463
24.950
25.659
25.871
25.911
25.396
24.777
25.971
25.733
25.405
25.004
20.814
9.190
13.375
25.433
25.826
26.218
26.109
25.964
25.797
25.438
26.116
25.858
25.386
24.518
22.162
26.421
26.833
26.167
26.986
27.277
28.305
27.810
27.470
27.626
27.633
27.662
27.843
28.051
27.547
27.530
27.993
27.662
27.039
22.360
26.190
26.481
26.844
26.710
26.833
26.826
27.207
23.373
26.833
27.595
27.179
27.187
27.330
26.913
26.932
27.220
27.260
27.354
26.916
26.077
21.611
25.182
22.247
26.855
26.178
25.620
27.006
27.162
26.969
26.660
27.224
26.742
26.639
22.347
23.549
17.493
21.977
22.858
24.097
17.921
18.651
23.160
23.382
22.302
24.380
21.078
15.044
15.441
20.001
14.796
2.259
9.900
26.264
26.255
26.619
16.528
25.925
23.265
23.411
24.738
24.932
12.107
22.225
24.366
20.436
26.047
5.380
7.380
11.581
8.736
9.769
3.374
10.208
2.492
2.983
4.062
2.811
3.904
13.579
26.134
25.388
26.255
24.821
15.296
22.856
20.597
16.531
6.146
4.986
11.603
6.990
3.223
18.034
7.681
2.677
2.319
2.621
4.917
9.051
12.592
12.446
15.398
23.869
18.901
14.096
18.462
23.215
16.949
5.713
12.876
23.410
24.018
2.682
20.018
22.672
22.076
14.794
9.666
18.819
18.536
21.098
23.745
20.400
22.914
6.113
23.741
23.549
23.597
23.327
23.275
23.123
22.634
19.766
21.405
20.101
21.982
20.363
21.239
21.935
20.963
6.308
21.957
21.570
21.218
17.665
22.101
21.945
22.040
22.132
21.876
21.804
21.603
21.453
21.180
20.747
20.724
20.811
20.744
20.630
20.374
20.198
20.462
20.351
19.919
19.297
20.066
20.190
20.125
19.930
19.892
19.935
19.821
19.342
19.050
18.956
19.196
19.368
18.998
18.860
18.778
11.899
11.554
17.310
17.275
16.811
14.839
17.601
16.518
17.458
17.869
18.022
17.832
17.645
17.371
17.459
17.159
17.220
16.990
15.758
16.820
16.996
16.964
16.882
15.726
16.811
16.883
16.913
16.489
16.879
16.602
16.196
15.860
15.891
16.020
16.025
16.336
16.189
16.087
15.937
15.907
15.859
15.875
15.936
15.473
15.642
15.660
16.093
16.067
15.568
16.003
15.504
15.913
16.048
16.131
12.756
16.142
16.240
16.221
3.400
15.857
16.030
15.839
16.104
16.489
15.897
15.315
16.309
13.990
16.716
17.235
17.109
17.490
17.729
17.751
17.477
16.255
17.160
17.360
17.545
17.719
17.028
16.580
13.513
17.517
18.011
18.056
14.877
17.804
18.073
17.692
18.533
18.787
18.727
19.383
19.048
19.112
19.174
19.443
19.806
20.054
20.117
20.145
19.980
16.567
13.847
20.314
20.109
20.452
20.332
20.292
20.837
20.854
20.926
20.967
21.243
21.154
21.113
22.563
23.710
23.046
23.108
23.412
23.314
23.002
22.910
23.111
23.813
23.614
23.347
22.284
23.503
17.556
23.428
24.067
24.124
24.382
24.036
24.193
24.342
24.397
24.620
24.680
24.222
24.499
24.726
24.952
24.960
25.007
24.312
23.968
23.922
24.918
25.383
25.551
25.503
12.164
23.587
15.410
25.685
25.787
25.559
25.405
25.250
25.283
26.274
26.421
26.162
26.924
27.044
27.208
26.846
26.776
27.043
27.320
27.380
27.300
27.305
27.508
26.989
27.879
27.591
27.158
27.142
27.494
27.939
27.601
27.736
27.732
27.578
27.735
28.090
27.565
27.460
25.585
26.909
26.843
26.858
26.925
25.073
26.423
27.019
26.514
26.766
27.493
18.703
27.242
27.739
27.548
25.911
26.245
27.255
27.140
27.073
26.834
24.844
26.699
26.916
25.928
26.522
23.790
25.344
16.338
16.486
17.980
17.458
12.827
7.439
17.923
21.899
23.410
21.134
15.233
14.798
17.163
21.991
24.200
22.842
20.816
17.974
22.535
15.022
1.677
20.788
20.093
14.350
12.895
18.171
8.537
10.142
25.005
22.138
21.672
6.508
20.406
22.939
24.355
13.338
11.676
9.001
11.635
7.907
7.086
12.386
14.487
6.072
6.757
9.636
15.896
11.090
15.422
15.858
15.483
21.560
23.886
24.995
22.294
22.544
20.273
5.580
22.108
18.418
23.924
23.701
15.219
19.607
13.752
12.998
22.463
22.903
19.091
4.474
19.102
2.253
4.938
11.625
21.531
22.253
1.556
8.150
5.066
17.853
16.406
22.478
22.115
10.206
17.440
23.287
18.990
20.919
18.375
23.313
23.198
22.542
21.074
20.948
19.814
21.310
13.627
19.468
20.867
20.448
16.958
8.029
8.032
17.647
21.831
21.442
20.833
21.098
20.967
20.929
20.029
22.158
22.121
21.998
21.398
20.940
20.582
21.217
21.267
21.224
21.196
20.997
20.933
20.336
20.291
20.213
20.404
20.441
20.173
20.259
20.100
19.978
19.935
19.920
19.649
19.435
19.329
19.124
19.035
19.564
19.187
18.471
14.644
16.494
18.109
18.037
17.957
18.000
18.290
18.528
18.091
17.744
17.617
17.597
17.365
17.045
16.994
16.994
17.193
16.844
17.095
17.423
15.852
15.872
16.246
16.315
16.502
16.303
16.739
16.642
16.953
16.735
16.644
16.436
16.373
16.437
15.993
16.015
15.805
15.969
15.684
15.746
15.726
15.757
16.349
16.229
16.017
15.946
15.793
16.026
15.923
16.187
16.150
15.991
15.882
16.545
16.413
16.310
16.383
16.249
16.121
16.171
16.242
15.979
15.393
15.555
15.517
16.184
16.256
16.298
16.436
16.487
16.494
16.522
16.913
16.149
16.779
17.221
17.245
13.224
16.883
15.242
11.054
17.778
14.394
17.755
17.987
17.831
17.569
17.333
16.298
18.589
19.063
19.218
18.763
19.286
19.754
19.630
19.441
19.529
19.421
19.860
19.631
19.423
19.843
20.236
20.323
20.494
20.405
20.215
20.478
20.855
21.064
21.322
21.451
21.544
21.625
21.626
21.813
22.185
22.205
22.187
22.204
22.062
21.498
23.174
23.344
23.718
23.328
23.528
23.529
23.364
23.331
23.732
23.614
23.943
24.115
24.267
24.556
25.052
24.347
24.320
24.204
24.449
24.945
24.703
24.779
24.832
24.778
25.216
25.320
23.941
24.962
22.797
24.477
25.424
25.677
25.370
24.987
25.246
25.366
25.369
25.907
25.659
25.738
26.028
25.948
26.032
25.855
25.937
25.821
26.524
25.207
26.911
26.798
26.789
27.192
26.736
26.492
26.784
26.193
27.918
28.068
27.900
28.232
27.990
27.416
11.349
9.920
14.729
9.707
20.038
17.891
21.396
18.651
26.507
26.811
16.678
26.961
27.430
27.429
27.196
27.184
27.078
27.214
27.299
26.967
27.316
27.399
27.489
27.536
27.297
27.294
27.045
27.181
27.193
26.586
27.152
24.494
16.499
10.352
14.138
16.486
21.225
14.073
12.202
7.854
7.324
13.491
8.351
24.634
23.240
25.459
24.645
24.085
18.070
15.453
8.115
21.331
24.841
25.674
17.112
23.918
13.718
24.673
12.895
19.939
17.446
8.072
10.132
19.791
22.051
9.537
24.707
25.750
25.937
21.555
23.282
14.415
21.207
21.743
20.014
24.441
23.515
18.446
20.828
19.001
16.598
5.820
12.296
7.981
18.629
22.822
19.756
8.760
23.311
18.157
7.552
14.828
6.048
5.196
15.017
13.470
1.501
5.317
14.116
3.128
17.701
0.985
9.422
20.854
23.964
11.823
16.865
23.168
6.713
14.598
20.590
24.455
23.271
22.921
23.407
24.387
24.276
24.073
19.808
21.588
8.183
23.558
22.366
23.442
23.622
23.121
23.445
23.452
23.089
22.966
21.449
19.520
13.277
20.008
20.670
7.873
18.164
18.465
19.886
20.304
21.030
18.079
19.131
21.341
21.136
18.824
17.205
19.538
8.214
16.060
19.451
19.868
20.235
20.736
20.593
19.188
19.617
20.606
21.442
21.073
20.820
20.911
20.879
20.676
20.499
20.221
20.016
19.804
20.005
19.930
19.985
19.541
19.622
19.399
18.335
18.375
19.296
18.146
18.803
18.267
17.299
18.661
18.582
18.144
15.488
18.016
18.193
17.401
12.430
17.252
17.406
17.443
17.116
17.260
16.522
15.780
17.196
17.134
17.029
16.996
16.843
16.762
16.578
16.572
16.468
16.435
16.565
16.621
14.296
16.346
15.783
16.224
16.012
15.976
15.896
16.004
15.656
15.373
16.061
16.175
15.996
15.910
16.028
16.331
16.254
16.251
16.232
15.399
15.614
15.365
15.565
15.667
15.847
16.071
15.840
15.602
14.411
13.359
10.136
16.394
16.270
16.440
16.179
16.054
16.212
16.516
16.590
16.379
16.355
16.873
16.846
16.888
16.514
15.719
8.936
17.425
17.472
17.320
17.253
12.037
17.646
17.431
17.168
16.763
17.321
9.199
18.143
17.367
17.319
16.791
18.413
18.670
18.546
18.488
18.222
18.590
17.993
18.217
19.032
19.041
19.325
19.324
19.189
19.465
19.319
20.048
20.031
20.970
21.655
21.764
21.319
21.758
21.680
21.292
21.103
21.211
21.279
19.371
20.695
16.554
21.365
19.663
22.108
20.478
16.049
19.876
21.060
21.724
22.785
23.058
23.542
23.673
23.309
23.253
24.004
24.272
23.759
23.932
23.778
24.433
24.751
24.709
24.680
24.178
24.454
24.565
25.363
26.253
25.914
26.169
26.032
26.283
26.256
26.218
26.078
25.899
26.485
26.499
27.625
27.463
27.143
26.977
26.681
25.916
22.688
26.029
27.240
27.101
27.023
25.316
21.330
22.411
26.077
26.073
26.573
26.245
26.111
19.979
19.516
19.383
20.539
21.302
21.044
21.349
22.353
24.381
25.155
26.421
27.433
27.932
27.948
27.556
27.656
27.362
27.244
27.245
26.999
26.966
27.320
27.224
27.699
25.289
26.901
27.451
27.653
22.376
24.377
18.764
26.917
27.303
25.733
27.411
27.727
27.142
27.445
27.657
27.203
22.294
25.022
27.301
25.790
23.938
16.620
26.754
26.299
25.068
26.919
22.204
4.648
15.519
17.658
22.480
20.701
20.006
22.141
20.069
25.351
20.183
20.178
24.926
21.958
18.460
17.348
17.593
19.046
22.750
13.027
16.595
10.005
3.354
21.896
2.831
10.129
12.039
16.396
4.923
9.387
23.143
23.880
23.409
26.124
22.836
26.128
5.263
19.647
18.152
14.439
4.562
8.555
7.803
23.831
24.863
14.830
15.666
9.830
14.689
3.997
5.869
8.830
14.370
24.192
15.897
22.618
23.272
17.850
23.135
10.920
14.567
24.596
24.475
24.027
24.350
23.897
24.479
23.476
21.533
14.103
24.168
23.407
24.068
21.763
24.122
24.541
23.630
18.804
24.015
22.890
16.354
17.138
17.362
20.439
21.856
22.154
21.420
22.449
13.589
9.785
20.371
8.385
5.784
13.397
21.643
21.379
21.476
10.255
0.914
20.322
20.074
20.055
19.554
21.535
21.284
17.072
21.790
20.956
21.509
21.397
21.303
21.122
21.185
21.238
14.994
19.397
20.727
20.662
20.576
20.742
20.346
20.408
18.425
7.732
20.241
20.006
19.865
19.811
19.778
16.287
10.662
19.545
19.288
19.468
19.514
19.229
19.057
18.987
18.518
18.432
18.420
18.391
18.274
18.307
18.789
18.640
18.206
18.268
18.318
18.110
17.951
17.697
17.372
17.494
17.524
17.528
17.449
17.317
17.100
16.931
16.844
16.625
16.466
16.720
16.521
16.438
16.468
16.252
8.622
16.412
16.546
16.694
16.450
16.528
16.650
16.436
16.616
16.378
16.358
16.288
16.121
16.185
16.495
16.368
16.156
16.065
16.057
16.098
16.175
16.523
16.359
16.212
16.338
16.140
16.108
16.119
16.121
15.801
15.831
16.273
15.976
15.896
11.771
16.299
16.515
16.550
16.684
16.748
16.857
16.680
16.798
16.918
16.807
17.048
16.606
16.503
8.898
17.512
17.626
17.884
17.971
17.873
18.182
18.104
18.125
17.923
18.345
18.412
18.002
18.200
18.547
18.918
19.225
19.373
19.371
19.079
19.206
19.557
19.695
19.802
19.877
19.856
19.867
19.977
20.014
20.048
20.315
20.136
20.775
20.982
21.209
21.043
20.954
9.701
5.456
12.683
20.842
22.159
21.862
22.178
22.465
22.653
22.672
22.461
7.827
17.197
20.891
22.847
20.631
18.922
8.792
23.355
23.653
23.318
8.674
23.373
23.996
24.310
23.699
23.980
24.103
25.087
24.944
25.703
25.704
25.803
25.458
24.633
24.991
25.256
25.039
25.194
25.096
25.357
25.446
25.289
25.942
25.924
25.777
26.163
25.759
24.506
25.024
25.065
26.865
26.062
26.225
26.267
24.952
26.120
24.615
25.021
26.724
26.479
26.401
26.541
26.471
26.503
27.042
27.073
27.186
27.115
27.498
27.466
27.256
27.273
27.188
27.244
27.310
27.052
27.006
26.749
26.738
25.598
26.977
17.751
24.232
22.903
25.120
25.708
25.645
25.611
26.681
27.122
26.301
27.010
23.193
23.611
11.958
8.508
24.982
24.404
25.487
27.070
25.258
26.475
26.787
25.790
25.430
24.426
25.324
14.535
25.739
26.078
27.323
24.936
21.729
23.668
26.434
20.410
23.842
18.112
14.266
18.442
19.627
15.664
23.154
23.063
15.300
17.331
16.997
17.407
7.860
10.071
8.772
9.707
9.363
5.807
13.789
8.290
17.697
20.171
19.432
21.975
8.643
18.895
5.777
3.956
3.833
18.799
8.241
7.786
22.710
24.359
10.984
9.006
2.242
17.278
6.843
1.478
4.997
19.759
6.589
14.476
19.855
9.794
10.604
2.993
4.206
4.584
17.609
20.956
23.722
19.771
17.158
10.650
10.072
1.279
2.065
8.770
5.782
19.399
15.461
6.641
10.979
7.514
9.727
12.699
23.076
1.984
7.063
17.799
19.456
23.460
20.378
6.609
5.446
19.039
22.682
23.016
14.904
22.098
22.712
9.612
22.654
22.118
22.426
21.950
22.111
21.557
19.548
21.148
20.537
20.877
19.523
19.993
20.657
19.085
15.143
20.041
20.442
21.218
21.241
21.505
21.657
21.458
21.415
21.402
21.165
20.987
21.229
20.924
20.439
19.649
12.763
20.358
15.716
20.037
19.790
19.668
19.627
19.043
19.531
18.842
19.393
19.248
19.065
19.148
19.213
18.929
18.959
19.014
18.834
18.700
18.566
18.322
17.609
5.867
14.307
18.095
18.085
18.063
17.788
17.612
17.509
17.331
17.299
16.848
17.300
17.253
17.083
16.241
16.752
16.486
16.967
16.954
16.940
16.905
16.774
3.752
15.984
16.423
16.229
16.276
15.982
15.621
14.742
15.722
15.944
15.323
16.019
16.153
16.220
16.077
15.762
15.495
15.913
15.869
16.188
15.976
16.033
16.052
15.941
15.621
15.462
7.578
11.428
15.827
16.033
16.004
16.003
16.155
15.668
15.747
16.048
16.113
16.056
16.061
16.215
16.254
16.251
16.201
16.350
16.643
16.794
16.647
16.743
16.891
17.239
17.136
17.013
17.071
17.271
17.357
17.519
17.630
17.633
17.328
17.393
17.264
15.321
16.524
18.138
18.379
18.447
18.413
18.685
18.938
18.319
18.445
18.952
18.011
8.727
18.962
19.440
19.306
19.652
19.356
19.943
20.146
20.088
20.382
20.481
20.438
19.702
17.069
6.549
21.024
21.107
21.353
21.476
20.986
21.643
21.959
22.007
22.314
22.517
22.729
22.928
22.360
22.234
22.491
20.931
16.446
23.356
23.370
23.575
23.533
23.697
20.900
22.801
23.575
24.127
24.394
24.223
24.519
24.718
24.897
24.989
25.076
24.872
24.651
12.825
25.193
25.665
25.678
25.151
25.310
25.401
25.530
25.679
25.811
26.162
26.222
26.216
25.760
15.167
25.460
25.141
25.145
17.597
18.544
25.565
26.418
26.721
26.319
26.735
27.189
27.024
23.805
14.612
16.452
26.784
16.133
26.345
26.861
21.810
15.184
20.648
26.590
26.791
26.879
27.046
27.203
27.036
27.111
26.983
26.858
26.808
26.911
25.397
26.058
14.859
27.258
27.508
27.512
27.634
27.348
23.656
22.893
13.846
19.315
22.580
13.954
24.692
9.648
9.271
6.136
13.290
24.657
26.620
26.911
26.952
26.754
26.550
24.568
15.781
18.654
18.428
23.236
19.331
20.821
15.032
6.696
21.137
23.798
5.791
6.066
9.123
15.002
20.490
11.148
12.495
16.666
15.499
3.874
4.477
12.071
6.015
8.149
15.018
8.136
3.591
14.824
25.101
19.280
10.766
18.771
23.206
7.184
25.864
23.687
21.227
25.422
24.326
25.023
7.781
4.858
12.578
24.717
13.169
23.312
23.819
21.926
21.078
17.014
5.552
3.735
13.660
19.019
17.565
22.096
3.202
15.140
17.168
8.477
4.869
2.842
9.458
4.597
3.878
13.189
21.300
19.185
2.184
19.037
20.809
23.077
23.980
23.455
21.243
21.904
18.067
21.381
17.558
20.596
21.341
21.509
20.163
22.082
2.961
7.008
23.427
22.701
22.717
18.433
22.234
22.855
22.984
22.873
22.729
22.343
13.306
16.097
19.551
19.193
21.001
20.750
8.035
19.765
20.899
19.148
20.492
14.550
21.775
17.400
20.351
22.031
22.026
21.903
21.654
21.714
6.589
21.056
20.790
15.348
18.393
20.667
20.843
20.800
20.884
21.110
20.999
20.693
20.474
20.467
20.156
19.741
19.781
19.291
19.585
19.475
19.255
19.260
19.264
19.115
18.523
19.109
18.974
17.671
18.315
18.752
17.994
17.948
17.850
17.939
17.847
17.788
17.642
17.719
17.665
17.598
17.908
17.772
17.743
17.618
17.765
17.505
17.364
17.313
17.266
17.255
17.057
16.719
15.960
12.711
14.782
15.430
16.592
15.123
16.041
14.329
15.588
16.502
16.217
16.089
15.707
15.905
16.118
16.018
16.178
15.995
16.139
15.981
15.923
15.941
15.747
15.613
15.059
15.151
15.145
15.762
15.895
15.718
16.449
16.490
16.380
16.291
16.303
16.297
16.126
15.759
15.779
15.904
15.745
15.992
15.985
16.453
15.955
16.684
16.764
16.057
16.636
14.610
16.835
17.454
17.404
16.272
16.230
17.579
17.921
18.095
18.093
18.240
17.634
17.785
18.345
18.921
18.838
17.747
18.638
19.250
19.148
18.880
17.828
19.662
19.990
20.062
20.352
20.549
20.735
20.334
20.250
20.532
20.956
20.857
20.969
21.105
21.032
21.145
20.522
21.445
21.897
22.177
22.506
22.569
22.519
22.544
22.475
22.431
22.344
22.651
22.823
22.577
23.290
23.088
20.963
15.393
19.797
19.764
22.753
23.072
23.495
23.763
24.184
24.121
24.147
24.766
24.770
24.707
23.373
15.213
24.157
22.605
15.757
24.912
6.165
25.009
24.093
24.834
21.551
16.932
22.428
24.946
10.473
22.928
24.782
22.744
22.334
25.287
25.678
26.062
26.326
26.233
26.348
26.936
26.909
26.775
26.705
26.807
26.695
26.862
26.957
27.025
27.253
27.321
26.946
26.806
25.593
25.597
26.777
26.866
27.104
24.438
24.272
25.517
22.524
26.807
26.944
26.991
26.682
26.805
27.074
26.862
26.841
26.884
27.033
27.104
27.285
27.006
27.044
27.351
27.791
27.250
24.935
27.233
27.077
27.221
27.221
25.696
24.847
23.538
22.448
17.096
22.241
24.180
20.078
18.372
9.427
19.979
1.746
16.082
17.297
19.296
22.184
6.143
23.670
12.592
10.531
15.114
23.214
25.816
25.050
13.247
16.808
9.389
20.556
19.483
7.905
8.885
24.793
7.531
19.898
19.903
22.265
5.265
11.849
2.441
19.861
4.168
10.820
12.348
11.151
17.346
20.583
24.991
16.943
19.843
14.194
17.870
16.938
18.614
13.169
17.344
15.518
4.085
4.980
21.931
23.331
19.860
16.519
1.944
19.000
21.383
18.165
15.051
7.722
5.233
9.153
16.804
22.677
2.168
14.322
2.289
12.024
8.999
21.876
9.193
20.690
17.498
22.994
23.223
19.746
22.409
18.297
15.674
4.553
23.475
23.109
23.942
23.984
23.799
23.048
18.246
20.463
23.118
23.142
22.042
23.442
13.708
19.823
15.199
21.930
22.427
14.502
18.868
16.187
15.554
13.248
19.757
21.501
22.064
20.215
21.980
21.807
21.974
22.033
21.294
21.207
21.927
21.446
19.880
20.797
20.512
19.574
20.019
20.739
18.448
19.740
19.236
10.867
20.748
20.850
20.874
20.824
20.627
19.428
18.414
19.959
20.236
20.095
20.225
20.061
19.899
19.686
19.842
19.536
19.594
19.131
18.767
18.856
18.848
19.069
18.805
18.937
18.674
18.940
18.611
18.515
18.472
18.396
18.362
18.245
17.977
17.932
17.794
17.559
15.678
17.083
3.293
6.545
16.912
17.398
17.485
17.512
17.338
17.129
17.130
17.063
16.713
16.536
11.096
4.365
15.591
15.659
15.819
15.732
14.596
14.660
15.938
15.069
15.660
15.794
15.848
15.843
15.595
15.607
15.507
15.361
13.086
7.944
12.841
14.226
15.690
16.090
16.277
16.518
16.503
16.447
16.186
16.190
16.375
16.289
16.245
16.263
16.194
16.082
5.823
16.263
14.395
15.897
8.663
15.219
15.911
14.588
15.529
5.556
5.323
16.259
11.833
16.584
13.472
14.062
12.990
17.179
17.302
15.086
17.458
17.729
18.000
18.213
17.868
18.558
18.720
18.566
18.673
19.017
18.585
18.653
18.961
19.318
19.313
19.551
19.164
19.823
19.536
19.618
19.490
20.013
20.318
20.351
20.381
20.463
20.277
20.055
20.284
21.029
20.968
21.023
21.058
21.159
21.406
21.410
22.018
22.161
21.867
22.402
22.539
22.922
22.659
22.954
23.266
23.400
23.282
23.373
21.190
23.635
23.793
23.573
23.684
23.488
21.337
22.764
20.781
23.049
23.223
24.269
24.352
20.694
23.994
22.285
24.346
24.708
24.348
24.622
24.297
23.962
21.270
24.466
24.341
25.544
25.840
26.039
26.407
26.637
26.623
25.014
15.575
25.987
26.877
27.163
27.266
26.834
27.034
26.942
27.429
26.961
26.425
27.519
27.638
27.465
27.518
26.845
26.515
27.100
27.216
26.841
26.949
26.854
27.132
27.135
27.637
27.139
26.646
25.683
26.689
26.931
26.778
26.926
26.422
21.992
26.757
26.692
27.062
25.453
26.975
27.391
27.157
27.528
27.513
27.179
27.038
25.984
24.968
26.678
25.525
26.471
26.443
26.885
25.467
27.509
27.312
27.073
26.751
25.609
24.819
24.334
26.927
26.903
25.879
23.509
22.744
24.593
27.152
27.076
11.510
21.019
14.143
22.697
20.043
20.907
8.428
20.203
20.825
19.016
4.184
18.295
23.510
17.666
21.195
22.000
21.210
2.425
5.799
18.731
25.021
20.022
5.103
22.101
22.277
18.314
6.158
10.577
23.436
5.473
11.673
10.960
4.298
3.607
2.587
7.196
4.919
4.100
15.198
6.556
6.353
5.823
25.568
25.429
12.727
13.080
5.163
13.645
15.589
20.951
18.361
12.259
10.092
12.871
14.375
13.096
24.567
23.605
24.475
23.887
24.189
24.465
24.642
20.830
16.917
6.136
10.227
9.299
6.212
4.147
19.609
15.110
22.355
23.190
21.802
23.467
23.433
23.218
22.771
22.855
10.657
23.134
22.717
23.423
23.515
23.420
23.144
23.261
22.926
21.894
23.041
22.702
22.491
22.501
22.470
22.174
22.053
21.833
21.534
21.819
21.076
22.139
21.398
19.059
19.946
13.610
9.580
21.112
21.204
20.949
21.022
20.673
12.641
17.071
20.779
20.666
20.322
20.270
13.410
20.267
20.217
20.170
20.178
20.466
20.611
20.202
19.767
19.603
19.374
18.838
19.154
19.243
19.255
19.090
18.786
18.647
18.608
18.519
18.250
17.885
17.606
16.002
7.509
7.540
16.747
16.922
16.597
16.821
16.758
17.187
16.905
17.110
17.197
17.311
17.096
16.476
17.125
16.263
16.732
16.295
16.485
16.214
16.591
16.565
16.283
16.117
16.166
16.300
16.253
16.157
16.243
15.238
16.301
15.645
15.585
15.305
15.525
15.523
15.060
15.906
15.694
10.461
7.061
11.418
13.385
15.684
16.032
16.149
16.124
15.887
1.534
15.897
16.086
16.235
15.426
6.747
16.109
16.837
16.773
16.670
16.292
16.463
16.326
15.992
15.809
16.916
17.004
17.066
17.012
17.102
17.198
17.383
17.567
17.509
17.671
17.670
17.840
17.867
17.865
17.849
17.040
18.017
18.116
18.583
18.335
18.389
18.270
16.169
18.257
18.415
18.572
17.144
19.102
19.627
17.154
19.559
19.750
19.956
20.426
20.528
20.349
21.016
21.272
20.953
19.119
19.569
20.999
21.230
21.366
21.568
21.758
21.934
21.886
21.359
20.231
21.222
19.690
20.607
20.575
22.512
22.819
22.908
22.528
23.548
23.622
23.483
23.319
23.321
23.453
23.521
23.784
24.199
24.333
24.430
24.385
24.526
24.255
24.454
24.653
24.982
24.910
24.961
24.842
24.578
24.786
25.574
25.446
25.689
25.600
26.163
18.775
17.466
26.063
25.896
25.953
25.810
26.097
26.097
26.010
26.307
26.258
25.971
25.866
25.862
26.286
26.784
26.681
26.550
26.652
26.292
26.728
26.638
26.665
26.506
25.679
26.302
26.446
26.666
26.715
26.928
26.878
27.066
27.517
27.095
27.004
27.371
27.113
27.267
27.278
27.265
27.834
27.569
26.622
27.605
27.367
27.443
27.396
27.269
26.850
26.959
26.956
27.107
27.274
27.451
26.411
16.466
11.403
24.583
23.844
23.588
14.274
26.676
27.093
21.719
26.361
27.183
24.617
24.257
15.604
16.338
19.801
24.853
25.129
26.240
24.561
25.534
23.076
19.016
24.858
22.664
19.075
21.429
16.107
23.723
23.990
17.866
19.341
7.817
8.151
17.828
22.505
25.387
25.539
14.869
15.456
6.116
14.957
25.421
24.672
15.256
21.660
23.621
15.748
21.411
23.803
24.197
13.077
1.320
2.034
17.018
4.564
22.193
22.729
24.508
21.870
7.466
13.429
19.374
16.116
9.140
16.337
22.258
8.258
15.278
21.802
23.750
23.992
24.355
20.666
23.028
21.404
23.511
22.861
14.035
21.305
22.897
22.083
21.680
16.776
20.324
21.750
22.564
23.760
23.239
18.948
17.813
10.345
19.354
21.471
17.702
18.742
17.796
15.904
21.764
20.637
12.561
9.952
6.409
9.292
20.419
22.244
21.900
22.778
22.737
16.325
21.569
22.446
21.822
22.050
22.331
22.630
22.133
22.111
21.970
21.093
21.662
22.100
21.699
21.657
21.615
17.812
21.658
21.488
21.393
21.582
20.935
19.366
19.782
20.103
20.318
20.346
20.467
20.040
18.899
18.276
14.523
19.178
19.397
19.591
19.534
19.204
19.003
19.078
19.132
18.797
18.566
18.495
18.977
18.872
19.050
18.679
18.607
18.441
18.394
15.222
16.410
15.139
12.942
11.724
15.622
16.582
13.346
8.228
16.242
16.385
16.426
17.043
7.801
2.888
3.597
2.431
12.263
15.852
11.724
16.232
15.997
16.050
16.173
16.187
16.472
16.136
15.923
16.146
16.635
16.502
16.124
16.215
16.419
16.252
16.358
16.272
16.431
16.378
16.364
16.373
16.412
16.431
16.514
16.459
16.068
16.146
16.294
16.063
13.940
1.621
4.521
14.735
16.655
16.516
16.637
16.719
16.180
16.439
16.951
16.723
16.716
16.762
17.129
16.799
16.691
16.436
16.441
16.977
17.497
17.265
16.629
17.012
17.371
17.289
17.328
16.814
17.155
17.571
18.315
17.874
17.739
17.900
17.925
18.297
18.241
18.374
18.750
18.899
18.696
18.752
18.489
18.596
19.130
19.270
19.227
19.358
19.403
19.691
14.048
20.140
19.970
20.249
20.488
20.391
20.961
19.937
20.863
21.064
21.212
21.244
21.639
21.365
21.151
20.730
20.358
21.608
22.016
22.106
22.346
22.436
23.087
23.429
23.783
23.558
23.464
23.599
23.379
23.962
23.707
24.021
24.434
23.920
24.258
24.288
24.190
24.524
24.500
24.737
24.970
25.250
24.895
25.081
25.107
24.933
24.433
25.725
25.651
25.627
25.320
25.242
25.675
25.469
25.205
24.826
24.959
25.039
22.224
24.729
25.400
25.453
26.045
26.701
26.820
25.556
26.926
27.217
27.506
27.034
27.154
26.517
26.687
24.264
25.176
19.333
26.618
26.860
26.565
26.303
27.513
26.752
26.734
27.192
27.121
27.137
26.785
26.984
27.225
26.993
26.932
20.609
26.547
27.139
26.757
24.896
24.963
25.109
26.674
26.948
26.882
26.254
26.884
27.225
27.275
27.062
25.086
24.568
12.512
14.582
25.319
23.797
23.900
23.307
24.539
23.829
24.862
25.525
25.432
21.919
20.878
22.863
22.997
16.151
21.957
19.123
18.503
19.771
14.179
3.600
23.259
22.506
11.905
0.729
15.180
20.736
20.560
25.932
25.459
25.021
15.513
4.955
24.009
15.771
7.463
5.616
8.057
25.843
19.814
3.247
4.914
8.608
10.998
5.451
5.870
15.070
13.216
18.857
1.437
6.253
5.225
22.890
22.963
20.527
8.347
15.655
14.297
14.672
22.469
4.188
15.560
15.845
20.923
8.223
1.156
0.846
4.420
6.408
3.274
8.963
7.311
3.531
3.577
15.788
14.181
13.797
19.234
23.553
23.366
23.218
16.831
11.219
18.496
18.793
21.818
10.338
21.804
22.481
3.158
20.130
22.127
3.178
2.657
6.591
5.410
10.213
6.743
17.711
7.659
15.795
14.030
22.668
22.306
21.730
14.113
5.797
20.182
21.761
22.620
22.221
10.550
21.725
21.721
21.281
21.681
21.778
21.575
21.624
21.774
21.810
21.775
21.616
21.354
21.072
20.761
20.587
21.012
20.888
20.104
19.200
16.639
20.288
20.270
20.104
19.658
18.913
20.494
20.187
19.253
20.216
20.146
19.730
19.573
19.670
19.383
19.457
19.332
19.232
19.079
18.993
18.859
18.032
16.468
18.060
18.205
18.021
16.774
17.959
18.117
17.868
17.559
17.570
17.696
17.514
17.478
17.494
17.490
17.537
17.543
17.258
17.337
17.175
16.661
16.635
16.527
13.959
12.447
15.342
15.740
16.245
16.135
15.894
16.005
16.038
16.337
16.234
16.259
16.007
16.376
17.063
16.889
16.340
16.320
16.253
16.484
16.160
16.203
16.129
16.171
16.033
15.638
15.952
16.248
16.417
16.332
16.296
16.239
16.301
16.212
15.515
16.045
16.161
16.024
16.020
15.648
15.308
16.432
16.692
16.506
16.774
16.673
16.806
17.148
16.885
16.791
16.149
17.139
17.471
17.301
17.540
17.586
17.217
17.358
17.362
17.484
17.727
17.688
18.009
18.241
18.174
18.641
18.866
18.789
18.488
18.356
14.570
18.588
19.069
20.450
19.973
19.903
19.737
19.486
19.245
19.778
19.984
19.933
20.154
20.122
20.388
20.762
20.696
20.852
21.182
21.650
21.847
21.636
21.717
22.380
22.623
22.173
21.770
22.000
22.123
22.438
22.532
23.030
23.624
24.113
24.042
23.827
23.777
23.874
23.675
23.687
23.811
24.158
24.042
24.116
24.486
25.490
25.398
25.515
25.649
25.525
25.174
24.572
24.480
24.946
24.857
24.810
24.890
24.930
24.981
24.694
25.226
25.207
25.283
25.475
25.697
25.492
22.836
25.551
25.467
23.719
25.725
25.734
24.642
24.408
24.010
5.382
25.865
26.581
26.618
26.212
26.206
26.619
26.856
26.671
27.054
27.267
27.601
27.168
26.560
26.903
23.205
24.705
24.268
8.818
22.818
21.846
26.731
26.218
26.696
25.806
27.185
27.300
27.087
27.243
27.132
27.184
27.174
25.925
27.652
27.298
27.444
27.411
27.262
27.449
27.442
27.241
27.188
27.010
27.064
24.279
24.855
25.084
22.974
22.930
19.408
17.172
20.111
17.188
15.898
17.285
17.632
15.713
18.289
18.026
24.954
22.774
22.993
26.095
23.159
22.965
19.817
22.329
22.170
17.047
21.134
23.581
18.354
17.294
22.815
22.479
14.343
4.682
23.176
24.879
24.072
5.970
2.109
17.447
21.205
7.320
6.362
12.745
25.113
19.782
14.770
5.571
6.112
19.518
20.924
5.276
5.272
19.785
13.363
23.317
12.397
7.412
9.538
5.942
6.161
6.474
4.823
19.691
16.792
24.409
16.666
4.795
7.012
18.751
5.819
11.450
8.556
2.797
5.240
2.817
5.000
7.856
22.926
9.668
2.635
17.483
9.000
7.723
3.468
11.568
21.236
18.362
22.265
22.787
23.163
22.196
23.129
20.078
20.345
21.285
19.874
0.658
3.817
16.420
14.779
13.257
2.439
16.265
3.548
20.378
20.212
21.445
14.654
21.122
21.246
19.458
19.399
20.741
20.891
19.836
22.215
22.074
22.046
21.832
21.514
21.615
21.370
21.090
17.584
20.910
21.014
20.052
20.932
20.866
21.478
21.077
20.917
20.756
20.694
20.481
20.420
20.298
20.142
20.011
19.944
19.731
19.538
19.508
19.678
19.687
19.678
19.668
19.457
19.587
19.376
19.032
18.864
18.355
19.274
19.065
18.968
18.970
18.589
18.338
18.063
18.161
17.792
17.738
16.235
17.327
17.536
17.793
17.611
17.652
17.338
17.200
17.150
17.085
16.998
16.847
16.839
16.752
16.767
16.711
16.665
16.593
16.581
16.236
15.910
16.149
15.970
16.065
15.863
15.828
16.317
15.881
16.054
16.199
15.854
15.501
14.353
15.722
15.682
15.650
15.803
16.402
16.201
16.056
16.098
16.201
16.355
16.277
16.331
16.366
15.820
15.881
16.222
16.061
16.618
16.579
16.579
16.717
16.756
16.858
17.053
16.681
16.766
16.631
16.619
16.278
16.511
16.349
15.760
16.732
17.532
17.597
17.845
17.713
17.756
17.653
18.075
18.002
18.076
18.403
16.905
18.332
14.117
16.584
17.973
17.777
17.907
17.863
18.328
19.413
19.571
19.971
19.704
19.162
19.009
19.282
19.071
18.111
15.058
20.199
20.353
20.298
20.175
20.512
20.475
20.541
20.677
21.495
21.489
21.625
21.879
22.491
22.775
22.869
23.093
23.029
22.808
22.788
22.945
22.944
22.946
22.917
23.009
23.664
23.304
23.504
23.392
21.777
23.383
23.794
23.868
23.412
24.413
19.081
24.356
24.357
24.818
23.234
17.646
24.104
24.656
24.967
24.033
25.137
25.013
25.182
25.357
25.724
25.976
25.852
25.221
25.052
25.566
25.766
26.480
26.359
26.072
26.210
26.198
26.050
23.465
25.512
20.457
25.817
22.210
19.531
16.733
24.781
26.399
26.749
26.465
26.584
26.707
27.089
27.458
26.933
26.706
27.235
26.836
26.805
27.576
27.701
26.658
27.381
26.429
23.588
24.631
23.953
26.293
26.921
27.294
27.343
27.186
27.405
27.664
27.248
27.167
26.960
26.913
25.035
25.399
26.959
26.006
21.323
20.071
17.197
21.026
11.172
21.841
22.752
20.653
24.515
12.734
12.481
24.760
16.992
23.361
17.737
22.367
18.025
14.640
0.677
25.997
26.406
18.946
25.170
25.712
21.344
23.317
7.432
18.104
22.078
17.205
24.462
24.841
23.084
6.650
12.121
6.580
17.548
13.323
16.774
8.436
14.140
7.544
5.686
3.686
8.554
2.332
14.784
12.632
2.303
12.522
21.178
18.410
1.579
13.208
24.661
8.702
11.483
6.030
2.636
4.184
17.145
15.473
5.056
21.043
13.623
15.896
17.550
14.518
1.854
10.919
7.971
3.258
11.207
8.885
10.687
10.044
9.651
14.240
17.014
20.012
23.632
23.411
1.763
2.248
6.758
6.852
2.659
8.616
20.387
13.993
16.135
22.018
22.499
22.725
23.175
23.302
23.721
22.459
22.937
21.737
23.324
23.598
23.723
22.618
19.831
21.632
19.667
19.905
18.794
21.167
18.712
21.155
22.192
3.214
13.740
16.274
17.039
3.794
1.433
21.183
16.776
6.794
17.695
18.507
20.754
11.004
20.971
19.810
13.212
20.217
20.040
19.007
15.995
20.178
20.228
19.559
18.942
20.061
20.236
20.312
19.984
19.861
19.906
20.024
20.246
19.968
19.763
19.375
19.408
19.416
19.223
19.000
19.023
18.787
18.752
18.551
18.306
18.377
18.278
17.653
15.646
14.492
17.884
18.014
17.874
17.771
17.487
17.424
17.588
17.929
17.917
17.728
17.862
17.510
17.258
17.173
17.081
16.946
16.704
16.570
16.328
16.266
16.508
16.510
16.669
16.317
16.730
16.258
16.188
16.346
16.403
16.504
16.536
16.524
16.334
16.302
16.359
16.455
16.579
16.423
16.300
15.837
16.003
16.426
16.270
15.953
15.844
14.564
15.371
14.520
15.361
16.351
15.788
7.733
16.123
15.440
9.708
4.658
14.414
16.628
16.533
16.303
15.967
16.403
16.745
16.480
16.867
16.355
16.303
17.261
17.119
16.922
17.328
17.410
15.785
0.924
15.206
17.084
17.049
17.381
17.384
17.787
17.797
18.162
18.458
18.398
18.139
17.749
18.090
18.398
18.217
18.569
18.646
19.421
19.900
19.442
19.538
19.801
19.237
17.706
10.218
20.279
20.569
20.923
20.766
20.127
7.438
20.745
20.913
18.998
18.922
17.605
21.358
21.668
22.095
22.112
21.148
21.996
21.014
21.730
22.059
22.203
22.168
19.399
22.373
22.232
23.060
23.206
23.270
23.478
23.227
24.553
24.698
24.897
24.540
23.640
23.592
24.104
24.269
24.157
23.834
24.737
24.557
24.731
24.745
25.130
24.892
24.849
25.421
25.562
25.519
25.060
25.765
26.445
26.499
26.295
26.063
25.658
25.509
25.743
25.913
25.647
25.786
24.551
21.962
26.062
26.232
26.614
26.528
26.397
25.473
26.136
26.606
26.742
27.069
27.129
27.005
26.437
26.714
18.262
26.781
27.005
27.250
27.420
25.345
25.947
26.759
25.609
26.349
23.802
15.254
22.451
25.533
25.377
25.907
27.599
27.300
27.515
27.455
25.405
22.750
27.493
19.482
27.077
27.388
27.008
26.906
24.853
17.791
23.723
17.584
27.020
23.401
27.210
27.521
27.028
23.399
24.893
23.122
15.794
18.190
24.792
22.805
24.455
15.758
25.594
25.209
20.401
22.050
26.406
22.982
25.683
26.869
26.762
25.477
26.618
25.063
22.305
13.338
25.859
23.751
25.601
25.781
20.916
13.678
8.044
16.817
17.645
15.514
19.742
18.916
13.996
22.025
8.494
2.402
22.726
21.249
22.502
1.280
0.899
0.660
5.856
16.687
0.999
3.570
21.530
10.249
