20000101
16.120
16.137
16.362
16.426
16.332
16.499
16.366
16.583
16.561
16.354
16.600
16.544
16.587
16.964
17.517
17.451
17.130
16.785
17.194
17.465
16.733
17.021
17.180
17.622
17.534
17.764
18.009
18.448
18.741
18.900
18.758
17.949
18.102
18.220
17.777
18.993
19.071
19.266
19.383
19.292
19.082
19.628
20.300
20.301
20.366
20.422
20.458
20.819
20.822
20.612
19.055
21.060
20.882
17.448
10.874
21.574
22.250
21.823
21.908
21.712
21.632
21.684
21.990
22.254
22.540
23.011
22.900
23.406
23.844
23.604
22.652
22.962
22.930
23.498
23.496
23.536
23.253
24.513
24.953
24.921
24.098
24.440
24.992
25.231
25.205
25.278
25.448
25.951
25.756
25.290
24.978
25.233
25.602
26.092
25.641
25.657
25.857
25.597
25.511
26.249
26.212
25.852
25.892
26.027
25.929
25.884
26.054
26.621
26.567
26.933
26.813
26.225
26.083
25.821
26.071
26.196
26.502
26.351
26.523
26.486
26.694
26.939
26.715
27.057
26.841
26.960
22.970
24.636
23.451
22.025
25.046
22.692
17.551
18.577
25.354
25.005
23.297
23.593
16.434
21.129
21.115
26.392
26.809
26.656
26.869
26.792
26.946
26.998
25.133
24.502
17.128
19.979
25.799
26.951
19.201
24.036
16.634
23.478
19.320
20.794
25.057
26.969
27.106
25.558
23.676
26.039
24.800
26.754
27.050
27.132
26.359
22.897
24.405
21.448
22.375
25.140
25.433
25.776
26.415
22.846
23.603
21.726
17.666
13.459
21.698
8.885
23.853
23.806
23.411
5.639
5.983
14.155
11.400
8.977
8.154
4.698
3.614
13.356
18.261
14.618
14.443
20.723
7.602
18.812
23.104
24.995
21.002
25.135
25.847
25.966
8.209
7.150
22.061
22.363
23.185
10.780
25.832
25.914
25.688
25.748
23.489
23.926
20.590
8.176
22.119
15.283
12.147
17.452
15.619
6.007
14.620
6.278
4.164
4.393
12.794
21.876
24.095
20.849
24.062
22.671
22.772
20.161
14.431
3.110
8.655
14.363
20.854
7.377
3.313
22.245
15.175
23.385
23.564
23.050
23.500
23.479
23.385
22.879
16.012
10.298
23.060
23.058
22.545
22.540
22.325
21.967
9.534
17.700
16.233
22.195
22.084
22.192
22.226
22.012
22.175
22.256
22.169
22.053
21.710
21.517
21.214
18.916
15.399
18.497
18.237
19.442
20.532
19.120
21.025
21.498
21.311
20.975
20.698
20.740
20.675
20.523
19.902
19.610
19.407
19.332
19.379
19.574
19.596
19.688
19.698
19.540
19.409
19.244
18.777
18.563
18.459
18.138
18.014
18.001
18.060
17.872
17.509
17.854
17.745
17.681
17.320
17.325
17.514
17.549
17.784
17.522
17.390
17.192
16.679
16.773
16.766
16.401
16.831
16.859
16.936
17.450
17.564
17.296
17.026
16.766
16.601
16.556
16.526
16.469
16.372
16.231
16.312
16.197
16.316
16.260
16.250
16.209
16.096
15.894
16.024
16.270
16.286
16.508
16.470
16.455
16.540
16.500
16.490
16.393
2.811
15.838
16.255
16.330
16.424
16.475
16.632
16.311
16.467
16.753
16.844
16.705
16.610
16.800
17.158
17.209
17.058
17.008
16.801
17.014
17.037
17.152
17.396
17.469
18.338
18.731
18.728
18.715
18.477
18.142
18.320
15.830
18.342
18.412
19.220
19.432
19.632
19.823
19.704
19.812
20.015
20.001
19.838
19.764
20.196
19.767
20.099
20.333
20.415
20.586
20.691
20.642
20.666
21.719
21.425
20.936
21.108
20.005
21.200
21.329
21.862
21.609
22.530
22.469
20.982
23.114
23.177
23.159
23.331
23.570
23.430
22.236
13.737
20.392
23.023
22.859
23.429
23.935
24.037
21.646
23.396
23.349
23.231
11.992
22.363
24.166
24.373
24.158
24.356
25.044
25.532
25.352
25.312
25.701
25.603
25.393
26.234
26.503
25.704
24.668
26.234
26.200
23.603
24.221
12.786
22.305
20.030
24.806
18.264
15.142
16.366
26.585
26.550
27.127
27.147
26.537
27.053
27.138
27.117
26.818
26.958
26.603
27.246
26.892
27.169
26.728
26.928
26.645
26.830
27.209
26.844
26.850
27.152
27.208
27.115
27.152
26.827
26.418
25.521
24.453
24.822
24.841
25.165
26.281
27.098
27.049
25.702
25.988
25.101
24.804
22.490
22.244
25.850
19.879
20.655
10.806
23.487
21.078
20.695
22.621
22.080
25.927
22.938
17.671
15.759
24.364
17.617
20.998
14.402
13.413
23.829
21.915
25.647
26.685
26.922
26.662
24.083
23.351
25.009
23.624
24.768
20.615
15.294
11.335
12.023
16.928
0.756
14.437
26.004
25.363
16.668
21.034
20.718
9.604
13.424
11.127
17.318
5.684
4.310
2.909
4.662
11.963
1.241
3.641
16.158
2.861
20.563
18.015
14.424
21.539
23.012
11.047
15.549
16.347
23.255
25.480
21.932
16.296
23.065
17.686
21.889
18.201
22.354
23.589
21.779
22.090
21.662
24.467
22.110
1.935
0.885
17.400
24.698
24.075
20.504
14.418
15.754
22.436
23.221
22.805
24.575
22.062
19.953
13.386
24.280
23.874
23.701
24.156
23.924
23.789
23.607
20.492
23.010
23.604
23.484
23.314
23.122
22.812
21.788
22.200
18.242
14.927
21.442
21.679
9.300
15.599
18.241
5.417
20.526
21.270
20.081
21.232
22.368
22.423
22.334
21.837
14.312
7.711
15.676
18.739
21.047
20.752
18.226
19.190
19.726
12.650
1.124
19.171
15.093
11.072
17.953
20.583
20.815
20.782
20.542
20.409
20.264
20.224
20.095
19.980
19.760
19.377
19.461
19.338
19.038
18.866
18.867
18.934
18.901
18.776
18.662
18.457
18.448
18.381
18.627
18.684
18.660
18.315
18.383
18.436
18.281
17.590
17.251
16.955
17.293
17.082
17.020
17.116
17.168
17.264
17.246
17.177
17.040
17.158
16.997
16.991
16.976
16.830
16.608
16.803
16.874
16.472
16.341
16.240
16.137
15.759
15.686
16.192
16.130
16.127
15.960
15.779
15.749
15.868
15.914
15.961
16.295
16.619
16.562
16.514
16.033
16.044
16.129
16.260
16.131
16.020
16.310
16.413
16.331
16.490
16.601
16.443
16.172
16.131
16.608
16.805
16.555
16.544
16.640
16.703
16.215
15.821
16.796
17.169
17.153
17.350
17.441
17.409
17.447
17.734
17.775
17.422
17.615
18.295
18.835
18.836
19.014
19.090
18.688
18.784
19.035
18.354
18.674
18.879
19.890
20.122
20.258
16.746
19.266
20.166
20.338
19.989
20.107
19.970
10.186
13.163
20.356
20.727
20.496
20.788
20.654
21.236
21.639
21.671
21.502
21.266
21.284
21.617
22.214
22.491
22.475
22.607
21.953
21.900
21.288
20.829
20.130
3.999
17.237
11.491
22.813
23.415
24.030
24.024
23.969
22.234
23.167
24.339
24.488
24.346
24.304
23.283
24.980
25.764
25.893
25.907
25.356
24.780
25.985
25.678
25.462
25.030
21.540
10.219
13.245
25.354
25.821
26.210
25.952
25.887
25.779
25.459
26.138
25.917
25.179
24.041
23.437
26.397
26.732
26.102
26.914
27.234
28.276
27.755
27.366
27.537
27.551
27.605
27.685
27.972
27.454
27.548
28.014
27.490
26.980
22.695
26.145
26.421
26.747
26.628
26.745
26.782
27.145
20.214
26.785
27.534
27.151
27.156
27.251
26.872
26.871
27.148
27.224
27.265
26.801
26.402
22.820
25.088
23.573
26.213
26.661
26.426
27.019
27.093
26.906
26.751
27.129
26.721
25.779
24.762
23.845
17.930
22.924
23.386
21.925
19.257
19.225
23.147
23.775
23.559
24.962
22.579
17.930
17.234
19.740
17.648
1.549
8.124
26.213
26.173
26.607
16.063
25.380
23.272
22.419
24.728
24.196
13.281
23.358
24.206
19.998
25.780
4.313
6.519
7.176
7.041
5.777
2.299
9.772
2.302
3.011
3.825
2.955
3.727
15.992
26.094
25.315
26.213
26.109
16.880
23.087
20.545
16.123
4.729
4.818
12.135
10.290
1.353
21.169
6.208
2.640
2.392
2.325
5.189
15.216
6.665
11.982
14.739
24.552
21.241
17.154
17.136
23.196
18.379
5.639
18.191
23.824
24.055
2.184
15.554
21.461
21.656
10.895
11.303
19.686
19.121
23.840
23.617
19.836
23.033
5.481
23.640
23.507
23.578
23.325
23.274
23.113
22.435
19.313
20.813
19.172
21.884
20.685
21.092
21.499
21.003
7.121
21.298
21.527
21.592
17.939
22.061
21.933
22.091
22.109
21.917
21.834
21.685
21.510
21.128
20.643
20.803
20.786
20.683
20.572
20.348
20.206
20.526
20.366
19.940
19.642
19.990
20.157
20.119
19.915
19.853
19.931
19.848
19.330
19.036
18.954
19.174
19.349
18.983
18.882
18.740
11.858
6.000
16.909
17.088
15.964
14.682
17.724
16.859
17.459
17.869
18.017
17.827
17.641
17.351
17.458
17.141
17.227
16.968
12.901
16.891
16.993
17.001
16.863
15.793
16.912
16.874
16.891
16.541
16.867
16.588
16.182
15.934
15.905
16.023
16.024
16.324
16.132
16.080
15.932
15.878
15.826
15.861
15.937
15.440
15.606
15.674
16.094
16.052
15.538
16.003
15.497
15.888
16.051
16.152
13.699
16.207
16.259
16.217
5.097
15.845
15.999
15.849
16.176
16.546
15.963
14.878
16.324
15.070
16.744
17.215
17.070
17.416
17.703
17.748
17.320
16.621
17.191
17.414
17.531
17.712
16.895
16.247
16.014
17.524
18.028
18.039
13.871
17.945
18.207
17.552
18.508
18.800
18.775
19.430
19.028
19.165
19.226
19.467
19.819
20.052
20.110
20.145
19.945
17.824
13.027
20.349
20.142
20.417
20.276
20.316
20.805
20.863
20.911
20.945
21.238
21.187
21.165
22.661
23.715
23.057
23.125
23.419
23.308
23.005
22.924
23.080
23.853
23.604
23.369
22.249
23.408
16.959
23.477
24.119
24.175
24.443
24.005
24.109
24.456
24.363
24.613
24.744
24.310
24.443
24.701
24.931
24.999
24.980
24.487
24.367
23.883
24.863
25.212
25.632
25.428
14.568
24.594
18.786
25.730
25.734
25.588
25.411
25.255
25.200
26.368
26.317
26.204
26.918
27.005
27.212
26.782
26.802
27.031
27.234
27.259
27.248
27.213
27.362
26.889
27.775
27.587
27.126
27.127
27.467
27.688
27.496
27.694
27.634
27.490
27.776
27.775
27.460
27.387
26.101
26.900
26.791
26.814
26.828
25.300
26.782
27.001
25.928
26.815
27.408
20.616
27.227
27.725
27.448
23.083
25.265
27.138
27.047
27.003
26.749
25.585
26.327
26.658
26.671
26.738
23.983
22.652
16.281
10.856
18.242
17.839
13.829
7.479
20.504
22.987
24.696
21.078
14.532
15.038
16.582
21.615
23.836
21.557
18.724
16.687
22.112
15.552
1.870
20.422
21.339
14.012
13.776
16.767
10.364
8.169
25.327
22.412
22.305
6.507
18.741
22.831
23.531
14.498
13.625
10.367
12.851
8.566
7.392
15.211
14.154
6.944
9.131
9.968
14.458
10.744
17.174
16.608
16.213
21.389
24.106
24.762
22.623
22.940
20.910
6.391
21.486
22.350
23.667
24.047
13.881
20.907
13.459
13.223
22.881
23.297
19.372
5.122
20.894
2.261
4.844
15.324
21.470
22.365
1.808
9.595
5.356
14.003
17.535
22.602
22.649
8.704
16.302
23.341
20.467
19.714
14.911
23.276
23.180
22.529
20.027
17.677
21.489
21.141
8.409
20.923
20.890
20.753
15.446
12.275
11.960
15.892
21.764
21.239
20.804
21.324
20.926
20.197
17.954
22.032
22.085
22.066
21.493
20.308
20.779
21.254
21.204
21.224
21.208
21.015
20.989
20.316
20.245
20.165
20.437
20.465
20.237
20.222
20.042
19.939
19.953
19.943
19.591
19.395
19.314
19.103
19.081
19.643
19.291
18.465
17.392
16.562
18.119
18.014
17.980
18.001
18.231
18.617
18.099
17.729
17.587
17.557
17.381
17.044
16.969
17.042
17.305
16.942
17.193
17.505
15.935
15.486
16.223
16.375
16.505
16.324
16.818
16.698
16.991
16.720
16.640
16.447
16.367
16.412
15.972
16.007
15.788
15.951
15.708
15.784
15.783
15.818
16.405
16.251
16.033
15.949
15.789
16.004
15.964
16.273
16.213
16.030
16.002
16.557
16.426
16.314
16.365
16.260
16.105
16.150
16.289
15.992
15.442
15.565
15.695
16.189
16.249
16.267
16.430
16.487
16.519
16.496
16.951
16.149
16.735
17.227
17.236
14.272
16.861
14.586
14.357
17.770
13.988
17.782
17.974
17.822
17.739
13.679
17.016
18.588
19.028
19.202
18.831
19.266
19.735
19.628
19.430
19.551
19.466
19.915
19.695
19.506
19.922
20.286
20.421
20.491
20.397
20.220
20.501
20.846
21.059
21.326
21.467
21.546
21.596
21.620
21.850
22.214
22.228
22.185
22.207
22.092
20.926
23.220
23.320
23.715
23.361
23.570
23.555
23.347
23.307
23.697
23.592
23.930
24.114
24.248
24.540
24.952
24.251
24.254
24.233
24.440
25.019
24.734
24.879
24.861
24.788
25.221
25.152
23.616
24.898
22.761
24.477
25.404
25.658
25.343
25.016
25.232
25.379
25.340
25.880
25.621
25.700
25.974
25.872
26.043
25.874
25.885
25.839
26.529
25.529
26.962
26.809
26.718
27.152
26.679
26.484
26.683
26.271
28.039
28.073
27.906
28.187
27.854
27.379
10.401
8.713
14.461
7.549
20.623
18.190
17.863
20.452
26.539
26.736
20.093
26.914
27.365
27.373
27.091
27.102
26.971
27.135
27.257
26.906
27.256
27.391
27.418
27.499
27.285
27.279
27.052
27.099
27.092
26.796
27.088
24.128
16.625
9.508
15.608
19.077
20.525
14.382
10.300
8.360
8.115
15.161
9.249
24.654
25.643
25.912
24.814
23.695
14.627
10.483
8.097
14.426
24.677
25.585
14.723
22.857
15.438
24.924
11.574
20.377
16.782
9.158
12.847
16.894
21.745
6.848
20.499
23.916
24.909
22.427
23.948
14.560
22.337
21.991
19.342
24.368
22.522
17.385
19.579
20.305
19.386
8.283
11.417
9.381
21.128
18.724
21.564
3.914
18.872
15.676
11.945
17.910
4.470
6.749
15.453
12.671
1.852
4.008
13.010
2.768
16.953
1.805
7.921
20.840
23.959
13.437
15.111
23.739
8.054
13.792
22.000
24.436
23.455
23.764
23.570
24.167
24.288
24.057
20.840
19.320
9.480
23.557
22.352
23.512
23.597
23.082
23.478
23.268
23.118
23.124
21.427
19.602
10.996
19.934
20.707
8.092
17.049
15.911
19.434
19.680
21.396
18.907
19.065
21.338
21.222
18.976
16.539
19.306
4.558
16.942
19.308
20.142
20.411
20.727
20.490
19.005
19.344
20.736
21.427
21.097
20.842
20.936
20.902
20.701
20.527
20.241
20.021
19.784
20.009
19.996
20.088
19.521
19.584
19.359
18.491
18.721
19.252
18.616
18.773
18.331
17.261
18.518
18.546
18.119
15.382
18.014
18.188
17.511
11.127
17.327
17.163
17.374
17.011
17.207
16.493
16.051
17.200
17.149
17.023
16.980
16.847
16.749
16.561
16.540
16.460
16.429
16.557
16.570
10.678
16.325
15.745
15.905
16.010
15.941
15.853
16.020
15.691
15.357
15.942
16.153
15.959
15.855
16.001
16.306
16.213
16.222
16.182
15.398
15.622
15.384
15.642
15.689
15.833
16.073
15.857
15.611
14.042
13.475
13.352
16.405
16.204
16.525
16.238
16.092
16.205
16.500
16.564
16.375
16.346
16.857
16.813
16.846
16.480
15.565
9.178
17.401
17.503
17.313
17.236
11.240
17.628
17.430
17.139
16.143
17.317
12.626
18.220
17.955
17.323
15.880
18.367
18.655
18.544
18.385
18.220
18.610
17.971
18.234
19.072
19.042
19.346
19.244
19.200
19.474
19.288
20.075
20.077
21.027
21.651
21.833
21.393
21.755
21.692
21.272
21.098
21.190
21.274
20.229
20.964
17.805
21.322
20.428
22.154
19.583
17.034
19.284
21.274
22.222
22.826
23.083
23.526
23.710
23.335
23.310
24.046
24.246
23.722
23.901
23.736
24.349
24.804
24.774
24.669
24.157
24.429
24.619
25.397
26.303
25.934
26.222
26.073
26.296
26.261
26.191
26.000
25.843
26.438
26.614
27.650
27.473
27.134
27.072
26.755
25.904
24.968
25.932
27.122
27.011
26.943
25.193
22.913
24.730
26.048
25.903
26.578
26.390
26.026
20.993
20.646
21.585
19.953
22.777
19.307
23.670
23.444
24.906
24.647
25.863
27.363
27.917
27.919
27.491
27.602
27.345
27.217
27.214
26.911
26.961
27.224
27.124
27.593
25.567
26.875
27.394
27.611
22.055
23.945
18.345
27.063
26.311
21.889
27.366
27.618
27.074
27.384
27.564
27.138
23.877
25.687
27.165
25.576
24.317
16.112
26.838
26.510
24.927
26.307
21.828
4.710
13.529
16.795
22.753
20.957
19.253
23.833
18.902
25.333
20.644
19.558
24.707
19.771
18.468
15.670
20.000
23.043
23.164
15.360
15.575
14.073
3.557
21.412
2.398
8.421
10.907
18.556
4.589
8.133
23.133
23.519
22.924
25.993
23.294
25.756
10.586
17.604
17.980
8.719
2.506
4.266
6.284
24.473
24.398
13.840
13.261
8.396
17.104
4.033
4.948
10.202
13.771
24.263
13.915
19.160
20.667
21.056
22.922
16.213
14.051
24.621
24.446
23.753
24.318
24.014
24.516
24.467
18.547
13.305
24.331
24.037
24.092
21.445
24.046
24.580
24.110
20.837
23.950
22.907
15.025
17.819
16.309
19.154
22.285
22.046
20.698
22.413
14.414
11.856
20.914
7.292
6.386
18.496
21.354
19.688
20.651
7.386
1.284
19.780
20.350
20.759
19.590
21.516
21.262
15.286
21.694
21.548
21.472
21.307
21.192
21.032
21.077
21.191
18.277
20.848
20.750
20.441
20.543
20.729
20.353
20.422
18.514
12.203
20.289
20.051
19.869
19.818
19.777
17.698
6.211
19.556
19.243
19.475
19.513
19.226
18.989
18.960
18.464
18.478
18.325
18.373
18.288
18.316
18.743
18.627
18.182
18.258
18.331
18.121
17.937
17.691
17.350
17.471
17.471
17.471
17.413
17.286
17.101
16.920
16.836
16.587
16.450
16.836
16.632
16.540
16.513
16.271
7.331
16.394
16.525
16.703
16.479
16.514
16.633
16.431
16.597
16.354
16.348
16.279
16.121
16.168
16.459
16.326
16.128
16.091
16.021
16.098
16.177
16.526
16.336
16.206
16.330
16.090
16.018
16.017
16.121
15.814
15.825
16.326
15.979
15.840
9.051
16.272
16.483
16.530
16.656
16.768
16.897
16.666
16.783
16.915
16.805
17.039
16.584
16.399
7.206
17.555
17.639
17.887
17.979
17.846
18.146
18.095
18.119
17.890
18.348
18.398
17.804
18.219
18.525
18.907
19.251
19.333
19.287
19.014
19.237
19.525
19.711
19.821
19.888
19.855
19.860
19.977
19.958
20.068
20.315
20.150
20.772
21.023
21.219
20.994
20.933
8.141
5.216
12.951
21.470
22.331
22.107
22.330
22.441
22.653
22.604
22.254
13.855
17.801
21.741
22.905
20.971
20.414
13.344
23.461
23.650
23.347
9.647
23.409
24.016
24.295
23.683
24.005
24.151
25.045
24.884
25.759
25.724
25.819
25.428
24.488
24.987
25.290
25.005
25.148
25.044
25.323
25.426
25.279
25.931
25.941
25.844
26.064
25.684
24.792
24.655
25.441
26.883
26.089
26.204
26.263
25.573
26.144
24.378
24.932
26.748
26.410
26.218
26.455
26.471
26.502
27.021
27.046
27.007
27.090
27.484
27.378
27.178
27.198
27.032
27.166
27.268
26.982
26.934
26.695
26.746
26.134
27.004
16.963
22.352
24.166
25.068
25.904
25.176
26.098
26.827
27.076
26.777
26.998
23.243
24.009
10.693
7.448
25.906
25.105
25.727
25.737
25.982
26.638
26.923
25.966
25.556
23.653
25.243
21.079
26.461
25.540
27.173
25.487
22.987
24.745
26.156
23.451
23.424
18.043
13.032
16.999
18.568
17.622
23.453
22.678
14.209
19.988
12.157
15.182
8.478
13.094
9.095
11.814
8.911
6.117
14.665
8.827
16.778
17.925
20.896
24.442
10.927
19.759
4.908
4.631
4.021
17.666
7.441
8.970
23.343
23.505
13.190
7.928
1.469
22.172
6.440
1.579
5.999
19.804
8.725
16.718
20.985
13.275
14.145
2.996
5.250
4.725
16.131
21.055
23.445
20.512
19.073
7.610
10.924
1.531
1.510
7.294
6.001
16.867
13.059
6.606
10.753
8.451
10.179
11.554
23.343
3.334
12.985
18.619
20.987
23.467
17.417
6.052
6.010
18.196
23.071
22.958
11.419
22.658
22.980
4.035
22.693
22.300
22.282
21.548
22.063
21.447
19.345
21.377
20.686
21.151
19.950
19.607
20.874
19.304
14.729
20.556
20.057
21.291
21.268
21.542
21.667
21.452
21.370
21.286
21.180
20.906
21.289
20.828
20.334
19.932
10.674
20.354
12.598
20.014
19.784
19.737
19.612
18.955
19.479
18.672
19.345
19.245
18.988
19.104
19.165
18.959
18.887
18.986
18.856
18.663
18.569
18.293
16.769
4.338
15.932
18.065
18.066
18.026
17.748
17.590
17.470
17.301
17.274
15.199
17.277
17.229
17.047
16.108
16.743
16.476
17.019
16.993
16.968
16.912
16.728
3.946
16.040
16.440
16.276
16.317
16.004
11.880
14.659
15.766
16.040
15.399
16.076
16.155
16.222
16.085
15.737
15.450
15.880
15.822
16.152
15.923
16.020
16.035
15.939
15.623
15.404
5.531
11.951
15.782
16.014
15.977
15.999
16.162
15.677
15.718
16.080
16.123
16.108
16.087
16.215
16.254
16.228
16.256
16.390
16.734
16.824
16.649
16.774
16.837
17.214
17.094
16.992
17.003
17.248
17.381
17.518
17.643
17.598
17.325
17.440
17.238
14.894
17.531
18.104
18.429
18.450
18.473
18.682
18.938
18.286
18.412
19.000
18.319
11.475
19.093
19.426
19.374
19.706
19.441
19.983
20.159
20.035
20.406
20.488
20.404
20.107
17.792
11.408
21.028
21.108
21.339
21.459
21.184
21.724
21.977
22.012
22.322
22.582
22.764
22.917
22.312
22.194
22.495
20.295
18.599
23.421
23.409
23.568
23.527
23.682
21.819
22.465
23.557
24.159
24.395
24.227
24.528
24.726
24.898
24.926
25.044
24.879
24.635
14.937
25.275
25.692
25.683
25.147
25.243
25.357
25.503
25.700
25.799
26.108
26.188
26.156
25.784
13.364
24.277
25.090
25.010
16.824
20.274
26.205
26.410
26.678
26.209
26.729
27.146
27.017
25.159
18.396
19.568
26.657
16.013
26.638
26.893
20.825
11.649
18.971
26.642
26.806
26.875
26.997
27.125
26.980
27.069
26.867
26.774
26.762
26.844
25.021
26.418
14.799
27.143
27.452
27.504
27.548
27.322
23.676
23.693
14.560
19.325
19.924
14.991
25.333
9.056
8.707
7.862
10.260
25.342
26.571
26.844
26.887
26.702
26.462
24.457
17.012
19.329
18.587
23.237
18.843
21.081
14.310
7.344
21.562
23.580
5.924
7.316
9.397
14.464
21.111
9.196
12.936
17.570
15.791
4.322
5.466
12.423
6.320
9.915
14.334
9.041
3.513
14.056
24.640
20.813
10.006
20.047
21.745
4.342
25.732
23.671
22.115
24.856
24.052
24.904
8.770
4.236
12.791
24.601
13.552
23.129
23.672
22.046
18.463
14.188
6.949
3.623
15.101
19.143
15.990
21.777
3.269
13.634
17.697
8.104
5.240
2.809
8.427
6.183
3.506
12.252
20.604
19.599
2.675
19.814
20.733
22.975
24.109
23.774
20.704
21.821
18.158
20.567
17.561
21.086
21.143
21.796
21.193
22.098
2.351
10.234
23.371
22.507
22.494
19.529
22.273
22.859
22.957
22.853
22.700
21.957
12.235
16.564
20.067
18.838
20.596
21.007
9.676
19.751
20.594
18.961
21.129
10.858
21.673
16.070
16.277
22.020
22.069
21.926
21.678
21.717
6.350
21.004
20.820
15.379
19.174
19.238
20.875
20.767
20.897
21.085
20.975
20.673
20.482
20.449
20.148
19.762
19.754
19.364
19.548
19.474
19.238
19.233
19.238
19.133
18.542
19.025
18.890
17.886
18.411
18.657
18.046
17.921
17.863
17.888
17.825
17.716
17.609
17.689
17.601
17.512
17.870
17.711
17.687
17.584
17.740
17.502
17.346
17.280
17.211
17.229
17.014
16.712
15.877
15.003
15.233
15.558
16.569
12.786
16.085
14.183
15.623
16.466
16.193
16.090
15.661
15.956
16.178
16.044
16.172
15.996
16.099
15.951
15.901
15.913
15.737
15.797
14.874
15.122
15.187
15.780
15.940
15.915
16.526
16.540
16.401
16.269
16.301
16.287
16.214
15.793
15.786
15.899
15.856
15.926
16.006
16.470
15.953
16.719
16.727
16.036
16.622
14.532
16.867
17.469
17.444
16.330
16.491
17.614
17.924
18.104
18.115
18.237
17.625
17.770
18.415
18.945
18.836
17.635
18.706
19.279
19.130
18.883
18.237
19.706
20.014
20.040
20.363
20.559
20.756
20.382
20.299
20.594
20.997
20.872
20.942
21.112
21.054
21.192
20.533
21.559
21.923
22.185
22.513
22.569
22.550
22.515
22.486
22.336
22.310
22.697
22.808
22.600
23.303
23.068
21.268
17.396
20.210
19.205
22.769
23.129
23.516
23.825
24.135
24.059
24.207
24.779
24.802
24.766
23.616
14.073
24.232
21.905
19.285
24.856
6.485
25.015
24.298
24.846
22.128
17.937
23.020
24.935
9.601
23.035
24.985
21.816
22.198
25.274
25.676
25.984
26.256
26.157
26.369
26.964
26.816
26.738
26.650
26.844
26.688
26.837
26.864
26.995
27.168
27.244
26.865
26.812
26.426
26.058
26.726
26.802
27.025
24.666
24.564
25.025
20.826
26.766
26.926
26.925
26.639
26.774
27.044
26.810
26.802
26.802
26.907
27.035
27.208
26.902
26.942
27.348
27.705
27.145
26.040
27.154
26.712
27.007
27.106
26.259
25.512
23.756
22.956
17.941
20.360
23.752
17.259
21.070
9.727
20.378
2.767
15.362
18.250
22.883
23.122
5.187
24.300
15.109
7.638
14.973
23.536
26.201
25.549
16.463
14.716
9.493
20.547
17.625
5.652
8.422
23.633
13.644
22.535
19.954
22.585
5.803
9.145
2.572
20.393
3.600
11.609
13.899
12.797
19.098
18.710
25.210
17.560
19.293
14.305
16.794
16.056
16.880
14.362
17.025
11.789
4.245
2.717
22.217
23.669
19.927
16.297
1.523
19.653
21.261
17.843
13.435
5.689
4.541
9.636
14.001
22.319
2.309
13.142
2.488
11.911
8.499
18.181
8.949
20.240
16.270
22.179
21.115
19.018
21.557
14.436
17.786
5.376
23.509
23.468
23.604
24.012
23.181
23.245
16.646
21.833
22.566
23.187
21.776
23.672
19.032
18.678
15.738
20.501
22.350
17.684
16.238
13.320
13.168
9.328
20.456
21.784
22.130
21.002
22.045
22.026
21.997
22.047
21.531
21.477
21.917
21.463
18.779
20.859
20.472
19.269
20.043
20.735
17.416
20.472
19.983
8.758
20.705
20.823
20.813
20.813
20.603
20.144
18.687
19.878
20.213
20.054
20.168
20.054
19.872
19.640
19.821
19.515
19.491
19.122
18.718
18.815
18.817
18.985
18.736
18.879
18.621
18.804
18.563
18.498
18.442
18.310
18.297
18.214
18.075
17.998
17.832
17.626
14.228
17.144
4.565
10.208
16.995
17.414
17.485
17.487
17.315
17.085
17.112
17.051
16.903
16.409
10.227
5.897
14.744
15.416
15.752
15.686
14.439
14.270
15.912
15.360
15.625
15.780
15.886
15.909
15.636
15.563
15.448
15.329
12.543
7.774
13.639
14.835
15.790
16.076
16.332
16.541
16.467
16.447
16.147
16.195
16.371
16.276
16.236
16.266
16.245
16.016
2.953
16.298
15.808
15.969
8.197
15.580
15.992
14.926
15.663
5.718
5.812
16.238
8.087
16.579
13.706
13.723
12.756
17.114
17.260
15.503
17.425
17.795
18.017
18.240
18.055
18.592
18.705
18.540
18.676
18.945
18.483
18.645
18.962
19.323
19.341
19.536
19.160
19.818
19.554
19.529
19.439
20.064
20.349
20.435
20.404
20.463
20.301
19.959
20.314
21.070
20.938
21.029
21.037
21.180
21.410
21.399
22.046
22.177
21.830
22.393
22.537
22.881
22.571
23.012
23.340
23.452
23.284
23.454
21.923
23.625
23.771
23.591
23.693
23.462
22.120
23.230
21.170
23.210
23.009
24.297
24.355
21.193
23.973
22.442
24.422
24.696
24.643
24.591
24.444
23.846
21.404
24.653
24.859
25.438
25.921
26.060
26.407
26.642
26.498
25.318
16.437
26.214
26.874
27.127
27.240
26.752
26.961
27.009
27.318
27.036
26.932
27.555
27.630
27.424
27.512
26.750
26.683
27.057
27.132
26.764
26.895
26.855
27.184
27.082
27.540
27.064
26.562
26.308
26.675
26.899
26.805
26.874
26.821
25.683
26.632
26.597
26.925
26.023
26.942
27.545
27.194
27.505
27.379
27.100
26.984
25.585
25.050
26.534
25.072
25.828
25.888
26.349
25.182
27.466
27.162
26.919
27.042
25.486
24.785
24.399
26.855
26.819
25.509
22.534
21.864
24.921
27.180
26.904
10.705
21.018
13.598
22.264
19.447
21.723
10.317
19.293
20.649
18.122
4.439
17.191
23.629
19.544
19.767
21.733
21.835
2.658
4.135
20.683
25.186
20.144
5.343
22.238
22.958
19.242
4.916
10.741
23.147
5.733
16.113
10.635
5.031
4.032
2.852
7.027
4.788
4.202
14.226
7.238
5.623
6.734
25.516
25.373
14.528
15.953
10.280
19.145
15.459
22.415
18.636
16.812
16.175
16.295
11.336
9.490
24.558
23.868
24.478
23.043
24.072
23.824
24.518
20.383
19.148
9.079
10.323
7.668
6.373
2.115
16.894
17.189
22.385
23.318
22.308
23.404
23.439
23.416
22.515
23.181
15.149
23.131
22.792
23.368
23.476
23.392
23.156
23.271
22.947
22.628
23.032
22.728
22.466
22.490
22.472
22.158
22.029
21.849
21.502
21.780
20.738
22.163
21.207
19.619
19.821
13.539
15.123
21.170
21.175
21.015
21.014
20.673
12.981
15.823
20.798
20.634
20.352
20.291
13.048
20.283
20.194
20.187
20.185
20.432
20.571
20.211
19.759
19.630
19.378
18.837
19.123
19.228
19.237
19.073
18.759
18.649
18.592
18.471
18.263
17.897
17.655
15.602
8.154
11.683
16.939
16.949
16.954
16.939
17.208
17.314
16.909
17.155
17.219
17.275
17.048
16.493
17.158
16.607
16.795
16.442
16.433
16.191
16.551
16.557
16.276
16.147
16.187
16.313
16.297
16.230
16.280
15.251
16.300
15.679
15.635
15.357
15.535
15.517
15.324
15.886
15.689
12.022
8.630
9.075
15.054
15.716
16.024
16.138
16.137
15.991
3.719
15.976
16.115
16.215
15.384
6.330
16.060
16.809
16.772
16.646
16.257
16.441
16.327
16.050
15.977
16.892
17.017
17.074
17.016
17.138
17.183
17.327
17.502
17.512
17.670
17.672
17.842
17.873
17.872
17.851
17.456
18.009
18.072
18.557
18.334
18.409
18.340
16.750
18.255
18.493
18.595
17.205
19.269
19.644
18.396
19.660
19.841
20.072
20.566
20.505
20.453
21.042
21.334
21.019
18.793
19.761
20.958
21.253
21.373
21.589
21.749
21.928
21.892
21.312
20.297
21.201
19.907
20.687
20.709
22.507
22.829
23.007
22.697
23.595
23.638
23.465
23.335
23.300
23.444
23.500
23.793
24.220
24.294
24.454
24.368
24.523
24.245
24.478
24.693
24.931
24.963
24.882
24.876
24.560
24.721
25.506
25.448
25.684
25.589
26.228
19.124
17.674
26.055
25.736
25.903
25.669
26.108
26.036
26.018
26.297
26.159
25.924
25.906
25.802
26.256
26.763
26.652
26.555
26.593
26.259
26.675
26.445
26.640
26.557
26.134
26.391
26.319
26.581
26.656
26.811
26.815
26.978
27.485
27.032
26.928
27.280
27.029
27.148
27.166
27.214
27.775
27.500
26.920
27.483
27.272
27.330
27.302
27.173
26.772
26.902
26.881
26.987
27.153
27.423
26.044
17.198
9.607
24.598
24.072
23.391
17.531
26.747
27.018
22.577
26.227
27.075
24.029
25.358
17.060
15.638
18.063
24.319
24.266
25.808
24.695
24.928
23.039
19.532
24.863
22.082
18.743
21.631
21.090
24.210
24.280
16.351
18.883
8.984
6.621
16.219
21.758
25.231
25.525
11.701
15.162
7.216
15.163
25.114
24.730
16.680
21.184
23.337
15.100
21.710
24.011
23.667
11.930
2.130
1.564
14.202
5.207
21.742
22.977
24.472
21.981
5.294
14.238
20.066
16.701
6.653
12.872
22.063
8.264
17.480
21.897
23.421
24.009
24.431
20.867
23.310
21.920
23.953
22.740
12.809
21.627
23.337
21.522
22.318
15.113
21.883
22.186
22.496
23.681
22.979
19.985
17.289
9.580
20.070
21.937
17.516
16.994
19.786
19.699
21.755
19.784
12.438
13.651
6.239
9.121
20.888
22.268
21.747
22.682
22.433
17.095
21.237
22.465
21.963
22.016
22.339
22.859
22.222
22.141
21.938
20.382
21.649
22.060
21.647
21.638
21.617
18.722
21.609
21.464
21.354
21.512
20.932
20.004
19.904
20.107
20.174
20.274
20.459
20.176
18.799
17.997
14.359
19.172
19.341
19.691
19.555
19.229
18.795
19.105
19.030
18.700
18.581
18.426
18.942
18.833
19.033
18.709
18.491
18.325
18.398
15.225
16.157
14.906
11.708
12.343
15.558
16.629
13.175
8.556
16.210
16.379
16.481
17.107
8.170
3.013
4.000
2.266
14.536
16.023
13.956
16.302
16.032
16.063
16.229
16.214
16.506
16.199
15.924
16.136
16.531
16.595
16.188
16.236
16.403
16.275
16.272
16.232
16.393
16.357
16.326
16.353
16.415
16.415
16.482
16.474
16.021
16.114
16.293
16.088
11.523
1.523
8.629
15.638
16.636
16.520
16.597
16.716
16.100
16.361
16.903
16.676
16.665
16.754
17.095
16.766
16.642
16.333
16.372
16.994
17.455
17.222
16.518
16.973
17.350
17.257
17.308
16.761
17.155
17.628
18.317
17.921
17.711
17.897
17.921
18.284
18.218
18.353
18.721
18.880
18.626
18.698
18.404
18.545
19.142
19.239
19.216
19.368
19.318
19.528
11.554
20.084
19.979
20.218
20.480
20.404
20.960
19.849
20.853
21.067
21.182
21.154
21.680
21.387
21.142
20.914
20.386
21.521
22.011
22.112
22.329
22.366
23.084
23.469
23.776
23.541
23.428
23.499
23.235
23.845
23.625
23.865
24.317
23.728
24.104
24.155
24.086
24.291
24.405
24.746
24.917
25.105
24.724
25.057
24.969
24.727
24.614
25.649
25.643
25.577
25.288
25.176
25.562
25.427
25.083
25.157
24.698
24.977
22.206
25.000
25.064
25.275
25.941
26.601
26.675
25.764
26.844
27.162
27.375
26.845
26.910
26.583
26.573
26.244
26.343
22.121
26.439
26.652
26.341
26.118
27.262
26.572
26.722
26.999
26.890
26.981
26.557
26.839
27.007
26.794
26.767
22.324
26.409
26.935
26.570
24.795
24.735
25.092
26.501
26.753
26.689
26.656
26.780
27.024
27.113
26.915
24.903
25.276
11.014
18.832
24.640
23.584
23.873
23.468
24.950
24.560
24.864
26.119
25.780
23.139
22.176
23.226
24.729
16.638
22.360
21.085
19.643
21.369
11.361
9.474
23.891
22.151
15.020
0.899
18.663
18.598
18.289
25.712
24.603
25.007
19.925
2.694
24.093
13.543
7.187
7.531
11.825
25.172
19.369
2.893
5.817
13.832
14.316
5.903
8.322
17.932
13.418
19.754
2.138
5.554
7.280
22.295
23.298
21.526
9.514
15.921
12.088
16.900
24.145
7.786
18.430
17.223
22.801
8.413
1.631
0.667
7.137
8.355
2.989
8.920
9.814
5.184
4.607
14.794
17.861
16.205
20.813
23.209
23.453
22.992
17.857
11.476
18.680
22.466
21.594
11.827
21.600
22.959
1.625
19.917
22.748
5.762
3.805
6.520
5.011
15.193
9.126
18.813
5.528
18.495
12.284
22.384
22.323
21.489
18.337
6.310
19.540
22.267
22.532
22.134
16.308
21.731
21.617
21.030
21.624
21.663
21.483
21.500
21.707
21.677
21.612
21.496
21.269
21.047
21.063
20.248
20.874
20.841
20.372
19.252
19.580
20.197
20.106
19.923
19.661
19.874
20.358
20.003
19.617
20.093
20.080
19.692
19.488
19.579
19.341
19.425
19.266
19.151
18.980
18.962
18.763
17.905
14.175
17.971
18.177
17.963
16.284
17.884
18.033
17.835
17.522
17.532
17.707
17.453
17.419
17.457
17.459
17.525
17.512
17.178
17.248
17.148
16.604
16.594
16.449
13.476
12.155
15.307
15.604
16.171
16.056
15.842
15.942
15.996
16.282
16.209
16.236
15.944
16.349
17.007
16.860
16.322
16.294
16.211
16.441
16.112
16.149
16.095
16.199
16.049
15.607
15.941
16.232
16.440
16.298
16.252
16.220
16.271
16.234
15.774
16.117
16.141
15.998
16.004
15.566
14.095
16.464
16.684
16.470
16.753
16.631
16.775
17.068
16.819
16.759
16.037
17.091
17.431
17.291
17.532
17.552
17.013
17.403
17.329
17.491
17.745
17.704
18.023
18.272
18.179
18.625
18.801
18.767
18.460
18.332
17.532
18.648
19.186
20.475
19.975
19.877
19.712
19.439
19.217
19.744
20.041
20.110
20.142
20.095
20.358
20.743
20.579
20.781
21.140
21.649
21.856
21.587
21.633
22.302
22.450
22.057
21.571
21.844
22.021
22.336
22.422
22.886
23.483
24.093
24.009
23.785
23.604
23.861
23.677
23.666
23.747
24.096
23.992
24.049
24.407
25.427
25.373
25.445
25.619
25.462
24.977
24.437
24.438
24.892
24.765
24.661
24.827
24.874
24.891
24.674
25.109
25.084
25.146
25.340
25.544
25.321
23.263
25.453
25.092
22.956
25.575
25.481
24.811
24.134
24.838
5.010
25.784
26.500
26.321
26.051
26.313
26.419
26.726
26.526
26.856
27.089
27.407
26.986
26.719
26.668
23.395
25.178
24.302
21.214
23.341
24.715
26.668
26.553
26.586
26.725
27.053
27.110
26.884
27.047
26.939
26.988
27.065
26.894
27.488
27.105
27.280
27.218
27.114
27.340
27.289
27.132
27.043
26.861
26.846
24.709
25.563
25.106
23.373
23.479
21.630
18.315
20.989
16.964
17.861
18.022
17.818
20.883
18.393
19.843
26.095
24.763
24.070
26.182
22.252
22.078
20.677
22.179
22.867
17.330
22.389
24.326
21.123
19.237
22.013
23.543
15.235
7.007
22.378
24.635
24.667
10.882
2.559
20.936
24.138
8.186
7.488
10.775
24.201
12.640
15.724
4.385
4.989
21.203
21.769
5.626
6.570
20.541
16.682
23.469
21.848
10.566
8.562
11.690
6.508
9.112
4.092
18.941
15.473
23.918
17.948
5.803
9.854
18.677
5.178
13.009
11.658
3.430
7.019
3.995
5.554
6.551
23.233
10.434
2.882
18.225
12.621
9.559
2.770
12.100
21.247
20.052
22.729
22.395
23.009
21.711
23.156
19.199
19.283
21.618
20.530
0.710
3.989
16.969
15.441
15.886
3.084
18.764
6.138
22.107
20.023
21.063
19.219
20.748
21.185
19.695
19.629
21.062
20.535
19.793
22.156
21.988
21.976
21.797
21.435
21.542
21.205
20.969
20.176
21.009
20.858
20.000
20.808
20.886
21.485
21.047
20.878
20.636
20.604
20.474
20.376
20.233
20.066
19.966
19.929
19.707
19.507
19.441
19.619
19.614
19.630
19.665
19.412
19.559
19.314
19.020
18.945
18.397
19.246
19.001
18.923
18.902
18.502
18.274
18.012
18.120
17.831
17.758
16.685
17.314
17.443
17.680
17.568
17.584
17.294
17.170
17.103
17.061
16.938
16.760
16.782
16.727
16.738
16.666
16.576
16.529
16.562
16.216
15.865
16.044
15.969
16.011
15.816
15.808
16.301
15.796
16.036
16.123
15.787
15.346
14.341
15.661
15.650
15.589
15.798
16.349
16.179
16.022
16.054
16.185
16.311
16.266
16.299
16.232
15.718
15.863
16.197
16.054
16.571
16.496
16.528
16.661
16.724
16.805
17.005
16.647
16.743
16.571
16.564
16.239
16.499
16.316
15.873
16.609
17.479
17.580
17.860
17.702
17.768
17.757
18.113
18.033
18.104
18.455
17.518
18.332
14.507
16.661
17.935
17.733
17.881
18.018
18.350
19.521
19.620
19.993
19.732
19.164
18.982
19.300
19.144
18.087
17.974
20.048
20.297
20.270
20.128
20.477
20.458
20.526
20.703
21.500
21.476
21.647
21.896
22.490
22.746
22.827
23.081
23.027
22.796
22.787
22.906
22.911
22.896
22.748
22.938
23.599
23.253
23.458
23.368
22.472
23.452
23.825
23.886
23.672
24.262
19.307
24.204
24.326
24.822
23.115
19.235
24.277
24.495
24.825
24.114
25.069
24.757
25.074
25.258
25.594
25.805
25.681
24.866
24.691
25.554
25.652
26.344
26.109
25.892
26.018
26.023
25.844
24.472
25.471
22.911
25.762
22.030
20.766
17.910
25.849
26.311
26.454
26.281
26.405
26.506
27.004
27.257
26.720
26.559
27.050
26.673
26.618
27.430
27.449
26.743
27.142
26.842
25.577
25.119
25.133
27.009
26.850
27.113
27.082
27.013
27.234
27.468
27.062
26.991
26.759
26.729
24.763
25.183
26.824
27.045
23.655
20.770
18.789
20.734
10.305
21.564
24.100
18.781
25.724
15.597
16.350
24.921
19.614
23.086
19.752
20.743
19.515
15.601
0.794
25.842
26.196
22.302
25.091
24.927
24.818
24.714
13.106
16.888
21.572
17.917
23.528
24.372
23.254
7.739
12.401
7.868
16.151
14.178
16.900
12.325
17.791
9.319
4.757
6.084
8.008
2.809
14.841
13.059
3.782
16.208
23.485
19.058
1.105
14.903
24.627
5.332
13.583
5.384
2.745
5.212
19.499
14.878
3.559
23.056
11.739
20.904
16.978
15.206
3.761
7.403
9.981
3.775
14.561
11.743
13.419
11.877
11.677
16.053
19.726
22.620
24.001
23.100
1.889
4.646
11.258
5.787
2.600
13.865
18.539
12.456
14.664
21.568
22.904
23.139
20.113
23.698
23.615
23.514
22.705
23.130
23.237
23.481
23.557
22.564
17.932
20.752
21.118
21.535
21.313
20.864
19.290
21.376
22.705
4.235
9.753
15.322
19.226
8.044
1.498
20.992
18.624
10.254
20.234
18.261
20.426
14.943
20.930
20.606
18.572
19.706
20.066
19.799
16.092
20.133
20.113
19.991
20.088
19.963
20.126
20.244
19.968
19.821
19.789
19.821
20.149
19.894
19.722
19.399
19.286
19.308
19.170
18.965
18.924
18.742
18.745
18.508
18.260
18.363
18.285
17.877
16.326
14.417
17.918
17.975
17.845
17.805
17.494
17.460
17.512
17.868
17.902
17.717
17.803
17.465
17.197
17.139
17.061
16.881
16.718
16.464
16.155
16.241
16.464
16.488
16.620
16.376
16.752
16.229
16.195
16.306
16.324
16.421
16.473
16.475
16.289
16.273
16.301
16.444
16.492
16.326
16.206
15.750
16.000
16.440
16.230
15.917
15.819
15.557
15.360
15.128
15.811
16.385
15.817
10.006
16.255
15.408
11.362
4.062
15.019
16.639
16.551
16.278
15.951
16.376
16.717
16.476
16.842
16.337
16.337
17.267
17.080
16.922
17.252
17.409
15.875
2.216
16.607
17.201
16.996
17.385
17.364
17.723
17.772
18.119
18.478
18.349
18.083
17.724
18.048
18.350
18.167
18.508
18.619
19.343
19.970
19.365
19.648
19.767
19.261
17.108
12.153
20.314
20.574
20.888
20.723
20.076
7.009
20.864
20.965
19.246
19.366
17.649
21.421
21.634
22.222
22.090
21.046
22.005
21.266
21.813
22.125
22.144
22.172
20.139
22.331
22.040
23.069
23.217
23.294
23.453
23.200
24.524
24.691
24.889
24.373
23.510
23.492
24.056
24.211
24.021
23.795
24.748
24.516
24.555
24.630
24.965
24.681
24.867
25.329
25.427
25.379
25.024
25.732
26.461
26.465
26.140
25.856
25.492
25.329
25.569
25.702
25.501
25.689
24.967
22.462
25.842
26.192
26.506
26.350
26.196
25.300
26.170
26.579
26.537
26.903
26.981
26.863
26.343
26.471
21.630
26.604
26.886
27.038
27.279
25.513
26.518
26.621
26.059
26.495
24.630
13.248
24.200
26.381
26.563
25.486
27.383
27.160
27.361
27.201
26.168
24.138
27.365
22.975
26.913
27.189
26.834
26.704
25.355
21.422
24.494
20.094
26.970
26.242
27.225
27.429
26.743
23.804
24.225
21.686
16.289
18.239
23.046
24.193
25.337
15.804
26.163
24.961
19.760
22.086
26.510
23.567
25.680
26.725
26.609
25.581
26.474
21.893
21.714
9.979
25.967
24.320
25.682
25.260
21.276
16.340
9.128
16.669
18.526
19.959
21.065
20.093
15.859
22.005
4.488
1.936
23.019
22.781
23.861
1.460
0.832
0.707
6.229
16.842
0.678
5.616
18.965
13.035
