20000101
16.102
16.151
16.397
16.481
16.407
16.494
16.377
16.599
16.611
16.445
16.651
16.478
16.492
16.962
17.424
17.338
16.992
16.780
17.181
17.428
16.968
17.098
17.126
17.556
17.540
17.697
17.966
18.452
18.704
18.849
18.725
17.134
17.839
18.162
17.850
18.760
19.044
19.243
19.390
19.349
19.223
19.466
20.168
20.151
20.335
20.357
20.427
20.822
20.864
20.579
19.835
20.979
20.784
13.916
7.473
20.209
22.207
21.905
21.924
21.787
21.596
21.668
21.959
22.325
22.540
22.955
23.082
23.399
23.769
23.681
22.628
22.890
22.815
23.741
23.736
23.539
23.205
24.378
24.966
24.833
24.146
24.414
24.902
25.197
25.202
25.255
25.518
26.002
25.758
25.384
24.992
25.122
25.448
26.041
25.701
25.559
25.930
25.448
25.523
26.348
26.250
25.887
25.955
25.954
25.872
25.784
25.962
26.640
26.722
27.038
26.804
26.262
25.447
24.188
26.031
26.165
26.483
26.337
26.514
26.473
26.693
27.016
26.739
26.995
26.883
26.897
23.084
25.384
23.209
22.042
24.383
23.195
18.486
18.097
24.647
20.365
23.106
23.047
15.321
16.757
15.362
26.381
26.791
26.614
26.909
26.908
27.038
27.010
25.326
24.384
18.472
24.322
26.543
26.906
21.769
23.461
20.083
25.877
19.173
22.758
23.888
26.939
27.128
16.438
22.037
25.364
25.016
26.866
26.963
27.046
26.080
17.736
17.910
20.948
22.311
24.646
26.179
26.634
26.599
21.890
23.693
19.677
18.959
14.165
22.217
20.126
23.933
23.408
21.764
3.157
12.330
17.134
13.678
9.325
10.341
5.497
3.628
17.743
16.202
13.411
12.368
10.180
7.997
11.108
23.597
26.059
26.122
24.672
25.695
25.588
5.703
9.343
22.258
21.309
24.567
12.100
25.908
25.908
25.639
25.742
23.398
24.638
13.987
13.056
22.666
12.419
11.133
18.563
10.843
9.594
13.566
4.391
9.092
5.942
16.287
23.490
24.159
21.833
24.061
20.678
22.852
20.158
15.535
4.031
14.289
16.217
20.480
14.802
1.939
21.324
23.176
22.667
23.515
23.438
23.507
23.464
23.407
23.076
17.591
20.083
23.022
23.007
22.535
22.555
22.537
22.222
12.542
18.541
14.978
22.158
22.114
20.910
22.208
21.987
22.216
22.279
22.244
22.112
21.760
21.568
21.356
20.502
20.737
19.243
17.049
19.963
20.482
18.904
20.787
21.639
21.298
21.009
20.774
20.660
20.682
20.512
19.967
19.660
19.509
19.348
19.542
19.688
19.720
19.695
19.712
19.585
19.384
19.268
18.875
18.532
18.520
18.257
18.083
18.023
17.987
17.875
17.568
17.854
17.795
17.671
17.447
17.471
17.440
17.542
17.791
17.539
17.342
17.109
16.734
16.812
16.790
16.492
16.824
16.832
16.935
17.486
17.515
17.317
17.048
16.804
16.644
16.589
16.536
16.496
16.392
16.241
16.344
16.209
16.337
16.278
16.244
16.283
16.228
15.955
16.046
16.273
16.325
16.527
16.452
16.463
16.572
16.542
16.506
16.400
9.493
15.750
16.217
16.329
16.438
16.513
16.624
16.332
16.352
16.786
16.855
16.643
16.482
16.768
17.064
17.154
16.942
16.959
16.670
16.943
17.066
17.164
17.362
17.412
18.257
18.688
18.692
18.690
18.465
18.169
18.320
15.707
17.063
18.101
19.045
19.285
19.580
19.785
19.767
19.839
20.006
20.023
19.828
19.830
20.233
19.614
19.953
20.460
20.393
20.627
20.685
20.586
20.652
21.654
21.420
20.881
21.159
20.178
21.203
21.034
21.800
21.284
22.497
22.206
13.752
23.008
23.162
23.111
23.273
23.445
23.323
22.615
13.237
19.945
22.893
22.914
23.402
23.805
23.989
17.018
23.397
23.169
22.678
15.815
22.348
24.111
24.384
24.223
23.984
24.947
25.549
25.278
25.357
25.617
25.524
24.545
26.108
26.487
24.833
24.915
26.355
26.106
23.202
24.517
18.289
22.809
11.562
24.321
20.006
20.166
17.787
26.559
26.718
27.157
27.267
26.743
26.975
27.162
27.201
26.857
27.036
26.615
27.032
26.930
27.214
26.688
27.042
26.719
26.501
27.244
26.931
26.919
27.190
27.152
27.089
27.038
26.934
26.261
25.677
24.232
25.441
24.528
26.419
26.441
27.181
27.114
24.288
26.023
24.143
23.811
24.619
22.541
26.032
21.449
16.970
7.181
26.081
23.780
19.755
23.790
23.106
24.685
18.153
21.463
19.017
19.105
19.986
20.398
6.175
8.627
23.317
23.763
25.976
26.724
26.901
26.590
24.454
23.009
24.779
23.676
24.560
20.067
14.722
9.240
11.685
14.256
1.054
13.898
25.327
24.778
24.441
24.118
18.440
5.548
11.748
11.331
18.515
5.833
5.375
3.929
8.542
19.923
1.323
2.681
13.912
1.169
20.964
17.177
14.010
19.568
21.666
12.162
13.157
20.653
24.194
23.821
20.528
16.518
23.987
18.127
21.988
22.684
22.729
14.832
23.813
19.568
21.217
24.021
23.126
0.635
2.469
4.787
24.382
23.746
20.333
19.291
10.564
23.601
21.749
24.267
24.486
20.849
16.675
9.752
24.165
23.937
23.499
24.111
23.905
23.772
23.783
17.610
23.046
23.590
23.454
23.257
22.724
22.908
21.306
22.475
21.813
19.106
22.732
21.945
9.965
19.144
15.018
9.841
21.722
21.863
21.971
22.190
22.462
22.481
22.191
21.499
17.133
11.667
15.705
12.982
21.257
20.879
20.275
19.241
19.797
18.421
1.619
19.714
14.631
17.735
18.315
20.580
21.046
20.830
20.600
20.451
20.230
20.297
20.205
19.934
19.882
19.549
19.521
19.343
19.089
18.916
18.911
18.950
18.891
18.845
18.717
18.407
18.430
18.352
18.695
18.779
18.636
18.323
18.420
18.472
18.331
17.601
17.284
17.031
17.323
17.193
17.074
17.314
17.215
17.246
17.294
17.239
17.098
17.210
17.041
17.013
16.936
16.846
16.611
16.784
16.874
16.468
16.363
16.247
16.164
15.803
15.764
16.154
16.186
16.139
15.932
15.885
15.821
15.900
15.910
15.971
16.364
16.665
16.563
16.516
16.103
16.001
16.115
16.134
16.084
15.986
16.337
16.455
16.421
16.561
16.603
16.480
16.025
16.182
16.658
16.848
16.593
16.549
16.679
16.725
16.344
16.095
16.621
17.106
17.058
17.438
17.368
17.365
17.369
17.628
17.725
17.409
17.330
18.315
18.772
18.835
18.987
19.072
18.604
18.747
19.076
16.758
18.555
18.688
19.700
20.034
20.173
15.643
18.650
20.083
20.290
19.924
20.023
19.913
9.050
18.083
20.146
20.672
20.437
20.776
20.704
21.076
21.630
21.620
21.465
21.304
21.202
21.693
22.121
22.450
22.450
22.607
22.042
21.929
21.096
20.615
20.182
3.730
14.375
8.701
22.773
23.524
24.011
24.051
24.079
22.379
20.287
24.141
24.408
24.296
24.325
23.897
24.888
25.535
25.825
25.881
25.401
24.725
25.880
25.777
25.311
24.950
21.425
10.049
14.518
25.323
25.795
26.189
26.211
26.046
25.791
25.400
26.048
25.780
25.604
24.903
21.034
26.386
26.833
26.184
26.933
27.199
28.285
27.808
27.409
27.573
27.573
27.558
27.828
27.979
27.544
27.374
27.784
27.604
27.029
22.944
26.179
26.422
26.776
26.650
26.817
26.777
27.117
22.098
26.781
27.598
27.164
27.097
27.273
26.885
26.934
27.219
27.216
27.363
26.848
25.512
21.708
25.378
20.903
26.812
25.866
24.867
26.837
27.079
26.886
26.666
27.183
26.681
26.572
20.805
23.651
18.355
21.842
22.533
24.819
17.870
19.409
23.750
23.513
22.127
24.270
19.887
12.119
14.021
20.322
14.286
3.514
10.667
26.127
26.160
25.503
18.158
26.345
23.413
24.420
23.747
25.269
11.860
20.826
24.380
21.473
26.045
6.861
7.953
14.800
11.746
16.877
6.766
10.809
2.863
2.943
4.341
2.648
4.067
11.863
26.015
25.501
26.178
21.713
15.861
22.517
20.608
16.866
8.345
5.253
11.625
5.420
11.642
12.622
9.322
2.869
2.421
3.019
5.522
4.221
17.972
14.468
14.314
22.003
15.217
13.153
19.692
22.927
14.597
8.130
9.554
23.050
23.922
3.986
22.236
23.065
22.526
19.201
9.529
18.057
18.794
15.626
23.784
20.590
22.949
9.973
23.710
23.550
23.592
23.310
23.266
23.115
22.644
20.085
21.810
21.651
22.261
20.725
19.600
21.871
21.270
7.558
22.131
21.842
20.876
19.196
22.124
21.937
21.984
22.131
21.815
21.736
21.517
21.414
21.207
20.890
20.662
20.817
20.805
20.673
20.412
20.190
20.375
20.328
19.904
19.455
20.115
20.229
20.137
19.950
19.934
19.929
19.784
19.353
19.065
18.959
19.189
19.378
19.007
18.823
18.764
11.629
16.957
17.787
17.641
17.623
14.653
17.463
16.624
17.469
17.843
18.019
17.841
17.646
17.388
17.452
17.189
17.208
17.009
16.684
16.741
16.980
16.923
16.877
15.754
16.728
16.889
16.916
16.437
16.882
16.610
16.216
15.783
15.843
16.002
16.021
16.332
16.225
16.080
15.937
15.927
15.880
15.869
15.923
15.492
15.655
15.676
16.090
16.066
15.601
15.993
15.522
15.923
16.042
16.090
10.274
16.068
16.212
16.213
2.660
15.848
16.058
15.816
16.034
16.439
15.670
15.180
16.289
14.250
16.686
17.258
17.146
17.533
17.717
17.721
17.476
16.033
17.141
17.315
17.542
17.708
17.137
16.874
12.127
17.493
17.992
18.049
15.336
17.454
17.971
17.756
18.540
18.764
18.665
19.288
19.054
19.076
19.122
19.406
19.773
20.042
20.116
20.123
19.968
15.205
14.388
20.261
20.080
20.478
20.386
20.267
20.869
20.842
20.933
20.976
21.217
21.105
21.130
22.486
23.704
23.036
23.088
23.401
23.317
22.993
22.895
23.126
23.769
23.621
23.319
22.286
23.602
19.912
23.398
24.025
24.102
24.335
24.086
24.224
24.235
24.425
24.624
24.636
24.172
24.497
24.711
24.940
24.859
24.953
24.291
23.868
24.175
25.001
25.384
25.426
25.526
11.330
23.198
14.050
25.607
25.810
25.529
25.379
25.268
25.333
26.123
26.471
26.100
26.887
27.039
27.136
26.840
26.631
26.905
27.334
27.457
27.304
27.236
27.492
26.924
27.808
27.419
27.080
27.083
27.493
28.104
27.687
27.689
27.664
27.468
27.559
28.220
27.507
27.372
25.480
26.820
26.829
26.848
26.994
25.103
25.887
26.990
26.968
26.646
27.473
19.809
27.208
27.674
27.541
27.073
25.718
27.229
27.097
27.033
26.820
24.183
26.719
26.993
25.333
26.317
24.452
24.534
17.943
22.603
17.981
19.218
13.208
8.859
16.449
20.850
22.197
22.049
17.328
15.587
18.943
23.051
24.978
23.297
20.803
19.461
23.023
15.263
1.973
20.370
20.361
15.719
12.569
20.600
8.593
17.127
24.969
22.389
22.004
6.385
22.619
22.939
24.337
12.206
10.226
8.812
13.146
7.539
8.027
10.502
14.999
6.966
7.293
9.761
15.760
11.355
13.097
13.856
16.246
21.835
23.801
24.999
22.580
22.419
19.933
5.404
22.226
13.720
24.368
22.763
18.172
16.769
14.900
11.890
23.354
23.374
19.271
5.984
17.697
2.602
5.400
11.273
21.761
22.394
1.807
7.607
5.323
16.699
16.464
22.403
21.141
14.721
18.014
23.259
16.673
21.539
19.767
23.262
23.153
22.345
21.816
21.966
16.646
21.316
18.550
18.954
21.336
20.646
15.707
7.994
5.324
18.864
21.844
21.384
21.021
20.567
21.070
20.644
20.994
22.277
22.147
21.882
21.233
20.886
20.542
21.168
21.348
21.218
21.194
20.987
20.860
20.382
20.350
20.280
20.402
20.432
20.157
20.286
20.178
20.058
19.929
19.876
19.685
19.451
19.314
19.118
18.989
19.429
19.033
18.486
11.678
17.259
18.070
18.038
17.937
17.998
18.323
18.438
18.092
17.771
17.629
17.619
17.350
17.035
16.995
16.945
17.087
16.770
17.002
17.318
15.830
16.059
16.277
16.259
16.493
16.268
16.653
16.578
16.898
16.742
16.624
16.410
16.377
16.451
16.005
16.023
15.826
15.978
15.669
15.702
15.661
15.604
16.256
16.192
15.985
15.927
15.793
16.044
15.883
16.086
16.074
15.939
15.776
16.503
16.379
16.292
16.387
16.229
16.119
16.176
16.202
15.937
15.331
15.506
15.540
16.177
16.276
16.330
16.428
16.483
16.471
16.540
16.854
16.201
16.798
17.192
17.247
13.297
16.898
15.909
10.182
17.794
14.933
17.721
17.995
17.833
17.256
17.908
16.021
18.561
19.062
19.226
18.705
19.313
19.754
19.622
19.447
19.496
19.376
19.800
19.559
19.307
19.763
20.177
20.246
20.462
20.368
20.209
20.451
20.844
21.058
21.318
21.445
21.543
21.630
21.602
21.777
22.137
22.172
22.171
22.196
21.994
21.884
23.127
23.393
23.716
23.293
23.462
23.493
23.363
23.345
23.732
23.623
23.941
24.118
24.265
24.549
25.056
24.409
24.339
24.119
24.407
24.843
24.650
24.681
24.792
24.752
25.167
25.368
24.179
24.978
22.898
24.476
25.387
25.636
25.359
24.917
25.218
25.289
25.360
25.893
25.622
25.696
25.987
25.944
25.943
25.736
25.910
25.780
26.445
25.092
26.739
26.680
26.815
27.173
26.724
26.420
26.736
26.119
27.766
28.000
27.818
28.127
27.918
27.303
12.362
11.307
15.536
11.716
19.262
16.847
23.056
18.574
25.143
26.724
14.928
26.887
27.377
27.369
27.167
27.127
27.063
27.172
27.249
26.960
27.317
27.345
27.471
27.442
27.246
27.203
26.865
27.139
27.220
26.546
27.083
24.451
17.516
11.229
14.273
14.738
22.525
14.629
16.779
8.364
6.736
14.314
6.955
24.891
20.388
25.324
24.604
24.315
20.825
20.706
12.156
25.184
24.532
25.393
20.085
24.651
15.232
24.580
15.541
20.843
18.564
9.420
10.144
21.644
24.042
15.343
26.267
26.515
26.236
21.464
22.856
14.629
20.453
22.484
21.422
24.960
24.377
20.847
22.733
19.440
13.589
5.022
13.532
7.825
15.829
23.291
16.383
15.717
24.231
19.962
4.907
10.686
6.502
4.258
15.305
16.052
1.779
7.445
14.072
4.440
18.035
0.780
11.431
19.744
23.842
13.504
19.216
22.279
5.967
14.607
18.363
24.390
23.415
20.747
23.318
24.308
24.215
23.979
20.097
23.083
11.142
23.484
22.567
23.459
23.595
23.074
23.364
23.433
22.772
22.717
21.284
21.041
17.885
20.249
20.715
9.172
19.952
21.249
20.757
21.282
21.153
18.153
18.896
21.295
21.219
19.442
17.753
19.989
13.067
17.093
19.597
19.616
20.025
20.566
20.585
19.878
19.982
20.477
21.440
21.021
20.807
20.875
20.848
20.641
20.469
20.224
20.037
19.851
19.995
19.858
19.854
19.552
19.645
19.432
18.513
18.068
19.320
17.842
18.554
18.169
17.383
18.765
18.626
18.244
15.770
18.019
18.196
17.308
13.571
17.170
17.497
17.467
17.232
17.291
16.635
15.752
17.168
17.107
17.021
17.002
16.852
16.778
16.593
16.594
16.462
16.439
16.575
16.661
16.004
16.353
15.853
16.354
16.035
15.995
15.920
15.959
15.661
15.497
16.107
16.183
16.020
15.955
16.037
16.334
16.282
16.272
16.275
15.429
15.600
15.343
15.560
15.691
15.849
16.058
15.818
15.591
15.013
12.934
8.100
16.323
16.367
16.337
16.098
16.017
16.226
16.523
16.610
16.377
16.363
16.861
16.868
16.918
16.537
15.846
8.905
17.408
17.418
17.317
17.272
12.804
17.609
17.420
17.199
17.128
17.322
7.155
18.051
16.908
17.147
17.118
18.424
18.686
18.539
18.572
18.229
18.557
17.982
18.218
18.978
19.045
19.288
19.382
19.169
19.442
19.330
20.001
19.970
20.884
21.641
21.693
21.254
21.748
21.654
21.304
21.096
21.213
21.268
18.618
20.566
15.571
21.351
19.397
22.015
20.767
15.500
20.003
20.262
21.185
22.744
23.043
23.542
23.626
23.300
23.240
23.969
24.267
23.780
23.936
23.786
24.453
24.619
24.654
24.692
24.182
24.449
24.475
25.239
26.199
25.882
26.123
25.983
26.266
26.257
26.243
26.102
25.829
26.453
26.391
27.601
27.458
27.146
26.871
26.517
25.859
20.025
26.155
27.320
27.153
27.064
25.519
17.833
19.830
26.038
25.931
26.480
26.139
26.197
20.107
21.065
16.941
21.652
21.393
23.322
20.921
22.539
23.294
25.494
26.705
27.362
27.818
27.912
27.562
27.625
27.326
27.208
27.219
27.026
26.587
27.256
27.139
27.668
25.648
26.877
27.462
27.620
24.446
24.727
21.359
26.412
27.521
27.006
27.287
27.684
27.084
27.386
27.519
27.136
21.749
24.811
27.301
25.804
22.167
17.584
26.251
26.255
25.648
26.757
23.382
6.063
17.599
20.462
22.322
19.531
21.052
17.116
21.478
25.337
20.128
20.992
25.041
22.149
19.116
19.008
16.752
15.151
22.392
10.369
19.505
7.525
4.627
22.109
3.883
15.852
15.237
12.968
5.137
10.187
23.155
23.902
23.861
26.060
23.678
26.048
4.019
18.985
15.199
19.162
8.289
11.736
9.248
23.321
21.805
16.319
18.680
13.218
14.599
4.414
7.001
7.365
14.241
23.201
18.627
24.649
24.532
15.793
23.291
9.632
14.490
24.015
24.375
24.155
24.300
23.742
24.433
19.201
22.957
15.240
23.996
22.709
24.043
22.682
24.127
24.413
23.020
17.560
23.858
22.746
18.694
17.420
19.029
21.665
21.735
22.385
21.678
22.328
14.428
10.177
19.910
10.709
6.349
9.611
21.744
21.937
21.654
14.921
0.723
20.894
20.109
19.563
19.840
21.523
21.281
13.227
21.876
19.936
21.532
21.486
21.390
21.190
21.294
21.273
13.642
17.312
20.706
20.713
20.581
20.731
20.341
20.392
18.916
10.633
20.210
19.995
19.865
19.769
19.698
16.778
16.075
19.531
19.322
19.462
19.514
19.241
19.113
18.982
18.539
18.385
18.497
18.399
18.265
18.308
18.787
18.625
18.210
18.262
18.289
18.087
17.957
17.697
17.384
17.504
17.575
17.563
17.476
17.335
17.102
16.936
16.839
16.638
16.477
16.646
16.398
16.337
16.352
16.211
11.472
16.414
16.557
16.670
16.425
16.543
16.651
16.427
16.621
16.393
16.345
16.284
16.104
16.185
16.516
16.393
16.169
16.051
16.089
16.101
16.165
16.516
16.364
16.208
16.326
16.154
16.123
16.193
16.140
15.778
15.807
16.217
15.967
15.891
14.747
16.315
16.540
16.558
16.701
16.707
16.787
16.688
16.799
16.905
16.799
17.017
16.611
16.542
11.334
17.460
17.606
17.856
17.954
17.892
18.190
18.102
18.118
17.974
18.341
18.403
18.130
18.190
18.570
18.933
19.214
19.385
19.436
19.118
19.182
19.592
19.670
19.767
19.853
19.841
19.854
19.962
20.047
20.028
20.302
20.117
20.767
20.937
21.196
21.080
20.956
12.723
7.675
12.464
20.167
21.958
21.654
22.077
22.477
22.662
22.713
22.526
4.543
16.589
20.430
22.798
20.741
17.572
8.821
23.206
23.655
23.289
10.713
23.314
23.986
24.260
23.675
23.935
24.050
25.114
24.972
25.644
25.683
25.788
25.473
24.752
24.959
25.191
25.054
25.201
25.116
25.328
25.399
25.213
25.884
25.843
25.690
26.156
25.766
24.392
25.032
24.817
26.833
26.029
26.232
26.252
24.332
26.081
25.326
25.595
26.665
26.475
26.515
26.551
26.382
26.444
26.997
27.061
27.310
27.107
27.394
27.410
27.231
27.256
27.211
27.191
27.246
27.027
26.986
26.712
26.668
24.630
26.830
20.735
24.710
20.874
25.113
24.772
25.785
25.351
26.232
27.017
25.725
26.995
24.865
23.136
12.783
10.910
23.993
23.655
25.548
26.986
24.708
26.186
26.348
26.011
25.357
24.888
25.257
11.977
24.997
26.783
27.387
24.966
20.401
22.584
26.471
14.332
22.787
19.653
17.329
19.528
21.219
16.507
22.590
23.985
15.872
15.603
20.720
19.939
9.501
9.109
8.692
9.352
13.090
6.322
14.741
7.897
15.117
22.733
19.182
19.796
8.599
18.382
6.178
3.673
3.680
19.435
11.424
8.713
22.346
24.421
10.667
11.533
5.925
11.921
8.093
1.476
4.925
19.742
5.227
13.561
18.986
7.461
7.565
4.802
4.648
5.435
20.620
21.653
24.006
14.960
15.938
12.515
9.317
1.331
4.155
9.727
5.253
22.070
17.496
7.403
11.348
7.110
10.745
14.874
22.942
1.341
4.455
18.489
18.459
23.422
22.144
8.769
5.894
20.975
22.310
23.063
19.594
21.936
22.086
17.525
22.437
21.079
22.471
22.031
22.049
21.699
19.822
20.630
20.694
20.699
19.654
20.768
20.359
19.200
16.966
20.432
20.963
20.996
21.165
21.456
21.619
21.448
21.445
21.481
21.169
21.034
21.178
20.997
20.492
19.772
16.619
20.347
18.755
20.064
19.812
19.654
19.639
19.282
19.568
19.076
19.430
19.246
19.137
19.180
19.241
18.894
19.014
19.024
18.782
18.721
18.551
18.349
17.969
11.155
11.762
18.054
18.082
18.058
17.797
17.625
17.526
17.355
17.317
17.269
17.311
17.262
17.111
16.192
16.730
16.525
16.914
16.918
16.893
16.861
16.795
4.354
15.864
16.350
16.188
16.204
15.945
15.657
14.569
15.689
15.405
15.332
15.950
16.139
16.206
16.055
15.778
15.566
15.932
15.931
16.204
16.013
16.033
16.055
15.941
15.613
15.511
11.332
11.562
15.901
16.047
16.022
16.001
16.111
15.659
15.777
16.004
16.073
15.997
16.036
16.212
16.255
16.261
16.152
16.307
16.543
16.746
16.633
16.705
16.897
17.234
17.133
17.021
17.105
17.285
17.334
17.509
17.600
17.651
17.332
17.359
17.313
15.726
14.194
18.146
18.318
18.436
18.358
18.712
18.931
18.356
18.495
18.906
17.655
7.411
18.782
19.438
19.120
19.669
19.135
19.900
20.119
20.118
20.356
20.469
20.456
19.694
16.047
6.016
21.019
21.109
21.346
21.471
20.251
21.553
21.913
21.993
22.301
22.468
22.701
22.918
22.409
22.252
22.456
21.487
16.171
23.291
23.339
23.577
23.533
23.678
20.929
22.862
23.548
24.084
24.369
24.218
24.493
24.708
24.893
25.023
25.097
24.885
24.660
15.858
25.107
25.614
25.654
25.168
25.351
25.405
25.496
25.636
25.818
26.144
26.173
26.213
25.723
19.851
26.121
25.230
25.635
20.668
20.217
25.071
26.383
26.689
26.397
26.696
27.193
27.001
23.145
12.657
15.201
26.870
20.884
26.030
26.729
24.198
18.330
23.752
26.400
26.649
26.762
26.934
27.127
27.001
27.027
26.959
26.864
26.769
26.878
25.861
25.396
17.065
27.215
27.489
27.399
27.595
27.237
24.525
22.216
15.887
21.412
24.641
16.399
24.657
11.121
11.763
6.349
16.924
24.299
26.524
26.824
26.893
26.743
26.554
24.825
14.194
18.521
19.522
23.491
19.837
20.937
16.698
7.365
22.505
23.074
6.274
5.271
9.485
16.918
19.518
14.229
13.352
16.610
15.367
3.711
3.781
11.167
6.613
6.599
14.834
8.959
5.301
14.422
25.354
18.831
12.973
16.418
24.196
14.162
25.872
23.585
21.172
25.329
24.840
24.928
8.745
6.816
15.494
24.641
14.704
23.097
23.762
21.699
22.665
19.227
4.816
4.329
13.580
19.354
18.696
21.908
4.325
16.130
16.556
9.897
5.592
3.264
10.471
4.657
4.581
15.191
21.715
18.987
2.146
18.784
21.138
23.222
23.766
23.164
21.637
20.752
17.498
22.162
18.043
20.574
21.477
21.362
19.508
21.747
5.590
8.070
23.384
23.012
22.596
19.309
22.431
22.831
22.962
22.826
22.621
22.510
15.570
16.795
19.435
19.694
21.422
20.496
7.656
20.030
21.184
19.595
19.855
19.680
21.722
18.969
21.748
22.024
21.959
21.839
21.598
21.713
7.218
21.079
20.785
15.140
17.834
20.946
20.882
20.869
20.871
21.095
21.002
20.711
20.483
20.478
20.170
19.719
19.795
19.313
19.443
19.460
19.257
19.282
19.269
19.077
18.496
19.135
18.963
17.196
18.247
18.732
17.954
17.971
17.860
17.985
17.853
17.830
17.686
17.756
17.724
17.676
17.930
17.813
17.772
17.635
17.772
17.506
17.371
17.331
17.313
17.259
17.083
16.724
15.931
11.602
14.286
15.153
16.607
16.121
16.001
14.471
15.565
16.524
16.246
16.072
15.722
15.678
16.065
15.975
16.158
15.973
16.154
15.986
15.932
15.960
15.763
15.567
15.263
15.186
15.106
15.729
15.830
15.520
16.385
16.427
16.334
16.304
16.280
16.283
16.030
15.729
15.771
15.907
15.737
16.030
15.952
16.433
15.990
16.629
16.785
16.113
16.630
15.072
16.802
17.439
17.373
16.261
16.024
17.546
17.904
18.066
18.063
18.216
17.631
17.770
18.277
18.892
18.825
17.768
18.163
19.220
19.164
18.880
17.604
19.614
19.955
20.068
20.318
20.530
20.711
20.282
20.196
20.446
20.923
20.833
20.994
21.093
21.004
21.083
20.530
21.342
21.860
22.170
22.490
22.560
22.495
22.558
22.466
22.495
22.380
22.605
22.840
22.557
23.263
23.113
20.857
14.416
20.321
20.435
22.394
23.031
23.476
23.679
24.200
24.100
24.084
24.692
24.630
24.636
23.224
19.140
24.041
22.945
14.171
24.915
7.948
24.952
23.957
24.803
21.752
17.879
22.394
24.959
13.892
23.483
24.895
24.624
23.593
25.381
25.623
26.030
26.326
26.253
26.300
26.855
26.938
26.776
26.686
26.687
26.707
26.827
26.985
26.995
27.199
27.261
26.800
26.737
24.915
24.939
26.720
26.813
27.083
24.738
24.264
25.950
23.795
26.656
26.848
26.974
26.688
26.778
27.031
26.848
26.789
26.823
27.005
27.070
27.222
26.968
26.999
27.206
27.689
27.273
24.826
27.184
27.244
27.178
27.194
25.419
24.246
23.835
22.412
16.798
23.168
25.019
21.588
15.054
9.381
20.178
1.801
17.484
17.343
17.206
20.238
7.818
23.289
10.571
11.382
16.349
23.029
25.246
24.363
10.858
21.175
9.504
20.853
20.925
13.457
9.877
25.143
4.892
18.096
19.801
21.843
5.889
16.512
2.458
18.561
5.303
9.975
10.910
9.675
17.215
22.880
24.932
16.230
21.607
14.384
18.929
19.017
20.660
14.838
18.687
18.026
4.940
7.615
22.258
23.381
19.748
16.785
3.625
19.254
21.609
19.000
16.405
11.625
6.420
9.170
19.974
22.549
2.066
15.690
2.489
12.290
9.821
22.711
9.149
20.391
19.511
23.580
22.397
20.826
22.923
20.540
13.810
4.399
23.336
22.480
23.717
23.934
23.982
23.109
19.714
19.643
23.256
23.026
21.872
20.364
12.380
21.458
14.930
22.353
22.389
13.021
19.212
17.922
16.405
18.026
19.245
21.549
21.750
19.137
21.962
21.501
21.960
22.010
21.345
21.241
21.922
21.449
20.552
20.758
20.711
20.221
19.847
20.730
19.721
19.199
18.472
13.555
20.628
20.857
20.910
20.818
20.638
17.756
18.730
20.008
20.241
20.137
20.271
20.077
19.896
19.733
19.828
19.560
19.694
19.133
18.820
18.883
18.872
19.162
18.878
18.977
18.731
19.044
18.666
18.521
18.479
18.457
18.373
18.238
17.877
17.828
17.723
17.491
16.659
16.842
2.407
3.712
16.842
17.376
17.458
17.516
17.328
17.158
17.130
17.061
16.501
16.568
12.203
3.480
15.716
15.808
15.855
15.754
15.015
15.061
15.944
15.096
15.682
15.812
15.808
15.770
15.571
15.618
15.537
15.372
13.762
8.512
11.117
13.120
15.568
16.095
16.215
16.463
16.534
16.442
16.234
16.186
16.365
16.292
16.244
16.249
16.137
16.111
10.841
16.221
11.942
15.657
7.983
15.096
15.852
14.404
14.142
4.852
7.465
16.332
14.769
16.550
14.222
14.642
13.120
17.217
17.344
15.011
17.471
17.650
17.977
18.173
17.680
18.508
18.706
18.567
18.680
19.068
18.675
18.687
18.956
19.300
19.267
19.529
19.184
19.812
19.510
19.653
19.524
19.974
20.280
20.262
20.329
20.445
20.259
20.155
20.220
20.977
20.981
20.997
21.069
21.134
21.396
21.414
21.971
22.141
21.899
22.387
22.549
22.913
22.732
22.884
23.174
23.335
23.263
23.300
21.692
23.650
23.792
23.558
23.678
23.487
21.179
22.573
20.908
23.077
23.614
24.249
24.374
20.047
23.996
21.892
24.047
24.684
23.961
24.624
23.941
24.058
21.380
23.766
23.913
25.555
25.781
26.011
26.398
26.590
26.651
24.376
16.352
25.497
26.812
27.144
27.212
26.818
26.940
26.830
27.521
26.908
24.754
27.477
27.628
27.464
27.474
26.977
26.468
27.074
27.237
26.834
26.935
26.852
27.055
27.141
27.604
27.058
26.579
24.908
26.578
26.788
26.279
26.789
25.687
18.706
26.621
26.595
27.025
25.049
26.903
26.814
27.018
27.502
27.493
27.145
26.954
26.619
24.792
26.625
26.183
26.581
26.575
27.017
26.106
27.485
27.302
27.187
26.498
25.611
24.772
24.821
26.888
26.850
26.191
25.302
23.482
24.602
26.981
26.949
12.832
22.096
14.785
23.197
21.092
18.406
6.651
21.235
21.271
19.906
4.187
17.679
23.535
18.117
22.977
23.553
21.077
3.150
9.746
16.515
24.641
20.808
4.698
22.948
21.273
18.941
9.784
11.145
22.860
6.351
8.693
11.322
4.649
3.487
3.339
8.310
5.229
3.976
16.170
6.503
7.262
5.502
25.530
25.331
12.659
11.463
4.929
10.843
17.779
18.835
19.215
9.559
5.579
9.918
16.066
15.262
24.509
23.439
24.388
24.391
24.147
24.725
24.605
21.824
15.896
6.083
10.973
10.655
7.140
7.498
20.310
14.231
22.077
22.651
21.305
23.037
23.387
22.636
23.070
22.826
12.816
23.108
22.651
23.453
23.513
23.423
23.122
23.250
22.904
21.254
23.018
22.670
22.518
22.479
22.449
22.152
22.065
21.786
21.518
21.765
21.208
21.980
21.317
18.979
19.528
14.981
10.250
21.023
21.193
20.902
21.002
20.697
12.398
19.161
20.700
20.658
20.325
20.258
15.963
20.269
20.239
20.162
20.174
20.480
20.607
20.170
19.762
19.566
19.365
18.879
19.164
19.249
19.267
19.100
18.813
18.658
18.615
18.535
18.212
17.873
17.516
16.159
6.585
4.138
15.415
16.906
15.429
16.581
16.224
17.078
16.924
17.059
17.173
17.366
17.129
16.453
17.056
16.080
16.661
15.973
16.512
16.235
16.621
16.540
16.284
16.079
16.129
16.249
16.196
16.062
16.138
15.216
16.251
15.623
15.535
15.260
15.498
15.520
15.058
15.904
15.680
10.257
6.860
13.322
11.500
15.651
16.013
16.139
16.087
15.788
1.045
15.831
16.060
16.236
15.458
8.631
16.133
16.850
16.764
16.692
16.332
16.472
16.316
15.615
15.175
16.925
16.974
17.045
16.996
17.040
17.209
17.424
17.610
17.514
17.659
17.664
17.812
17.861
17.845
17.830
16.790
17.984
18.153
18.565
18.313
18.365
18.212
15.529
18.254
18.349
18.535
17.164
18.935
19.596
16.088
19.475
19.630
19.882
20.275
20.529
20.298
20.985
21.211
20.907
19.401
18.506
21.007
21.196
21.347
21.518
21.754
21.932
21.879
21.407
20.289
21.242
19.529
20.638
20.525
22.508
22.805
22.806
22.342
23.479
23.598
23.480
23.298
23.335
23.454
23.523
23.770
24.152
24.352
24.345
24.321
24.438
24.205
24.373
24.597
25.001
24.856
24.986
24.778
24.554
24.770
25.634
25.453
25.692
25.612
26.088
18.769
17.264
25.975
25.960
25.929
25.905
26.050
26.138
25.981
26.242
26.290
25.940
25.646
25.852
26.274
26.752
26.666
26.482
26.680
26.300
26.724
26.653
26.649
26.398
25.650
26.149
26.460
26.605
26.609
26.863
26.801
26.963
27.380
27.026
26.940
27.304
27.070
27.245
27.223
27.188
27.680
27.475
26.629
27.630
27.392
27.428
27.362
27.239
26.810
26.892
26.881
27.071
27.306
27.367
26.925
16.567
14.303
24.629
23.708
23.952
12.097
26.177
26.985
21.102
26.522
27.258
26.151
23.822
12.422
18.675
22.963
25.734
26.400
26.453
24.162
26.218
23.459
20.083
25.005
23.922
20.436
21.450
14.658
23.482
23.645
19.789
19.409
7.696
10.657
20.587
23.018
25.310
25.387
19.253
16.027
6.227
16.449
25.433
24.504
16.286
22.268
23.949
16.453
21.561
23.424
24.489
14.600
1.214
3.870
20.027
6.089
23.268
22.715
24.385
21.409
11.129
15.013
19.161
17.913
13.566
18.990
22.622
9.720
14.963
21.875
23.874
23.877
24.202
20.633
23.029
20.960
23.156
22.906
16.378
21.091
22.054
22.438
21.380
15.486
20.977
21.658
22.622
23.575
23.262
18.672
17.206
12.631
19.227
21.193
17.963
20.244
15.927
9.994
22.019
21.081
13.926
8.896
8.566
11.675
20.298
22.146
21.808
22.701
22.782
17.580
21.901
22.405
21.934
22.004
22.253
22.407
21.993
22.068
21.970
21.434
21.695
22.110
21.702
21.624
21.583
18.736
21.637
21.430
21.393
21.556
20.914
18.924
18.447
19.601
20.438
20.417
20.402
19.809
19.045
18.684
15.938
19.221
19.342
19.468
19.472
19.055
18.902
19.065
19.203
18.875
18.580
18.669
18.982
18.885
19.048
18.630
18.683
18.556
18.386
15.301
16.614
15.521
13.776
12.098
15.855
16.476
13.901
10.762
16.268
16.424
16.411
16.989
7.880
2.320
3.225
3.640
8.454
15.416
10.741
16.138
15.940
16.025
15.894
15.827
16.396
16.076
15.909
16.145
16.688
16.396
16.057
16.178
16.430
16.262
16.397
16.270
16.444
16.376
16.376
16.372
16.391
16.431
16.539
16.435
16.112
16.174
16.277
16.031
14.951
2.555
2.618
11.593
16.657
16.493
16.644
16.679
16.218
16.512
16.942
16.742
16.737
16.741
17.113
16.810
16.705
16.500
16.457
16.897
17.495
17.278
16.706
17.035
17.371
17.296
17.309
16.878
17.123
17.478
18.269
17.789
17.712
17.866
17.890
18.261
18.199
18.385
18.777
18.914
18.723
18.766
18.522
18.545
19.085
19.275
19.191
19.308
19.418
19.629
16.461
20.074
19.950
20.216
20.474
20.343
20.947
20.013
20.873
21.022
21.179
21.261
21.604
21.311
21.096
20.606
20.451
21.585
21.923
22.072
22.323
22.424
23.003
23.349
23.738
23.530
23.449
23.603
23.418
23.983
23.660
23.990
24.355
23.919
24.205
24.263
24.119
24.604
24.443
24.726
24.962
25.197
24.896
24.998
25.133
25.013
24.373
25.679
25.589
25.612
25.298
24.801
25.671
25.365
25.261
23.667
25.005
24.928
22.145
24.995
25.581
25.422
25.931
26.614
26.792
24.900
26.888
27.092
27.449
26.799
27.200
26.721
26.289
21.498
19.874
18.176
26.600
26.846
26.568
26.205
27.488
26.744
25.852
27.161
27.139
27.090
26.758
26.933
27.236
27.113
26.843
20.085
26.505
27.139
26.784
25.086
24.942
25.829
26.658
26.960
26.864
25.487
26.765
27.210
27.247
27.072
25.278
23.472
19.392
16.686
26.583
24.663
25.083
23.639
24.221
24.532
25.392
25.026
25.437
21.720
20.120
22.432
18.160
15.387
22.119
19.610
18.297
18.388
16.809
2.422
22.986
23.772
8.541
1.624
11.248
22.622
17.740
25.944
25.571
25.106
12.451
7.996
24.063
18.072
9.275
7.957
8.277
25.861
19.313
3.085
4.707
6.295
7.096
6.459
7.044
14.623
15.010
18.766
1.105
6.935
5.897
23.081
22.433
20.711
8.995
15.576
17.728
13.129
19.959
2.980
14.437
16.662
20.018
12.136
1.683
3.775
3.715
6.607
2.968
9.494
5.923
2.849
3.850
16.013
11.747
15.807
19.447
23.725
23.220
23.231
15.179
13.624
19.489
11.164
22.210
6.155
21.354
21.956
5.334
20.993
21.671
3.256
2.372
9.115
8.313
7.867
5.469
12.902
7.928
14.383
15.672
22.526
21.917
21.454
11.623
6.053
21.070
21.054
22.484
22.151
13.304
20.937
21.469
19.428
21.648
21.715
21.518
21.646
21.740
21.774
21.748
21.593
21.375
21.113
20.802
20.885
21.089
20.898
20.347
19.433
12.599
20.267
20.253
20.113
19.916
18.587
20.504
20.160
19.687
20.277
20.155
19.756
19.608
19.717
19.415
19.457
19.345
19.293
19.147
18.990
18.898
18.133
16.944
18.122
18.185
18.076
17.186
18.022
18.141
17.909
17.566
17.572
17.668
17.559
17.507
17.508
17.497
17.527
17.551
17.289
17.371
17.157
16.688
16.649
16.557
14.549
13.205
15.331
15.943
16.306
16.185
15.892
16.010
16.037
16.369
16.243
16.224
16.023
16.373
17.065
16.870
16.326
16.311
16.257
16.478
16.184
16.206
16.129
16.133
15.990
15.679
15.911
16.220
16.370
16.332
16.283
16.215
16.292
16.146
13.713
15.936
16.133
16.000
16.008
15.683
15.301
16.359
16.647
16.501
16.749
16.675
16.803
17.192
16.909
16.797
16.128
17.067
17.426
17.300
17.524
17.604
17.258
17.285
17.357
17.439
17.638
17.643
17.974
18.187
18.141
18.578
18.864
18.765
18.501
18.328
12.534
18.506
18.968
20.391
19.935
19.888
19.720
19.483
19.220
19.777
19.877
19.818
20.131
20.100
20.394
20.705
20.724
20.841
21.158
21.585
21.752
21.591
21.697
22.267
22.598
22.089
21.800
21.947
22.082
22.405
22.444
22.978
23.583
24.058
24.010
23.747
23.848
23.837
23.646
23.664
23.814
24.148
24.007
24.158
24.475
25.434
25.366
25.524
25.613
25.481
25.315
24.635
24.469
24.896
24.837
24.844
24.838
24.832
24.935
24.777
25.177
24.718
25.172
25.418
25.652
25.451
22.571
25.383
25.471
23.376
25.668
25.784
24.561
24.413
22.774
6.056
25.858
26.463
26.697
25.911
25.918
26.616
26.783
26.612
27.077
27.266
27.558
27.088
25.731
26.914
23.518
23.968
24.128
7.678
23.922
18.962
26.659
26.084
26.613
25.335
27.143
27.292
27.075
27.213
27.116
27.226
27.142
24.628
27.604
27.280
27.442
27.414
27.216
27.428
27.434
27.214
27.195
26.981
27.098
24.024
24.346
25.219
23.113
22.300
16.997
17.487
20.149
17.100
16.031
17.064
19.980
15.499
18.469
21.000
23.682
22.260
22.222
25.948
23.725
23.877
21.277
22.377
22.518
17.389
21.704
23.789
18.779
17.833
23.521
22.431
15.949
4.134
23.452
24.900
23.605
5.248
2.080
15.323
18.488
7.831
6.785
9.572
25.153
23.508
15.616
6.917
7.535
19.377
20.971
6.309
4.940
17.252
12.002
24.247
5.627
6.003
12.318
3.513
5.874
5.590
7.042
21.000
18.583
24.636
15.670
6.303
7.122
21.062
8.776
12.294
8.215
2.738
4.985
3.207
5.291
11.061
22.915
9.522
3.264
17.479
8.020
8.730
5.867
14.057
22.020
17.964
22.657
22.913
23.239
22.519
23.076
20.617
20.930
21.726
19.027
0.721
5.602
18.882
18.166
10.939
2.728
15.989
3.251
16.448
20.826
21.872
13.176
21.583
21.326
19.517
19.295
20.603
21.256
19.972
22.232
22.091
22.051
21.776
21.516
21.521
21.125
21.107
11.233
20.994
21.105
20.462
20.974
20.791
21.380
21.121
20.941
20.838
20.713
20.389
20.440
20.341
20.242
20.071
19.934
19.736
19.554
19.557
19.684
19.691
19.678
19.639
19.494
19.614
19.402
19.029
18.705
18.362
19.264
19.079
18.967
19.006
18.642
18.375
18.104
18.156
17.757
17.712
16.188
17.354
17.607
17.871
17.639
17.695
17.346
17.211
17.169
17.081
17.016
16.903
16.848
16.731
16.762
16.729
16.651
16.612
16.569
16.215
15.939
16.202
15.945
16.088
15.884
15.818
16.261
15.914
16.009
16.236
15.897
15.552
14.308
15.720
15.679
15.675
15.785
16.440
16.206
16.057
16.120
16.198
16.368
16.267
16.327
16.394
15.899
15.853
16.169
16.041
16.633
16.599
16.579
16.738
16.754
16.862
17.055
16.674
16.746
16.653
16.636
16.285
16.489
16.353
15.550
16.791
17.505
17.587
17.798
17.690
17.710
17.510
17.986
17.930
18.026
18.307
16.487
18.300
14.306
16.529
17.963
17.818
17.920
16.789
18.404
19.275
19.445
19.882
19.653
19.114
18.989
19.220
19.093
18.553
13.375
20.140
20.340
20.294
20.191
20.504
20.441
20.528
20.626
21.452
21.458
21.524
21.824
22.484
22.745
22.858
23.077
23.018
22.809
22.768
22.960
22.952
22.932
22.934
22.988
23.612
23.274
23.440
23.377
19.940
23.314
23.711
23.781
23.080
24.473
18.762
24.261
24.235
24.725
23.291
16.289
23.854
24.727
24.926
23.813
25.087
25.043
25.193
25.321
25.673
25.898
25.832
25.304
25.110
25.344
25.714
26.341
26.330
26.042
26.178
26.157
26.059
22.206
24.929
19.471
24.693
21.985
17.472
18.096
23.883
26.249
26.848
26.446
26.541
26.697
26.997
27.510
26.974
26.698
27.200
26.753
26.809
27.483
27.720
26.079
27.422
25.115
24.425
26.341
24.477
25.932
26.819
27.275
27.408
27.193
27.372
27.644
27.243
27.158
26.963
26.357
24.253
24.502
26.915
25.256
20.910
21.360
19.229
22.417
14.231
22.966
22.358
24.510
21.860
13.914
12.391
24.812
16.667
24.627
18.118
23.828
19.525
15.629
0.814
26.031
26.428
19.228
25.123
25.981
17.202
23.446
5.091
19.308
22.484
16.635
23.591
25.161
23.202
11.572
12.630
7.413
20.773
12.509
18.988
7.997
12.629
6.948
6.722
3.445
10.017
2.452
16.401
12.792
4.108
12.227
19.428
17.685
2.103
12.797
24.493
13.983
11.326
11.192
3.016
4.251
17.389
16.380
9.747
21.261
13.506
13.862
19.314
15.355
2.220
11.516
8.462
4.002
11.335
8.588
10.176
10.246
9.465
14.647
17.320
20.212
23.220
23.318
1.440
1.435
6.589
8.631
4.756
9.325
22.815
15.739
18.122
21.747
22.434
22.617
23.293
22.506
23.649
21.127
22.885
20.554
23.025
23.618
23.694
23.131
20.964
22.609
20.203
20.805
19.277
22.302
20.624
22.501
22.324
3.012
18.166
16.066
13.851
2.215
2.633
21.131
11.739
6.193
14.930
19.490
20.720
10.072
20.917
19.508
13.442
20.260
20.046
18.531
17.573
20.169
20.167
19.298
17.647
20.037
20.345
20.339
19.926
19.845
19.964
20.152
20.275
20.000
19.738
19.260
19.453
19.462
19.259
19.046
19.064
18.857
18.806
18.544
18.342
18.388
18.253
17.317
13.799
12.125
17.809
18.040
17.859
17.704
17.192
17.337
17.681
17.965
17.888
17.706
17.887
17.548
17.273
17.197
17.081
16.975
16.693
16.680
16.414
16.279
16.511
16.492
16.685
16.200
16.669
16.294
16.177
16.396
16.450
16.518
16.578
16.540
16.353
16.317
16.366
16.437
16.604
16.481
16.354
15.887
15.967
16.401
16.291
15.975
15.819
11.046
15.363
14.282
14.103
16.241
15.720
3.615
15.949
15.307
8.376
4.790
13.312
16.581
16.515
16.274
15.949
16.378
16.704
16.437
16.849
16.315
16.240
17.204
17.085
16.837
17.335
17.371
15.677
0.666
11.210
16.945
16.995
17.325
17.375
17.823
17.809
18.178
18.419
18.385
18.139
17.803
18.111
18.425
18.194
18.524
18.616
19.422
19.792
19.484
19.376
19.769
19.142
16.988
9.581
20.231
20.540
20.905
20.777
20.128
6.932
20.623
20.839
19.084
18.258
18.397
21.206
21.631
21.933
22.099
21.272
21.956
20.975
21.691
21.985
22.232
22.150
18.620
22.425
22.351
22.952
23.134
23.234
23.473
23.229
24.445
24.669
24.843
24.605
23.588
23.517
24.023
24.254
24.211
23.789
24.620
24.577
24.798
24.657
25.071
24.874
24.812
25.430
25.600
25.533
25.033
25.734
26.330
26.494
26.345
26.108
25.694
25.541
25.778
25.915
25.623
25.754
23.678
22.673
26.168
26.206
26.628
26.478
26.446
25.585
25.923
26.123
26.740
27.008
27.062
26.940
25.465
26.667
14.001
26.691
26.892
27.249
27.436
25.326
24.925
26.113
25.610
25.651
23.022
17.727
20.631
25.560
24.542
26.261
27.581
27.304
27.521
27.484
25.464
22.416
27.354
18.961
27.127
27.399
27.005
26.929
25.283
18.893
24.515
17.313
26.936
23.113
27.090
27.451
27.087
23.057
25.141
24.310
15.719
19.855
25.623
22.183
23.447
19.305
25.354
25.245
21.373
22.104
25.299
22.613
25.192
26.774
26.661
24.802
26.584
25.947
22.933
16.727
25.631
23.475
25.322
25.383
23.004
12.518
17.196
18.954
18.965
12.656
15.395
18.965
14.090
22.371
13.120
2.174
23.426
22.086
21.438
0.938
1.071
0.721
6.557
17.610
2.826
1.502
22.626
8.418
