20000101
16.101
16.078
16.315
16.391
16.286
16.387
16.293
16.500
16.464
16.288
16.597
16.463
16.471
16.927
17.385
17.278
17.004
16.744
17.104
17.314
16.970
17.077
17.066
17.451
17.426
17.639
17.883
18.389
18.530
18.711
18.709
17.857
18.210
18.164
18.032
18.855
18.955
19.192
19.301
19.266
19.147
19.559
20.128
20.091
20.242
20.366
20.398
20.785
20.822
20.473
17.994
20.913
20.777
13.285
6.637
21.439
22.142
21.801
21.867
21.694
21.543
21.708
22.018
22.312
22.649
23.075
23.177
23.415
23.780
23.633
22.694
22.962
22.975
24.089
23.871
23.588
23.230
24.605
24.969
24.844
24.106
24.282
24.908
25.167
25.197
25.222
25.537
26.039
25.823
25.365
25.016
25.197
25.522
26.035
25.767
25.821
26.233
25.604
25.613
26.430
26.340
25.928
26.035
26.096
25.988
25.865
25.889
26.711
26.878
27.140
26.927
26.396
26.134
22.595
26.155
26.263
26.569
26.436
26.656
26.587
26.867
27.097
26.603
27.111
27.038
27.008
18.412
24.482
22.015
21.811
23.016
23.344
20.106
19.570
22.025
20.684
24.465
23.512
17.751
14.145
22.556
26.447
26.974
26.807
27.076
27.099
27.219
27.189
26.750
26.308
19.634
21.776
26.727
27.064
14.695
23.055
17.171
25.064
20.486
23.465
23.635
27.053
27.164
26.277
23.467
26.014
25.895
27.028
27.137
27.183
26.264
21.468
20.119
22.473
23.023
24.370
26.612
26.854
26.859
21.530
22.721
17.911
16.980
21.555
22.967
16.701
23.595
22.975
23.105
2.932
17.969
18.691
13.192
10.690
9.032
6.230
3.151
11.825
16.528
23.011
11.745
10.408
6.475
17.943
23.667
26.231
26.344
25.255
26.214
25.508
5.331
14.052
22.289
22.342
25.676
11.963
26.045
26.060
25.783
26.040
22.011
24.450
16.328
12.140
22.911
11.069
5.750
18.101
11.367
12.841
21.204
4.444
13.327
5.526
17.756
23.689
24.171
19.941
24.183
22.641
23.426
20.903
15.723
4.688
16.520
21.488
19.271
13.825
1.968
22.395
23.503
22.234
23.609
23.500
23.584
23.597
23.560
22.423
22.564
22.301
23.092
23.063
22.663
22.672
21.744
21.799
15.196
14.362
13.442
20.292
21.270
21.647
22.304
22.026
22.312
22.340
22.249
22.159
21.787
21.643
21.468
18.176
19.765
19.252
18.159
19.787
19.380
18.803
20.856
21.630
21.268
20.983
20.804
20.719
20.656
20.493
20.015
19.613
19.498
19.303
19.500
19.678
19.715
19.705
19.688
19.571
19.333
19.182
18.804
18.514
18.450
18.169
17.989
17.949
17.938
17.839
17.412
17.797
17.717
17.676
17.380
17.358
17.394
17.493
17.692
17.435
17.321
17.065
16.611
16.731
16.720
16.433
16.774
16.778
16.853
17.350
17.398
17.189
16.939
16.715
16.547
16.440
16.411
16.381
16.300
16.192
16.191
16.103
16.264
16.202
16.127
16.156
16.072
15.864
15.951
16.228
16.260
16.476
16.375
16.380
16.465
16.447
16.441
16.345
5.172
15.719
16.149
16.235
16.296
16.357
16.552
16.300
16.373
16.681
16.757
16.646
16.507
16.674
17.021
17.139
16.888
16.919
16.595
16.959
16.998
17.120
17.347
17.336
18.255
18.542
18.588
18.667
18.455
18.106
18.221
16.321
17.878
18.228
19.104
19.345
19.479
19.712
19.710
19.788
19.891
19.902
19.748
19.801
20.217
19.612
20.023
20.322
20.330
20.497
20.610
20.480
20.575
21.609
21.294
20.858
21.083
20.313
21.334
21.237
21.811
21.445
22.435
22.269
18.312
23.073
23.157
23.067
23.280
23.568
23.540
22.932
13.877
15.857
23.034
22.673
23.375
23.807
24.114
19.198
23.471
22.893
22.965
11.091
21.858
23.657
24.437
24.271
24.167
25.052
25.703
25.263
25.381
25.705
25.624
25.381
26.138
26.411
25.275
25.058
26.421
26.294
23.693
24.506
15.025
22.125
17.092
24.156
17.348
17.180
16.751
26.532
26.770
27.114
27.369
26.716
27.242
27.359
27.384
27.023
27.213
26.703
27.112
27.120
27.265
26.178
27.145
26.877
26.669
27.317
27.161
27.143
27.392
27.380
27.284
27.241
27.146
26.682
26.795
23.897
24.677
25.079
26.645
23.186
27.234
27.254
24.375
26.044
24.484
23.807
24.495
22.538
25.928
20.562
23.892
11.060
26.049
24.143
16.267
20.855
19.758
23.826
17.918
21.464
16.658
23.619
20.776
19.553
13.409
16.818
22.846
22.741
26.325
26.888
27.049
26.646
24.847
20.866
23.074
23.974
25.568
18.560
14.975
5.016
13.558
20.385
1.137
15.316
25.082
25.299
16.385
24.741
18.997
3.232
11.351
11.313
18.247
6.731
5.039
3.599
8.136
21.377
3.303
3.486
12.715
4.938
19.889
16.504
14.344
22.037
21.554
11.690
17.526
20.690
23.983
24.911
20.551
15.009
24.239
22.410
22.114
23.209
23.476
16.376
23.987
22.528
22.516
23.611
23.409
1.019
2.022
3.503
24.602
21.688
21.467
16.183
11.006
23.745
21.845
24.507
24.698
23.520
21.871
12.853
24.272
24.005
23.862
24.220
23.767
23.798
23.999
11.776
23.180
23.381
23.557
23.422
22.947
22.962
20.376
22.430
18.843
12.573
21.125
21.325
6.681
19.137
11.301
14.205
16.886
21.157
21.755
22.381
22.528
22.060
22.227
21.526
11.578
11.656
12.563
12.599
21.264
20.496
20.485
19.468
19.895
18.383
2.069
19.777
13.540
20.248
20.247
20.713
21.037
20.759
20.580
20.454
20.197
20.271
20.178
19.962
19.816
19.560
19.504
19.313
19.051
18.873
18.921
18.920
18.857
18.777
18.699
18.392
18.372
18.259
18.664
18.717
18.572
18.248
18.317
18.363
18.273
17.689
17.375
17.090
17.256
17.065
16.947
17.264
17.133
17.170
17.199
17.153
16.988
17.110
16.907
16.867
16.817
16.772
16.533
16.657
16.704
16.353
16.243
16.160
16.080
15.727
15.706
16.038
16.089
16.086
15.837
15.778
15.701
15.748
15.801
15.878
16.371
16.614
16.508
16.414
16.047
15.906
16.017
16.115
16.083
15.950
16.256
16.347
16.315
16.427
16.492
16.488
16.154
16.052
16.523
16.739
16.596
16.476
16.568
16.648
16.216
15.934
16.604
17.050
16.494
17.352
17.302
17.337
17.378
17.576
17.642
17.356
16.503
18.204
18.683
18.691
18.859
18.984
18.583
18.656
19.022
18.227
18.560
18.473
19.704
19.999
20.098
8.414
17.130
20.149
20.187
19.955
20.022
19.882
11.488
17.238
20.128
20.583
20.374
20.744
20.653
21.136
21.552
21.546
21.429
21.272
21.219
21.621
22.327
22.396
22.316
22.563
22.094
21.949
21.113
20.689
20.284
6.289
16.103
9.117
22.690
23.404
24.123
24.108
24.148
22.393
19.684
24.231
24.421
24.389
24.322
24.115
25.087
25.590
25.846
25.888
25.442
24.810
26.173
26.169
25.581
25.049
21.096
11.174
9.258
25.474
25.901
26.179
26.304
26.111
25.820
25.565
26.243
25.955
25.451
24.748
21.903
26.566
27.027
26.216
27.081
27.336
28.531
27.901
27.457
27.735
27.636
27.624
27.935
28.138
27.624
27.203
27.988
27.769
27.288
23.986
26.398
26.590
26.943
26.789
27.066
27.013
27.184
24.256
26.861
27.707
27.281
27.265
27.393
27.063
27.134
27.399
27.425
27.612
27.052
25.714
19.041
25.359
23.794
23.490
25.289
24.995
26.480
27.218
27.076
27.255
27.420
26.186
22.853
19.434
22.386
22.585
19.527
22.721
26.006
19.859
20.813
23.768
25.242
22.640
24.214
20.793
9.757
9.366
20.103
16.541
6.473
7.679
25.948
26.432
25.837
20.436
26.705
25.022
25.587
24.811
26.363
13.011
18.680
24.712
24.176
25.219
9.459
8.249
20.809
17.713
20.526
10.646
10.594
3.436
3.955
6.001
3.147
7.510
15.958
26.193
25.723
26.296
25.836
18.403
20.223
16.432
11.472
5.095
9.318
19.393
4.476
16.725
16.190
14.980
3.481
2.865
4.443
5.881
4.474
18.088
19.536
19.363
23.980
14.997
19.333
18.724
23.366
8.372
8.982
8.384
22.243
23.920
5.896
22.663
23.271
23.386
21.021
14.045
19.613
17.522
15.391
23.976
19.993
22.402
8.491
23.838
23.644
23.714
23.423
23.405
23.249
22.856
20.686
20.550
17.187
18.158
17.697
13.023
19.008
18.434
11.725
21.722
16.716
19.950
18.745
22.152
21.927
22.032
22.192
21.900
21.811
21.546
21.454
21.185
20.651
19.074
20.778
20.787
20.636
20.273
20.056
20.349
20.321
19.904
19.949
20.081
20.187
20.062
19.939
19.875
19.915
19.766
19.309
19.041
18.910
19.240
19.306
18.931
18.805
18.711
13.151
17.342
18.069
17.808
17.591
16.244
17.521
16.616
17.408
17.813
17.968
17.744
17.579
17.351
17.410
17.143
17.138
16.947
15.304
16.739
16.965
16.903
16.877
15.892
16.713
16.806
16.827
16.407
16.814
16.522
16.152
15.770
15.816
15.996
15.983
16.254
16.083
15.923
15.804
15.775
15.770
15.825
15.855
15.402
15.606
15.688
16.061
16.009
15.569
15.970
15.684
15.774
15.958
16.089
13.092
16.003
16.091
16.173
5.183
15.840
15.992
15.773
16.060
16.430
15.833
15.754
16.241
14.832
16.647
17.273
17.119
17.431
17.655
17.568
17.419
16.598
17.147
17.299
17.463
17.618
16.990
15.869
15.047
17.434
17.880
17.961
14.254
17.935
17.931
17.797
18.497
18.717
18.704
19.252
18.976
19.048
19.062
19.400
19.814
19.940
20.037
20.082
19.883
15.715
14.208
20.329
20.164
20.419
20.247
20.078
20.921
20.446
20.864
20.984
21.193
21.155
21.250
22.543
23.633
22.997
23.106
23.363
23.281
22.967
22.916
23.060
23.823
23.539
23.262
22.178
23.682
16.341
23.408
24.103
23.990
24.391
23.946
24.303
24.339
24.314
24.688
24.557
24.190
24.560
24.892
24.997
24.900
25.018
23.480
24.462
24.221
25.053
25.606
25.589
25.755
14.498
20.356
15.153
25.686
25.947
25.576
25.548
24.982
25.453
26.344
26.494
26.300
26.954
27.138
27.219
27.019
26.910
27.101
27.513
27.555
27.393
27.318
27.598
27.097
28.117
27.636
27.306
27.347
27.787
28.151
27.826
27.725
27.651
27.539
27.919
28.385
27.611
27.492
25.736
27.058
26.968
26.980
27.244
25.310
26.185
27.204
27.355
22.619
27.557
18.671
27.475
27.872
27.745
24.874
26.273
27.413
27.193
27.181
26.991
24.764
26.874
27.242
25.945
27.044
23.103
26.697
17.921
24.069
20.409
13.520
15.418
8.330
15.005
18.880
21.356
21.713
16.623
14.124
20.079
21.966
24.268
23.761
17.434
13.389
19.786
15.332
2.576
20.798
21.383
19.483
15.683
16.170
6.513
17.543
18.317
22.522
22.918
6.782
23.351
22.323
24.233
12.442
10.141
7.418
12.513
6.738
8.858
10.995
17.442
5.413
6.378
8.961
14.881
10.982
14.884
14.031
16.950
22.597
23.828
25.091
23.127
22.817
21.793
6.301
22.385
17.696
25.023
21.864
15.092
21.550
23.187
16.328
23.777
24.192
17.398
7.080
15.791
4.981
5.708
13.312
21.452
21.913
0.893
9.130
5.773
14.595
13.852
22.851
21.322
16.395
12.050
23.388
20.940
21.370
18.606
23.360
23.127
22.162
19.122
21.771
10.787
20.372
20.638
20.558
17.976
19.792
12.549
8.899
6.814
18.723
21.924
20.916
20.630
19.567
18.781
17.529
17.956
22.258
22.156
22.037
21.264
20.767
18.175
21.182
21.465
21.154
21.185
20.956
20.905
20.347
20.282
20.253
20.434
20.450
20.157
20.228
20.140
20.049
19.933
19.841
19.675
19.361
19.260
19.111
19.005
19.330
18.879
18.466
16.309
18.053
18.086
18.028
17.913
17.995
18.320
18.480
18.091
17.734
17.535
17.502
17.308
17.021
16.929
16.947
17.188
16.872
17.029
17.355
16.087
15.954
16.295
16.285
16.524
16.192
16.646
16.533
16.852
16.624
16.526
16.346
16.123
16.337
15.871
15.937
15.786
15.924
15.609
15.650
15.641
15.585
16.264
16.114
15.931
15.871
15.705
15.955
15.818
16.068
16.012
15.903
15.743
16.417
16.295
16.188
16.205
16.165
16.036
16.090
16.098
15.864
15.353
15.427
10.523
16.079
16.204
16.170
16.309
16.363
16.424
16.492
16.688
16.258
16.750
17.084
17.201
13.387
16.745
15.155
9.724
17.435
15.571
17.692
17.944
17.814
17.528
16.169
16.763
18.452
18.943
19.241
18.818
19.262
19.669
19.525
19.325
19.453
19.319
19.714
19.604
19.338
19.730
20.055
20.193
20.433
20.415
20.168
20.470
20.807
21.038
21.240
21.395
21.448
21.653
21.589
21.801
22.174
22.163
22.242
22.176
22.086
21.554
23.115
23.395
23.673
23.273
23.442
23.458
23.357
23.336
23.719
23.598
23.903
24.126
24.361
24.551
24.983
24.371
24.383
24.208
24.450
24.920
24.760
24.962
24.851
25.027
25.266
25.417
23.861
25.077
23.261
24.536
25.410
25.405
25.457
24.982
25.308
25.419
25.443
26.042
25.655
25.767
26.027
26.099
26.242
25.709
26.082
26.024
26.587
26.137
27.041
26.859
26.912
27.215
26.851
26.582
26.898
26.371
28.125
28.040
27.881
28.191
27.903
27.545
19.906
11.646
12.949
12.585
21.953
16.819
22.593
11.029
26.465
26.851
12.493
27.086
27.479
27.564
27.296
27.269
27.155
27.351
27.401
27.093
27.535
27.571
27.733
27.678
27.500
27.536
23.294
27.375
27.138
26.240
27.291
26.557
12.954
12.241
13.677
20.690
20.147
12.468
16.630
8.120
8.237
16.124
5.127
26.369
24.617
26.652
25.854
25.162
22.886
21.618
13.228
21.197
24.658
25.673
25.700
24.159
14.693
25.127
10.878
14.100
18.799
18.567
22.909
19.406
23.157
21.506
26.499
26.884
26.583
20.816
22.584
10.257
20.854
21.409
22.019
24.916
25.353
21.902
20.688
16.474
11.965
5.105
17.779
7.659
11.819
18.935
18.789
12.469
22.566
13.652
4.844
11.573
10.383
2.320
13.593
15.391
2.384
11.028
15.907
2.779
19.948
1.896
13.824
18.027
23.444
20.660
21.761
22.355
7.628
17.000
21.637
24.473
23.630
23.348
22.870
24.433
24.373
24.193
22.337
21.661
11.420
23.072
22.661
22.658
23.689
23.159
23.526
23.645
22.895
23.173
15.668
21.880
20.129
19.113
16.642
14.804
15.601
18.337
17.735
20.523
18.982
19.062
18.609
21.316
20.946
18.664
16.552
20.371
15.762
15.763
20.098
20.300
18.593
19.852
20.721
18.393
19.871
20.567
21.349
20.995
20.710
20.872
20.838
20.646
20.486
20.197
20.013
19.514
19.993
19.891
19.945
19.526
19.676
19.406
18.845
16.272
19.283
18.896
18.709
18.213
17.576
18.724
18.687
17.871
15.924
18.097
18.281
17.487
13.776
17.353
17.535
17.506
17.131
17.288
16.662
15.299
17.137
17.087
16.950
16.985
16.807
16.700
16.538
16.483
16.362
16.344
16.505
16.553
12.882
16.270
15.762
15.872
16.023
15.872
15.788
15.883
15.549
15.067
15.803
16.054
15.902
15.828
15.997
16.222
16.189
16.148
16.159
15.304
15.601
15.299
15.696
15.192
15.734
15.970
15.805
15.541
14.279
13.693
10.927
16.325
16.275
16.354
16.065
15.937
16.083
16.487
16.471
16.283
16.340
16.831
16.810
16.776
16.420
15.655
8.603
17.345
17.312
17.194
17.145
11.407
17.562
17.310
17.031
13.669
17.250
6.788
18.129
17.747
17.394
16.902
18.422
18.639
18.512
18.517
18.180
18.575
17.776
18.120
18.911
18.946
19.190
19.216
19.051
19.395
19.272
20.023
20.064
20.964
21.596
21.627
21.206
21.720
21.552
21.172
21.048
21.131
21.208
20.043
20.897
17.066
21.338
19.699
22.039
21.369
16.282
20.524
18.114
20.492
22.728
22.978
23.547
23.657
23.326
23.269
24.119
24.338
23.898
23.955
23.863
24.452
24.752
24.634
24.651
23.908
24.524
24.566
25.188
26.226
25.886
26.248
26.106
26.259
26.239
26.298
26.092
25.962
26.583
26.522
27.639
27.421
27.192
27.016
26.780
26.301
23.017
26.025
27.383
27.204
27.109
26.042
19.964
22.938
25.525
25.002
26.544
26.667
26.269
18.381
17.171
18.375
23.038
18.885
22.452
20.491
19.795
23.763
26.525
27.171
27.506
27.975
28.061
27.645
27.762
27.419
27.350
27.370
26.590
26.527
27.430
27.232
27.862
23.595
26.800
27.621
27.800
20.329
24.475
21.416
24.639
27.719
27.407
27.482
27.915
26.336
26.697
27.611
27.309
21.043
24.081
27.477
26.090
24.814
13.915
26.853
27.012
26.556
27.059
24.377
10.439
17.805
23.178
21.947
21.422
20.491
15.591
18.849
24.955
15.019
19.456
23.763
23.789
22.499
19.996
22.749
20.745
21.448
10.074
18.374
11.455
5.492
23.483
4.700
19.453
20.143
20.482
4.813
9.020
23.500
23.233
24.004
26.250
23.289
25.231
3.955
18.472
15.568
17.587
8.732
13.168
8.381
23.002
23.371
18.356
18.630
16.692
16.752
5.325
9.649
9.940
14.685
24.760
21.095
24.815
23.297
18.645
23.921
9.984
12.914
24.519
24.542
24.341
24.454
24.256
24.615
17.585
24.728
23.601
24.025
23.185
24.199
23.933
23.669
24.556
21.003
17.842
23.955
22.742
19.661
14.671
16.874
21.488
19.661
21.424
21.994
21.617
13.049
13.366
18.480
14.973
7.931
13.278
21.832
21.968
21.542
15.751
0.829
21.406
20.031
20.607
19.910
21.600
21.441
15.029
21.982
21.235
21.688
21.651
21.500
21.241
21.317
21.315
19.865
20.576
20.713
20.692
20.598
20.728
20.373
20.434
19.357
7.531
20.295
19.951
19.808
19.780
19.836
19.306
19.157
19.544
19.321
19.490
19.518
19.221
19.040
18.909
18.403
18.354
18.428
18.277
18.212
18.245
18.684
18.555
18.173
18.222
18.178
18.021
17.885
17.650
17.301
17.529
17.506
17.477
17.351
17.242
17.026
16.899
16.796
16.580
16.452
16.761
16.513
16.293
16.421
16.246
11.210
16.395
16.593
16.674
16.422
16.510
16.608
16.457
16.561
16.338
16.256
16.220
16.020
16.092
16.384
16.310
16.146
15.993
16.004
16.007
16.104
16.410
16.266
16.095
16.220
16.005
15.914
16.078
16.039
15.704
15.747
16.172
15.934
15.844
15.228
16.237
16.450
16.453
16.603
16.664
16.729
16.596
16.721
16.836
16.765
16.941
16.565
15.659
9.967
17.454
17.555
17.761
17.814
17.791
18.075
17.965
18.000
17.529
18.227
18.312
18.009
18.065
18.429
18.879
19.143
19.272
19.395
18.995
19.103
19.532
19.584
19.729
19.863
19.839
19.840
19.901
19.971
19.978
20.243
19.960
20.755
20.941
21.202
21.076
20.958
10.000
6.317
16.340
21.180
21.991
21.660
22.094
22.470
22.672
22.787
22.537
4.346
16.799
18.295
22.775
19.906
16.646
8.303
23.350
23.632
23.339
10.262
23.340
24.090
24.267
23.701
23.987
24.131
25.037
25.002
25.677
25.746
25.788
25.609
24.510
25.007
25.249
25.182
25.259
25.262
25.342
25.488
25.332
26.057
25.923
25.944
26.496
25.601
24.169
25.938
24.028
26.907
26.116
26.267
26.406
24.371
26.241
25.075
25.902
26.776
26.638
26.707
26.611
26.547
26.624
27.237
27.133
27.374
27.203
27.625
27.672
27.494
27.511
27.371
27.300
27.396
27.210
27.131
26.898
26.854
23.546
26.866
21.477
26.231
19.734
25.062
25.669
25.522
25.399
26.982
27.240
25.235
27.145
22.407
24.725
10.795
11.544
24.121
25.909
24.827
27.143
23.648
26.542
23.740
26.092
26.315
25.006
25.477
16.581
24.966
27.308
27.612
25.358
21.562
23.914
25.408
22.405
22.056
18.049
15.219
14.637
18.238
8.605
24.053
22.261
18.748
21.192
18.161
17.974
10.843
16.046
9.889
8.498
16.816
6.389
11.999
6.812
19.655
23.705
19.017
19.089
10.381
18.546
6.704
2.961
4.721
21.147
13.259
8.788
22.736
24.408
11.617
14.289
6.599
9.529
10.586
1.355
4.938
14.217
5.895
17.184
19.443
3.946
10.811
3.037
5.857
7.140
22.278
21.035
23.747
14.666
18.005
15.172
10.771
1.200
2.696
10.961
7.733
20.908
19.948
11.123
9.505
5.896
6.960
19.027
21.665
1.130
8.493
19.712
21.431
23.326
20.093
8.852
7.540
18.133
22.183
23.123
17.774
18.377
22.100
18.572
22.394
22.385
22.289
20.711
21.931
20.854
19.907
20.988
20.964
20.361
19.079
21.289
20.820
20.378
13.234
19.353
20.722
21.218
21.319
21.644
21.749
21.557
21.556
21.430
21.151
21.119
21.203
21.081
20.429
17.324
18.271
20.293
18.730
20.065
19.810
19.680
19.492
16.305
19.001
19.418
19.323
19.165
19.038
19.107
19.168
18.910
18.924
18.965
18.800
18.640
18.667
18.453
18.076
13.983
14.859
18.053
17.986
17.972
17.753
17.611
17.458
17.336
17.281
17.238
17.229
17.175
16.991
16.374
16.776
15.389
16.925
16.933
16.928
16.906
16.687
3.834
15.985
16.327
16.176
16.163
15.891
15.511
14.159
15.652
15.817
14.991
15.936
16.076
16.123
16.016
15.737
15.458
15.803
15.769
16.093
15.920
15.927
15.961
15.893
15.556
15.440
13.795
12.729
15.823
15.988
15.948
15.926
16.026
15.437
15.665
15.929
15.973
15.966
15.958
16.165
16.165
16.150
16.110
16.270
16.500
16.662
16.543
16.623
16.897
17.118
17.002
16.926
16.797
17.266
17.280
17.458
17.560
17.644
17.275
17.298
17.170
15.702
17.221
18.035
18.296
18.381
18.320
18.617
18.879
18.348
18.398
18.906
17.839
11.611
18.878
19.425
18.730
19.783
17.090
19.895
20.102
20.049
20.338
20.456
20.424
19.560
15.524
10.146
21.008
21.019
21.326
21.469
20.188
21.545
21.868
21.987
22.262
22.437
22.719
22.893
22.377
22.261
22.463
21.229
17.494
23.381
23.119
23.539
23.456
23.643
20.691
22.931
23.582
24.168
24.371
24.178
24.532
24.651
24.904
25.004
25.104
24.902
24.694
15.211
25.195
25.733
25.666
25.124
25.371
25.506
25.605
25.628
25.832
26.184
26.233
26.304
25.997
20.658
26.068
24.627
25.370
18.298
20.987
24.834
26.465
26.803
26.487
26.748
27.138
27.073
25.368
22.040
19.081
26.988
18.358
25.611
26.907
21.523
22.629
23.163
25.270
26.834
27.025
27.094
27.269
27.234
27.218
27.136
27.056
26.993
27.113
26.587
25.731
20.328
27.523
27.637
27.614
27.729
27.453
26.332
24.049
11.626
20.406
20.441
13.896
23.073
11.666
10.201
5.649
24.373
25.683
26.741
27.027
27.035
26.846
26.643
25.043
21.273
17.160
20.590
22.954
20.609
21.034
16.771
7.185
22.720
23.189
7.787
6.287
11.661
19.831
19.883
13.107
13.787
15.639
17.330
2.777
4.361
6.894
5.969
9.200
12.362
8.686
4.063
20.394
22.698
20.677
19.923
20.606
24.367
13.537
25.809
24.726
22.762
25.152
23.051
25.125
16.336
11.003
14.987
25.060
17.271
24.228
24.100
21.273
23.019
18.438
3.233
10.151
13.299
22.451
19.238
22.683
3.382
12.683
14.233
6.764
4.100
2.837
7.852
8.035
6.606
15.375
23.433
19.476
2.276
19.979
19.981
23.888
24.187
22.775
20.796
22.021
20.878
22.178
20.073
19.825
21.100
21.843
19.995
21.505
9.309
7.309
22.940
17.689
22.848
18.471
22.363
23.049
23.051
22.166
22.703
22.315
12.559
15.221
17.966
20.451
19.617
21.626
9.217
21.422
20.145
16.470
17.563
16.479
21.615
18.341
21.576
22.025
21.972
21.858
21.540
21.257
15.971
21.183
20.261
11.550
17.124
21.015
20.878
20.805
20.882
21.084
21.057
20.671
20.476
20.517
20.159
19.763
19.794
19.363
19.465
19.455
19.204
19.232
19.302
19.103
18.596
19.269
19.064
17.960
18.248
18.620
17.933
17.910
17.580
17.956
17.866
17.889
17.744
17.780
17.636
17.618
17.877
17.746
17.624
17.508
17.685
17.389
17.279
17.247
17.193
17.165
17.036
16.692
15.951
16.353
13.378
15.700
16.387
16.066
15.964
14.144
15.601
16.575
16.238
15.998
15.703
15.799
16.066
15.945
16.098
15.964
16.153
15.931
15.847
15.887
15.734
15.906
14.748
15.075
15.094
15.708
15.781
15.620
16.316
16.361
16.283
16.219
16.178
16.170
15.997
15.633
15.675
15.770
15.346
15.954
15.909
16.367
15.796
16.588
16.667
15.822
16.461
13.374
16.800
17.423
17.376
15.967
15.801
17.544
17.869
17.996
17.961
18.134
17.568
17.729
18.246
18.862
18.814
18.126
18.503
19.189
19.114
18.867
17.695
19.554
19.923
19.982
20.323
20.517
20.824
20.318
20.196
20.402
20.855
20.744
20.973
21.046
20.955
21.115
20.502
21.345
21.816
22.224
22.442
22.499
22.467
22.565
22.474
22.418
22.365
22.637
22.903
22.643
23.311
23.169
21.075
14.725
20.046
18.031
22.639
23.041
23.495
23.731
24.316
24.141
24.135
24.694
24.671
24.618
22.951
19.020
23.456
23.902
16.498
24.853
14.025
24.942
23.622
24.885
21.174
18.658
21.744
25.004
22.685
23.996
24.618
25.350
24.220
24.697
25.666
26.116
26.371
26.152
26.316
26.934
27.042
26.879
26.668
26.664
26.913
27.027
27.176
27.136
27.336
27.376
27.049
27.031
26.500
24.998
26.803
27.043
27.215
24.980
24.538
25.732
23.146
25.999
26.818
26.882
26.820
26.885
27.185
26.994
26.945
26.910
27.188
27.266
27.415
26.916
27.053
27.329
27.874
27.484
25.527
27.272
27.448
26.440
27.278
25.254
25.364
23.497
21.286
15.742
22.695
24.901
22.142
17.884
16.412
17.943
1.599
15.056
16.812
20.088
19.671
14.716
24.475
10.843
11.582
18.996
22.737
24.128
25.964
7.785
12.907
17.564
20.570
20.988
11.734
17.281
24.323
15.527
20.708
20.643
22.225
5.714
14.575
2.670
17.050
12.021
7.518
9.249
14.581
21.643
24.741
26.006
19.830
18.870
12.991
20.788
18.454
21.055
6.729
17.507
16.205
3.470
13.440
21.913
24.875
18.535
16.286
5.846
19.350
21.206
20.959
16.082
12.445
8.938
10.897
20.204
22.257
2.292
13.071
3.786
18.716
18.109
22.720
10.678
21.949
18.715
23.167
24.678
23.300
23.364
22.603
8.019
3.859
23.835
23.751
24.049
24.072
23.430
22.329
16.708
22.175
21.718
23.244
21.971
22.288
12.861
19.948
15.824
22.356
22.266
17.125
16.515
18.951
14.243
18.649
19.242
21.065
21.913
21.323
22.232
21.719
21.476
22.099
21.405
21.093
21.939
21.514
17.456
20.603
19.690
20.187
20.709
20.807
18.811
16.730
20.202
15.375
20.847
20.898
20.953
20.822
20.609
19.541
18.334
20.032
20.192
20.091
20.222
20.113
19.862
19.694
19.789
19.503
19.716
19.104
18.856
18.874
18.836
19.092
18.860
18.920
18.670
19.011
18.628
18.506
18.436
18.407
18.316
18.245
17.863
17.816
17.699
17.454
16.664
17.095
2.462
3.101
16.910
17.394
17.393
17.443
17.262
17.080
17.042
16.983
16.559
16.543
13.160
5.396
14.713
15.816
15.767
15.616
14.278
14.602
15.854
15.115
15.570
15.751
15.787
15.739
15.504
15.567
15.484
15.296
13.282
7.871
12.166
14.402
15.710
15.943
16.130
16.342
16.461
16.383
16.225
16.094
16.271
16.211
16.153
16.181
16.111
16.006
7.045
16.145
14.374
15.729
5.341
15.458
15.850
12.787
12.520
6.948
9.550
16.236
13.717
16.509
14.975
14.517
13.054
17.133
17.240
15.072
17.424
17.682
17.958
18.181
17.744
18.527
18.573
18.496
18.637
19.000
18.625
18.687
18.901
19.201
19.175
19.519
19.142
19.768
19.435
19.395
19.506
19.917
20.231
20.310
20.296
20.431
20.222
20.131
20.359
20.959
20.935
21.046
21.027
21.137
21.373
21.382
22.001
22.161
21.861
22.420
22.608
23.144
22.732
22.943
23.285
23.347
23.307
23.367
22.100
23.713
23.777
23.577
23.725
23.543
21.239
22.711
21.115
22.956
23.013
24.371
24.465
20.188
24.029
21.290
23.310
24.632
23.561
23.968
24.144
24.320
20.465
24.438
24.881
25.681
25.779
26.063
26.444
26.635
26.840
26.487
18.456
25.620
26.693
27.180
27.214
26.960
27.094
27.091
27.713
26.988
26.709
27.679
27.731
27.540
27.517
26.934
26.948
27.074
27.316
26.975
27.072
26.904
25.810
27.211
27.710
27.139
26.664
24.127
26.709
25.877
25.437
26.890
25.485
24.341
26.644
26.850
27.151
24.179
26.908
25.717
27.171
27.621
27.611
27.056
27.110
26.022
23.827
26.751
26.880
26.921
26.363
27.251
26.389
27.601
27.182
27.352
27.164
25.989
24.954
24.939
27.102
26.819
26.042
25.352
23.498
24.937
26.992
26.085
8.575
22.018
15.457
24.283
21.236
16.914
10.434
21.764
22.665
19.091
5.881
15.980
16.119
16.701
19.998
22.120
21.551
2.248
11.083
22.863
22.481
23.504
4.861
24.164
24.466
17.986
10.759
8.523
22.794
6.724
10.825
13.269
2.880
3.811
4.657
6.581
5.689
4.410
17.833
9.180
12.618
6.432
25.588
25.370
12.344
14.681
7.403
9.779
20.370
23.028
21.596
15.391
8.974
13.655
19.450
16.587
24.560
23.743
24.485
24.408
24.071
24.456
24.689
20.671
15.575
4.449
11.729
10.572
12.796
5.391
20.182
15.898
22.058
23.220
21.648
23.233
22.244
21.402
23.530
23.105
11.682
22.822
22.901
23.581
23.666
23.540
23.241
23.308
22.950
21.992
23.113
22.776
22.653
22.553
22.575
22.280
22.183
21.857
21.568
21.826
21.260
22.176
21.326
19.049
20.050
13.383
8.634
19.436
21.279
20.996
21.004
19.497
14.870
18.570
19.104
20.651
20.322
19.409
19.071
20.282
20.283
20.209
20.123
20.438
20.563
20.138
19.759
19.571
19.353
18.667
19.087
19.199
19.216
19.036
18.740
18.574
18.554
18.520
18.159
17.720
17.610
16.305
6.978
5.375
16.417
15.875
16.812
16.808
17.139
17.055
16.908
16.975
17.098
17.234
17.061
16.473
17.110
16.729
16.713
16.145
16.396
16.181
16.483
16.485
16.242
16.069
16.126
16.243
16.188
15.962
16.120
15.119
16.191
15.626
15.458
15.213
15.479
15.407
14.757
15.772
15.691
10.723
6.164
15.135
11.824
15.595
16.046
16.079
16.046
15.818
1.671
15.722
15.977
16.149
15.420
10.139
15.997
16.810
16.694
16.703
16.304
16.454
16.285
15.935
14.670
16.767
16.851
16.932
16.987
17.082
17.165
17.303
17.474
17.345
17.561
17.600
17.755
17.747
17.797
17.742
17.374
17.904
18.087
18.563
18.282
18.325
18.194
16.548
18.242
18.293
18.510
17.084
19.134
19.651
16.088
19.411
19.549
19.791
20.239
20.473
20.459
20.940
21.137
20.901
19.351
18.801
21.006
21.133
21.337
21.478
21.715
21.929
21.857
21.433
19.798
21.245
19.825
19.443
20.658
22.479
22.779
22.925
22.590
23.462
23.495
23.425
23.319
23.325
23.336
23.508
23.759
24.187
24.389
24.439
24.424
24.595
24.304
24.480
24.770
25.144
25.010
24.985
24.927
24.620
24.873
25.596
25.510
25.694
25.621
26.150
19.991
18.874
26.164
26.036
26.016
26.024
26.234
26.265
26.106
26.393
26.403
26.072
25.895
25.980
26.459
26.875
26.820
26.519
26.794
26.455
26.847
26.705
26.739
26.553
26.442
23.930
26.603
26.769
26.830
26.908
26.878
27.090
27.574
27.121
27.052
27.416
27.177
27.295
27.393
27.390
27.918
27.352
26.877
27.928
27.575
27.570
27.539
27.307
26.935
27.030
26.999
27.233
27.377
27.537
27.528
17.660
15.289
26.282
25.042
23.537
13.237
25.732
27.218
22.958
26.959
27.324
24.751
23.447
14.939
16.188
20.281
21.840
26.290
25.810
24.310
26.642
24.423
22.299
25.297
20.687
17.324
21.349
22.639
24.627
24.032
20.473
16.809
14.335
7.630
19.600
23.163
25.249
25.222
23.021
17.957
8.897
20.467
25.646
25.098
16.280
21.223
22.438
15.216
20.920
22.272
23.044
15.188
1.644
4.751
20.133
4.406
22.634
22.794
24.568
20.498
5.879
14.709
18.589
17.586
12.712
15.821
22.763
14.714
16.671
21.589
24.472
24.321
24.245
18.482
22.674
22.220
23.764
22.464
17.542
20.359
22.338
23.289
22.453
22.335
23.068
22.059
23.051
23.779
23.016
20.896
19.036
15.388
19.737
22.352
19.878
15.172
19.275
11.832
21.375
21.552
11.040
10.477
10.097
14.441
20.754
21.934
22.615
22.518
22.820
17.120
22.530
22.615
22.513
22.107
22.452
22.517
22.162
22.154
22.134
21.440
21.735
22.099
21.691
21.677
21.474
17.532
21.634
21.436
21.466
21.605
20.977
20.132
18.450
20.084
20.380
20.418
20.441
19.880
19.181
18.697
14.145
19.375
19.396
19.537
19.528
19.241
19.082
19.053
19.275
18.818
17.172
18.290
18.940
18.825
19.037
18.735
18.655
18.573
18.357
15.717
16.043
16.113
12.188
12.189
15.759
16.523
12.387
11.870
16.196
16.111
16.082
16.953
9.372
1.781
4.674
2.550
12.824
15.767
13.693
16.165
15.957
16.044
16.109
16.150
16.511
16.125
15.875
16.084
16.592
16.407
16.075
16.139
16.373
16.238
16.320
16.217
16.371
16.320
16.297
16.264
16.300
16.316
16.436
16.379
15.992
16.061
16.227
16.030
15.138
2.253
9.721
14.553
16.550
16.492
16.613
16.811
16.371
16.542
16.913
16.733
16.683
16.771
17.078
16.768
16.628
16.379
16.440
16.962
17.442
17.197
16.707
17.047
17.343
17.197
17.240
16.757
16.999
17.562
18.296
17.884
17.683
17.820
17.678
18.290
18.225
18.381
18.702
18.909
18.724
18.765
18.510
18.514
19.068
19.190
19.203
19.307
19.406
19.657
12.797
20.083
19.939
20.242
20.490
20.338
20.965
19.997
20.914
21.054
21.181
21.211
21.595
21.370
20.925
20.882
20.556
21.572
22.009
22.125
22.298
22.410
23.057
23.414
23.772
23.546
23.456
23.608
23.436
23.972
23.607
24.070
24.458
23.828
24.234
24.376
24.260
24.577
24.461
24.781
25.031
25.279
25.003
25.137
25.306
25.090
24.289
25.848
25.619
25.703
25.279
24.779
25.781
25.054
25.298
21.567
24.431
24.876
22.851
24.783
25.434
25.517
25.955
26.753
26.809
24.848
26.991
27.227
27.490
27.102
27.288
26.251
26.492
20.356
23.306
18.791
26.774
26.767
26.725
26.545
27.691
26.828
26.530
27.399
27.207
27.199
26.814
27.052
27.461
26.141
26.290
20.401
26.719
27.333
26.883
25.327
25.573
26.699
26.986
27.134
27.035
25.810
26.909
27.419
27.462
27.265
26.445
24.683
19.032
18.422
26.507
25.178
25.611
24.005
24.296
24.760
25.791
24.907
25.503
19.368
23.654
24.201
22.652
18.432
23.049
20.109
20.026
19.934
18.903
3.176
23.419
23.374
4.864
2.002
10.290
23.388
19.270
26.000
25.380
25.447
18.446
7.040
23.144
18.643
11.896
1.293
15.496
25.988
22.070
7.018
2.189
8.365
14.668
14.131
14.445
15.451
14.732
18.132
1.058
9.779
6.204
22.805
22.015
19.123
9.845
16.324
19.224
14.265
22.759
1.088
16.089
17.958
20.785
14.370
2.094
3.137
3.499
4.963
3.081
8.542
2.621
7.277
2.743
19.558
12.599
17.155
17.746
22.917
23.459
23.011
15.988
17.926
18.865
11.116
22.293
14.013
20.933
20.744
9.559
22.606
19.816
2.405
1.386
6.208
5.173
11.769
8.852
15.675
10.510
12.700
11.808
21.950
22.228
20.680
12.501
10.635
21.581
21.071
22.500
22.172
21.728
21.759
21.855
19.810
21.824
21.810
21.760
21.739
21.840
21.936
21.909
21.701
21.505
20.642
19.439
20.874
21.136
20.964
20.392
18.844
13.290
20.315
20.308
20.246
19.793
19.626
20.536
20.183
18.958
20.288
20.158
19.753
19.605
19.730
19.390
19.445
19.302
19.267
19.193
19.007
18.962
17.877
12.985
17.966
18.157
18.088
17.220
18.006
18.038
17.825
17.526
17.544
17.650
17.544
17.475
17.459
17.458
17.518
17.551
17.247
17.322
17.141
16.668
16.650
16.597
14.167
14.980
15.585
15.923
16.269
16.094
15.834
15.977
16.033
16.307
16.209
16.240
15.975
16.342
17.028
16.815
16.362
16.294
16.262
16.389
16.187
16.147
16.103
16.141
16.043
15.640
15.887
16.168
16.300
16.267
16.237
16.148
16.311
16.151
13.826
15.960
16.100
15.995
15.989
15.652
14.652
16.475
16.624
16.468
16.724
16.615
16.802
17.101
16.862
16.710
16.287
17.045
17.397
17.211
17.480
17.583
17.186
17.325
17.354
17.449
17.671
17.683
17.867
18.181
18.188
18.626
18.802
18.773
18.528
18.416
16.645
18.529
18.956
20.406
19.906
19.803
19.640
19.442
19.294
19.756
19.875
19.494
20.180
20.119
20.382
20.703
20.709
20.827
21.137
21.579
21.815
21.628
21.671
22.252
22.627
22.144
21.936
21.953
22.106
22.430
22.638
23.096
23.722
23.995
24.026
23.783
23.857
23.921
23.649
23.682
23.807
24.321
23.976
24.277
24.637
25.512
25.424
25.538
25.640
25.506
25.343
24.662
24.027
24.914
24.863
24.906
24.941
24.896
25.003
24.764
25.166
24.071
25.248
25.360
25.820
25.532
23.998
25.425
25.627
23.979
25.783
25.898
24.349
24.061
23.168
5.072
26.049
26.656
26.857
25.947
25.340
26.681
26.867
26.825
27.220
27.351
27.714
27.379
26.160
27.002
23.812
24.051
23.174
5.678
24.126
17.506
26.809
26.910
26.796
24.565
27.249
27.404
27.200
27.363
26.696
27.450
27.341
24.568
27.743
27.392
27.565
27.747
27.301
27.454
27.568
27.351
27.392
27.076
27.223
25.278
25.629
26.723
23.677
21.037
19.427
18.669
23.269
16.621
15.892
15.479
21.275
8.358
19.201
21.583
25.499
22.370
22.429
26.441
24.444
25.349
24.218
23.805
24.052
21.507
24.051
23.703
25.648
17.833
17.957
21.734
16.638
2.152
23.444
24.967
23.054
6.626
2.553
14.061
22.241
5.883
5.403
17.965
23.980
24.528
23.185
6.416
12.337
21.704
22.044
7.044
5.534
16.637
14.516
25.007
5.238
8.898
11.385
3.615
4.622
2.624
4.798
21.512
20.654
24.919
13.907
8.844
14.545
23.901
11.514
11.358
5.923
3.839
3.213
4.752
4.541
11.750
23.265
9.368
3.814
17.102
8.210
6.599
2.934
17.158
21.996
19.584
23.359
23.469
23.225
23.073
23.163
20.857
21.895
22.723
19.360
0.491
2.579
15.931
16.456
13.781
2.330
14.197
3.270
18.077
20.180
20.956
14.730
21.809
22.117
20.410
19.972
20.472
21.706
21.707
22.371
22.028
22.127
21.826
21.582
21.610
21.512
21.331
12.627
21.596
21.198
20.905
20.595
20.686
21.465
21.097
20.941
20.875
20.786
20.417
20.491
20.353
20.149
19.825
19.967
19.752
19.612
19.562
19.740
19.703
19.664
19.758
19.612
19.590
19.439
19.044
18.906
18.334
19.331
19.111
18.892
18.936
18.529
18.244
18.074
18.148
17.830
17.829
16.868
17.399
17.572
17.810
17.629
17.629
17.283
17.165
17.130
17.065
16.980
16.829
16.792
16.746
16.745
16.662
16.585
16.563
16.556
16.172
15.945
16.146
15.910
16.054
15.880
15.865
16.314
15.880
16.073
16.178
15.805
15.605
15.043
15.650
15.656
15.624
15.781
16.383
16.359
16.115
16.125
16.237
16.324
16.271
16.268
16.298
15.769
15.816
16.194
16.102
16.539
16.569
16.562
16.696
16.747
16.845
16.974
16.706
16.733
16.576
16.591
16.227
16.554
16.337
15.894
16.747
17.519
17.573
17.872
17.764
17.743
17.673
18.171
18.028
18.183
18.517
17.279
18.276
14.511
15.872
17.934
17.830
17.937
17.807
18.375
19.271
19.572
20.012
19.797
19.191
19.060
19.254
18.620
18.496
13.909
20.164
20.319
20.294
20.214
20.517
20.446
20.537
20.703
21.502
21.508
21.576
21.890
22.471
22.744
22.898
23.021
23.045
22.842
22.762
22.960
22.995
22.976
23.030
23.208
23.704
23.391
23.472
23.337
19.373
23.438
23.906
23.874
23.328
24.617
18.651
24.358
24.384
24.872
23.613
15.932
24.071
24.743
24.991
24.008
25.157
25.292
25.340
25.158
25.755
25.987
25.874
25.185
25.027
25.449
25.979
26.529
26.391
26.119
26.287
26.297
26.151
22.955
24.698
19.851
25.237
21.121
18.819
18.325
23.312
26.359
26.980
26.492
26.629
26.768
27.145
27.531
27.123
26.768
27.308
26.880
27.025
27.657
27.918
26.262
27.399
25.299
24.343
26.258
25.206
26.285
26.110
27.280
27.698
27.300
27.597
27.861
27.293
27.292
27.185
27.179
24.068
25.095
27.116
24.708
20.368
23.929
20.990
22.067
11.622
22.430
20.695
24.241
24.508
10.835
14.650
24.166
16.176
25.505
19.659
24.188
18.833
18.212
1.241
26.089
26.071
19.975
25.328
26.252
23.364
21.456
5.252
24.186
24.941
18.075
23.283
23.633
24.349
7.282
6.368
14.524
22.065
11.317
21.652
11.113
16.260
7.029
9.081
5.609
8.917
1.854
22.806
7.798
5.107
10.942
20.340
16.453
6.748
11.750
25.447
15.532
15.472
15.204
3.843
3.589
15.443
17.071
6.661
24.462
6.283
13.166
19.775
17.074
3.536
8.674
9.677
3.928
12.550
9.265
10.449
6.952
8.387
17.437
21.040
22.172
23.238
23.645
1.039
2.027
10.928
8.823
8.761
14.036
24.048
20.990
19.033
22.425
22.706
22.804
23.747
23.100
23.649
23.993
23.313
20.547
23.430
23.733
23.692
22.454
18.818
21.441
18.466
18.254
16.008
20.380
18.062
22.722
22.781
1.329
18.279
15.902
15.284
2.532
2.299
21.304
12.495
5.586
14.654
20.172
20.714
7.779
20.975
19.414
13.781
20.343
20.044
18.585
19.758
20.237
20.266
17.096
16.756
18.712
20.416
20.353
19.617
19.107
19.989
20.179
20.226
19.972
19.785
19.415
19.457
19.408
19.282
19.084
19.107
18.889
18.795
18.506
18.310
18.358
18.307
17.455
9.738
11.087
17.740
17.950
17.867
17.659
17.473
17.406
17.782
17.871
17.906
17.810
17.851
17.508
17.212
17.157
17.084
16.969
16.805
16.763
16.443
16.283
16.425
16.481
16.703
16.371
16.676
16.341
16.249
16.324
16.360
16.453
16.513
16.452
16.276
16.234
16.326
16.416
16.568
16.405
16.235
15.833
15.971
16.285
16.201
15.899
15.783
13.296
15.353
14.228
13.687
16.245
15.824
7.027
16.071
15.429
12.057
3.038
15.231
16.478
16.504
16.218
15.946
16.311
16.587
16.424
16.846
16.383
16.264
17.144
17.026
16.816
17.279
17.310
14.825
0.688
14.767
17.019
17.004
17.361
17.494
17.854
17.691
18.130
18.341
18.324
18.081
17.736
18.104
18.346
18.177
18.486
18.679
19.431
19.804
19.359
19.495
19.774
19.196
17.843
10.458
20.274
20.597
20.861
20.818
20.164
8.789
20.886
20.925
18.652
19.059
16.984
21.370
21.605
22.057
22.065
21.206
22.115
21.608
21.860
22.132
22.434
22.272
19.108
22.465
22.839
23.107
23.249
23.269
23.492
23.335
24.586
24.768
24.857
24.639
23.681
23.630
24.171
24.319
24.147
23.741
24.807
24.660
24.791
24.684
25.219
24.992
24.844
25.498
25.860
25.670
25.087
25.961
26.549
26.636
26.381
26.272
25.865
25.680
25.882
25.952
25.739
25.667
24.163
17.681
26.228
26.291
26.671
26.512
26.570
25.882
25.403
25.502
26.850
27.181
27.312
27.230
25.000
26.741
12.090
25.958
26.960
27.353
27.668
26.100
24.739
26.567
25.895
24.778
23.425
13.634
20.825
25.637
25.469
26.666
27.687
27.462
27.532
27.520
24.989
20.763
26.863
18.022
27.243
27.468
27.100
24.884
24.075
16.765
22.490
21.629
27.091
21.648
27.275
27.577
27.242
23.251
23.685
25.637
16.795
23.038
26.680
22.611
22.160
19.838
26.280
25.708
23.353
23.452
26.923
24.204
26.198
26.984
26.768
26.683
26.739
26.642
19.275
21.792
21.298
23.493
25.245
26.403
26.084
12.884
18.585
18.439
17.069
17.844
17.744
19.816
13.595
22.371
15.055
5.606
23.545
23.650
16.949
0.974
1.012
0.653
8.317
16.671
3.362
1.280
24.235
8.607
