20000101
16.080
16.025
16.198
16.222
16.145
16.388
16.233
16.404
16.269
16.115
16.425
16.408
16.558
16.855
17.436
17.375
17.143
16.744
17.124
17.312
13.028
16.895
17.045
17.486
17.351
17.697
17.962
18.349
18.541
18.721
18.650
17.989
18.137
18.171
17.671
18.905
18.918
19.145
19.231
19.119
18.841
19.688
20.332
20.224
20.257
20.338
20.381
20.714
20.690
20.505
19.824
20.989
20.894
19.695
11.431
21.402
22.102
21.578
21.667
21.538
21.495
21.611
21.905
22.083
22.639
23.098
22.802
23.346
23.788
23.442
22.615
22.998
23.053
23.550
23.476
23.462
23.246
24.720
24.838
24.860
23.976
24.295
24.923
25.160
25.126
25.185
25.353
25.845
25.732
25.208
24.651
25.272
25.750
26.006
25.723
25.912
26.106
25.853
25.578
26.233
26.236
25.931
25.932
26.075
25.974
25.917
26.133
26.658
26.455
26.957
26.836
26.251
26.132
26.030
26.110
26.183
26.489
26.378
26.522
26.541
26.732
26.917
26.731
27.096
26.895
27.079
23.917
25.522
24.777
23.639
25.978
21.330
20.929
20.921
23.927
25.680
24.347
24.631
19.329
22.105
23.958
26.463
26.943
26.772
26.920
26.957
26.981
27.092
25.775
25.763
17.481
20.219
26.668
27.038
21.140
24.621
14.677
23.039
23.377
22.534
26.092
27.129
27.108
26.741
24.387
26.660
25.329
26.872
27.216
27.247
26.603
26.416
26.596
21.748
24.007
26.310
25.891
25.945
26.625
23.280
23.658
21.456
16.445
11.717
22.340
9.820
23.889
24.943
23.189
12.204
9.781
18.521
13.792
10.966
10.464
6.212
2.711
13.064
22.172
24.037
16.205
23.113
5.726
13.390
23.163
25.600
19.516
25.379
26.173
26.064
6.566
12.983
17.986
23.170
24.364
8.973
25.553
25.969
25.739
26.010
23.304
23.120
20.327
12.384
21.432
14.570
10.836
16.460
14.980
5.574
21.200
5.675
4.161
7.078
13.825
19.551
22.202
17.528
24.039
23.382
23.240
19.876
13.199
3.097
7.726
17.364
21.261
11.781
5.494
23.145
19.807
23.559
23.596
22.924
23.448
23.486
23.405
22.561
22.513
8.441
23.071
23.071
22.598
22.575
21.618
19.363
11.998
16.887
20.452
21.771
21.378
22.282
22.183
22.011
22.126
22.180
22.033
21.984
21.664
21.502
21.122
16.853
6.904
17.543
19.223
19.629
20.437
18.874
21.188
21.376
21.225
20.873
20.628
20.722
20.603
20.429
19.851
19.476
19.252
19.255
19.253
19.488
19.523
19.659
19.508
19.252
19.288
19.113
18.672
18.512
18.268
17.955
17.870
17.818
17.982
17.825
17.207
17.692
17.597
17.612
17.174
17.148
17.509
17.512
17.637
17.374
17.288
17.012
16.500
16.612
16.602
16.254
16.721
16.760
16.815
17.270
17.419
17.115
16.891
16.588
16.418
16.350
16.366
16.306
16.215
16.111
16.103
16.037
16.195
16.135
16.112
15.987
15.817
15.738
15.889
16.150
16.157
16.370
16.343
16.329
16.383
16.355
16.381
16.305
1.637
15.768
16.072
16.153
16.253
16.275
16.478
16.258
16.455
16.572
16.695
16.669
16.587
16.696
17.121
17.151
16.990
16.824
16.704
17.067
16.956
17.054
17.322
17.318
18.305
18.618
18.572
18.626
18.408
18.010
18.125
17.535
18.731
18.734
19.217
19.401
19.543
19.712
19.558
19.645
19.817
19.790
19.690
19.667
20.074
19.718
20.230
20.083
20.351
20.357
20.533
20.499
20.500
21.670
21.172
20.859
20.882
19.785
21.280
21.362
21.834
21.906
22.425
22.501
21.627
23.153
23.118
23.029
23.269
23.569
23.557
22.789
15.443
21.224
22.993
22.658
23.377
23.964
23.977
23.560
23.339
23.251
23.477
13.599
23.227
24.230
24.355
24.119
24.321
25.156
25.546
25.279
25.307
25.708
25.682
25.891
26.298
26.423
26.232
25.579
26.161
26.167
23.930
24.026
14.408
22.139
24.550
24.926
20.384
14.833
14.532
26.487
26.549
27.031
27.171
26.397
27.261
27.211
27.193
26.933
26.962
26.649
27.261
26.972
27.112
26.758
26.922
26.659
26.925
27.193
26.877
26.996
27.238
27.395
27.211
27.257
26.919
26.602
25.406
24.163
26.095
24.639
25.226
26.616
27.153
27.115
25.732
26.177
24.749
24.581
21.609
22.388
25.862
20.878
20.569
15.937
23.823
23.006
20.080
21.772
22.135
24.367
21.345
18.181
12.896
24.062
17.937
21.590
16.944
19.230
22.878
23.833
26.322
26.866
27.030
26.722
24.956
24.031
25.439
25.416
21.103
21.928
15.348
9.233
15.630
16.920
2.066
17.470
25.870
25.889
8.318
20.539
21.748
6.010
15.143
10.496
18.575
6.631
3.673
2.477
4.537
15.263
4.499
4.548
16.684
9.009
18.231
17.476
16.048
17.771
21.226
11.396
14.071
19.422
22.719
25.760
21.210
14.125
23.267
20.405
18.180
21.301
22.550
23.043
22.032
22.703
22.922
24.464
23.205
9.081
0.832
23.458
24.904
24.007
22.385
13.932
18.342
23.659
23.748
24.339
24.670
23.029
22.620
17.915
24.279
23.982
24.046
24.197
23.955
23.625
23.552
18.738
22.770
23.530
23.527
23.370
23.208
22.210
21.935
22.063
15.107
15.201
22.604
22.258
12.865
12.446
17.952
15.937
20.094
20.881
14.852
22.202
22.406
22.190
22.351
22.031
13.299
7.247
17.117
20.651
15.024
20.026
17.918
20.152
19.688
9.737
1.060
19.123
16.412
15.874
15.311
20.556
20.658
20.591
20.449
20.366
20.174
20.042
19.965
19.930
19.583
19.253
19.303
19.244
18.947
18.743
18.802
18.774
18.814
18.620
18.551
18.390
18.364
18.340
18.524
18.521
18.492
18.189
18.201
18.220
18.084
17.610
17.256
16.866
17.165
16.902
16.823
16.902
17.018
17.202
17.123
17.015
16.882
16.988
16.831
16.800
16.860
16.669
16.469
16.641
16.650
16.295
16.141
16.104
15.993
15.573
15.522
16.093
15.968
16.007
15.785
15.569
15.589
15.688
15.814
15.868
16.214
16.452
16.452
16.381
15.843
15.968
16.050
16.244
16.124
15.987
16.259
16.291
16.175
16.280
16.421
16.405
16.273
16.098
16.462
16.635
16.543
16.441
16.487
16.573
16.004
15.075
16.749
17.085
17.061
17.182
17.321
17.372
17.394
17.682
17.658
17.286
17.553
18.178
18.724
18.663
18.836
18.968
18.622
18.658
18.979
18.312
18.579
19.040
19.829
20.095
20.178
6.764
19.268
20.276
20.249
20.015
20.156
19.915
19.338
12.850
20.365
20.586
20.418
20.670
20.556
21.269
21.537
21.537
21.373
21.144
21.327
21.369
22.366
22.293
22.315
22.445
21.891
21.825
21.242
21.131
20.307
8.980
20.451
12.189
22.742
23.325
24.125
24.058
23.972
22.729
22.313
24.345
24.453
24.382
24.140
23.688
25.163
25.817
25.834
25.791
25.230
24.816
26.104
26.028
25.742
25.105
23.085
12.850
9.839
25.557
25.833
26.168
25.864
25.842
25.793
25.562
26.229
26.057
24.525
23.690
25.023
26.576
26.745
26.121
26.930
27.251
28.456
27.777
27.289
27.636
27.540
27.589
27.703
28.053
27.437
27.554
28.066
27.381
27.140
25.606
26.265
26.538
26.785
26.666
26.854
26.889
27.167
10.972
26.859
27.450
27.189
27.299
27.255
26.955
26.932
27.243
27.393
27.396
26.942
26.640
24.193
25.704
26.354
26.626
26.689
26.921
27.146
27.187
26.976
27.063
27.227
27.056
22.840
25.058
24.988
20.917
21.412
23.413
23.866
21.977
22.493
23.925
24.750
24.867
25.506
23.511
19.904
17.044
19.432
18.448
1.268
10.728
26.229
26.372
26.758
17.703
26.758
25.510
24.690
24.276
24.568
16.006
24.593
24.562
22.002
26.221
3.860
4.961
7.436
8.079
5.414
4.222
8.079
2.368
3.264
3.846
2.963
5.373
20.929
26.177
25.721
26.278
26.188
19.496
22.410
21.944
13.297
3.171
9.731
15.425
10.067
2.527
23.656
9.854
3.211
2.464
2.080
8.084
18.733
5.785
20.531
14.307
24.822
23.758
23.017
15.445
23.064
17.328
8.192
20.973
23.944
24.093
2.497
16.031
21.377
22.635
14.300
15.387
22.803
21.664
24.026
23.920
19.288
23.008
7.017
23.957
23.563
23.587
23.344
23.319
23.146
22.848
20.612
17.070
15.941
20.090
20.699
20.558
20.904
19.916
17.737
21.276
20.397
21.388
18.450
22.012
21.880
22.111
22.108
21.953
21.826
21.718
21.620
21.017
20.764
20.887
20.611
20.628
20.457
20.255
20.199
20.500
20.323
19.894
19.940
20.010
20.079
19.991
19.862
19.738
19.816
19.780
19.240
18.943
18.842
19.119
19.202
18.821
18.766
18.585
12.783
4.938
17.390
17.129
16.085
10.627
17.727
17.354
17.353
17.795
17.905
17.715
17.500
17.263
17.338
17.073
17.104
16.837
5.509
16.871
16.934
16.980
15.768
16.135
16.959
16.757
16.715
16.492
16.709
16.453
16.064
15.885
15.830
15.998
15.989
16.189
15.961
15.918
15.796
15.631
15.655
15.737
15.806
15.267
15.473
15.740
16.048
15.940
15.427
15.933
15.521
15.697
15.977
16.095
13.464
16.110
16.141
16.164
11.075
15.815
15.869
15.753
16.270
16.568
15.913
15.650
16.208
16.059
16.641
17.193
17.033
17.189
17.568
17.573
17.164
17.027
17.200
17.385
17.373
17.559
16.663
14.981
16.867
17.431
17.935
17.828
10.172
18.109
18.167
17.544
18.367
18.718
18.725
19.239
18.945
19.183
19.160
19.421
19.747
19.862
19.956
19.999
19.649
17.717
11.216
20.403
20.133
20.304
20.003
20.080
20.768
20.745
20.816
20.861
21.137
21.164
21.323
22.758
23.604
22.966
23.111
23.319
23.206
22.917
22.879
22.936
23.904
23.488
23.262
22.135
23.358
16.530
23.426
24.211
24.150
24.383
23.700
23.985
24.568
24.245
24.579
24.683
24.365
24.396
24.746
24.881
25.035
25.037
24.749
25.043
23.837
24.880
25.167
25.819
25.633
17.720
24.529
23.867
25.781
25.673
25.565
25.460
25.193
25.158
26.495
26.322
26.422
26.923
27.085
27.257
26.845
26.980
27.215
27.256
27.245
27.305
27.265
27.305
27.049
27.891
27.727
27.246
27.317
27.655
27.503
27.530
27.666
27.555
27.471
28.222
27.667
27.427
27.293
26.880
27.015
26.836
26.887
27.024
26.865
27.059
27.089
26.168
26.908
27.413
24.612
27.397
27.806
27.447
21.444
25.214
27.206
27.053
27.031
26.814
26.297
26.774
27.122
27.098
27.079
23.357
26.097
20.561
14.108
22.392
17.161
16.500
9.706
21.607
23.874
25.190
23.056
7.693
15.506
19.654
21.226
23.888
22.605
19.831
11.804
20.678
16.586
1.960
20.297
20.889
17.040
12.341
12.141
9.794
11.964
24.465
23.692
23.102
7.377
18.320
22.278
23.641
15.791
15.478
10.833
13.012
6.788
9.582
15.000
15.637
4.895
14.452
8.838
14.865
11.892
18.684
17.714
17.369
22.434
24.606
24.884
23.729
23.283
21.666
6.769
20.531
24.691
24.793
22.816
12.583
22.570
15.147
9.941
24.036
24.592
18.908
10.129
19.632
6.623
8.189
18.582
21.743
22.043
1.426
10.438
6.685
11.138
17.885
22.942
22.531
13.177
16.875
23.553
21.925
17.028
12.716
23.310
23.215
18.304
15.501
20.796
19.766
15.673
7.438
21.611
18.781
20.277
19.472
17.577
17.031
14.131
17.808
18.095
19.435
21.416
19.217
15.665
11.355
21.841
22.043
22.077
21.658
18.910
20.888
21.241
21.221
21.127
21.174
21.006
21.025
20.295
20.152
20.100
20.451
20.480
20.273
20.050
19.947
19.925
19.929
19.901
19.481
19.249
19.146
18.978
19.063
19.544
19.215
18.521
18.254
17.979
18.108
17.872
17.936
17.972
18.126
18.661
18.116
17.612
17.427
17.369
17.294
16.959
16.814
17.020
17.508
17.170
17.285
17.488
16.115
15.657
16.282
16.477
16.538
16.305
16.846
16.660
16.897
16.581
16.480
16.280
16.153
16.246
15.758
15.859
15.804
15.858
15.638
15.713
15.740
15.755
16.365
16.175
15.957
15.885
15.702
15.910
15.953
16.257
16.122
15.995
16.072
16.417
16.331
16.183
16.162
16.170
15.972
16.038
16.226
15.838
15.495
15.459
15.028
16.105
16.088
15.975
16.299
16.366
16.460
16.366
16.775
16.199
16.572
17.025
17.134
15.401
16.684
13.531
16.566
17.484
15.265
17.681
17.899
17.718
17.847
4.895
18.260
18.456
18.835
19.157
18.932
19.109
19.601
19.535
19.286
19.418
19.460
19.833
19.769
19.460
19.918
20.187
20.389
20.366
20.306
20.117
20.490
20.713
20.981
21.216
21.402
21.378
21.493
21.498
21.834
22.112
22.179
22.146
22.109
21.888
20.252
23.166
23.231
23.612
23.316
23.502
23.470
23.259
23.257
23.538
23.521
23.831
24.059
24.195
24.494
24.751
24.166
24.169
24.259
24.379
25.187
24.882
25.217
24.889
24.976
25.192
25.130
21.820
24.843
23.309
24.496
25.384
25.599
25.355
25.052
25.283
25.378
25.326
26.003
25.621
25.715
25.957
25.924
26.228
25.937
25.955
26.011
26.598
26.052
27.197
26.900
26.783
27.093
26.740
26.576
26.664
26.333
28.367
28.094
27.941
28.100
27.691
27.512
10.851
7.881
14.076
6.760
20.767
19.737
20.347
23.900
26.701
26.805
25.290
27.080
27.414
27.455
27.119
27.132
26.936
27.188
27.329
26.971
27.324
27.509
27.531
27.683
27.475
27.449
27.225
27.211
27.217
27.136
27.197
26.184
15.302
9.570
18.140
23.804
19.000
11.349
12.690
10.086
8.547
21.842
6.856
26.564
26.612
26.721
26.715
24.884
13.043
9.288
11.308
16.914
23.380
19.065
25.886
23.524
16.226
25.322
10.591
18.874
14.776
14.562
20.905
15.024
21.782
6.966
21.420
24.116
26.289
23.541
24.561
16.366
24.165
21.855
21.237
24.977
21.595
18.761
18.942
21.881
21.325
11.168
13.149
12.171
20.546
10.293
21.894
3.536
10.903
9.372
13.097
19.749
4.327
6.597
19.088
15.928
7.776
2.270
8.834
3.062
17.297
13.044
7.936
19.627
22.390
15.275
16.685
24.281
9.001
9.832
24.037
24.428
23.895
24.375
23.787
23.986
24.405
24.211
22.102
19.894
12.739
23.180
22.124
21.756
23.618
23.058
23.319
23.235
23.084
23.133
18.164
21.014
18.021
19.677
18.480
14.563
12.607
13.814
17.682
17.351
21.802
18.351
17.606
21.323
21.146
19.533
11.523
19.591
11.245
15.824
19.684
20.370
19.477
19.650
20.221
17.943
19.194
20.932
21.408
21.009
20.743
20.896
20.863
20.666
20.474
20.219
19.999
19.666
20.014
20.031
20.144
19.475
19.542
19.281
19.198
16.141
19.203
18.914
18.603
17.027
17.110
18.325
18.420
17.538
16.813
18.088
18.161
17.503
10.775
17.458
17.477
17.222
16.818
17.075
16.607
16.080
17.079
17.058
16.891
16.870
16.756
16.620
16.450
16.386
16.332
16.357
16.496
16.374
8.877
16.207
15.702
14.071
15.888
15.768
15.592
15.841
15.680
15.162
15.147
16.001
15.807
15.673
15.884
16.143
16.074
16.039
15.960
15.282
15.595
15.309
15.659
13.495
15.690
15.955
15.798
15.500
13.944
12.209
15.052
16.246
16.067
16.476
16.227
16.043
16.075
16.398
16.393
16.234
16.249
16.712
16.691
16.642
16.289
14.380
11.058
17.222
17.448
17.188
17.040
9.857
17.394
17.281
16.880
11.790
17.220
15.632
18.251
18.167
16.712
15.413
18.348
18.610
18.431
18.143
18.078
18.567
17.545
18.197
18.948
18.948
19.229
18.995
19.039
19.350
19.007
20.078
20.184
21.029
21.544
21.829
21.387
21.718
21.550
21.101
20.983
21.029
21.121
20.615
20.697
18.672
21.172
21.239
22.158
18.898
19.054
19.247
21.102
22.343
22.755
23.040
23.455
23.704
23.318
23.345
24.124
24.177
23.739
23.704
23.638
24.184
24.965
24.774
24.573
24.094
24.369
24.712
25.384
26.298
25.928
26.337
26.135
26.213
26.245
26.169
25.876
25.810
26.346
26.815
27.633
27.422
27.074
27.121
26.868
26.216
26.225
25.981
27.087
26.960
26.816
25.793
23.998
25.872
26.036
26.121
26.651
26.513
26.056
23.046
19.513
24.321
20.652
24.615
24.987
25.841
26.175
26.317
25.849
26.936
27.522
27.946
27.958
27.517
27.587
27.396
27.269
27.291
26.948
27.069
27.307
27.169
27.584
25.232
26.950
27.583
27.731
23.879
26.307
20.706
26.953
27.215
14.571
27.477
27.654
27.074
27.455
27.558
27.207
26.399
27.288
27.251
26.779
24.806
17.484
26.998
27.159
26.415
26.197
24.920
9.413
13.044
19.932
22.572
21.385
19.435
20.321
18.053
25.926
18.451
17.297
21.086
14.659
21.968
11.808
24.794
25.026
23.253
17.933
18.831
19.689
7.278
21.640
2.714
14.543
14.100
18.440
3.618
7.097
22.773
23.408
24.556
25.182
25.481
25.308
21.681
20.359
19.401
8.308
4.487
3.775
5.361
24.453
22.569
14.480
11.386
13.066
18.733
4.706
5.164
11.159
18.506
18.951
15.444
21.361
21.567
22.841
24.075
21.390
16.027
24.636
24.319
24.063
24.544
23.395
24.133
24.617
18.527
15.474
24.451
24.557
24.147
22.255
24.069
24.686
23.961
21.607
23.876
22.667
17.079
17.101
15.377
15.675
17.894
17.171
20.486
22.068
13.134
18.503
20.335
12.558
10.104
21.325
21.224
16.465
16.499
9.546
2.061
20.264
20.930
21.079
20.243
21.513
21.338
15.512
21.658
21.649
21.482
21.294
21.151
20.917
20.967
21.150
21.103
20.891
20.698
18.725
20.466
20.265
20.363
20.453
19.778
15.076
20.463
20.139
19.750
19.701
19.880
19.303
9.009
19.426
19.175
19.536
19.477
19.162
18.875
18.823
18.347
18.442
18.162
18.205
18.275
18.261
18.513
18.478
18.070
18.158
18.230
17.993
17.818
17.586
17.209
17.383
17.296
17.298
17.236
17.141
17.005
16.808
16.728
16.416
16.390
17.021
16.651
16.498
16.456
16.254
11.200
16.314
16.462
16.605
16.451
16.439
16.495
16.382
16.486
16.256
16.172
16.151
16.000
16.034
16.296
16.165
16.039
16.060
15.873
16.034
16.096
16.471
16.185
16.070
16.190
15.813
15.688
15.801
16.035
15.737
15.675
16.330
15.950
13.200
10.485
16.108
16.317
16.376
16.513
16.637
16.758
16.531
16.640
16.771
16.667
16.840
16.458
10.284
7.531
17.519
17.536
17.716
17.840
17.717
17.973
17.952
17.976
17.418
18.143
18.279
17.336
18.052
18.416
18.858
19.177
18.968
19.100
18.785
19.174
19.443
19.618
19.730
19.812
19.761
19.750
19.837
19.787
19.973
20.170
19.897
20.704
20.981
21.155
20.891
20.859
11.160
9.780
18.167
21.813
22.420
22.260
22.437
22.311
22.600
22.461
21.423
18.556
18.590
22.358
22.868
20.550
20.567
18.771
23.314
23.606
23.427
11.706
23.372
24.019
24.205
23.639
23.987
24.164
24.884
24.883
25.718
25.742
25.777
25.448
24.001
24.976
25.293
24.963
25.091
25.145
25.320
25.485
25.280
25.940
25.900
26.195
26.281
24.753
25.110
24.888
25.642
26.888
26.095
26.178
26.330
25.887
26.161
23.785
25.703
26.869
26.429
26.239
26.489
26.632
26.648
27.142
26.978
26.964
27.241
27.664
27.479
27.310
27.300
26.969
27.192
27.312
27.057
26.965
26.754
26.846
26.345
27.108
18.690
20.545
24.404
25.743
26.250
25.486
26.776
26.968
27.124
27.072
27.123
23.834
23.983
7.805
10.378
26.441
26.675
26.695
25.588
26.727
26.890
27.017
27.046
26.840
23.682
25.314
25.337
26.979
26.499
27.269
26.785
23.152
25.413
23.941
25.708
23.999
20.492
13.897
11.265
18.111
12.647
18.979
21.851
14.236
19.315
10.951
18.218
12.067
19.084
9.629
12.280
8.934
6.218
13.644
8.461
18.045
17.342
21.343
24.465
10.201
19.877
3.260
4.446
5.492
17.624
6.649
7.692
24.533
22.812
11.327
10.112
1.751
22.824
9.070
2.410
6.577
12.911
13.395
18.667
22.126
11.914
19.106
2.331
9.694
7.530
19.893
20.721
23.640
15.566
21.088
8.941
13.379
3.789
1.897
4.943
2.077
14.139
19.059
7.475
7.960
9.216
9.245
13.624
22.906
7.298
18.694
21.876
21.458
23.655
15.454
7.049
10.084
20.495
22.380
22.945
12.798
22.831
22.965
2.630
21.177
22.434
21.256
14.281
21.712
21.543
19.537
21.625
21.028
20.605
18.316
20.120
20.042
17.389
13.340
21.188
20.279
21.644
21.440
21.647
21.717
21.466
21.331
21.104
21.159
20.866
21.329
20.806
20.156
19.680
10.270
20.244
13.489
19.952
19.764
19.704
19.476
18.152
18.980
19.288
19.235
19.136
18.818
18.949
18.980
18.841
18.696
18.842
18.746
18.512
18.562
18.309
17.939
9.344
17.061
17.955
17.963
17.857
17.634
17.495
17.308
17.203
17.121
15.992
17.151
17.069
16.850
16.461
16.643
16.395
16.992
17.017
16.914
16.780
16.511
7.670
15.963
16.341
16.206
16.236
15.870
2.651
12.839
15.778
16.059
15.284
16.045
16.059
16.116
15.997
15.662
15.460
15.531
15.721
15.980
15.755
15.875
15.890
15.858
15.525
15.277
8.846
13.761
15.663
15.929
15.842
15.897
15.998
15.555
15.580
15.974
15.990
16.094
16.027
16.150
16.147
16.074
16.242
16.382
16.718
16.688
16.506
16.657
16.667
17.047
16.906
16.856
16.381
17.174
17.335
17.428
17.568
17.499
17.245
17.449
17.180
13.435
17.581
17.965
18.400
18.334
18.427
18.559
18.788
18.141
18.413
18.965
16.981
16.786
19.218
19.339
19.309
19.690
19.404
19.924
20.089
19.877
20.341
20.415
20.264
20.290
18.739
17.034
20.975
21.012
21.199
21.325
21.161
21.713
21.824
21.920
22.265
22.589
22.763
22.803
22.157
22.081
22.254
19.621
22.165
23.477
23.208
23.454
23.383
23.500
23.011
21.810
23.481
24.183
24.277
24.186
24.465
24.604
24.805
24.776
24.973
24.876
24.589
21.621
25.429
25.740
25.597
25.023
25.171
25.403
25.536
25.683
25.805
26.074
26.213
26.135
25.950
16.427
23.487
25.239
25.434
18.806
24.753
26.595
26.433
26.627
26.211
26.783
27.093
27.024
25.745
26.313
26.291
26.665
23.271
26.772
27.011
21.620
18.276
22.145
26.501
26.926
27.018
27.053
27.115
27.106
27.141
26.915
26.800
26.925
26.961
25.292
26.662
21.998
27.237
27.533
27.588
27.565
27.362
27.220
25.372
15.166
21.197
13.258
21.120
26.680
12.004
9.473
15.626
16.319
26.357
26.703
26.928
26.934
26.678
26.500
25.417
21.674
20.669
21.097
23.836
19.240
22.000
14.954
12.740
23.153
22.313
7.006
7.209
10.611
17.252
22.001
9.327
13.935
16.460
15.979
4.237
7.959
14.908
8.284
19.937
15.938
12.796
4.582
17.936
21.483
24.031
18.801
24.040
18.341
2.703
25.443
24.920
22.892
24.618
22.616
25.036
14.564
5.693
17.389
23.503
11.377
23.029
23.943
21.649
19.574
10.137
9.862
10.136
16.744
22.958
15.434
21.961
5.491
9.530
16.857
3.688
4.770
2.744
5.112
15.209
2.789
15.708
23.497
18.827
3.433
18.538
20.098
23.520
24.266
22.558
19.166
21.726
18.144
20.295
21.635
21.701
20.380
22.073
22.095
18.595
5.947
18.210
23.460
8.879
22.935
20.875
22.610
22.876
23.022
22.284
22.473
19.826
17.261
15.618
17.814
19.186
16.722
21.623
9.056
19.031
19.971
19.312
20.988
10.524
21.689
20.999
21.578
22.014
22.011
21.914
21.718
21.551
16.286
21.112
20.879
14.287
20.230
18.536
20.901
20.716
20.896
20.953
20.980
20.607
20.462
20.394
20.062
19.732
19.654
19.346
19.421
19.364
19.116
19.118
19.162
19.062
18.573
19.081
18.791
18.069
18.514
18.487
17.983
17.789
17.860
17.763
17.787
17.657
17.496
17.602
17.441
17.390
17.735
17.542
17.481
17.414
17.619
17.385
17.210
17.156
17.052
17.089
16.883
16.611
16.111
16.327
15.826
15.899
16.392
14.054
16.068
13.797
15.608
16.410
16.119
15.963
15.503
15.861
16.140
16.000
16.089
15.956
15.993
15.808
15.769
15.786
15.700
15.790
14.121
14.929
15.178
15.714
15.885
15.958
16.513
16.425
16.244
16.111
16.160
16.155
16.229
15.739
15.755
15.736
15.585
15.604
15.933
16.418
15.741
16.613
16.562
15.649
16.340
13.414
16.807
17.467
17.461
15.797
16.523
17.568
17.815
17.971
17.993
18.089
17.481
17.604
18.357
18.871
18.753
17.858
18.622
19.167
18.982
18.847
19.123
19.672
19.955
19.897
20.254
20.538
20.786
20.390
20.240
20.495
20.934
20.700
20.824
21.035
20.987
21.077
20.532
21.551
21.819
22.201
22.419
22.482
22.490
22.463
22.397
22.168
22.198
22.663
22.744
22.648
23.263
23.093
22.045
17.053
21.395
17.374
22.766
23.181
23.516
23.851
24.126
24.013
24.332
24.743
24.803
24.772
20.388
14.542
24.173
20.967
23.404
24.831
16.099
24.984
24.386
24.849
22.416
19.412
23.978
24.952
17.657
23.861
25.096
24.392
23.669
25.173
25.715
25.913
26.222
25.953
26.408
27.008
26.818
26.732
26.513
26.866
26.850
26.960
26.962
27.082
27.187
27.278
26.892
27.030
26.873
26.572
26.760
26.866
27.059
25.764
25.848
24.857
23.099
26.804
26.981
26.952
26.674
26.780
27.083
26.817
26.884
26.775
26.998
27.111
27.215
26.883
26.921
27.375
27.805
27.190
27.063
27.171
27.291
27.183
27.113
26.822
26.749
24.408
23.975
19.122
18.796
24.015
16.620
20.082
14.822
20.312
5.116
14.864
19.475
25.253
24.256
9.921
25.293
17.765
6.620
19.963
24.538
26.460
25.616
19.777
14.674
16.537
21.546
12.062
5.644
15.066
23.262
24.840
24.762
21.502
23.659
7.924
10.250
2.351
22.605
8.930
13.247
12.660
11.618
24.945
22.593
26.051
19.250
18.782
15.834
17.668
17.517
17.897
17.557
17.665
16.737
4.451
5.274
22.291
24.798
19.163
13.481
1.117
20.206
21.218
20.935
14.611
5.027
4.279
13.062
18.022
21.284
2.539
6.741
3.717
12.685
12.014
17.858
9.942
21.670
18.934
20.219
21.352
23.553
20.247
17.266
18.004
9.344
23.826
23.765
23.687
24.097
20.997
23.090
17.696
21.647
21.988
23.117
18.696
23.900
23.644
18.252
18.670
18.987
22.401
21.388
13.310
9.816
8.490
9.560
21.239
21.416
22.164
22.179
22.251
22.139
22.028
22.071
21.890
21.682
21.827
21.439
16.365
20.089
19.757
20.830
20.568
20.790
18.260
20.618
15.904
7.852
19.607
20.725
20.759
20.743
20.482
19.978
19.026
19.905
20.051
19.939
20.019
20.037
19.738
19.621
19.679
19.398
19.347
19.031
18.613
18.728
18.719
18.831
18.622
18.735
18.492
18.585
18.452
18.379
18.266
18.115
18.082
18.109
18.050
17.895
17.726
17.643
13.589
17.252
9.588
11.933
17.193
17.369
17.419
17.350
17.160
16.951
16.963
16.910
16.926
16.317
12.910
10.308
15.073
15.121
15.523
15.424
14.358
13.768
15.758
15.704
15.425
15.754
15.921
15.855
15.655
15.407
15.289
15.172
11.777
7.902
12.644
14.528
15.736
15.975
16.226
16.380
16.328
16.358
16.085
16.063
16.221
16.166
16.115
16.152
16.219
15.761
1.883
16.158
16.225
15.956
8.531
15.934
16.104
9.367
14.660
11.482
10.479
16.167
6.300
16.458
15.690
13.959
12.938
16.817
16.908
16.018
17.258
17.798
17.944
18.215
18.233
18.530
18.506
18.384
18.591
18.735
18.254
18.602
18.880
19.157
19.216
19.323
19.079
19.690
19.454
19.060
19.325
20.038
20.274
20.462
20.258
20.344
20.299
19.908
20.263
21.025
20.821
21.005
20.925
21.115
21.302
21.295
22.030
22.149
21.702
22.288
22.529
22.881
22.457
22.991
23.375
23.371
23.191
23.521
23.107
23.670
23.693
23.590
23.665
23.373
23.194
23.585
21.426
23.253
23.095
24.390
24.321
20.524
23.890
21.568
23.625
24.568
24.500
24.458
24.278
24.080
19.760
23.821
25.257
25.347
26.033
26.064
26.396
26.656
26.526
25.411
15.767
26.450
26.749
27.093
27.151
26.768
26.904
27.353
27.262
27.188
27.081
27.666
27.662
27.386
27.553
27.102
26.996
26.985
27.155
26.810
26.943
26.922
27.141
27.115
27.425
27.037
26.566
26.577
26.745
26.943
26.846
26.897
26.968
26.805
26.914
26.717
26.633
26.098
27.037
27.437
27.262
27.528
27.296
27.074
27.079
26.266
25.589
26.590
26.211
26.398
26.774
27.042
26.008
27.627
27.098
27.047
27.184
26.323
25.014
25.011
26.965
26.457
25.829
22.862
21.333
26.801
27.363
27.341
13.404
21.534
8.416
22.101
19.748
23.019
14.444
20.212
22.378
16.940
7.249
18.446
19.935
21.022
21.978
22.424
23.772
4.354
2.946
23.975
24.812
22.054
7.674
23.284
24.619
20.810
6.062
8.761
20.342
6.363
20.215
11.323
6.949
2.976
5.401
8.028
3.655
3.692
11.631
12.289
5.073
6.329
25.594
25.365
18.169
22.047
19.995
20.299
18.985
23.307
22.275
21.227
20.631
16.980
12.734
9.464
24.473
24.159
24.288
22.695
24.719
22.501
24.507
22.224
21.172
4.770
11.904
8.845
15.173
2.168
20.156
19.115
21.627
23.575
22.805
23.324
23.310
23.008
22.743
23.655
21.018
22.860
22.983
23.359
23.515
23.398
23.198
23.229
22.948
22.889
22.991
22.769
22.597
22.477
22.524
22.209
22.044
21.886
20.987
21.744
19.702
22.270
21.179
20.252
18.922
13.559
18.399
21.234
21.219
21.097
20.918
20.528
15.305
17.281
20.715
20.017
20.357
20.143
20.138
20.257
20.153
20.171
20.059
20.325
20.418
20.104
19.677
19.584
19.337
18.594
18.983
19.120
19.107
18.920
18.652
18.601
18.492
18.298
18.147
17.824
17.673
15.789
5.645
12.106
16.832
16.813
16.907
17.087
17.512
17.391
16.970
17.137
17.180
17.140
16.914
16.505
17.067
16.657
16.756
16.498
16.268
16.048
16.351
16.420
16.199
16.098
16.114
16.254
16.280
16.149
16.102
15.060
16.050
15.660
15.583
15.328
15.469
15.395
15.324
15.712
15.600
13.756
10.190
13.693
15.411
15.715
15.990
15.998
16.005
16.013
13.066
15.892
16.051
16.070
15.054
9.886
15.864
16.690
16.620
16.591
16.149
16.388
16.255
15.924
15.962
16.705
16.898
16.915
16.978
17.130
17.141
17.188
17.322
17.327
17.539
17.544
17.700
17.749
17.819
17.739
17.564
17.788
17.921
18.478
18.261
18.368
18.332
17.376
18.164
18.471
18.514
17.294
19.471
19.654
18.985
19.670
19.762
20.090
20.582
20.375
20.851
20.992
21.227
20.996
18.692
19.732
20.827
21.185
21.285
21.469
21.666
21.864
21.802
21.233
19.619
21.113
20.257
19.843
21.337
22.408
22.780
23.165
22.890
23.568
23.449
23.302
23.278
23.184
23.326
23.385
23.744
24.156
24.241
24.563
24.423
24.547
24.230
24.526
24.792
24.952
25.034
24.724
24.976
24.565
24.665
25.347
25.443
25.649
25.582
26.226
21.225
18.551
26.083
25.643
25.938
25.657
26.252
26.024
26.110
26.375
26.077
25.989
25.863
25.794
26.263
26.745
26.738
26.528
26.580
26.259
26.673
26.000
26.669
26.592
26.810
26.518
26.231
26.651
26.677
26.681
26.744
27.001
27.541
27.055
26.987
27.327
27.066
27.089
27.202
27.264
27.795
27.242
27.245
27.625
27.337
27.375
27.374
27.143
26.798
26.909
26.867
26.964
27.150
27.512
27.128
18.983
11.252
26.036
26.083
23.570
17.227
26.775
27.048
26.722
26.053
27.218
24.749
26.611
18.030
16.777
17.067
22.434
24.611
24.555
25.225
25.368
24.638
22.129
25.248
23.978
20.695
22.671
24.475
25.680
24.642
17.668
18.353
15.953
6.213
16.642
22.323
23.895
25.395
19.245
20.095
12.042
16.345
23.937
24.644
19.965
20.026
21.479
12.720
21.996
23.484
22.916
9.778
5.821
2.885
15.724
5.951
21.673
23.700
24.592
21.595
2.378
7.992
20.935
17.926
7.993
5.617
22.558
18.092
18.526
22.099
23.586
24.158
24.435
19.143
23.519
23.262
24.345
22.542
13.181
20.724
23.793
20.380
22.127
15.567
24.189
22.984
22.950
23.713
22.632
21.289
15.939
12.475
21.408
22.967
20.233
14.783
21.238
18.833
21.265
19.709
11.247
17.800
9.539
9.032
21.390
22.293
22.377
22.298
22.317
20.014
22.067
22.512
22.574
19.947
22.687
22.989
22.294
22.134
21.973
19.570
21.663
21.930
21.520
21.554
21.422
19.694
21.629
21.461
21.411
21.460
20.923
20.291
19.833
20.009
19.806
20.152
20.472
20.335
19.178
16.710
13.816
19.489
19.360
19.771
19.587
19.185
18.797
19.129
18.883
18.541
17.943
18.174
18.787
18.675
18.926
18.746
18.357
18.162
18.350
15.541
15.661
15.590
7.718
14.319
15.893
16.561
12.886
13.779
16.050
16.093
16.516
17.126
13.551
1.918
6.215
3.699
12.590
16.083
16.109
16.294
16.006
16.021
16.109
16.133
16.462
16.258
15.823
16.004
16.226
16.622
16.219
16.155
16.320
16.271
16.035
16.035
16.203
16.195
16.140
16.184
16.300
16.262
16.309
16.328
15.793
15.949
16.153
16.076
10.592
3.762
14.146
15.579
16.437
16.516
16.458
16.722
16.161
16.306
16.639
16.519
16.506
16.737
16.944
16.594
16.479
16.065
16.173
16.912
17.298
17.049
16.370
16.878
17.199
17.065
17.101
16.466
16.951
17.683
18.261
18.025
17.565
17.776
17.806
18.163
18.118
18.237
18.538
18.756
18.516
18.636
18.228
18.538
19.197
19.107
19.154
19.327
19.188
19.331
13.757
19.906
19.936
20.098
20.369
20.275
20.990
19.798
20.859
21.098
21.089
20.964
21.726
21.382
21.099
20.944
20.081
21.392
21.958
22.022
22.182
22.183
23.053
23.489
23.746
23.505
23.368
23.360
23.094
23.680
23.624
23.808
24.261
23.543
24.012
24.140
24.023
23.986
24.375
24.815
24.963
25.031
24.602
25.039
24.883
24.636
24.578
25.832
25.693
25.542
25.063
25.210
25.595
25.319
24.993
24.314
23.630
24.763
23.050
25.190
24.867
25.260
26.037
26.721
26.670
26.166
27.037
27.318
27.431
26.880
26.922
26.632
26.566
26.104
26.336
19.044
26.474
26.549
26.270
26.185
27.187
26.661
26.869
27.126
26.806
27.011
26.473
26.927
27.086
26.648
26.779
23.084
26.513
27.019
26.653
25.997
26.430
26.493
26.725
26.836
26.759
26.760
26.919
27.117
27.221
27.028
27.068
26.942
21.867
22.874
25.075
24.791
26.655
24.488
24.688
24.604
25.075
26.226
26.243
23.744
23.515
23.812
23.488
15.860
22.928
23.773
23.170
23.907
8.721
15.794
26.301
23.042
17.726
1.843
20.919
11.529
10.847
25.238
21.857
25.077
21.177
1.188
24.086
11.355
9.148
5.260
23.097
25.828
21.657
2.549
3.241
18.161
20.294
10.965
18.135
22.677
13.995
17.936
2.977
3.976
9.430
20.574
23.501
21.259
11.696
17.033
10.055
15.644
23.726
8.478
20.656
18.808
24.175
10.607
2.013
0.857
4.882
7.461
1.259
2.780
6.145
17.738
4.716
15.278
16.009
22.044
22.321
23.176
23.252
21.892
17.569
17.512
17.745
23.549
22.251
15.570
21.834
22.738
1.350
20.704
22.866
12.557
2.829
4.626
1.763
18.554
6.130
19.531
4.320
18.381
9.814
22.348
22.413
21.105
21.304
6.564
20.443
22.177
22.496
22.198
21.893
21.794
21.677
21.644
21.638
21.639
21.486
21.461
21.687
21.669
21.610
21.473
21.222
21.066
21.065
18.778
20.737
20.794
20.528
19.410
20.084
20.029
19.970
19.868
19.737
19.804
20.315
19.881
19.669
19.982
19.871
19.599
19.400
19.418
19.190
19.283
19.087
19.035
18.903
18.966
18.581
17.192
16.318
17.212
18.055
17.867
15.941
17.754
17.766
17.663
17.383
17.394
17.611
17.300
17.277
17.321
17.343
17.441
17.410
17.001
17.005
16.988
16.484
16.478
16.342
14.048
15.356
15.222
15.348
16.022
15.839
15.698
15.818
15.883
16.183
16.128
16.108
15.789
16.303
16.894
16.685
16.259
16.207
16.142
16.253
16.010
15.947
15.982
16.150
16.004
15.612
15.820
16.088
16.305
16.141
16.072
16.068
16.170
16.168
15.748
16.102
16.011
15.851
15.949
15.380
11.332
16.469
16.582
16.371
16.614
16.467
16.662
16.842
16.642
16.582
11.890
16.974
17.335
17.196
17.415
17.413
16.701
17.444
17.155
17.389
17.613
17.651
17.936
18.236
18.136
18.465
18.620
18.657
18.362
18.164
18.375
18.650
19.231
20.374
19.875
19.682
19.518
19.317
19.201
19.603
20.020
20.097
20.051
19.961
20.245
20.653
20.388
20.586
21.037
21.596
21.804
21.465
21.495
22.206
22.353
21.987
21.458
21.700
21.852
22.196
22.496
22.868
23.564
23.958
23.997
23.714
23.414
23.775
23.588
23.582
23.672
24.081
23.808
24.035
24.402
25.389
25.337
25.364
25.528
25.297
24.744
24.370
24.319
24.843
24.678
24.632
24.848
24.972
24.732
24.761
25.038
25.073
25.088
25.200
25.475
25.237
24.723
25.351
25.180
20.667
25.544
25.426
24.988
23.883
25.105
3.683
25.798
26.614
26.354
25.558
26.254
26.395
26.748
26.661
26.841
27.073
27.478
27.114
26.760
26.643
24.919
25.543
25.615
24.548
24.317
26.411
26.767
26.625
26.639
26.537
27.038
27.125
26.911
27.024
26.963
27.135
27.178
26.920
27.448
27.106
27.336
27.400
27.166
27.404
27.417
27.313
27.232
26.933
26.926
26.864
26.802
27.087
25.339
26.387
22.911
24.537
24.047
18.344
19.145
20.874
17.609
19.055
16.993
25.102
26.639
25.771
26.436
26.584
22.378
22.012
23.041
23.625
26.153
17.509
23.897
25.719
23.829
22.206
18.022
25.934
16.025
6.400
22.934
24.437
25.078
19.941
3.286
22.953
11.515
5.451
4.684
14.744
15.104
2.466
16.064
3.066
4.878
22.624
22.730
7.514
9.255
18.135
14.999
21.465
20.222
18.173
9.452
15.366
3.894
7.538
7.360
13.850
14.314
24.398
17.965
10.442
20.198
22.300
12.858
16.364
8.960
4.686
7.873
3.631
6.270
12.585
23.853
13.033
3.860
17.464
14.579
8.803
2.289
10.630
21.262
20.255
23.344
22.328
22.969
21.151
23.148
19.773
20.322
22.915
21.399
1.421
2.941
10.378
12.148
19.981
3.269
18.681
10.885
21.677
21.026
20.968
19.901
20.782
21.867
20.695
20.159
20.925
21.071
20.035
22.114
21.856
21.864
21.388
21.380
21.502
21.271
21.154
18.117
21.288
20.782
20.672
19.524
20.955
21.457
21.016
20.919
20.555
20.477
20.416
20.342
20.086
19.728
19.873
19.899
19.583
19.444
19.256
19.552
19.499
19.516
19.570
19.394
19.432
19.175
19.018
19.036
18.642
19.268
18.896
18.726
18.660
18.266
18.080
17.891
17.894
17.729
17.671
17.522
17.272
17.292
17.443
17.442
17.393
17.123
17.032
16.929
16.909
16.774
16.564
16.580
16.589
16.575
16.490
16.302
16.329
16.466
16.030
15.778
15.818
15.828
15.859
15.664
15.817
16.209
15.692
15.991
15.952
15.574
15.192
15.098
15.402
15.538
15.117
15.715
16.172
16.212
15.947
15.971
16.118
16.170
16.133
16.147
15.924
15.538
15.711
16.099
16.127
16.402
16.306
16.349
16.516
16.545
16.606
16.756
16.519
16.570
16.359
16.391
16.116
16.423
16.209
15.858
16.362
17.362
17.452
17.780
17.634
17.720
17.838
18.181
18.033
18.151
18.558
17.840
18.238
15.447
16.035
17.767
17.370
17.787
17.885
18.633
19.512
19.484
19.880
19.771
19.175
18.917
19.182
17.786
18.233
19.396
19.905
20.162
20.129
20.106
20.323
20.362
20.475
20.693
21.447
21.423
21.585
21.888
22.448
22.603
22.705
22.944
22.931
22.760
22.695
22.769
22.842
22.854
22.636
22.932
23.526
23.218
23.349
23.143
21.867
23.569
23.994
23.948
23.856
24.164
18.940
24.077
24.326
24.847
23.459
18.205
24.434
24.386
24.779
24.138
25.132
24.762
25.070
25.035
25.592
25.728
25.664
24.048
21.044
25.745
25.622
26.255
25.938
25.853
26.029
26.046
25.752
25.403
25.774
24.981
25.866
21.986
21.411
17.823
25.803
26.356
26.386
26.281
26.308
26.491
27.100
27.402
26.774
26.619
27.110
26.704
26.727
27.458
27.438
26.878
26.972
26.704
26.609
26.900
27.097
27.154
27.047
27.206
27.189
27.069
27.429
27.619
27.061
27.091
26.825
26.792
23.692
26.599
27.061
27.110
25.258
24.966
23.411
19.921
7.442
22.985
24.489
22.017
25.815
24.164
23.275
25.572
20.765
24.094
21.034
20.743
21.908
14.390
2.004
26.010
26.360
25.031
25.213
24.802
24.781
25.255
19.733
15.945
20.602
17.231
23.643
21.488
23.249
17.494
12.030
8.129
21.402
12.277
21.701
16.433
18.389
12.002
8.042
15.041
9.206
2.985
19.641
15.374
8.600
15.840
24.296
19.664
3.646
18.221
25.391
12.318
11.294
18.915
2.072
4.525
18.567
14.801
3.526
24.620
3.817
19.059
15.882
15.611
7.748
4.066
9.382
4.097
17.171
13.464
1.889
10.356
11.220
16.449
21.530
23.799
24.505
22.443
1.680
19.375
21.664
2.043
5.188
17.051
22.630
17.692
17.978
19.848
22.596
23.551
21.812
23.683
23.688
23.597
23.180
23.076
23.268
23.413
23.473
22.679
14.707
19.132
21.681
22.106
22.533
19.766
19.313
22.582
22.901
4.303
11.891
13.862
17.706
11.762
1.624
18.425
13.350
13.969
20.843
20.450
20.604
16.574
20.953
20.764
20.578
18.687
19.976
19.838
19.226
20.081
20.075
19.892
19.944
19.906
20.102
20.190
19.853
19.791
19.812
19.675
19.865
19.673
19.606
19.545
19.128
19.135
19.091
18.910
18.735
18.632
18.651
18.337
18.191
18.269
18.251
17.799
16.549
15.758
17.854
17.842
17.867
17.758
17.430
17.438
17.383
17.648
17.830
17.710
17.610
17.346
17.057
16.972
16.942
16.735
16.740
16.419
15.748
16.153
16.320
16.398
16.532
16.392
16.709
16.233
16.163
16.137
16.119
16.187
16.320
16.259
16.091
16.122
16.179
16.329
16.258
16.085
16.023
15.527
15.935
16.293
16.093
15.795
15.664
15.464
15.367
15.272
15.863
16.391
15.903
14.224
16.431
14.731
13.009
7.938
15.857
16.464
16.549
16.101
15.854
16.342
16.472
16.388
16.781
16.297
16.280
17.153
16.829
16.791
17.104
17.292
14.847
14.177
16.275
17.336
17.094
17.334
17.388
17.652
17.628
18.005
18.320
18.200
17.937
17.653
17.863
18.155
18.062
18.324
18.537
19.199
19.948
19.192
19.825
19.643
19.217
13.462
13.075
20.330
20.549
20.743
20.658
20.044
5.513
21.075
21.004
18.468
20.211
19.495
21.617
21.607
22.282
21.943
20.812
21.947
21.929
22.013
22.237
22.180
21.878
22.323
22.360
22.153
22.225
23.177
23.177
23.411
23.131
24.334
24.644
24.823
24.130
23.458
23.502
24.000
24.207
23.833
23.773
24.757
24.347
24.305
24.540
24.963
24.634
24.896
25.246
25.461
25.238
24.838
25.957
26.630
26.474
26.046
25.860
25.526
25.327
25.518
25.648
25.506
25.639
24.371
19.865
25.772
26.217
26.499
26.312
26.169
25.574
26.235
26.480
26.611
27.031
27.114
26.976
26.377
26.406
22.586
26.613
27.018
27.034
27.548
26.656
26.597
26.552
26.492
26.531
26.431
10.253
24.213
26.750
26.882
27.313
27.408
27.275
27.253
27.101
27.124
25.027
27.340
26.595
27.090
27.149
26.866
26.670
26.771
24.791
26.276
25.481
27.173
27.253
27.378
27.569
26.931
23.862
22.517
21.436
18.779
20.266
24.651
25.001
24.481
22.052
26.760
26.951
22.406
20.497
26.681
26.393
26.410
26.802
26.663
26.654
26.623
22.010
23.923
8.701
25.089
24.982
25.824
26.189
25.454
18.095
10.271
16.146
18.493
17.372
20.986
20.014
17.175
22.463
9.915
4.872
23.550
24.620
24.331
1.554
0.647
0.761
7.683
15.695
0.479
4.004
4.016
12.790
