20000101
16.149
16.125
16.355
16.424
16.316
16.441
16.339
16.541
16.490
16.293
16.630
16.540
16.590
16.997
17.483
17.384
17.088
16.777
17.187
17.380
16.986
17.097
17.117
17.547
17.488
17.733
17.974
18.402
18.570
18.778
18.809
18.060
18.268
18.266
18.080
19.050
19.023
19.267
19.362
19.308
19.147
19.725
20.265
20.220
20.337
20.450
20.481
20.859
20.877
20.578
17.252
21.029
20.907
14.790
8.274
21.544
22.236
21.830
21.929
21.735
21.636
21.785
22.094
22.338
22.726
23.160
23.176
23.500
23.890
23.662
22.767
23.056
23.088
24.025
23.831
23.664
23.319
24.721
25.026
24.940
24.147
24.379
25.033
25.273
25.271
25.303
25.560
26.110
25.884
25.372
25.075
25.324
25.661
26.126
25.808
25.902
26.244
25.733
25.689
26.472
26.378
25.968
26.063
26.139
26.024
25.914
26.064
26.777
26.798
27.219
26.990
26.416
26.303
24.409
26.209
26.302
26.608
26.470
26.675
26.654
26.910
27.127
26.617
27.189
27.091
27.182
17.890
23.634
21.733
21.469
23.932
22.781
19.663
19.223
22.037
24.389
24.093
23.260
16.543
16.935
21.206
26.445
27.001
26.843
27.076
27.093
27.200
27.195
26.202
26.105
17.004
19.011
26.791
27.127
13.499
23.403
15.104
23.423
18.826
21.356
23.763
27.080
27.254
26.820
23.627
26.416
25.566
27.027
27.188
27.248
26.420
22.903
23.440
22.522
22.693
24.796
26.163
26.848
26.879
21.195
22.355
18.462
16.688
20.171
22.396
10.631
22.965
22.949
24.137
4.460
14.176
17.676
12.737
8.946
6.734
4.849
2.517
10.829
16.190
22.726
14.050
15.719
5.845
20.813
23.036
26.224
26.052
25.453
26.278
25.864
5.316
14.495
22.780
22.780
25.647
12.395
26.107
26.106
25.766
26.085
22.678
24.241
17.765
9.131
22.673
10.584
7.072
14.836
12.092
9.691
19.994
4.715
8.690
4.858
16.397
22.134
24.147
19.053
24.166
22.687
23.309
20.353
15.514
3.593
14.064
20.777
19.725
8.182
1.934
22.351
23.542
22.560
23.694
23.595
23.631
23.624
23.603
22.226
21.616
17.728
23.194
23.152
22.721
22.687
21.048
20.319
13.932
12.708
12.278
19.641
20.682
22.150
22.317
22.074
22.341
22.392
22.270
22.188
21.825
21.671
21.444
15.762
14.261
18.599
18.553
19.365
19.871
19.119
21.000
21.660
21.345
21.012
20.802
20.805
20.721
20.557
20.040
19.666
19.496
19.354
19.479
19.677
19.700
19.743
19.731
19.613
19.410
19.240
18.824
18.575
18.464
18.188
18.027
18.010
18.042
17.900
17.359
17.856
17.747
17.737
17.368
17.346
17.495
17.562
17.745
17.484
17.384
17.156
16.645
16.766
16.765
16.457
16.838
16.848
16.905
17.370
17.448
17.206
16.978
16.738
16.574
16.476
16.458
16.426
16.341
16.228
16.223
16.145
16.304
16.241
16.180
16.163
16.069
15.891
15.989
16.269
16.279
16.502
16.425
16.421
16.500
16.474
16.470
16.383
2.744
15.816
16.220
16.285
16.338
16.383
16.596
16.340
16.478
16.712
16.807
16.729
16.616
16.757
17.119
17.219
16.993
16.985
16.711
17.078
17.051
17.164
17.424
17.426
18.346
18.633
18.664
18.732
18.513
18.143
18.271
16.413
18.363
18.470
19.228
19.465
19.565
19.777
19.741
19.863
19.954
19.959
19.829
19.844
20.277
19.729
20.174
20.319
20.426
20.540
20.683
20.574
20.649
21.725
21.354
20.963
21.125
20.167
21.422
21.390
21.907
21.662
22.490
22.467
20.755
23.187
23.235
23.180
23.369
23.677
23.657
23.004
12.976
15.286
23.123
22.701
23.474
23.951
24.199
21.189
23.564
22.951
23.142
9.093
21.573
24.200
24.492
24.258
24.378
25.147
25.754
25.371
25.422
25.812
25.744
25.671
26.284
26.523
25.682
25.189
26.435
26.413
24.002
24.437
12.109
21.269
20.470
24.752
17.174
14.436
16.131
26.622
26.783
27.199
27.396
26.660
27.348
27.345
27.434
27.026
27.176
26.774
27.263
27.117
27.267
26.532
27.126
26.855
26.828
27.362
27.129
27.146
27.416
27.401
27.286
27.302
27.174
26.732
26.842
24.557
24.840
25.252
26.469
23.915
27.206
27.227
24.564
26.244
23.552
23.627
22.679
21.338
25.797
19.975
21.593
14.732
26.164
23.566
15.826
19.203
18.958
23.641
20.100
20.491
13.274
24.108
18.257
19.187
14.951
15.376
22.548
21.879
26.252
26.923
27.086
26.667
24.811
21.847
23.892
24.219
25.630
18.573
13.714
3.664
12.750
19.689
0.971
13.741
25.261
25.455
9.604
23.255
19.503
3.449
11.154
9.455
15.730
5.608
4.224
2.528
7.392
16.235
2.712
2.397
14.148
7.143
18.953
14.829
13.808
22.708
19.989
12.002
17.897
17.996
22.859
25.400
20.886
14.655
24.215
21.822
22.074
22.215
22.578
21.696
22.980
22.800
21.740
23.714
23.071
1.623
1.218
5.975
24.756
23.062
20.793
14.562
12.562
23.712
22.151
24.565
24.699
23.014
22.165
14.598
24.326
23.918
23.940
24.308
23.941
23.861
24.037
13.691
23.341
23.306
23.631
23.461
23.377
23.105
20.253
22.087
17.147
11.537
21.589
20.498
4.769
18.948
10.779
11.345
13.707
20.792
20.441
22.315
22.508
21.745
22.278
21.649
8.507
9.908
12.231
13.864
19.577
19.916
19.821
19.557
19.934
18.283
1.165
19.741
14.007
19.856
19.580
20.786
20.995
20.785
20.604
20.489
20.278
20.300
20.196
20.032
19.814
19.531
19.544
19.369
19.082
18.903
18.935
18.956
18.921
18.807
18.709
18.448
18.436
18.337
18.696
18.734
18.636
18.305
18.359
18.403
18.303
17.736
17.412
17.082
17.294
17.075
16.927
17.223
17.163
17.249
17.251
17.177
17.020
17.142
16.944
16.887
16.888
16.802
16.572
16.701
16.744
16.403
16.274
16.207
16.121
15.750
15.714
16.084
16.071
16.092
15.877
15.765
15.699
15.762
15.828
15.888
16.331
16.601
16.522
16.426
16.050
15.954
16.036
16.183
16.116
15.982
16.269
16.342
16.288
16.413
16.520
16.512
16.231
16.081
16.523
16.734
16.588
16.497
16.612
16.693
16.218
15.879
16.748
17.151
16.836
17.371
17.389
17.410
17.459
17.680
17.720
17.430
17.171
18.258
18.775
18.718
18.888
19.023
18.643
18.703
19.041
18.400
18.667
18.680
19.849
20.117
20.198
8.315
18.962
20.238
20.255
20.023
20.119
19.977
13.399
13.979
20.294
20.657
20.475
20.820
20.685
21.291
21.626
21.633
21.506
21.330
21.348
21.652
22.437
22.463
22.399
22.638
22.117
22.012
21.183
20.810
20.340
6.411
17.963
10.041
22.823
23.461
24.227
24.193
24.124
22.310
20.901
24.372
24.528
24.453
24.304
23.736
25.186
25.760
25.965
25.960
25.479
24.957
26.285
26.179
25.697
25.152
20.662
8.406
9.015
25.626
25.964
26.264
26.306
26.113
25.952
25.663
26.362
26.082
25.102
24.406
23.153
26.659
27.004
26.287
27.118
27.371
28.580
27.920
27.452
27.753
27.643
27.673
27.915
28.149
27.574
27.453
28.120
27.712
27.316
24.193
26.447
26.602
26.947
26.792
27.049
27.041
27.236
21.589
26.895
27.689
27.298
27.323
27.411
27.099
27.147
27.413
27.496
27.600
27.073
26.280
20.217
25.091
24.097
23.862
25.074
25.985
26.847
27.277
27.075
27.178
27.397
26.793
21.629
19.733
22.802
22.557
19.797
22.346
25.712
19.289
20.652
23.070
24.948
22.572
24.131
21.341
12.328
10.958
18.480
15.096
3.423
9.068
26.118
26.445
26.817
18.036
26.705
24.931
24.963
24.937
25.790
12.535
21.272
24.780
22.631
25.743
6.525
6.642
17.007
11.817
13.447
5.929
9.202
2.859
3.590
5.046
2.981
6.839
16.574
26.241
25.569
26.313
26.238
15.874
21.179
18.042
10.513
3.812
8.625
17.845
5.741
7.647
20.227
13.605
3.118
2.470
3.259
5.431
6.887
13.174
18.397
16.725
24.588
18.070
20.511
17.927
23.278
9.742
6.028
11.090
22.888
24.079
3.345
21.959
22.946
23.172
18.430
11.580
20.325
18.461
20.203
24.016
19.794
22.296
5.534
23.943
23.730
23.785
23.511
23.489
23.329
22.959
20.293
18.889
14.872
17.316
17.917
15.718
20.308
18.077
11.359
21.175
16.795
20.306
17.722
22.215
22.001
22.154
22.257
22.020
21.917
21.693
21.570
21.219
20.557
19.849
20.726
20.790
20.659
20.257
20.181
20.483
20.408
19.986
20.031
20.164
20.226
20.121
19.979
19.898
19.973
19.856
19.365
19.083
18.966
19.296
19.344
18.955
18.872
18.779
12.864
13.157
17.999
17.640
17.062
16.307
17.689
16.634
17.448
17.895
18.027
17.793
17.625
17.390
17.465
17.178
17.201
16.978
12.081
16.867
17.032
17.000
16.809
15.953
16.860
16.849
16.863
16.494
16.850
16.559
16.176
15.881
15.884
16.025
16.039
16.298
16.073
15.941
15.826
15.767
15.794
15.873
15.913
15.438
15.636
15.744
16.108
16.058
15.579
16.029
15.710
15.814
16.020
16.173
13.733
16.119
16.149
16.226
8.153
15.874
15.984
15.810
16.170
16.500
15.931
15.802
16.261
14.875
16.660
17.258
17.102
17.390
17.688
17.613
17.474
16.845
17.222
17.396
17.516
17.682
16.904
15.446
15.836
17.522
17.966
18.018
13.121
18.166
18.049
17.745
18.508
18.774
18.793
19.372
19.048
19.163
19.181
19.499
19.889
20.005
20.099
20.159
19.909
16.473
12.726
20.455
20.235
20.442
20.248
20.135
20.960
20.653
20.939
21.046
21.296
21.276
21.382
22.706
23.716
23.078
23.203
23.446
23.351
23.051
23.010
23.109
23.960
23.614
23.361
22.252
23.673
14.310
23.495
24.245
24.109
24.483
23.903
24.334
24.514
24.361
24.756
24.666
24.301
24.597
24.949
25.077
25.072
25.084
23.967
24.652
23.806
25.049
25.677
25.805
25.788
14.671
20.015
16.400
25.838
25.975
25.665
25.656
25.018
25.424
26.530
26.505
26.420
27.039
27.235
27.345
27.055
26.986
27.183
27.477
27.528
27.439
27.342
27.553
27.132
28.114
27.751
27.374
27.420
27.816
28.051
27.791
27.767
27.670
27.578
28.073
28.214
27.605
27.484
25.978
27.099
27.008
27.043
27.263
25.471
26.763
27.277
27.327
25.675
27.618
17.841
27.482
27.971
27.718
23.604
26.291
27.383
27.198
27.188
26.968
25.238
26.908
27.257
26.719
27.116
22.183
26.803
17.244
20.447
21.000
11.451
13.158
7.434
15.950
19.868
22.299
20.948
10.232
13.065
18.607
21.245
23.487
23.809
17.604
10.433
19.568
14.886
1.790
19.893
20.710
17.993
13.166
12.718
6.092
11.293
17.101
22.173
21.968
6.307
21.079
21.567
24.110
13.463
11.283
6.909
10.497
6.591
7.314
13.785
16.661
4.026
6.639
7.828
13.559
11.805
16.351
14.957
15.281
22.076
23.839
25.114
23.231
22.541
21.704
5.968
22.282
21.209
24.836
22.595
12.105
22.962
20.592
15.172
23.484
24.232
16.975
5.724
15.511
3.871
4.917
12.661
21.310
21.581
0.855
9.023
5.087
16.781
13.745
22.986
22.199
10.607
11.455
23.531
21.962
20.329
19.255
23.415
23.230
21.480
15.516
22.099
11.533
18.876
17.203
20.483
16.732
19.989
16.110
7.701
10.067
16.242
21.893
19.012
20.466
20.375
17.651
16.070
12.543
22.184
22.196
22.174
21.547
20.773
18.832
21.282
21.453
21.221
21.249
21.047
21.046
20.385
20.293
20.258
20.493
20.527
20.231
20.251
20.123
20.045
20.009
19.956
19.703
19.405
19.321
19.164
19.099
19.530
19.119
18.531
17.507
17.986
18.156
18.061
17.988
18.062
18.343
18.628
18.155
17.760
17.577
17.535
17.379
17.090
16.966
17.053
17.368
17.024
17.187
17.495
16.161
15.918
16.340
16.412
16.601
16.278
16.787
16.643
16.943
16.672
16.586
16.384
16.148
16.371
15.889
15.952
15.844
15.964
15.677
15.738
15.751
15.765
16.381
16.201
16.009
15.913
15.719
15.957
15.899
16.212
16.096
15.999
15.920
16.511
16.337
16.212
16.215
16.208
16.093
16.144
16.199
15.931
15.480
15.519
11.071
16.106
16.159
16.129
16.350
16.431
16.509
16.526
16.819
16.231
16.785
17.162
17.265
13.479
16.660
14.342
11.834
17.468
15.405
17.760
17.999
17.858
17.714
12.581
17.512
18.552
19.004
19.292
18.935
19.290
19.723
19.566
19.363
19.551
19.441
19.816
19.717
19.462
19.877
20.185
20.320
20.524
20.511
20.238
20.575
20.881
21.128
21.318
21.479
21.504
21.710
21.671
21.895
22.271
22.270
22.316
22.242
22.184
20.953
23.231
23.412
23.745
23.380
23.576
23.566
23.434
23.406
23.793
23.682
23.977
24.199
24.426
24.643
25.023
24.378
24.400
24.325
24.533
25.091
24.904
25.148
24.970
25.123
25.365
25.479
23.540
25.146
23.333
24.616
25.518
25.695
25.532
25.119
25.361
25.520
25.502
26.128
25.715
25.810
26.075
26.110
26.306
25.797
26.103
26.120
26.713
26.237
27.194
26.962
26.909
27.249
26.890
26.645
26.888
26.385
28.241
28.161
27.989
28.217
27.885
27.584
18.236
9.983
10.662
10.906
21.338
17.222
22.301
10.168
26.716
26.895
15.858
27.109
27.500
27.581
27.288
27.283
27.145
27.338
27.454
27.127
27.563
27.667
27.749
27.730
27.567
27.575
25.272
27.364
27.162
26.762
27.317
26.361
9.945
10.412
12.943
21.311
17.946
9.788
13.123
7.426
8.052
15.990
5.836
26.271
25.840
26.759
26.246
25.252
19.708
16.285
9.903
21.816
24.390
25.279
25.660
23.670
11.592
24.548
9.282
14.039
16.143
15.549
21.831
17.371
23.301
14.578
25.926
26.758
26.422
20.633
22.926
10.043
20.114
21.116
21.178
24.630
24.407
19.688
19.314
16.686
15.237
5.219
16.140
7.623
15.365
19.022
20.179
7.322
20.680
12.784
5.893
16.107
8.585
3.367
14.879
12.982
2.219
5.323
13.656
1.674
19.050
2.583
10.183
17.694
23.333
17.318
19.984
23.020
7.238
15.063
22.830
24.438
23.624
23.894
23.462
24.488
24.445
24.231
21.836
20.666
7.033
22.946
22.151
22.345
23.661
23.169
23.606
23.707
23.005
23.309
15.788
20.891
17.700
19.088
16.694
14.878
13.323
14.436
16.021
18.198
19.576
18.284
18.771
21.425
20.862
18.086
14.822
20.197
13.640
14.203
20.026
20.337
18.800
19.184
20.710
17.524
19.507
20.781
21.469
21.089
20.794
20.969
20.930
20.739
20.571
20.265
20.068
19.447
20.088
20.040
20.126
19.572
19.713
19.450
18.915
15.504
19.338
18.961
18.650
18.351
17.210
18.650
18.676
17.730
16.277
18.171
18.319
17.580
12.846
17.476
17.583
17.513
17.048
17.280
16.681
15.447
17.212
17.153
17.004
17.028
16.848
16.737
16.562
16.516
16.418
16.357
16.531
16.571
10.670
16.280
15.742
15.404
15.999
15.873
15.751
15.901
15.594
15.024
15.651
16.068
15.901
15.832
16.028
16.265
16.194
16.172
16.167
15.329
15.673
15.364
15.757
14.744
15.750
16.028
15.868
15.600
13.881
13.534
12.847
16.430
16.241
16.483
16.163
16.042
16.135
16.491
16.507
16.345
16.385
16.885
16.820
16.801
16.447
15.393
9.681
17.404
17.450
17.232
17.146
10.755
17.615
17.378
17.039
12.645
17.317
8.527
18.258
17.849
17.399
16.628
18.456
18.671
18.569
18.484
18.230
18.676
17.806
18.190
18.996
19.012
19.283
19.209
19.132
19.480
19.322
20.138
20.201
21.108
21.681
21.754
21.351
21.767
21.615
21.229
21.120
21.196
21.281
20.717
21.035
17.059
21.387
20.288
22.198
20.910
16.846
19.768
20.313
21.084
22.834
23.098
23.619
23.776
23.417
23.369
24.230
24.429
23.957
23.994
23.901
24.490
24.925
24.773
24.720
24.199
24.588
24.717
25.372
26.331
25.987
26.372
26.226
26.357
26.323
26.333
26.105
25.986
26.641
26.714
27.753
27.520
27.266
27.182
26.962
26.405
25.135
26.061
27.421
27.265
27.153
26.017
22.165
24.635
26.084
25.720
26.730
26.727
26.264
18.796
16.048
20.878
22.480
18.278
23.561
21.892
21.214
24.986
26.513
27.217
27.599
28.120
28.127
27.671
27.783
27.481
27.416
27.426
26.886
27.109
27.456
27.233
27.827
23.726
26.970
27.648
27.837
17.838
25.013
18.667
25.238
27.669
23.602
27.539
27.870
26.884
27.297
27.702
27.324
21.759
25.320
27.456
26.678
24.587
14.435
26.957
27.065
26.272
27.136
23.598
7.077
15.066
20.643
21.740
21.931
19.657
17.516
17.700
25.359
15.141
18.685
22.599
22.423
21.557
16.693
22.973
22.662
21.776
13.250
16.183
14.668
4.140
22.592
3.300
15.317
15.627
21.247
4.317
9.093
23.002
23.249
23.944
26.287
22.998
25.340
7.188
20.039
17.890
12.207
6.072
10.428
6.836
23.190
23.568
17.867
15.868
14.908
15.046
4.331
8.514
10.495
12.886
24.390
18.650
24.325
23.168
18.509
23.878
10.720
15.047
24.694
24.555
24.215
24.505
24.062
24.719
21.986
24.681
22.445
24.034
24.008
24.273
23.358
23.650
24.678
22.489
18.112
24.059
22.807
18.090
14.053
15.259
19.497
19.428
20.760
21.783
21.552
11.396
12.183
18.864
12.728
6.532
17.148
21.749
21.466
20.938
12.484
1.051
20.880
20.045
20.887
19.814
21.658
21.491
18.383
21.884
21.645
21.720
21.616
21.472
21.251
21.249
21.334
20.593
20.955
20.802
20.669
20.640
20.770
20.459
20.525
19.163
4.703
20.432
20.053
19.857
19.865
19.972
19.404
16.785
19.624
19.350
19.578
19.589
19.270
19.061
18.974
18.413
18.459
18.415
18.319
18.304
18.307
18.749
18.621
18.210
18.284
18.276
18.088
17.933
17.707
17.344
17.563
17.513
17.494
17.380
17.282
17.087
16.945
16.854
16.611
16.505
16.907
16.644
16.452
16.500
16.326
10.124
16.435
16.616
16.728
16.479
16.538
16.643
16.505
16.601
16.373
16.277
16.264
16.081
16.115
16.411
16.326
16.177
16.055
16.014
16.074
16.159
16.483
16.285
16.139
16.279
16.040
15.956
16.046
16.067
15.781
15.821
16.285
16.008
15.902
13.244
16.266
16.452
16.495
16.641
16.742
16.834
16.637
16.769
16.901
16.816
17.014
16.625
14.921
8.529
17.530
17.619
17.833
17.850
17.786
18.071
17.989
18.044
17.491
18.257
18.377
17.917
18.131
18.433
18.890
19.183
19.277
19.384
19.013
19.162
19.542
19.680
19.828
19.948
19.913
19.910
19.981
20.020
20.075
20.321
20.006
20.830
21.049
21.284
21.104
21.011
8.746
6.134
16.704
21.703
22.234
21.925
22.305
22.513
22.738
22.786
22.413
7.491
17.655
19.473
22.894
20.072
17.411
8.134
23.490
23.696
23.451
8.835
23.466
24.162
24.373
23.776
24.096
24.253
25.091
25.073
25.804
25.851
25.881
25.660
24.432
25.102
25.358
25.202
25.300
25.295
25.408
25.552
25.361
26.137
25.999
26.062
26.511
25.442
24.475
26.070
24.736
27.021
26.239
26.356
26.505
25.358
26.304
23.550
25.234
26.884
26.660
26.611
26.629
26.605
26.713
27.315
27.142
27.298
27.271
27.747
27.670
27.495
27.533
27.280
27.312
27.486
27.203
27.155
26.934
26.933
24.751
27.044
18.540
25.430
21.621
25.465
26.165
26.044
25.792
27.063
27.246
25.986
27.183
21.154
24.738
10.035
10.979
25.367
25.855
24.949
27.178
24.839
26.728
25.732
26.277
26.503
24.885
25.700
20.104
26.365
26.945
27.590
25.369
21.047
23.707
24.430
23.933
20.764
17.621
11.742
11.772
17.392
6.934
23.943
21.100
18.125
20.495
15.106
15.728
8.331
15.747
8.308
7.467
11.255
6.695
10.943
7.318
19.431
21.589
19.846
20.131
8.766
18.089
5.007
2.843
5.154
21.000
9.373
6.697
22.727
24.147
11.181
10.126
2.974
14.453
7.789
1.362
4.371
11.767
7.517
16.955
19.551
5.012
13.874
2.008
5.094
6.108
20.613
19.666
23.487
18.089
19.329
14.627
9.844
1.111
1.637
7.307
5.923
18.068
19.351
9.250
7.558
5.498
6.409
15.148
21.190
1.725
10.855
20.417
21.747
23.205
16.805
7.240
6.744
17.299
22.809
23.150
13.858
18.888
22.360
10.745
21.956
22.533
21.609
18.776
21.925
20.792
19.427
21.329
20.889
20.598
18.321
20.694
20.181
20.298
12.122
19.011
20.088
21.315
21.435
21.736
21.831
21.624
21.582
21.439
21.220
21.170
21.313
21.082
19.976
16.359
15.893
20.357
17.353
20.102
19.857
19.779
19.564
14.579
18.567
19.414
19.362
19.234
19.019
19.138
19.197
19.001
18.929
19.005
18.887
18.692
18.731
18.468
18.081
9.478
15.641
18.104
18.032
18.013
17.801
17.647
17.487
17.349
17.300
17.169
17.277
17.219
16.994
16.322
16.837
15.917
17.025
17.038
17.009
16.945
16.712
4.036
16.051
16.414
16.230
16.282
15.968
12.898
13.902
15.740
15.977
15.073
16.055
16.141
16.179
16.076
15.741
15.489
15.791
15.737
16.125
15.935
15.974
16.005
15.945
15.608
15.428
11.647
12.697
15.798
16.031
15.954
15.977
16.108
15.549
15.676
15.986
16.064
16.099
16.018
16.202
16.220
16.170
16.201
16.363
16.662
16.725
16.606
16.714
16.946
17.126
17.035
16.980
16.690
17.285
17.326
17.482
17.605
17.670
17.331
17.405
17.209
15.201
17.564
18.044
18.387
18.465
18.426
18.659
18.944
18.359
18.463
19.012
17.964
14.841
19.100
19.493
19.139
19.848
18.518
20.015
20.198
20.092
20.429
20.520
20.464
19.635
15.987
12.397
21.095
21.104
21.392
21.524
21.027
21.695
21.973
22.071
22.355
22.570
22.815
22.976
22.420
22.325
22.562
20.707
19.425
23.549
23.213
23.616
23.531
23.706
21.718
22.974
23.685
24.291
24.459
24.280
24.623
24.737
24.979
25.049
25.164
24.970
24.761
14.353
25.378
25.851
25.738
25.186
25.386
25.553
25.674
25.745
25.895
26.239
26.301
26.355
26.081
15.759
25.221
24.679
24.916
15.342
20.103
25.423
26.557
26.871
26.465
26.827
27.191
27.149
26.233
24.650
21.563
26.981
15.301
25.871
26.982
18.698
21.753
20.979
25.433
26.900
27.122
27.137
27.278
27.246
27.249
27.112
27.024
27.036
27.111
26.186
26.264
18.060
27.488
27.652
27.686
27.723
27.483
26.463
24.564
11.347
17.244
16.177
13.025
24.185
9.585
8.274
6.455
23.804
26.229
26.814
27.060
27.068
26.849
26.626
25.200
18.612
17.534
20.032
22.653
20.374
21.204
15.445
6.968
21.661
23.990
6.840
6.045
10.523
17.485
20.587
10.349
13.562
14.602
16.167
2.629
5.439
8.931
5.507
11.845
14.664
7.968
3.152
19.172
22.012
20.944
17.305
21.316
23.736
5.090
25.367
24.780
22.846
24.549
22.701
25.086
13.811
6.372
13.010
24.921
15.573
24.170
24.069
21.250
22.001
15.183
4.327
8.066
12.099
22.815
18.301
22.794
2.684
10.843
14.149
3.671
3.543
2.336
6.272
7.341
4.396
13.359
23.081
18.965
2.088
19.707
19.565
23.727
24.037
22.559
19.681
21.454
19.604
21.078
19.622
19.724
20.816
21.704
19.903
20.141
4.799
6.352
23.139
13.146
22.994
17.389
22.235
23.045
23.108
22.262
22.564
21.400
11.994
13.336
17.099
20.008
18.311
21.600
7.768
20.803
19.170
15.764
18.240
11.351
21.775
17.772
21.585
22.089
22.094
21.958
21.657
21.091
17.199
21.242
20.942
13.692
18.161
20.973
20.909
20.818
20.974
21.140
21.137
20.720
20.544
20.557
20.209
19.841
19.826
19.423
19.646
19.523
19.258
19.258
19.353
19.194
18.666
19.315
19.114
18.020
18.383
18.754
18.024
17.950
17.854
17.978
17.925
17.909
17.704
17.786
17.632
17.602
17.908
17.752
17.646
17.514
17.711
17.425
17.326
17.290
17.203
17.195
17.060
16.742
16.103
16.445
14.768
15.884
16.411
16.048
16.025
13.975
15.637
16.588
16.252
16.053
15.719
15.957
16.180
16.030
16.146
16.023
16.145
15.964
15.892
15.917
15.774
15.903
14.443
15.090
15.186
15.775
15.883
15.802
16.435
16.455
16.355
16.253
16.256
16.200
16.122
15.735
15.745
15.804
15.369
15.972
16.003
16.446
15.791
16.660
16.709
15.762
16.475
12.994
16.900
17.515
17.463
15.911
16.034
17.605
17.931
18.079
18.052
18.206
17.621
17.802
18.363
18.950
18.889
18.189
18.734
19.286
19.164
18.927
18.206
19.669
20.014
20.045
20.389
20.602
20.902
20.422
20.290
20.528
20.960
20.825
21.009
21.124
21.051
21.223
20.588
21.500
21.907
22.303
22.519
22.579
22.554
22.628
22.549
22.457
22.396
22.743
22.955
22.739
23.400
23.257
21.288
16.734
20.014
18.684
22.876
23.156
23.571
23.841
24.326
24.181
24.210
24.759
24.803
24.709
21.642
13.668
23.745
24.297
19.365
24.920
11.871
25.053
23.957
24.980
20.767
16.933
22.273
25.062
20.060
23.250
24.268
25.087
23.026
24.772
25.740
26.107
26.394
26.173
26.412
27.039
27.061
26.920
26.717
26.849
26.948
27.104
27.186
27.190
27.331
27.389
27.074
27.101
27.000
25.680
26.817
27.026
27.249
24.149
24.739
25.575
23.771
26.742
27.059
26.955
26.855
26.948
27.261
27.036
27.009
26.927
27.185
27.292
27.420
27.011
27.095
27.406
27.916
27.429
25.600
27.302
27.458
26.673
27.261
25.836
25.680
23.496
20.596
16.514
22.143
23.959
20.020
19.105
14.886
18.104
1.696
13.958
15.969
22.277
22.199
12.759
25.153
13.249
11.285
18.557
23.200
25.308
25.980
12.084
10.756
17.084
20.906
19.342
7.555
16.004
24.291
19.642
21.796
20.917
22.706
5.578
10.395
2.215
21.015
9.556
9.504
9.631
14.066
21.897
23.701
26.102
18.355
17.034
13.576
19.422
17.313
18.646
8.283
16.391
15.545
3.040
9.806
21.513
24.847
17.567
15.453
2.159
18.698
20.767
20.432
15.040
7.497
6.125
10.675
18.891
22.536
2.054
9.545
3.018
16.247
15.239
22.370
8.497
21.174
17.968
22.221
24.774
22.676
21.762
22.076
10.342
4.195
23.948
23.867
24.138
24.170
22.053
22.276
16.360
20.974
21.154
23.333
21.644
23.739
15.444
17.809
17.734
21.960
22.145
18.378
16.885
16.025
14.301
14.147
19.744
20.182
22.022
21.909
22.290
21.914
21.675
22.197
21.469
21.144
22.016
21.559
15.634
19.919
19.414
19.812
20.568
20.859
18.500
17.606
20.445
12.032
20.777
20.926
20.976
20.892
20.653
20.064
17.868
20.082
20.230
20.113
20.243
20.165
19.917
19.744
19.860
19.543
19.671
19.168
18.848
18.914
18.886
19.055
18.842
18.938
18.670
18.966
18.639
18.551
18.464
18.394
18.346
18.293
18.002
17.958
17.805
17.591
15.819
17.223
3.222
6.405
17.065
17.448
17.468
17.469
17.318
17.116
17.095
17.036
16.794
16.569
12.694
6.500
14.155
15.770
15.775
15.616
14.173
14.237
15.900
15.347
15.587
15.791
15.887
15.851
15.596
15.590
15.489
15.335
12.697
7.502
13.089
14.827
15.804
16.005
16.232
16.437
16.485
16.442
16.223
16.139
16.329
16.259
16.211
16.247
16.226
16.029
3.804
16.204
15.770
15.868
5.224
15.485
15.985
10.604
14.808
9.698
7.206
16.197
11.155
16.590
14.817
14.147
12.691
17.112
17.210
15.378
17.460
17.826
18.035
18.281
17.974
18.624
18.636
18.553
18.688
19.005
18.594
18.733
18.982
19.279
19.285
19.577
19.199
19.843
19.531
19.363
19.542
20.026
20.329
20.456
20.389
20.496
20.318
20.113
20.398
21.081
20.998
21.151
21.085
21.226
21.439
21.451
22.129
22.264
21.913
22.502
22.673
23.232
22.735
23.066
23.443
23.459
23.371
23.516
22.439
23.791
23.848
23.674
23.800
23.588
21.474
23.011
21.248
23.029
22.671
24.481
24.493
20.469
24.098
21.688
23.771
24.703
23.952
24.294
24.138
24.299
19.904
24.774
25.235
25.670
25.951
26.173
26.516
26.739
26.817
26.379
17.674
26.225
26.732
27.236
27.308
26.968
27.103
27.255
27.674
27.139
27.234
27.793
27.788
27.570
27.606
26.878
27.063
27.153
27.356
27.005
27.127
27.006
26.457
27.239
27.703
27.157
26.703
25.111
26.769
26.677
26.323
26.974
26.161
25.652
26.817
26.868
27.116
24.534
27.040
26.526
27.270
27.643
27.570
27.183
27.142
26.054
24.582
26.743
26.829
26.889
26.899
27.267
25.788
27.610
27.300
27.291
27.227
26.165
25.016
24.267
27.146
26.940
25.944
23.617
21.562
25.114
27.210
25.996
7.870
20.665
13.179
23.288
19.741
20.063
11.613
21.027
22.375
18.224
5.879
15.459
15.929
17.236
19.522
21.473
22.057
2.132
5.848
23.602
22.486
22.549
5.129
23.573
24.556
17.025
6.378
6.665
22.929
5.240
13.254
11.444
2.603
3.124
3.525
5.660
4.662
4.096
14.916
7.857
9.314
5.797
25.673
25.418
12.166
16.589
7.303
11.005
18.687
23.106
21.657
19.578
13.930
13.664
16.326
15.409
24.667
23.933
24.606
24.046
24.136
23.844
24.604
20.832
17.696
2.783
11.508
10.381
11.772
3.292
18.889
15.726
21.955
23.380
21.623
23.560
22.105
21.709
23.022
23.049
9.390
22.777
23.056
23.608
23.752
23.586
23.331
23.365
23.041
22.610
23.185
22.855
22.676
22.600
22.652
22.373
22.248
21.941
21.354
21.861
20.777
22.286
21.364
19.008
20.009
12.713
7.129
20.667
21.335
21.067
21.098
19.408
14.962
16.633
20.333
20.366
20.393
19.583
19.034
20.352
20.332
20.279
20.183
20.488
20.626
20.218
19.829
19.671
19.429
18.710
19.137
19.259
19.253
19.073
18.775
18.628
18.605
18.532
18.246
17.739
17.721
16.540
6.869
8.468
16.954
16.110
17.016
16.991
17.442
17.220
16.967
17.091
17.191
17.234
17.074
16.553
17.194
16.789
16.801
16.286
16.417
16.198
16.475
16.541
16.291
16.147
16.214
16.321
16.292
16.103
16.238
15.152
16.249
15.698
15.573
15.322
15.549
15.481
14.849
15.821
15.708
10.700
5.504
15.071
13.128
15.687
16.110
16.129
16.112
15.953
2.396
15.837
16.056
16.207
15.431
9.560
16.020
16.862
16.753
16.748
16.316
16.509
16.351
16.006
15.557
16.823
16.893
16.953
17.001
17.138
17.177
17.319
17.467
17.352
17.618
17.650
17.830
17.812
17.878
17.824
17.546
17.957
18.090
18.632
18.367
18.433
18.308
16.640
18.299
18.423
18.608
17.197
19.380
19.754
17.031
19.562
19.730
19.936
20.468
20.539
20.648
21.040
21.250
21.005
19.153
19.563
21.069
21.250
21.416
21.599
21.804
21.999
21.941
21.462
19.766
21.299
20.071
19.679
20.886
22.558
22.867
23.094
22.811
23.623
23.581
23.498
23.418
23.378
23.438
23.580
23.850
24.293
24.425
24.553
24.478
24.726
24.372
24.603
24.892
25.202
25.117
25.006
25.043
24.702
24.931
25.624
25.585
25.784
25.699
26.292
20.137
18.735
26.253
25.995
26.081
25.971
26.320
26.252
26.186
26.505
26.391
26.111
25.919
25.987
26.515
26.969
26.895
26.604
26.862
26.488
26.888
26.610
26.797
26.679
26.543
25.109
26.518
26.779
26.852
26.897
26.892
27.130
27.642
27.137
27.076
27.441
27.171
27.261
27.372
27.393
27.989
27.365
26.957
27.860
27.498
27.527
27.524
27.306
26.938
27.053
27.018
27.208
27.389
27.600
27.497
17.544
12.955
26.329
25.307
23.482
15.500
26.519
27.231
24.214
26.765
27.309
23.570
24.164
17.508
15.131
17.039
20.676
24.978
24.899
24.465
26.297
24.108
20.892
25.075
20.071
16.008
21.482
24.042
24.914
24.315
18.097
16.934
13.819
5.527
16.177
22.440
24.918
25.511
20.551
17.975
8.755
19.080
25.485
25.303
16.089
20.304
21.560
14.104
20.458
22.837
22.831
12.792
1.604
2.851
16.584
3.386
20.227
22.485
24.603
20.996
3.167
11.637
18.039
15.110
9.309
11.621
22.370
12.853
15.714
21.414
24.078
24.238
24.297
18.205
22.314
22.334
23.945
22.234
14.019
20.007
22.867
22.128
22.267
22.259
23.408
21.510
22.852
23.777
23.089
20.688
18.774
11.883
19.678
22.376
20.109
13.162
19.846
14.431
20.870
21.001
9.166
10.932
7.545
10.317
20.755
21.793
22.679
21.912
22.315
15.469
22.433
22.696
22.599
22.198
22.595
22.764
22.277
22.281
22.201
21.076
21.779
22.153
21.746
21.751
21.478
16.862
21.701
21.511
21.477
21.594
21.004
20.252
19.776
20.175
20.062
20.371
20.538
20.092
19.120
17.928
12.587
19.435
19.416
19.668
19.666
19.328
19.189
19.170
19.268
18.806
16.239
17.925
18.983
18.862
19.095
18.827
18.645
18.503
18.432
15.663
16.008
15.777
10.507
11.988
15.534
16.637
11.801
10.620
16.212
16.007
16.057
17.060
10.120
1.960
6.157
2.051
14.693
16.042
15.267
16.310
16.075
16.123
16.186
16.206
16.609
16.235
15.932
16.128
16.560
16.562
16.187
16.211
16.406
16.268
16.324
16.257
16.390
16.355
16.322
16.308
16.373
16.335
16.455
16.446
15.987
16.079
16.279
16.121
14.131
1.442
11.288
15.447
16.583
16.562
16.631
16.890
16.381
16.511
16.925
16.715
16.674
16.825
17.114
16.764
16.621
16.333
16.430
17.044
17.439
17.199
16.642
17.050
17.347
17.201
17.266
16.713
16.982
17.660
18.302
17.966
17.721
17.862
17.804
18.311
18.242
18.375
18.689
18.912
18.705
18.772
18.478
18.570
19.120
19.202
19.251
19.368
19.378
19.636
11.636
20.140
19.991
20.270
20.508
20.400
20.991
20.051
20.937
21.128
21.232
21.204
21.682
21.427
21.055
20.832
20.580
21.594
22.106
22.177
22.319
22.416
23.154
23.505
23.829
23.595
23.481
23.593
23.396
23.898
23.613
24.045
24.465
23.799
24.223
24.363
24.256
24.475
24.534
24.791
25.073
25.253
24.952
25.180
25.249
24.971
24.297
25.846
25.680
25.717
25.254
25.292
25.780
25.433
25.328
22.839
24.262
24.918
23.096
24.641
25.237
25.487
26.055
26.788
26.777
25.593
27.016
27.297
27.529
27.107
27.188
26.079
26.738
24.643
26.515
17.860
26.739
26.762
26.653
26.482
27.640
26.872
26.960
27.388
27.137
27.205
26.788
27.042
27.413
25.650
26.417
20.151
26.703
27.319
26.847
25.316
25.744
26.654
26.947
27.071
26.998
26.555
27.004
27.379
27.437
27.252
26.511
25.607
14.502
17.193
25.424
24.843
25.209
23.449
25.052
24.523
24.959
25.471
25.531
20.065
24.012
24.365
25.704
19.233
22.911
20.721
20.919
22.322
17.048
5.262
24.130
23.213
10.384
1.212
14.815
19.083
20.001
25.964
25.389
25.335
18.159
3.849
23.247
17.197
11.238
0.954
14.252
25.994
22.338
5.652
2.261
10.774
16.829
12.611
11.823
16.739
14.429
16.754
1.177
6.214
7.083
22.746
22.829
18.930
9.149
16.962
16.651
14.732
23.425
1.278
17.904
17.351
21.383
9.288
1.313
0.694
3.820
4.887
3.039
5.453
3.683
11.235
2.786
19.623
13.505
14.516
18.253
22.820
22.707
22.825
17.559
17.308
17.210
17.418
21.999
13.919
21.469
21.490
7.155
21.843
20.379
3.407
1.520
5.212
3.188
14.106
8.933
17.188
9.113
14.000
11.770
22.236
22.480
20.948
15.198
9.135
21.254
21.663
22.603
22.189
21.390
21.849
21.853
21.611
21.821
21.801
21.655
21.717
21.850
21.900
21.874
21.668
21.508
20.805
19.467
19.314
21.065
20.976
19.849
17.691
16.549
20.333
20.251
20.092
19.664
19.744
20.493
20.089
17.779
20.208
20.139
19.742
19.582
19.702
19.362
19.454
19.287
19.214
19.160
19.035
18.898
17.782
15.986
17.927
18.194
18.059
16.872
17.967
18.014
17.811
17.541
17.560
17.687
17.515
17.483
17.472
17.473
17.560
17.529
17.204
17.276
17.170
16.658
16.637
16.570
13.819
14.893
15.566
15.724
16.219
16.052
15.841
15.966
16.042
16.307
16.223
16.285
15.968
16.375
17.062
16.831
16.377
16.296
16.261
16.393
16.164
16.118
16.116
16.203
16.101
15.639
15.918
16.211
16.365
16.286
16.264
16.184
16.302
16.209
15.441
16.094
16.136
16.023
16.030
15.646
15.635
16.542
16.630
16.453
16.716
16.581
16.772
17.030
16.815
16.710
16.271
17.123
17.452
17.251
17.519
17.578
17.114
17.427
17.357
17.503
17.727
17.735
17.898
18.265
18.193
18.618
18.772
18.767
18.484
18.438
17.724
18.631
19.083
20.477
19.938
19.814
19.664
19.444
19.330
19.770
19.996
19.736
20.216
20.145
20.396
20.759
20.670
20.832
21.165
21.645
21.881
21.650
21.656
22.314
22.622
22.169
21.818
21.940
22.096
22.418
22.649
23.116
23.709
24.033
24.061
23.823
23.821
23.956
23.679
23.710
23.820
24.322
24.004
24.223
24.635
25.548
25.455
25.548
25.670
25.542
25.171
24.622
24.467
24.997
24.856
24.864
24.970
24.983
25.047
24.731
25.199
25.155
25.299
25.387
25.787
25.511
24.431
25.530
25.608
24.375
25.786
25.832
24.677
24.055
24.423
4.594
26.043
26.738
26.786
26.298
25.738
26.652
26.899
26.849
27.173
27.337
27.747
27.405
27.076
27.032
24.380
24.588
23.913
4.989
21.922
21.472
26.827
26.951
26.828
25.325
27.225
27.361
27.157
27.309
27.006
27.358
27.322
26.481
27.772
27.411
27.559
27.675
27.343
27.486
27.528
27.389
27.357
27.079
27.187
25.662
26.639
26.608
24.685
23.014
21.823
20.417
23.176
17.137
16.008
16.606
19.207
8.446
19.444
21.569
26.561
24.239
24.548
26.558
23.880
24.652
24.875
24.000
24.673
20.889
23.657
23.786
25.813
17.554
16.542
23.219
15.807
2.908
23.586
24.801
23.460
7.334
1.894
16.785
22.545
5.648
4.635
19.232
23.965
20.870
22.046
5.531
9.288
21.237
22.026
6.061
6.732
19.317
15.109
24.461
10.537
11.608
9.153
6.190
5.083
3.748
3.674
19.586
18.106
25.001
16.022
6.327
12.927
23.038
10.884
14.792
5.020
6.311
4.664
4.206
4.725
10.658
22.961
9.881
3.004
17.091
10.964
5.874
2.866
14.211
20.728
19.941
23.209
23.440
23.054
22.688
23.121
20.526
21.561
22.730
20.148
0.547
2.044
13.085
12.771
15.260
2.248
15.417
3.914
21.217
19.976
20.337
15.742
21.461
22.058
20.264
19.902
20.332
21.448
21.559
22.377
21.497
22.042
21.638
21.548
21.613
21.448
21.296
17.800
21.497
21.126
20.892
20.238
20.490
21.552
21.043
20.945
20.801
20.775
20.522
20.510
20.328
19.912
19.999
20.007
19.778
19.584
19.463
19.760
19.715
19.686
19.765
19.576
19.585
19.421
19.093
19.022
18.505
19.355
19.095
18.886
18.907
18.496
18.232
18.058
18.153
17.853
17.841
16.968
17.398
17.517
17.702
17.613
17.605
17.296
17.172
17.120
17.074
16.973
16.794
16.793
16.774
16.757
16.657
16.623
16.553
16.583
16.191
15.932
16.100
15.955
16.040
15.869
15.882
16.368
15.873
16.133
16.169
15.778
15.588
15.245
15.612
15.637
15.525
15.788
16.349
16.362
16.106
16.122
16.249
16.326
16.281
16.288
16.270
15.710
15.840
16.241
16.144
16.544
16.539
16.566
16.686
16.743
16.793
16.935
16.674
16.735
16.544
16.559
16.257
16.575
16.351
16.023
16.687
17.545
17.550
17.876
17.736
17.755
17.767
18.221
18.045
18.196
18.584
17.740
18.306
14.500
16.055
17.981
17.792
17.932
18.024
18.368
19.381
19.622
20.052
19.846
19.250
19.074
19.323
18.547
18.138
17.104
20.148
20.353
20.312
20.236
20.515
20.482
20.586
20.790
21.518
21.540
21.671
21.969
22.466
22.746
22.891
23.044
23.083
22.877
22.789
22.977
23.018
22.995
22.961
23.252
23.750
23.407
23.571
23.355
21.281
23.514
23.995
23.944
23.644
24.573
19.007
24.372
24.499
24.939
23.534
17.576
24.292
24.700
24.977
24.119
25.176
25.194
25.277
25.302
25.759
25.993
25.838
25.081
24.133
25.603
25.966
26.580
26.338
26.098
26.281
26.280
26.085
24.546
25.773
21.436
25.968
22.385
19.700
17.452
24.537
26.416
26.824
26.470
26.601
26.743
27.166
27.539
27.089
26.799
27.306
26.923
26.958
27.692
27.833
26.839
27.338
26.848
24.084
26.080
25.024
27.185
26.896
27.328
27.573
27.282
27.612
27.826
27.285
27.297
27.130
27.093
24.899
26.715
27.250
25.765
20.473
21.730
20.505
21.158
8.901
21.641
21.176
22.594
25.494
13.272
18.072
24.492
17.413
25.129
19.205
24.126
17.954
17.968
1.145
26.211
25.520
19.494
25.399
26.215
25.061
22.227
7.831
23.051
24.524
18.310
24.429
22.420
24.315
5.588
10.686
11.197
21.394
12.605
20.756
9.001
15.127
8.348
10.483
7.193
7.537
2.059
22.099
8.148
3.554
10.651
21.155
17.007
4.556
14.104
25.436
14.773
12.770
16.661
2.887
3.551
16.757
16.260
3.807
24.528
5.701
15.376
17.642
15.857
3.267
6.818
7.479
3.449
11.826
10.602
8.939
7.116
8.772
15.961
20.180
21.616
23.760
23.726
1.572
6.977
11.026
5.328
4.900
11.541
24.027
20.282
19.033
22.591
22.744
22.710
23.733
23.608
23.683
23.901
23.191
21.168
23.416
23.686
23.327
21.140
16.498
18.754
17.653
16.468
16.395
17.239
16.043
21.284
22.792
1.412
16.987
16.759
17.467
4.332
1.440
21.116
13.169
7.147
17.088
20.223
20.682
7.899
21.009
19.470
11.740
20.201
19.985
18.832
19.035
20.189
20.255
17.620
18.825
19.686
20.322
20.370
19.847
19.863
20.005
20.002
20.167
19.923
19.812
19.537
19.401
19.383
19.277
19.086
19.060
18.823
18.770
18.527
18.314
18.345
18.298
17.731
13.716
14.150
17.837
17.924
17.924
17.740
17.509
17.478
17.671
17.814
17.920
17.803
17.801
17.489
17.201
17.164
17.117
16.948
16.841
16.683
16.331
16.275
16.414
16.481
16.692
16.464
16.745
16.355
16.275
16.306
16.324
16.417
16.495
16.463
16.280
16.248
16.337
16.459
16.554
16.337
16.228
15.808
16.021
16.314
16.216
15.888
15.779
15.240
15.356
14.660
15.546
16.328
15.887
10.048
16.226
15.404
12.883
4.442
15.343
16.567
16.544
16.224
15.969
16.346
16.641
16.442
16.871
16.380
16.332
17.204
17.018
16.929
17.256
17.340
15.147
1.883
16.088
17.174
17.077
17.397
17.492
17.811
17.718
18.126
18.374
18.317
18.080
17.740
18.068
18.341
18.204
18.506
18.729
19.437
19.941
19.347
19.657
19.801
19.273
18.718
12.576
20.319
20.601
20.854
20.838
20.164
8.941
21.040
20.974
18.629
19.876
16.599
21.536
21.692
22.260
22.074
21.146
22.122
21.718
21.941
22.206
22.394
22.299
20.505
22.452
22.740
23.080
23.291
23.335
23.492
23.337
24.692
24.822
24.929
24.553
23.671
23.618
24.198
24.351
24.156
23.885
24.919
24.665
24.697
24.714
25.184
24.937
24.889
25.467
25.783
25.598
25.058
26.020
26.659
26.665
26.352
26.198
25.762
25.597
25.851
25.918
25.722
25.862
25.144
18.887
26.130
26.354
26.673
26.521
26.471
25.792
25.871
26.280
26.866
27.231
27.325
27.232
26.439
26.743
18.518
26.493
27.010
27.294
27.688
26.848
26.341
26.851
26.420
26.084
26.250
13.392
23.506
26.390
26.608
26.857
27.678
27.439
27.530
27.417
25.036
21.564
27.343
19.442
27.205
27.419
27.084
26.272
24.354
17.301
22.942
22.135
27.136
26.296
27.367
27.596
27.192
23.665
23.583
25.399
17.634
20.726
26.167
23.740
23.192
18.524
26.467
26.375
22.915
23.686
26.822
24.987
26.238
26.990
26.751
26.895
26.803
26.273
21.828
14.364
20.351
23.794
25.540
26.654
25.439
15.078
8.653
16.324
16.702
19.075
20.829
20.119
14.617
22.374
14.065
6.838
23.491
23.987
20.837
1.282
0.836
0.665
7.161
14.732
0.641
2.983
23.276
10.161
