20000101
16.110
16.092
16.292
16.334
16.244
16.423
16.287
16.482
16.401
16.211
16.546
16.494
16.593
16.943
17.469
17.408
17.134
16.769
17.173
17.343
15.895
17.008
17.085
17.542
17.449
17.737
17.992
18.386
18.569
18.776
18.773
18.029
18.199
18.234
17.978
19.012
18.982
19.215
19.303
19.220
19.011
19.733
20.300
20.227
20.326
20.418
20.435
20.798
20.797
20.557
18.427
21.019
20.905
17.445
10.005
21.480
22.186
21.714
21.822
21.642
21.593
21.720
22.020
22.230
22.689
23.141
23.001
23.433
23.851
23.569
22.717
23.073
23.099
23.798
23.653
23.589
23.309
24.737
24.942
24.915
24.094
24.372
24.998
25.252
25.206
25.244
25.450
26.000
25.814
25.292
25.005
25.326
25.745
26.104
25.806
25.949
26.205
25.803
25.645
26.389
26.351
25.988
26.044
26.164
26.050
25.966
26.153
26.775
26.643
27.137
26.953
26.385
26.271
25.744
26.221
26.303
26.607
26.478
26.656
26.656
26.847
27.060
26.746
27.176
27.028
27.212
20.574
24.275
23.210
22.276
25.186
22.263
19.819
20.161
22.979
25.125
24.131
23.973
17.258
20.648
21.822
26.501
27.027
26.862
27.055
27.070
27.140
27.183
25.878
26.026
16.787
18.973
26.798
27.153
15.783
24.074
14.369
22.928
20.328
21.148
24.911
27.123
27.250
27.105
24.150
26.672
25.468
27.004
27.246
27.297
26.549
24.879
25.615
22.288
23.195
25.784
25.855
26.617
26.826
22.115
22.616
19.725
16.701
16.582
22.223
8.801
23.244
23.566
23.854
7.195
10.617
17.738
13.064
9.333
7.419
4.667
2.691
11.129
18.898
23.257
15.580
21.343
5.897
17.710
23.059
26.032
23.501
25.523
26.286
26.052
6.285
13.806
20.805
23.034
25.095
11.592
26.073
26.093
25.794
26.101
23.303
24.030
19.870
9.982
22.544
11.736
8.856
15.030
13.927
7.487
20.008
5.245
5.565
5.254
15.124
20.324
24.133
19.277
24.127
23.358
23.323
20.099
14.939
3.076
10.075
19.090
20.401
7.883
2.640
22.678
22.654
23.145
23.701
23.442
23.603
23.583
23.525
22.311
21.647
11.612
23.153
23.139
22.665
22.614
21.457
19.216
13.055
14.169
16.309
20.498
20.778
22.291
22.253
22.068
22.251
22.306
22.172
22.101
21.761
21.591
21.291
15.479
8.694
18.125
19.042
19.318
20.405
19.023
21.088
21.522
21.299
20.959
20.729
20.787
20.687
20.515
19.972
19.584
19.371
19.304
19.358
19.574
19.594
19.688
19.638
19.469
19.362
19.197
18.760
18.548
18.374
18.085
17.959
17.933
18.026
17.869
17.271
17.795
17.671
17.679
17.262
17.240
17.505
17.536
17.697
17.436
17.345
17.124
16.591
16.699
16.697
16.365
16.791
16.813
16.874
17.338
17.453
17.179
16.949
16.668
16.504
16.432
16.427
16.376
16.286
16.178
16.174
16.098
16.258
16.195
16.168
16.095
15.968
15.820
15.951
16.228
16.233
16.444
16.390
16.377
16.456
16.420
16.423
16.341
1.880
15.822
16.166
16.234
16.320
16.346
16.557
16.297
16.478
16.648
16.768
16.720
16.613
16.735
17.137
17.206
16.996
16.918
16.736
17.094
17.012
17.106
17.389
17.397
18.335
18.647
18.627
18.687
18.464
18.075
18.207
17.036
18.562
18.603
19.225
19.442
19.562
19.747
19.654
19.780
19.895
19.884
19.772
19.761
20.191
19.733
20.205
20.198
20.405
20.451
20.619
20.543
20.585
21.718
21.281
20.926
21.024
20.002
21.368
21.397
21.874
21.808
22.473
22.523
21.772
23.175
23.178
23.126
23.317
23.631
23.616
22.895
13.822
17.925
23.056
22.673
23.440
23.972
24.116
23.208
23.475
23.118
23.366
9.877
22.300
24.311
24.464
24.211
24.444
25.200
25.693
25.335
25.355
25.780
25.742
25.808
26.321
26.485
25.991
25.372
26.336
26.340
24.208
24.293
11.719
21.538
22.979
25.015
17.912
14.367
15.246
26.588
26.685
27.161
27.336
26.562
27.373
27.326
27.358
27.023
27.118
26.758
27.332
27.097
27.247
26.796
27.070
26.831
26.946
27.337
27.059
27.123
27.382
27.426
27.288
27.337
27.113
26.719
26.366
24.865
25.634
25.224
25.889
25.796
27.218
27.198
25.137
26.347
23.451
23.911
21.317
21.389
25.875
20.751
20.828
16.640
25.896
23.400
17.640
20.048
19.811
23.968
20.681
19.370
12.034
24.399
17.307
20.314
15.937
16.667
22.700
22.390
26.292
26.940
27.102
26.746
24.868
23.162
24.838
24.878
24.604
20.169
14.097
5.486
13.639
18.725
1.252
14.862
25.605
25.697
7.313
21.407
20.492
4.573
13.101
8.847
16.141
5.810
3.778
2.281
6.005
14.387
2.964
2.695
16.909
9.256
18.675
15.732
14.796
22.640
19.861
11.613
16.772
17.824
22.492
25.745
20.999
14.187
23.955
20.951
21.941
21.524
22.211
22.824
22.383
23.152
22.098
24.146
22.941
3.654
0.864
15.238
24.893
23.871
21.289
13.996
15.719
23.871
22.970
24.562
24.713
22.776
22.395
15.969
24.361
23.959
24.022
24.300
24.002
23.927
23.938
15.974
23.235
23.424
23.620
23.451
23.344
22.709
20.994
22.032
16.115
13.002
22.458
21.413
6.617
16.901
14.805
13.208
15.759
20.794
17.936
22.183
22.475
21.895
22.344
21.881
9.152
8.405
13.362
17.899
16.585
19.714
18.768
19.862
19.842
15.275
0.880
19.493
15.462
17.795
17.564
20.699
20.832
20.692
20.523
20.423
20.236
20.175
20.079
19.993
19.711
19.395
19.446
19.313
19.010
18.825
18.859
18.872
18.873
18.724
18.631
18.421
18.401
18.332
18.614
18.630
18.575
18.255
18.302
18.335
18.203
17.676
17.339
16.976
17.246
17.010
16.884
17.080
17.108
17.244
17.212
17.113
16.972
17.074
16.901
16.856
16.896
16.742
16.522
16.668
16.698
16.362
16.214
16.163
16.066
15.672
15.623
16.094
16.024
16.064
15.853
15.690
15.656
15.739
15.833
15.883
16.274
16.542
16.502
16.415
15.981
15.974
16.050
16.228
16.130
15.993
16.268
16.324
16.244
16.361
16.489
16.473
16.259
16.085
16.503
16.698
16.569
16.475
16.574
16.637
16.119
15.577
16.771
17.139
17.034
17.273
17.366
17.403
17.435
17.685
17.694
17.376
17.556
18.215
18.781
18.702
18.884
19.017
18.646
18.690
19.010
18.354
18.653
18.944
19.856
20.112
20.213
8.165
19.244
20.277
20.268
20.039
20.154
19.948
16.832
12.438
20.358
20.641
20.473
20.773
20.638
21.305
21.599
21.608
21.447
21.248
21.350
21.523
22.407
22.389
22.361
22.558
22.015
21.937
21.240
20.959
20.359
7.331
19.539
11.132
22.800
23.393
24.183
24.129
24.030
22.406
22.047
24.395
24.534
24.475
24.271
23.600
25.192
25.817
25.914
25.895
25.383
24.929
26.235
26.119
25.774
25.157
21.654
8.872
9.359
25.627
25.922
26.241
26.115
25.975
25.897
25.633
26.324
26.095
24.754
24.049
24.262
26.667
26.933
26.264
27.080
27.370
28.574
27.897
27.424
27.748
27.635
27.693
27.870
28.150
27.537
27.574
28.173
27.599
27.286
25.138
26.397
26.613
26.919
26.780
27.004
27.026
27.267
15.648
26.913
27.618
27.284
27.367
27.393
27.078
27.070
27.378
27.498
27.555
27.065
26.673
22.610
25.215
25.105
25.367
25.831
26.818
27.172
27.295
27.079
27.147
27.363
27.147
21.294
21.953
23.797
22.335
20.876
22.541
25.253
20.647
21.332
23.178
24.877
23.439
24.472
22.455
16.675
14.082
18.272
16.511
1.790
11.140
26.242
26.454
26.823
17.019
26.763
25.339
24.740
24.772
25.157
13.858
23.793
24.737
21.878
26.184
4.744
5.535
11.714
8.481
7.604
4.137
8.305
2.498
3.326
4.305
2.875
5.775
18.290
26.268
25.582
26.334
26.262
16.745
22.939
20.400
11.926
3.481
8.848
16.781
7.968
3.091
22.608
12.017
3.038
2.388
2.438
6.205
12.141
8.331
18.918
14.583
24.810
21.465
22.560
16.704
23.316
13.281
6.267
16.866
23.656
24.142
2.376
20.018
22.308
22.892
15.412
12.134
21.802
19.943
23.660
23.996
19.710
22.542
5.282
24.001
23.659
23.696
23.447
23.424
23.277
22.911
20.304
17.626
14.666
18.415
19.170
18.739
21.596
18.708
13.893
20.864
18.585
20.841
17.823
22.114
21.945
22.157
22.197
22.001
21.884
21.717
21.591
21.122
20.640
20.649
20.609
20.710
20.559
20.222
20.209
20.530
20.400
19.951
20.050
20.117
20.150
20.061
19.913
19.817
19.906
19.835
19.314
19.017
18.910
19.222
19.279
18.886
18.826
18.704
12.443
7.696
17.695
17.389
16.462
14.487
17.743
16.971
17.398
17.860
17.977
17.766
17.567
17.328
17.412
17.131
17.159
16.910
8.288
16.881
16.989
16.998
16.400
16.046
16.923
16.806
16.799
16.500
16.788
16.510
16.124
15.901
15.875
16.023
16.032
16.268
16.033
15.938
15.824
15.713
15.741
15.816
15.871
15.366
15.563
15.737
16.081
16.009
15.507
15.994
15.626
15.779
16.018
16.152
13.791
16.133
16.158
16.222
10.563
15.861
15.937
15.792
16.230
16.548
15.931
15.775
16.250
15.630
16.657
17.231
17.071
17.305
17.660
17.612
17.383
17.008
17.218
17.398
17.454
17.636
16.762
15.141
16.782
17.489
17.975
17.946
11.732
18.190
18.132
17.627
18.440
18.767
18.773
19.329
19.007
19.179
19.179
19.469
19.827
19.941
20.035
20.093
19.786
17.408
11.069
20.439
20.189
20.390
20.149
20.112
20.869
20.780
20.899
20.965
21.241
21.248
21.370
22.740
23.680
23.023
23.162
23.387
23.281
22.990
22.964
23.038
23.949
23.565
23.322
22.219
23.531
15.176
23.463
24.247
24.132
24.448
23.781
24.186
24.570
24.335
24.678
24.677
24.349
24.537
24.882
25.010
25.103
25.103
24.601
24.965
23.681
24.955
25.493
25.850
25.715
16.568
22.065
20.102
25.863
25.845
25.643
25.590
25.199
25.351
26.589
26.463
26.447
27.001
27.195
27.345
27.001
27.038
27.255
27.408
27.409
27.401
27.357
27.480
27.144
28.068
27.817
27.373
27.429
27.769
27.790
27.661
27.769
27.671
27.594
28.219
27.983
27.575
27.424
26.604
27.128
26.974
27.000
27.200
26.314
27.092
27.214
26.968
26.935
27.594
20.532
27.472
27.935
27.664
22.614
26.119
27.342
27.179
27.163
26.936
25.879
26.900
27.240
27.229
27.172
22.619
26.766
18.248
15.890
21.645
13.267
13.732
8.594
18.671
21.884
23.900
21.406
6.484
14.278
19.043
21.344
23.526
23.883
19.228
10.077
20.038
15.449
1.650
19.830
21.220
17.597
12.084
11.374
7.227
9.989
20.564
22.631
22.255
6.375
18.807
21.597
24.022
14.674
13.115
8.212
11.213
6.758
8.068
16.276
16.050
4.182
9.848
8.187
13.166
12.243
17.198
16.573
15.873
22.129
24.159
25.099
23.501
22.748
21.884
6.232
22.198
23.660
24.733
23.360
11.569
22.844
16.920
12.013
23.855
24.513
17.782
6.583
18.141
4.175
5.952
15.300
21.439
21.627
1.010
9.618
5.482
16.450
16.324
22.996
22.757
9.546
14.411
23.612
22.122
18.810
16.117
23.421
23.297
19.609
14.528
21.885
15.266
17.121
11.373
20.954
17.200
20.274
19.241
11.009
14.570
14.214
20.586
17.531
20.527
21.050
17.941
15.631
9.876
22.010
22.127
22.163
21.652
20.017
20.235
21.315
21.338
21.187
21.204
21.032
21.048
20.327
20.210
20.167
20.466
20.500
20.243
20.157
20.016
19.962
19.968
19.951
19.598
19.352
19.263
19.086
19.082
19.580
19.217
18.516
18.251
17.903
18.139
17.990
17.971
18.023
18.239
18.660
18.133
17.697
17.528
17.476
17.347
17.041
16.897
17.052
17.463
17.109
17.263
17.528
16.182
15.780
16.306
16.445
16.574
16.297
16.841
16.676
16.939
16.631
16.543
16.347
16.162
16.326
15.829
15.904
15.823
15.913
15.664
15.735
15.763
15.779
16.387
16.210
16.008
15.915
15.717
15.937
15.939
16.273
16.134
16.018
16.021
16.488
16.350
16.211
16.201
16.206
16.063
16.114
16.240
15.913
15.512
15.544
13.069
16.118
16.120
16.058
16.339
16.422
16.492
16.454
16.822
16.207
16.697
17.111
17.209
14.591
16.621
13.804
15.135
17.466
15.258
17.723
17.963
17.793
17.789
8.058
18.059
18.529
18.949
19.247
18.930
19.206
19.692
19.566
19.339
19.513
19.473
19.853
19.761
19.482
19.911
20.196
20.350
20.460
20.446
20.187
20.548
20.831
21.074
21.274
21.445
21.450
21.616
21.599
21.870
22.217
22.232
22.237
22.170
22.082
20.391
23.209
23.313
23.691
23.351
23.561
23.535
23.355
23.330
23.693
23.616
23.917
24.130
24.325
24.592
24.938
24.306
24.314
24.337
24.492
25.167
24.909
25.189
24.935
25.066
25.309
25.366
22.894
25.013
23.317
24.558
25.474
25.680
25.474
25.126
25.361
25.493
25.434
26.091
25.724
25.813
26.069
26.065
26.327
25.925
26.078
26.104
26.705
26.303
27.285
27.000
26.881
27.200
26.866
26.665
26.835
26.408
28.349
28.175
28.025
28.212
27.836
27.596
15.023
9.072
11.645
8.694
20.987
18.201
21.540
16.555
26.728
26.906
21.132
27.124
27.499
27.563
27.257
27.265
27.097
27.310
27.444
27.101
27.481
27.622
27.693
27.764
27.589
27.586
27.018
27.350
27.299
27.202
27.328
26.225
11.054
9.617
15.018
22.638
17.339
9.483
12.602
7.863
8.413
18.782
6.703
26.432
26.587
26.847
26.690
25.223
15.678
11.781
9.938
19.928
24.441
23.202
25.865
23.579
12.402
24.668
9.264
16.087
14.525
14.334
22.688
16.099
23.286
9.430
23.959
25.849
26.305
22.089
23.757
13.041
22.183
21.675
21.159
24.663
23.536
18.318
18.869
19.397
18.881
7.101
14.299
9.521
19.544
15.757
21.002
4.508
15.992
11.906
9.328
19.288
6.749
5.030
17.524
13.543
3.481
3.236
11.221
1.639
18.304
6.535
8.140
19.072
23.353
15.670
18.272
23.828
8.646
12.083
23.535
24.427
24.024
24.272
23.730
24.507
24.486
24.251
22.056
20.017
7.503
23.072
22.025
22.111
23.662
23.177
23.663
23.581
23.094
23.251
17.011
21.032
16.378
19.343
17.625
15.328
12.508
13.395
16.400
16.837
21.045
17.921
18.454
21.406
21.038
18.332
12.935
19.836
11.832
14.635
19.836
20.406
19.184
18.963
20.522
17.634
19.203
20.866
21.446
21.047
20.776
20.939
20.897
20.725
20.536
20.241
20.029
19.550
20.074
20.055
20.157
19.540
19.654
19.375
19.093
16.007
19.291
18.942
18.599
17.982
16.858
18.500
18.566
17.695
16.589
18.137
18.243
17.557
11.888
17.498
17.550
17.399
16.912
17.179
16.651
15.750
17.167
17.114
16.965
16.959
16.804
16.682
16.512
16.470
16.396
16.360
16.524
16.485
9.443
16.259
15.732
14.771
15.946
15.835
15.677
15.884
15.652
15.103
15.441
16.048
15.867
15.766
15.966
16.228
16.147
16.124
16.078
15.303
15.643
15.345
15.720
14.279
15.730
16.014
15.838
15.570
13.811
13.022
14.442
16.378
16.154
16.523
16.214
16.067
16.119
16.456
16.472
16.314
16.324
16.815
16.771
16.745
16.371
14.949
10.569
17.334
17.488
17.221
17.104
10.269
17.545
17.349
16.980
12.029
17.277
11.880
18.271
18.018
17.110
16.135
18.419
18.648
18.505
18.320
18.165
18.642
17.709
18.216
18.996
18.984
19.290
19.124
19.114
19.429
19.236
20.135
20.208
21.090
21.624
21.811
21.402
21.759
21.603
21.180
21.072
21.138
21.212
20.935
21.028
17.889
21.257
20.922
22.220
20.110
17.950
19.298
21.266
21.938
22.810
23.080
23.536
23.748
23.376
23.361
24.192
24.340
23.869
23.871
23.805
24.376
25.011
24.799
24.660
24.205
24.503
24.754
25.434
26.343
25.966
26.367
26.182
26.293
26.286
26.259
26.014
25.949
26.538
26.787
27.703
27.466
27.173
27.169
26.939
26.328
26.182
26.014
27.262
27.130
26.996
25.901
23.328
25.703
26.192
26.205
26.754
26.664
26.189
21.168
16.974
23.182
21.561
21.917
25.161
24.121
24.303
26.096
26.265
27.141
27.622
28.105
28.080
27.644
27.751
27.497
27.389
27.413
27.072
27.174
27.440
27.249
27.764
24.537
26.984
27.656
27.840
20.213
26.013
18.826
26.427
27.567
17.562
27.573
27.818
27.163
27.546
27.695
27.328
24.336
26.826
27.419
26.848
24.727
15.947
27.056
27.217
26.278
26.840
23.765
7.030
13.522
18.996
22.112
21.655
19.482
18.789
17.586
25.779
16.531
18.092
21.704
19.491
21.308
14.298
23.787
24.241
22.616
16.236
16.612
18.504
4.958
22.005
2.802
13.754
13.641
21.022
3.931
7.935
23.037
23.605
24.318
26.291
24.084
25.536
14.668
21.062
19.207
8.758
4.802
6.476
5.948
23.805
23.111
16.815
13.523
13.197
16.900
4.293
7.054
11.467
14.500
22.761
16.841
23.248
23.791
19.779
24.000
15.810
15.731
24.724
24.593
24.135
24.579
23.563
24.709
24.431
23.324
19.469
24.251
24.471
24.228
22.732
23.948
24.747
23.769
20.040
24.047
22.789
17.052
14.800
15.119
17.198
18.762
19.932
21.270
21.883
11.884
14.528
19.837
12.264
8.123
20.272
21.592
19.486
19.230
8.909
1.465
20.193
20.292
20.952
19.871
21.598
21.412
18.055
21.752
21.681
21.612
21.444
21.308
21.092
21.076
21.232
21.105
20.978
20.753
20.020
20.567
20.677
20.422
20.501
19.361
7.883
20.457
20.079
19.797
19.793
19.950
19.361
12.484
19.549
19.265
19.557
19.540
19.219
18.969
18.910
18.363
18.461
18.295
18.283
18.296
18.281
18.672
18.572
18.139
18.235
18.282
18.060
17.881
17.654
17.295
17.480
17.417
17.414
17.328
17.229
17.066
16.883
16.802
16.526
16.451
16.979
16.663
16.497
16.486
16.300
10.114
16.379
16.542
16.683
16.467
16.484
16.577
16.455
16.565
16.331
16.238
16.225
16.062
16.094
16.373
16.256
16.107
16.050
15.939
16.055
16.129
16.497
16.253
16.123
16.257
15.971
15.868
15.938
16.054
15.779
15.764
16.330
16.001
15.660
10.969
16.208
16.400
16.459
16.592
16.706
16.813
16.582
16.710
16.848
16.757
16.953
16.557
13.247
7.697
17.550
17.586
17.802
17.859
17.758
18.034
17.981
18.028
17.452
18.220
18.359
17.692
18.116
18.421
18.882
19.193
19.163
19.241
18.925
19.174
19.497
19.671
19.794
19.896
19.848
19.848
19.928
19.921
20.044
20.264
19.975
20.773
21.027
21.234
21.008
20.949
9.578
7.210
17.317
21.835
22.347
22.101
22.400
22.416
22.674
22.630
21.891
13.717
18.324
21.392
22.902
20.504
19.545
12.635
23.412
23.643
23.442
9.797
23.433
24.103
24.332
23.733
24.073
24.228
25.007
24.991
25.776
25.808
25.832
25.565
24.233
25.065
25.349
25.100
25.222
25.239
25.393
25.567
25.372
26.091
25.999
26.168
26.452
25.148
24.857
25.644
25.350
26.995
26.205
26.287
26.454
25.904
26.268
23.066
25.177
26.904
26.572
26.451
26.590
26.658
26.717
27.275
27.093
27.148
27.289
27.778
27.630
27.456
27.481
27.175
27.306
27.468
27.171
27.116
26.901
26.949
25.758
27.154
17.662
23.568
23.397
25.753
26.349
26.160
26.508
27.092
27.235
26.828
27.204
21.904
24.738
8.606
10.660
26.316
26.343
25.898
27.110
26.131
26.874
27.031
26.860
26.962
24.474
25.823
24.460
27.056
26.532
27.469
26.113
22.086
24.541
23.788
24.641
21.670
18.236
11.833
10.713
17.295
8.849
22.880
21.087
16.271
19.587
11.951
16.003
8.469
17.289
8.594
8.998
8.531
6.693
11.962
8.042
18.333
19.516
21.299
21.978
8.443
18.679
3.551
3.307
5.678
20.062
7.766
6.775
23.707
23.555
12.152
8.950
1.999
20.396
7.540
1.721
4.874
11.052
10.072
17.883
20.518
7.886
17.124
1.897
6.585
5.875
19.817
19.591
23.488
17.469
20.320
12.382
10.704
1.598
1.578
5.118
3.977
15.270
19.306
8.306
7.087
6.392
7.244
12.965
21.674
3.518
14.811
21.224
21.517
23.501
15.454
6.859
7.968
18.577
23.177
23.056
12.218
21.158
22.806
4.532
21.422
22.548
21.168
17.088
22.051
21.113
19.469
21.506
20.903
20.655
18.074
20.081
19.883
19.628
12.052
20.027
19.781
21.472
21.454
21.718
21.816
21.567
21.479
21.287
21.190
21.075
21.324
20.954
19.868
17.734
12.706
20.302
15.275
20.028
19.803
19.752
19.571
15.783
18.570
19.331
19.319
19.208
18.919
19.048
19.095
18.943
18.811
18.930
18.833
18.616
18.661
18.386
18.047
8.227
16.307
18.052
18.014
17.959
17.745
17.588
17.403
17.291
17.223
16.536
17.217
17.150
16.910
16.302
16.763
16.401
17.019
17.040
16.972
16.868
16.621
5.288
16.027
16.405
16.222
16.282
15.937
6.920
13.372
15.770
16.051
15.180
16.080
16.117
16.170
16.065
15.715
15.494
15.697
15.740
16.077
15.862
15.945
15.972
15.917
15.585
15.345
9.483
13.132
15.715
16.000
15.913
15.956
16.085
15.597
15.643
16.001
16.058
16.131
16.031
16.188
16.208
16.134
16.244
16.392
16.727
16.727
16.576
16.694
16.840
17.104
16.994
16.939
16.548
17.242
17.342
17.470
17.603
17.606
17.286
17.443
17.190
14.657
17.628
18.021
18.406
18.420
18.421
18.598
18.881
18.263
18.433
18.999
17.623
16.396
19.186
19.429
19.335
19.773
19.369
19.990
20.159
19.998
20.409
20.482
20.371
19.986
17.152
15.368
21.044
21.074
21.321
21.463
21.214
21.707
21.916
22.006
22.330
22.586
22.794
22.915
22.306
22.222
22.508
20.137
21.432
23.549
23.223
23.545
23.461
23.636
22.742
22.548
23.600
24.253
24.381
24.235
24.558
24.678
24.900
24.923
25.084
24.934
24.692
18.081
25.419
25.813
25.686
25.127
25.287
25.505
25.669
25.739
25.863
26.187
26.306
26.283
26.047
14.120
24.104
25.007
24.929
15.578
22.149
26.189
26.524
26.791
26.350
26.835
27.162
27.109
26.504
26.202
24.632
26.842
17.990
26.470
27.057
18.885
20.256
21.128
26.095
26.971
27.138
27.158
27.260
27.229
27.253
27.068
26.964
27.025
27.086
25.735
26.689
18.971
27.426
27.649
27.707
27.697
27.485
26.962
25.180
13.250
17.884
13.882
16.973
25.868
9.472
8.614
11.199
21.006
26.477
26.829
27.055
27.052
26.807
26.596
25.592
18.973
19.104
20.431
23.312
19.804
21.553
14.690
8.666
22.676
24.123
6.794
7.008
10.299
16.894
21.164
9.055
14.778
15.485
16.386
3.135
6.598
12.550
6.588
16.266
15.923
10.037
3.324
18.478
21.684
22.440
16.723
22.966
22.322
2.659
25.307
24.881
23.117
24.489
22.901
25.185
13.908
5.191
14.425
24.525
14.269
23.803
24.036
21.441
20.584
12.238
5.776
8.612
13.424
23.243
16.972
22.738
3.275
10.101
15.025
3.072
3.919
2.348
5.629
10.269
3.266
13.155
23.123
18.814
2.430
19.397
19.695
23.595
24.094
22.489
18.822
21.515
18.288
20.456
20.393
20.763
20.693
21.852
20.777
19.105
3.991
10.706
23.461
10.390
22.881
18.513
22.335
22.991
23.103
22.435
22.538
20.410
14.546
13.800
17.257
19.572
17.469
21.652
7.870
19.896
19.160
17.998
19.997
9.275
21.712
19.515
21.683
22.081
22.091
21.971
21.713
21.281
17.790
21.205
20.927
15.135
19.393
20.608
20.890
20.752
20.942
21.054
21.077
20.660
20.501
20.483
20.147
19.798
19.732
19.399
19.553
19.457
19.196
19.192
19.269
19.144
18.625
19.227
18.986
18.039
18.453
18.683
18.018
17.886
17.893
17.871
17.859
17.794
17.587
17.693
17.531
17.500
17.826
17.646
17.588
17.479
17.680
17.418
17.285
17.237
17.140
17.161
16.990
16.689
16.139
16.426
15.529
15.934
16.411
15.308
16.066
13.874
15.640
16.508
16.185
16.014
15.617
15.927
16.180
16.034
16.124
16.011
16.084
15.904
15.851
15.866
15.752
15.863
14.212
15.012
15.196
15.750
15.891
15.914
16.483
16.462
16.319
16.188
16.238
16.191
16.197
15.762
15.766
15.779
15.486
15.895
15.993
16.453
15.784
16.663
16.663
15.709
16.433
13.048
16.868
17.493
17.464
15.841
16.286
17.588
17.880
18.037
18.031
18.159
17.557
17.728
18.378
18.927
18.829
18.058
18.704
19.244
19.090
18.885
18.745
19.671
20.003
19.978
20.328
20.593
20.875
20.429
20.280
20.538
20.951
20.773
20.922
21.096
21.046
21.179
20.559
21.536
21.868
22.255
22.490
22.550
22.522
22.554
22.484
22.328
22.304
22.715
22.859
22.696
23.343
23.191
21.643
18.433
20.858
18.886
22.837
23.171
23.536
23.862
24.256
24.151
24.289
24.784
24.868
24.781
20.049
12.552
24.093
23.938
22.051
24.933
12.398
25.064
24.371
24.940
21.276
17.771
23.182
25.001
18.524
23.229
24.673
24.638
22.839
25.001
25.776
26.064
26.359
26.097
26.430
27.066
26.984
26.848
26.658
26.929
26.905
27.067
27.126
27.189
27.302
27.383
27.043
27.113
27.132
26.315
26.845
26.998
27.218
24.750
25.346
25.352
24.176
26.939
27.099
27.070
26.797
26.900
27.221
26.957
27.004
26.911
27.150
27.264
27.378
27.027
27.075
27.457
27.924
27.338
26.520
27.307
27.437
27.151
27.247
26.620
26.436
23.980
21.939
18.195
21.208
23.711
17.644
19.755
14.440
19.052
2.371
14.036
17.189
24.855
23.578
10.745
25.388
15.726
9.268
19.296
24.070
26.322
25.880
17.122
11.498
16.929
21.161
16.938
5.748
15.103
24.099
23.132
23.729
21.151
23.270
6.565
8.668
2.165
22.518
8.804
11.797
11.209
13.676
23.503
22.978
26.158
18.421
17.677
14.131
18.620
17.121
17.353
12.882
16.336
16.837
3.341
6.302
21.767
24.820
18.003
14.347
1.208
19.223
20.981
20.376
14.474
5.694
4.819
12.717
17.723
22.055
2.171
7.766
3.146
13.791
12.685
21.060
7.973
21.081
17.888
21.118
24.391
22.807
20.156
20.334
14.923
5.734
23.947
23.745
24.164
24.165
20.932
22.598
16.757
21.004
21.648
23.427
20.856
23.858
20.647
17.315
19.473
21.112
22.301
20.249
17.189
12.818
13.537
10.332
20.582
20.384
22.146
22.147
22.264
22.080
21.963
22.156
21.681
21.376
21.941
21.498
15.507
19.631
19.568
20.221
20.491
20.826
18.471
19.431
19.183
9.715
20.370
20.817
20.871
20.828
20.569
20.011
18.206
20.028
20.144
20.026
20.141
20.094
19.831
19.681
19.785
19.482
19.508
19.110
18.725
18.827
18.810
18.932
18.729
18.841
18.579
18.788
18.553
18.478
18.372
18.252
18.226
18.212
18.038
17.960
17.786
17.625
14.882
17.262
5.621
10.030
17.147
17.426
17.471
17.430
17.264
17.054
17.053
16.996
16.924
16.506
12.617
7.971
14.408
15.550
15.672
15.543
14.284
13.979
15.841
15.613
15.511
15.761
15.902
15.867
15.638
15.523
15.400
15.268
12.245
7.552
13.291
14.822
15.799
16.009
16.256
16.438
16.414
16.411
16.148
16.103
16.289
16.226
16.184
16.220
16.251
15.915
2.382
16.179
16.235
15.928
5.826
15.707
16.074
9.975
15.068
11.880
7.302
16.176
8.314
16.549
15.102
13.978
12.673
17.001
17.081
15.835
17.370
17.837
18.000
18.262
18.140
18.608
18.588
18.474
18.635
18.872
18.438
18.681
18.953
19.243
19.279
19.486
19.145
19.781
19.514
19.226
19.446
20.035
20.304
20.472
20.336
20.428
20.312
20.011
20.333
21.075
20.930
21.105
21.018
21.180
21.374
21.380
22.098
22.231
21.822
22.427
22.603
23.098
22.608
23.039
23.431
23.424
23.286
23.528
22.941
23.733
23.791
23.641
23.738
23.503
22.469
23.409
21.646
23.144
22.754
24.455
24.416
20.595
24.026
21.781
23.822
24.663
24.389
24.517
24.160
24.185
19.686
24.647
25.359
25.562
26.004
26.131
26.468
26.728
26.721
26.030
17.371
26.450
26.778
27.196
27.264
26.925
27.064
27.364
27.481
27.184
27.204
27.751
27.743
27.495
27.607
26.965
27.107
27.100
27.293
26.966
27.096
27.008
27.108
27.205
27.629
27.154
26.693
26.210
26.820
27.024
26.913
27.013
26.861
26.768
26.988
26.847
27.026
25.360
27.066
27.253
27.322
27.625
27.493
27.194
27.169
26.196
25.336
26.718
26.575
26.788
26.901
27.203
25.731
27.653
27.340
27.217
27.274
26.474
25.183
24.599
27.125
26.902
26.096
22.961
20.870
25.975
27.347
26.888
9.195
20.638
10.825
22.581
19.532
21.876
13.018
20.361
22.439
18.729
6.278
16.802
17.383
18.372
19.916
21.625
22.794
2.848
3.614
24.283
23.732
21.950
5.954
23.092
24.580
18.538
5.307
7.326
22.960
5.177
17.492
10.750
3.763
2.741
3.724
6.041
3.882
3.884
12.259
8.741
6.560
5.763
25.698
25.424
14.491
19.573
12.727
15.384
18.462
23.556
21.887
22.056
18.288
15.184
14.251
12.758
24.718
24.115
24.655
23.745
24.583
23.032
24.602
21.404
20.108
2.828
11.685
9.295
13.328
2.497
19.547
16.860
21.806
23.542
22.047
23.550
22.741
22.476
22.642
23.369
14.347
22.817
23.031
23.494
23.670
23.511
23.287
23.295
22.998
22.919
23.104
22.824
22.629
22.567
22.613
22.322
22.167
21.942
21.037
21.846
20.065
22.323
21.339
19.592
19.719
13.088
11.888
21.242
21.318
21.096
21.040
20.068
14.519
16.141
20.775
19.956
20.372
20.077
19.589
20.315
20.255
20.236
20.132
20.410
20.532
20.170
19.766
19.640
19.388
18.670
19.089
19.198
19.183
19.001
18.721
18.620
18.554
18.416
18.207
17.773
17.712
16.350
6.390
11.401
16.914
16.656
16.992
17.075
17.489
17.308
16.966
17.144
17.213
17.196
17.013
16.546
17.158
16.736
16.785
16.394
16.357
16.147
16.423
16.509
16.264
16.145
16.185
16.293
16.297
16.142
16.203
15.117
16.174
15.687
15.613
15.337
15.537
15.469
15.056
15.794
15.675
12.159
7.072
14.801
14.731
15.726
16.063
16.075
16.070
15.998
7.306
15.876
16.066
16.165
15.327
9.687
15.958
16.791
16.697
16.680
16.249
16.467
16.321
15.970
15.943
16.796
16.908
16.950
17.001
17.158
17.163
17.267
17.411
17.348
17.596
17.614
17.780
17.796
17.869
17.810
17.610
17.907
18.024
18.588
18.320
18.407
18.319
16.939
18.267
18.472
18.591
17.278
19.466
19.715
18.384
19.635
19.763
20.009
20.560
20.466
20.776
21.036
21.257
21.003
18.917
19.827
20.969
21.240
21.362
21.564
21.751
21.937
21.886
21.358
19.760
21.222
20.220
19.898
21.109
22.504
22.841
23.146
22.864
23.633
23.521
23.414
23.370
23.287
23.400
23.494
23.798
24.246
24.340
24.604
24.493
24.725
24.341
24.605
24.869
25.102
25.101
24.898
25.038
24.665
24.830
25.509
25.527
25.731
25.647
26.281
20.581
18.580
26.210
25.860
26.065
25.839
26.338
26.146
26.167
26.482
26.269
26.097
25.948
25.938
26.424
26.900
26.846
26.621
26.749
26.394
26.806
26.349
26.752
26.665
26.770
26.443
26.418
26.762
26.830
26.844
26.875
27.133
27.658
27.152
27.089
27.445
27.168
27.228
27.341
27.374
27.972
27.360
27.254
27.789
27.455
27.491
27.495
27.282
26.922
27.041
27.003
27.146
27.318
27.617
27.390
18.279
11.648
26.281
25.841
23.699
17.323
26.870
27.200
26.181
26.688
27.367
23.595
25.764
18.297
15.865
16.387
21.115
24.407
24.776
24.930
25.843
24.341
21.574
25.508
22.008
17.685
22.023
24.727
25.416
24.631
16.875
17.599
14.889
5.206
15.126
22.035
24.008
25.616
18.941
18.952
10.740
17.310
25.316
25.089
17.595
20.018
21.305
13.202
20.907
23.044
22.610
10.924
2.721
2.471
14.815
4.125
19.693
22.769
24.598
21.415
2.258
9.782
19.301
15.221
8.002
8.080
22.205
14.266
16.789
21.575
23.721
24.166
24.441
18.446
22.916
22.762
24.261
22.365
12.447
20.154
23.403
20.980
22.383
19.295
23.905
22.000
22.869
23.776
22.978
20.898
17.898
10.604
20.431
22.626
20.267
13.571
20.611
16.539
20.947
20.289
9.398
13.926
8.095
8.521
21.116
22.072
22.624
21.847
22.085
16.593
22.300
22.678
22.611
22.065
22.668
22.909
22.282
22.250
22.087
20.443
21.721
22.057
21.646
21.671
21.454
17.657
21.706
21.521
21.464
21.561
21.002
20.337
19.906
20.086
19.772
20.248
20.541
20.272
19.115
17.081
12.618
19.492
19.420
19.764
19.659
19.271
19.146
19.174
19.095
18.665
16.790
17.868
18.894
18.776
19.027
18.798
18.505
18.326
18.400
15.567
15.850
15.574
9.072
12.915
15.562
16.625
11.861
11.485
16.125
16.043
16.267
17.091
11.618
2.020
7.083
2.585
14.812
16.080
16.052
16.328
16.068
16.086
16.158
16.175
16.564
16.258
15.893
16.077
16.401
16.616
16.209
16.191
16.363
16.263
16.196
16.169
16.307
16.288
16.240
16.262
16.365
16.314
16.398
16.407
15.897
16.016
16.230
16.114
12.241
1.589
13.005
15.626
16.518
16.484
16.490
16.768
16.206
16.330
16.737
16.559
16.525
16.721
16.971
16.615
16.476
16.137
16.243
16.929
17.324
17.055
16.434
16.894
17.208
17.066
17.124
16.567
16.886
17.617
18.246
17.965
17.581
17.747
17.810
18.203
18.129
18.242
18.533
18.766
18.534
18.636
18.290
18.498
19.095
19.081
19.133
19.279
19.221
19.446
11.948
19.975
19.883
20.114
20.357
20.266
20.914
19.912
20.806
21.037
21.107
21.006
21.630
21.355
21.073
20.790
20.361
21.441
21.989
22.026
22.175
22.220
23.045
23.416
23.710
23.472
23.343
23.422
23.188
23.724
23.551
23.877
24.327
23.628
24.062
24.197
24.089
24.186
24.403
24.724
24.951
25.079
24.717
25.049
24.995
24.724
24.631
25.753
25.587
25.562
25.115
25.185
25.603
25.329
25.103
23.869
23.921
24.802
23.180
25.035
25.062
25.313
26.016
26.702
26.653
26.311
26.987
27.269
27.463
26.960
27.005
26.546
26.699
26.359
26.449
19.276
26.551
26.617
26.404
26.280
27.384
26.764
26.908
27.234
26.940
27.079
26.605
26.944
27.221
26.386
26.700
22.183
26.551
27.154
26.736
25.469
25.987
26.594
26.797
26.912
26.823
26.838
26.945
27.199
27.282
27.144
26.799
26.814
15.882
20.928
25.159
24.766
26.195
23.913
25.410
24.627
24.898
26.352
26.192
21.994
24.950
24.420
25.741
20.127
22.923
23.488
22.506
23.511
13.507
11.566
25.537
23.053
18.501
1.476
19.613
16.812
15.504
25.967
25.334
25.293
20.368
1.864
23.921
15.521
10.536
2.384
18.093
25.949
22.243
3.828
2.995
16.026
18.977
11.570
14.803
21.072
15.094
17.229
1.788
5.214
10.256
22.509
23.280
20.472
10.802
17.317
14.617
16.135
24.078
3.640
20.029
18.840
23.730
9.294
1.630
0.575
5.499
6.826
2.323
4.339
7.161
16.983
3.735
19.626
16.718
16.786
21.573
23.294
22.647
22.440
18.380
17.429
18.083
23.355
21.911
15.199
22.076
22.625
3.833
21.264
22.257
8.115
2.267
5.508
2.314
17.807
8.569
19.694
5.912
17.773
12.715
22.548
22.467
21.269
20.096
7.070
20.776
22.121
22.545
22.182
21.716
21.774
21.715
21.626
21.678
21.666
21.476
21.519
21.723
21.729
21.687
21.529
21.319
21.056
20.830
18.528
20.817
20.811
20.220
18.790
19.574
20.179
20.072
19.879
19.659
19.880
20.363
19.934
18.843
20.033
19.938
19.588
19.403
19.486
19.198
19.303
19.119
19.055
18.980
18.941
18.691
17.539
16.893
17.879
18.084
17.907
16.349
17.787
17.828
17.675
17.402
17.426
17.591
17.344
17.328
17.339
17.347
17.450
17.410
17.051
17.076
17.019
16.496
16.483
16.389
13.692
15.156
15.364
15.478
16.062
15.886
15.724
15.853
15.922
16.193
16.120
16.158
15.814
16.276
16.932
16.722
16.277
16.214
16.159
16.283
16.039
15.992
15.988
16.129
16.009
15.548
15.815
16.104
16.291
16.154
16.123
16.074
16.205
16.157
15.699
16.056
16.014
15.888
15.920
15.447
14.413
16.496
16.571
16.373
16.633
16.487
16.686
16.898
16.684
16.583
15.418
17.037
17.364
17.154
17.408
17.429
16.825
17.362
17.198
17.385
17.609
17.629
17.887
18.189
18.104
18.508
18.651
18.648
18.371
18.248
18.304
18.556
19.076
20.354
19.845
19.687
19.520
19.305
19.191
19.607
19.947
19.887
20.063
19.970
20.231
20.639
20.462
20.652
21.028
21.549
21.796
21.497
21.516
22.224
22.468
22.040
21.572
21.774
21.923
22.249
22.502
22.966
23.567
23.928
23.964
23.720
23.552
23.806
23.556
23.568
23.658
24.138
23.842
24.042
24.442
25.394
25.307
25.364
25.511
25.376
24.865
24.417
24.308
24.850
24.703
24.696
24.838
24.922
24.813
24.700
25.059
25.098
25.161
25.277
25.603
25.334
24.690
25.429
25.371
22.793
25.608
25.595
24.943
23.977
25.165
4.251
25.835
26.651
26.544
26.083
26.356
26.504
26.784
26.724
26.984
27.198
27.619
27.237
26.893
26.861
25.184
25.058
25.173
15.632
22.021
24.596
26.754
26.775
26.703
26.289
27.101
27.192
26.976
27.106
27.061
27.196
27.222
27.083
27.592
27.256
27.431
27.484
27.250
27.424
27.429
27.337
27.278
26.997
27.048
26.288
26.959
26.776
25.396
25.086
23.279
23.438
23.573
18.935
18.196
20.680
19.071
13.309
19.688
23.887
26.625
26.348
26.184
26.592
24.124
23.961
24.767
24.104
25.510
20.617
24.636
25.527
25.547
19.775
18.157
25.509
16.817
5.493
23.803
24.664
24.607
12.545
2.276
21.221
19.144
6.351
5.148
17.963
22.163
10.390
20.493
4.795
7.234
22.555
22.537
6.751
9.805
19.752
16.497
23.457
21.912
16.471
9.658
13.000
5.667
7.153
4.511
17.139
16.653
25.063
17.950
7.907
16.740
22.360
12.015
15.353
9.738
8.577
8.240
4.844
6.153
11.228
23.637
11.110
3.407
17.803
15.388
7.829
3.598
13.700
20.739
20.865
23.434
23.131
22.938
21.973
23.210
20.250
20.751
22.942
20.884
0.913
2.556
14.006
12.808
17.927
2.669
19.092
7.314
22.069
20.371
20.522
18.441
21.056
21.935
20.415
19.967
20.610
21.191
20.655
22.170
21.382
21.853
21.325
21.398
21.509
21.289
21.190
17.582
21.320
20.885
20.781
20.065
20.889
21.503
20.929
20.855
20.619
20.574
20.407
20.355
20.153
19.789
19.865
19.878
19.600
19.414
19.332
19.593
19.546
19.546
19.596
19.399
19.434
19.229
18.986
18.976
18.544
19.259
18.935
18.747
18.730
18.310
18.093
17.906
17.970
17.738
17.704
17.317
17.265
17.329
17.511
17.471
17.429
17.146
17.035
16.957
16.935
16.808
16.611
16.627
16.628
16.612
16.509
16.451
16.379
16.471
16.059
15.787
15.904
15.850
15.891
15.711
15.785
16.257
15.741
16.029
16.013
15.630
15.404
15.231
15.491
15.554
15.307
15.740
16.205
16.233
15.971
15.991
16.133
16.192
16.157
16.171
16.081
15.548
15.727
16.129
16.063
16.403
16.371
16.393
16.535
16.585
16.655
16.808
16.552
16.607
16.395
16.423
16.121
16.436
16.209
15.922
16.441
17.401
17.467
17.809
17.654
17.703
17.784
18.177
17.999
18.141
18.548
17.842
18.220
14.889
16.123
17.813
17.573
17.784
17.983
18.448
19.412
19.526
19.926
19.754
19.134
18.921
19.200
18.894
18.132
19.215
19.975
20.206
20.148
20.115
20.354
20.345
20.452
20.665
21.431
21.423
21.566
21.869
22.383
22.618
22.751
22.930
22.923
22.726
22.664
22.788
22.844
22.839
22.734
23.085
23.593
23.243
23.424
23.170
22.097
23.473
23.926
23.876
23.728
24.322
19.302
24.198
24.352
24.822
23.508
19.506
24.332
24.459
24.819
24.123
25.080
24.911
25.080
25.171
25.637
25.830
25.696
24.685
22.450
25.608
25.745
26.417
26.088
25.918
26.113
26.112
25.887
25.268
25.966
24.117
25.862
22.884
20.437
18.688
25.887
26.325
26.534
26.331
26.423
26.576
27.083
27.467
26.934
26.709
27.174
26.799
26.786
27.546
27.578
26.919
27.138
26.877
25.747
26.502
26.455
27.276
27.098
27.227
27.339
27.151
27.488
27.663
27.148
27.175
26.931
26.882
24.724
26.703
27.109
27.214
23.274
22.688
23.316
21.958
7.405
22.301
23.713
21.578
26.043
19.840
21.683
25.429
20.904
25.043
21.440
23.094
21.117
18.497
1.307
26.078
25.961
21.839
25.437
25.757
25.998
24.636
15.048
20.875
23.372
19.055
25.100
21.653
24.060
9.938
12.913
10.705
21.696
14.275
21.329
13.064
18.380
10.610
11.153
13.009
8.117
3.247
21.341
13.398
4.773
14.051
23.842
18.232
4.613
16.925
25.386
15.403
13.297
20.107
2.653
4.472
18.586
15.861
3.406
24.694
5.617
21.482
16.429
16.016
6.250
5.065
9.079
4.209
15.691
14.324
6.129
9.166
11.310
17.127
21.282
23.002
24.277
23.361
1.881
14.431
17.828
3.614
4.751
14.543
23.204
19.510
18.998
22.836
23.421
23.265
23.018
23.708
23.663
23.696
23.209
22.534
23.268
23.474
23.183
21.547
15.492
18.080
19.896
19.217
20.605
18.071
17.344
21.338
22.932
2.719
13.095
17.349
19.348
8.726
1.476
20.317
16.679
11.391
20.458
20.435
20.610
10.902
20.980
20.529
16.967
19.434
19.941
19.518
18.945
20.084
20.119
19.798
20.097
19.980
20.129
20.209
19.880
19.818
19.859
19.754
19.933
19.727
19.624
19.494
19.210
19.196
19.115
18.920
18.828
18.635
18.633
18.376
18.162
18.260
18.224
17.824
16.431
16.085
17.787
17.831
17.820
17.688
17.426
17.409
17.444
17.682
17.834
17.724
17.664
17.339
17.071
17.011
16.966
16.768
16.733
16.503
16.025
16.153
16.324
16.387
16.577
16.391
16.676
16.243
16.195
16.155
16.162
16.245
16.358
16.306
16.134
16.129
16.204
16.365
16.363
16.157
16.073
15.632
15.931
16.249
16.097
15.798
15.689
15.453
15.324
15.197
15.755
16.306
15.867
12.273
16.282
15.195
13.461
5.976
15.512
16.455
16.488
16.103
15.829
16.268
16.490
16.363
16.792
16.297
16.226
17.144
16.901
16.830
17.155
17.288
15.704
8.595
16.439
17.239
17.059
17.343
17.397
17.712
17.674
18.027
18.336
18.236
17.954
17.644
17.894
18.181
18.073
18.364
18.574
19.271
19.898
19.223
19.681
19.665
19.199
17.022
13.849
20.240
20.525
20.744
20.656
20.024
7.159
20.997
20.932
18.648
20.088
17.812
21.520
21.600
22.226
21.944
20.954
21.962
21.812
21.889
22.161
22.203
22.155
21.630
22.310
22.484
22.554
23.158
23.173
23.354
23.128
24.472
24.676
24.825
24.284
23.512
23.499
24.038
24.213
23.954
23.795
24.766
24.462
24.440
24.592
25.024
24.722
24.824
25.289
25.545
25.339
24.869
25.891
26.585
26.506
26.140
25.984
25.571
25.385
25.643
25.733
25.568
25.685
24.987
22.441
25.887
26.201
26.490
26.377
26.250
25.635
26.341
26.577
26.710
27.098
27.163
27.056
26.467
26.534
22.602
26.732
26.987
27.106
27.623
26.879
26.696
26.655
26.608
26.644
26.628
12.609
24.816
26.877
26.957
27.149
27.506
27.336
27.402
27.219
26.433
24.234
27.469
24.540
27.090
27.239
26.954
26.857
25.706
22.523
24.591
24.822
27.195
27.354
27.361
27.568
27.035
24.337
23.682
24.535
20.152
21.049
25.640
25.228
24.371
20.430
26.704
26.714
22.552
23.450
26.699
25.700
26.274
26.829
26.629
26.762
26.722
25.256
24.378
10.884
23.264
24.446
25.668
26.551
25.608
19.742
7.893
16.704
17.422
20.229
23.711
21.670
16.820
22.673
14.487
7.181
23.543
24.739
23.451
1.606
0.794
0.732
8.299
15.652
0.453
4.128
20.139
12.558
