20000101
16.084
15.984
16.130
16.148
16.089
16.329
16.196
16.323
15.855
15.960
16.390
16.350
16.564
16.856
17.403
17.360
17.183
16.794
17.115
17.199
11.181
16.889
16.992
17.422
17.295
17.663
17.959
18.385
18.456
18.661
18.647
18.173
18.208
18.230
17.506
18.886
18.873
19.142
19.193
19.077
18.716
19.765
20.360
20.188
20.266
20.311
20.383
20.736
20.681
20.509
20.100
20.981
20.919
20.439
8.742
21.685
22.070
21.521
21.588
21.516
21.477
21.671
21.906
22.077
22.845
23.201
22.953
23.404
23.816
23.433
22.684
23.061
23.372
23.803
23.635
23.525
23.294
24.828
24.841
24.861
23.866
24.242
24.946
25.218
25.172
25.194
25.405
25.887
25.753
25.234
24.631
25.382
25.862
25.965
25.834
26.118
26.417
26.052
25.839
26.397
26.329
26.054
26.091
26.196
26.128
25.985
26.240
26.747
26.557
27.118
26.912
26.399
26.232
26.069
26.248
26.320
26.607
26.525
26.665
26.673
26.889
27.044
26.683
27.183
27.074
27.319
24.021
25.124
24.792
24.340
26.199
20.952
22.621
20.683
21.016
26.115
24.935
24.231
17.449
22.399
25.498
26.156
27.166
27.023
27.160
27.219
27.205
27.350
27.251
26.118
17.919
21.551
26.895
27.200
23.616
24.944
13.543
23.199
26.155
23.006
26.212
27.341
27.286
27.100
24.969
26.842
26.273
27.243
27.457
27.470
26.870
26.959
26.961
23.616
24.899
26.761
26.547
26.947
26.633
23.251
22.827
20.585
13.119
12.259
22.458
11.773
22.560
22.616
23.800
19.061
19.922
22.231
16.447
11.167
9.605
6.901
2.389
8.782
23.829
15.677
18.986
23.530
4.555
11.985
21.106
26.401
21.331
25.774
26.406
26.144
5.265
15.006
18.486
24.208
25.619
9.655
24.842
26.151
25.919
26.010
22.437
22.981
17.509
15.020
17.879
8.112
8.265
14.627
12.558
6.398
22.953
5.515
7.940
12.342
16.920
19.759
20.594
16.456
24.258
20.377
23.199
19.799
13.691
4.440
10.744
20.469
21.710
13.920
6.498
22.873
23.670
23.564
23.719
23.443
23.595
23.586
23.521
21.734
23.342
13.552
23.166
23.146
22.664
21.174
20.582
17.655
15.655
12.494
20.396
20.334
19.676
22.447
22.233
22.082
22.167
22.204
22.088
22.044
21.692
21.539
20.655
14.001
4.423
15.077
19.115
17.761
20.097
19.473
21.226
21.460
21.247
20.856
20.663
20.743
20.592
20.441
19.927
19.434
19.236
19.272
19.296
19.551
19.576
19.681
19.459
19.156
19.249
19.087
18.687
18.528
18.224
17.924
17.811
17.782
17.976
17.867
17.065
17.647
17.557
17.624
17.164
17.134
17.507
17.560
17.586
17.326
17.223
16.915
16.441
16.574
16.541
16.233
16.710
16.736
16.788
17.208
17.324
17.031
16.836
16.512
16.338
16.248
16.286
16.234
16.159
16.071
16.008
15.976
16.166
16.087
16.044
15.902
15.688
15.672
15.846
16.110
16.106
16.315
16.288
16.287
16.313
16.306
16.332
16.281
1.704
15.710
15.970
16.100
16.201
16.225
16.381
16.255
16.477
16.504
16.659
16.684
16.581
16.684
17.078
17.143
16.978
16.769
16.681
17.116
16.988
17.051
17.346
17.288
18.307
18.556
18.516
18.581
18.393
17.967
18.045
17.723
18.960
18.856
19.227
19.397
19.509
19.648
19.543
19.644
19.735
19.707
19.667
19.681
20.078
19.706
20.329
20.022
20.393
20.251
20.486
20.396
20.465
21.681
21.058
20.859
20.813
19.920
21.398
21.370
21.891
22.084
22.441
22.482
20.599
23.209
23.142
23.050
23.281
23.586
23.574
23.248
17.039
20.905
23.048
22.885
23.417
24.029
24.006
23.604
23.391
22.985
23.605
16.290
23.551
24.325
24.446
24.122
24.447
25.263
25.676
25.309
25.480
25.791
25.772
26.008
26.302
26.434
26.582
26.149
26.274
26.228
23.508
23.931
14.337
21.921
24.339
23.433
18.090
13.787
16.052
26.490
26.795
27.138
27.265
26.498
27.493
27.383
27.450
27.196
27.119
26.793
27.300
27.197
27.260
26.914
27.080
26.924
27.096
27.306
27.089
27.276
27.469
27.623
27.407
27.455
27.099
26.817
25.824
24.003
26.137
24.971
26.226
26.630
27.323
27.306
25.036
26.113
23.375
23.362
21.524
20.100
24.664
22.063
20.607
16.440
26.325
23.871
16.774
18.201
20.755
20.707
16.967
21.203
14.760
23.032
15.201
22.099
16.997
20.367
22.101
24.204
26.637
27.084
27.255
26.924
25.771
23.888
25.073
24.692
18.592
21.544
17.295
6.045
17.295
17.716
5.502
19.809
24.572
25.983
7.273
21.365
21.430
2.879
13.858
12.358
18.032
6.068
3.692
2.748
5.151
18.897
16.173
2.673
15.829
15.449
15.778
14.116
17.409
13.645
15.473
12.190
8.863
22.586
21.975
26.005
19.407
8.880
24.296
23.416
10.008
22.320
23.177
21.414
22.002
23.640
22.702
24.299
23.449
17.046
1.082
23.149
25.109
23.639
21.222
9.556
20.028
24.097
23.803
24.656
24.848
24.480
22.729
20.268
24.411
24.023
24.205
24.251
23.846
23.868
23.426
19.441
22.639
21.533
23.656
23.495
23.197
18.531
18.459
20.077
13.655
11.841
22.361
21.251
14.961
14.241
14.045
21.581
18.045
20.712
13.087
22.619
22.505
22.113
22.433
22.143
9.768
6.369
17.332
21.423
9.997
19.002
16.957
20.470
19.313
13.109
0.792
18.854
18.631
17.404
13.233
20.677
20.694
20.519
20.474
20.413
20.184
20.048
20.006
19.921
19.537
19.286
19.317
19.249
18.939
18.747
18.806
18.730
18.841
18.607
18.517
18.363
18.339
18.362
18.557
18.513
18.434
18.171
18.154
18.162
18.018
17.670
17.381
16.888
17.143
16.882
16.666
16.863
16.991
17.206
17.112
16.969
16.852
16.939
16.767
16.708
16.813
16.604
16.425
16.588
16.497
16.199
16.043
16.042
15.932
15.510
15.471
16.020
15.913
15.959
15.705
15.517
15.554
15.625
15.793
15.867
16.212
16.368
16.413
16.359
15.819
15.946
16.030
16.201
16.147
16.040
16.269
16.239
16.120
16.199
16.342
16.365
16.342
16.174
16.437
16.607
16.563
16.414
16.454
16.530
15.948
14.673
16.729
17.068
17.031
17.134
17.285
17.388
17.393
17.669
17.593
17.260
17.566
18.158
18.683
18.606
18.760
18.878
18.601
18.587
19.064
18.366
18.431
19.068
19.794
20.108
20.201
5.286
19.314
20.409
20.226
20.093
20.209
19.948
19.906
16.092
20.419
20.517
20.414
20.646
20.575
21.283
21.544
21.493
21.325
21.142
21.400
21.303
22.557
22.125
22.221
22.439
22.001
21.933
21.173
21.313
20.623
15.584
21.110
12.240
22.785
23.423
24.290
24.189
24.044
23.092
21.422
24.297
24.479
24.455
24.130
24.569
25.349
25.884
25.876
25.813
25.266
24.943
26.212
26.384
25.989
25.219
23.247
12.741
12.931
25.692
25.959
26.169
26.040
25.934
25.926
25.753
26.451
26.212
24.446
24.727
25.564
26.839
26.866
26.245
27.091
27.308
28.556
27.905
27.387
27.827
27.655
27.725
27.916
28.190
27.561
27.667
28.241
27.558
27.375
26.223
26.270
26.775
26.982
26.839
27.068
27.106
27.315
11.873
27.060
27.589
27.416
27.562
27.414
27.149
27.139
27.468
27.651
27.631
27.190
26.814
23.821
25.834
26.648
24.283
25.479
27.108
27.386
27.443
27.196
27.218
27.477
27.385
17.007
23.862
24.714
20.738
19.314
22.177
26.174
23.336
22.833
23.537
22.084
23.564
25.233
23.186
19.051
14.536
17.676
19.307
1.542
14.282
26.429
26.725
27.056
21.391
27.075
26.690
25.448
24.864
25.226
20.684
24.755
24.843
24.485
26.466
4.592
4.663
12.861
9.934
11.005
7.972
7.825
3.255
3.896
4.483
3.208
7.169
21.755
26.366
26.156
26.437
26.384
18.345
21.099
24.144
11.188
3.781
13.102
15.091
7.360
9.996
23.397
14.456
3.149
2.531
2.454
9.053
16.036
7.532
22.521
11.403
25.029
23.312
20.482
16.325
22.966
14.656
8.364
20.005
23.891
23.917
2.757
18.710
21.846
22.629
17.904
18.494
22.625
21.815
24.117
24.058
21.159
22.359
8.798
24.135
23.701
23.731
23.477
23.490
23.334
22.900
16.058
13.266
13.772
18.038
20.951
18.644
21.094
17.084
17.054
16.566
17.957
20.869
18.155
22.097
21.982
22.164
22.201
22.014
21.881
21.761
21.719
21.093
20.812
20.776
20.272
20.773
20.506
20.317
20.281
20.506
20.358
19.917
19.994
19.991
20.105
19.970
19.867
19.775
19.825
19.768
19.237
18.935
18.815
19.145
19.132
18.758
18.709
18.567
11.188
7.807
17.748
16.191
14.235
8.628
17.704
17.455
17.343
17.830
17.859
17.691
17.427
17.256
17.294
17.028
17.063
16.807
4.355
16.870
16.968
17.031
14.365
16.343
16.936
16.735
16.642
16.468
16.619
16.404
15.996
15.852
15.829
16.065
16.068
16.143
15.917
15.808
15.745
15.419
15.588
15.709
15.752
15.231
15.477
15.807
16.070
15.917
15.411
15.958
15.512
15.613
15.976
16.091
12.855
16.031
16.092
16.193
15.614
15.931
15.843
15.731
16.389
16.577
15.961
15.973
16.138
16.074
16.619
17.182
17.078
17.154
17.529
17.492
17.370
17.135
17.244
17.374
17.322
17.488
16.804
14.692
16.562
17.413
17.906
17.765
6.582
18.302
18.076
17.935
18.388
18.732
18.750
19.163
19.016
19.211
19.111
19.456
19.765
19.789
19.942
19.934
19.225
15.356
10.066
20.535
20.203
20.311
19.862
19.859
20.833
20.592
20.809
20.904
21.161
21.207
21.417
22.848
23.615
22.988
23.187
23.325
23.217
22.939
22.857
22.965
24.046
23.500
23.273
22.183
23.505
15.996
23.447
24.257
24.186
24.297
23.489
23.986
24.624
24.251
24.685
24.644
24.427
24.472
24.865
24.955
25.124
25.166
24.881
25.146
22.903
25.083
25.591
26.056
25.934
18.388
22.635
25.141
25.931
25.782
25.590
25.586
24.684
25.211
26.622
26.439
26.625
27.049
27.268
27.416
27.010
27.191
27.489
27.430
27.396
27.419
27.430
27.491
27.474
28.250
28.046
27.494
27.660
27.956
27.699
27.723
27.750
27.601
27.551
28.638
27.860
27.557
27.458
27.035
27.228
27.015
27.085
27.232
27.021
27.248
27.300
25.807
26.878
27.563
22.358
27.541
28.010
27.672
23.336
26.160
27.452
27.238
27.249
27.017
26.675
27.001
27.389
27.238
27.365
20.530
25.779
12.882
20.047
23.197
8.115
15.334
10.828
21.938
23.315
24.769
23.419
2.835
16.320
22.644
20.557
24.196
25.900
17.255
8.368
19.424
17.535
2.162
16.315
20.120
19.308
10.110
8.437
10.086
19.717
21.464
23.034
22.141
4.897
16.605
22.205
24.124
16.513
15.881
7.761
9.216
3.326
8.498
14.355
15.688
3.844
14.060
7.394
15.669
14.539
17.668
13.721
14.330
22.688
24.737
25.110
9.020
22.593
21.412
6.627
22.472
24.945
25.181
23.165
12.255
20.936
19.683
8.607
24.332
23.803
16.845
14.199
17.756
15.425
6.734
11.292
21.852
21.741
1.347
9.296
5.692
13.196
19.292
23.348
23.240
18.892
15.510
23.438
23.618
19.939
15.034
23.461
23.300
12.124
9.260
21.776
10.556
13.623
13.561
20.581
13.195
18.490
19.722
18.400
16.783
10.722
14.753
13.231
16.050
18.123
16.404
15.027
9.591
21.924
22.161
22.145
21.784
19.538
20.850
21.261
21.349
21.079
21.165
21.075
21.099
20.373
20.197
20.171
20.549
20.511
20.310
20.027
20.002
19.997
19.987
19.954
19.565
19.281
19.128
18.966
19.086
19.505
19.203
18.610
18.242
18.030
18.184
17.894
17.952
18.030
18.207
18.680
18.184
17.604
17.390
17.296
17.274
16.946
16.810
17.049
17.616
17.274
17.321
17.339
15.862
16.011
16.458
16.638
16.677
16.355
16.820
16.646
16.826
16.525
16.409
16.210
15.982
16.182
15.600
15.807
15.948
15.854
15.614
15.692
15.743
15.728
16.344
16.150
15.933
15.881
15.689
15.869
15.928
16.219
16.035
16.027
16.115
16.350
16.289
16.106
16.055
16.128
15.914
16.039
16.181
15.747
15.541
14.743
13.899
16.111
16.028
15.833
16.259
16.316
16.441
16.343
16.482
16.271
16.568
16.938
17.109
13.632
16.554
12.415
17.267
17.124
17.424
17.647
17.905
17.710
17.900
3.832
18.324
18.454
18.800
19.157
19.070
19.075
19.604
19.539
19.246
19.368
19.509
19.798
19.862
19.475
19.923
20.165
20.347
20.372
20.341
20.118
20.553
20.709
20.999
21.220
21.369
21.328
21.534
21.495
21.881
22.115
22.204
22.240
22.198
21.721
21.048
23.171
23.268
23.604
23.354
23.478
23.448
23.308
23.320
23.545
23.582
23.858
24.111
24.343
24.513
24.708
24.211
24.251
24.322
24.438
25.376
25.120
25.603
25.046
25.237
25.291
25.396
21.828
25.025
23.841
24.715
25.469
25.595
25.486
25.161
25.393
25.491
25.476
26.190
25.730
25.851
26.065
26.110
26.469
25.945
26.141
26.265
26.746
26.141
27.378
27.093
26.947
27.132
26.858
26.747
26.857
26.529
28.677
28.212
28.021
28.127
27.636
27.716
11.934
7.676
10.535
5.663
18.779
20.546
22.932
22.484
26.924
26.991
25.557
27.392
27.629
27.648
27.358
27.337
27.107
27.386
27.540
27.161
27.514
27.756
27.746
27.974
27.727
27.634
27.501
27.459
27.333
27.388
27.451
26.952
14.686
10.437
18.407
23.463
16.331
8.836
12.123
8.894
7.403
19.768
9.299
26.842
26.856
26.949
26.901
26.036
12.593
14.153
14.016
23.548
22.285
14.122
25.491
23.966
14.851
24.102
9.790
16.126
11.393
13.672
20.807
15.576
22.323
9.969
24.490
25.695
25.429
22.815
23.899
14.610
25.576
22.650
25.294
25.835
23.264
20.467
18.618
21.943
20.227
10.219
14.956
12.194
17.975
10.886
21.277
5.781
10.096
7.592
10.175
17.910
12.819
3.990
20.392
14.668
10.571
2.240
4.309
2.936
16.440
18.933
10.978
18.989
22.467
12.187
16.380
23.810
12.399
7.866
24.294
24.579
24.058
24.674
23.941
24.343
24.568
24.331
18.347
15.758
11.360
21.127
20.870
20.115
23.730
23.161
23.740
23.259
19.190
23.125
15.245
19.069
21.114
17.343
16.182
14.545
12.439
13.627
15.261
14.231
20.906
15.371
16.499
21.167
20.563
18.238
5.497
19.058
15.491
13.454
20.046
20.451
18.556
18.523
20.583
16.300
19.467
21.120
21.556
20.976
20.745
20.940
20.893
20.681
20.472
20.246
20.042
19.605
20.149
20.078
20.138
19.536
19.630
19.315
19.162
15.920
19.258
19.007
17.503
16.706
16.793
18.458
18.394
15.472
17.299
18.176
18.207
17.524
13.306
17.638
17.607
17.259
16.793
17.092
16.612
16.007
17.063
17.044
16.861
16.847
16.719
16.572
16.407
16.345
16.310
16.378
16.513
16.320
12.244
16.180
15.724
12.914
15.789
15.710
15.468
15.727
15.687
14.958
14.287
15.961
15.786
15.640
15.882
16.080
16.052
15.965
15.886
15.074
15.621
15.305
15.665
9.590
15.661
15.928
15.791
15.468
14.094
11.322
15.146
16.204
16.038
16.424
16.245
16.035
16.035
16.397
16.355
16.200
16.229
16.698
16.681
16.565
16.250
13.285
14.560
17.132
17.469
17.159
16.964
9.770
17.296
17.220
16.664
9.649
17.235
15.991
18.322
18.127
16.653
17.270
18.485
18.638
18.409
18.116
18.039
18.608
17.385
18.268
18.870
18.910
19.172
18.956
18.995
19.328
18.928
20.121
20.338
21.062
21.532
21.853
21.402
21.807
21.514
21.070
20.990
20.897
21.082
17.416
20.385
18.410
21.218
21.296
22.248
19.302
19.775
19.863
20.958
22.243
22.772
23.096
23.547
23.797
23.360
23.366
24.185
24.229
23.873
23.632
23.703
24.197
25.044
24.827
24.598
24.158
24.467
24.810
25.345
26.343
26.032
26.489
26.210
26.275
26.332
26.286
25.895
25.954
26.478
27.000
27.723
27.509
27.142
27.213
27.099
26.478
26.488
26.502
27.284
27.125
26.910
26.277
23.857
26.088
26.184
26.274
26.823
26.635
25.972
22.250
17.002
24.288
21.723
21.267
24.511
25.821
26.446
26.501
26.842
27.419
27.727
28.149
28.128
27.648
27.696
27.494
27.410
27.448
27.166
27.293
27.474
27.294
27.737
24.936
27.025
27.829
27.916
23.221
26.025
22.598
26.761
27.684
17.183
27.686
27.808
27.238
27.618
27.736
27.430
26.258
27.470
27.487
27.185
25.268
18.559
27.224
27.309
27.370
27.464
25.630
17.731
16.838
25.134
21.095
21.976
20.208
17.460
19.657
25.739
18.391
15.993
17.247
16.870
22.739
8.923
25.858
24.419
23.087
18.814
20.253
17.292
11.184
22.235
5.124
24.547
12.223
19.769
3.564
7.924
23.049
23.888
25.510
26.100
26.147
25.405
23.621
22.861
19.499
8.863
6.320
7.721
5.654
22.431
21.353
14.981
12.605
10.318
19.570
5.576
7.004
12.349
19.973
15.132
16.718
22.505
23.845
23.212
24.313
19.527
11.969
24.739
24.660
24.251
24.563
21.473
23.514
24.719
22.328
18.682
24.550
24.674
22.471
23.704
23.688
24.571
23.146
19.882
23.996
21.962
18.830
15.338
13.667
13.258
11.977
12.856
21.004
20.333
12.688
20.535
19.865
15.682
13.620
21.113
20.467
16.462
15.855
11.413
2.267
21.167
21.238
20.519
18.315
19.253
19.941
21.063
21.583
21.767
21.635
21.435
21.249
20.635
20.991
21.224
21.159
20.842
20.131
18.379
20.433
20.282
20.423
20.536
19.611
13.895
20.681
20.277
19.748
19.699
19.988
19.445
18.878
19.387
19.212
19.673
19.540
19.190
18.885
18.800
18.401
18.411
18.141
18.180
18.347
18.257
18.462
18.427
18.086
18.170
18.207
17.934
17.775
17.562
17.186
17.412
17.248
17.268
17.181
17.112
16.974
16.784
16.711
16.383
16.426
17.068
16.688
16.423
16.389
16.266
13.611
16.372
16.458
16.567
16.462
16.448
16.450
16.395
16.439
16.240
16.157
16.103
15.956
15.967
16.264
16.142
16.040
16.041
15.837
16.032
16.099
16.499
16.127
16.014
16.145
15.664
15.553
15.768
16.005
15.742
15.639
16.329
16.018
13.653
15.020
16.071
16.275
16.310
16.479
16.573
16.671
16.489
16.598
16.715
16.637
16.735
16.490
6.200
9.789
17.522
17.499
17.644
17.805
17.732
17.914
17.902
17.937
17.055
18.073
18.254
17.149
18.000
18.413
18.891
19.186
18.709
19.090
18.757
19.173
19.461
19.607
19.727
19.810
19.787
19.736
19.795
19.771
19.964
20.142
19.750
20.736
21.001
21.197
20.923
20.897
16.547
15.556
19.929
21.922
22.483
22.242
22.482
22.320
22.622
22.457
20.764
18.916
17.972
22.458
22.893
19.970
19.830
18.585
23.434
23.688
23.488
14.793
23.430
24.117
24.251
23.724
24.062
24.235
24.899
25.049
25.739
25.881
25.863
25.632
24.067
25.097
25.396
25.085
25.165
25.300
25.400
25.587
25.315
25.997
25.902
26.514
26.573
23.709
25.022
25.472
25.035
26.991
26.230
26.274
26.507
25.507
26.342
21.359
25.487
27.032
26.596
26.415
26.602
26.675
26.864
27.344
27.018
27.090
27.404
27.911
27.769
27.553
27.539
27.111
27.349
27.478
27.257
27.139
26.921
26.999
25.370
27.188
21.684
20.722
24.530
25.944
26.552
26.316
27.071
27.201
27.363
27.335
27.393
24.283
22.367
5.997
5.450
26.616
26.971
27.147
27.300
26.757
27.088
27.270
27.165
26.999
24.733
25.443
25.877
27.197
27.521
27.521
27.287
22.137
25.573
22.063
26.884
23.660
20.918
11.971
9.332
17.419
8.758
18.586
21.971
18.003
15.634
15.244
20.829
11.761
20.392
6.122
10.995
8.295
4.293
10.085
8.908
19.829
20.251
21.783
23.128
8.056
19.511
3.272
5.102
5.220
16.895
4.739
7.208
22.190
23.446
7.481
9.923
3.124
19.464
11.246
3.279
5.414
7.726
12.531
17.017
21.331
8.612
21.089
2.689
10.886
12.725
15.889
18.780
23.611
9.663
17.609
13.893
14.526
5.185
3.373
4.030
1.254
15.078
20.364
9.006
6.368
8.449
8.058
15.584
20.729
8.522
19.497
20.641
19.863
21.722
17.352
7.158
9.831
21.121
22.601
22.992
18.376
21.653
22.165
5.536
16.434
19.325
20.369
11.646
18.693
21.098
19.604
21.631
20.725
11.962
15.144
20.858
20.046
17.011
12.571
21.527
20.929
21.856
21.664
21.771
21.818
21.588
21.457
21.126
21.190
21.023
21.346
20.904
19.367
17.774
9.493
20.293
18.122
20.004
19.835
19.727
18.579
16.264
18.562
19.279
19.270
19.150
18.767
18.885
18.823
18.729
18.695
18.816
18.720
18.502
18.592
18.431
18.106
7.982
15.850
17.958
17.978
17.834
17.632
17.481
17.262
17.196
17.014
16.954
17.135
17.031
16.833
16.618
16.629
16.397
16.987
17.048
16.881
16.754
16.447
12.708
15.979
16.325
16.163
16.214
15.787
2.356
10.206
15.800
16.050
15.311
16.019
16.062
16.062
15.950
15.687
15.486
15.141
15.666
15.928
15.702
15.814
15.843
15.847
15.507
15.254
14.026
14.450
15.588
15.914
15.805
15.871
15.943
15.523
15.565
15.916
15.953
16.089
16.021
16.171
16.118
16.029
16.226
16.412
16.696
16.627
16.461
16.604
16.708
16.979
16.851
16.835
16.177
17.213
17.363
17.444
17.570
17.531
17.262
17.480
17.261
11.596
17.575
17.922
18.410
18.317
18.397
18.513
18.763
18.148
18.491
18.958
15.050
16.078
19.313
19.366
19.337
19.726
19.410
19.938
20.069
19.889
20.336
20.429
20.268
20.243
19.114
16.383
21.013
21.000
21.172
21.183
21.164
21.718
21.808
21.948
22.316
22.642
22.814
22.821
22.113
22.130
22.088
19.693
22.324
23.584
22.877
23.456
23.359
23.447
23.035
21.573
23.591
24.310
24.170
24.253
24.529
24.604
24.836
24.843
25.037
24.944
24.648
23.450
25.560
25.877
25.625
25.055
25.198
25.505
25.650
25.717
25.907
26.187
26.239
26.208
26.055
17.679
23.252
23.477
25.531
18.974
25.136
26.773
26.578
26.752
26.381
26.802
27.131
27.146
26.106
27.046
27.003
26.850
24.252
26.754
27.181
18.814
23.220
20.299
25.676
27.043
27.239
27.226
27.293
27.328
27.334
27.133
26.974
27.143
27.202
26.817
26.978
22.319
27.484
27.718
27.766
27.807
27.565
27.524
26.311
11.889
23.092
12.823
23.510
27.005
15.323
5.389
15.671
22.566
26.625
26.958
27.192
27.131
26.852
26.675
26.571
24.026
21.389
21.636
24.556
20.688
20.620
14.622
18.671
21.686
21.639
7.945
7.096
11.658
14.944
22.182
7.757
15.682
12.476
12.484
3.514
9.338
15.469
8.953
23.944
15.054
12.546
4.322
17.939
14.803
25.162
24.244
25.448
18.560
6.902
24.416
25.579
24.738
25.189
22.227
25.066
17.664
12.881
16.669
22.054
8.092
23.249
24.049
21.606
23.869
10.638
7.710
16.746
19.304
22.751
17.164
22.418
5.883
8.638
9.575
2.048
3.668
2.578
4.562
18.001
2.668
18.441
24.625
17.539
3.425
17.253
17.465
24.266
22.090
19.318
16.327
21.998
15.704
20.322
22.030
20.514
19.308
22.058
22.195
15.743
7.943
20.728
23.547
3.330
22.954
20.507
22.956
23.102
23.117
21.334
21.303
16.479
19.103
13.737
16.855
20.158
13.856
20.538
5.555
16.697
15.374
20.536
20.535
11.165
17.657
21.622
21.907
22.075
22.032
21.973
21.698
21.103
20.920
21.213
21.010
8.164
20.669
20.702
20.974
20.775
20.975
20.962
21.098
20.665
20.536
20.446
20.096
19.765
19.637
19.363
19.421
19.367
19.117
19.096
19.206
19.077
18.664
19.210
18.807
18.140
18.542
18.564
17.964
17.742
17.868
17.733
17.841
17.777
17.511
17.605
17.404
17.460
17.730
17.521
17.434
17.380
17.601
17.364
17.173
17.150
17.049
17.075
16.887
16.596
16.177
16.264
15.687
15.930
16.350
15.967
16.075
13.779
15.679
16.456
16.113
15.922
15.474
15.825
16.108
16.026
16.077
15.997
16.011
15.779
15.734
15.737
15.714
15.772
13.657
13.970
15.303
15.721
15.860
15.981
16.500
16.356
16.161
16.064
16.134
16.134
16.233
15.710
15.448
15.656
15.254
15.493
15.938
16.426
15.446
16.552
16.408
15.342
15.997
12.883
16.769
17.541
17.491
15.913
16.424
17.565
17.787
17.922
17.941
18.046
17.459
17.554
18.347
18.878
18.788
17.978
18.651
19.138
18.964
18.900
19.259
19.694
19.965
19.905
20.275
20.611
20.827
20.450
20.244
20.460
20.916
20.630
20.858
21.061
21.008
20.974
20.619
21.542
21.815
22.320
22.430
22.499
22.491
22.505
22.380
22.182
22.211
22.684
22.766
22.777
23.248
23.184
22.316
12.608
21.621
15.462
22.833
23.259
23.580
23.917
24.191
24.065
24.368
24.734
24.817
24.756
13.354
12.847
24.133
24.549
24.476
24.919
21.609
25.040
24.497
24.947
22.379
17.285
24.008
25.081
16.387
24.115
24.947
24.639
25.412
24.963
25.773
26.001
26.349
25.927
26.495
27.107
26.985
26.827
26.531
26.941
27.095
27.197
27.147
27.228
27.370
27.474
27.080
27.279
27.173
26.472
26.908
27.070
27.249
25.748
26.704
25.368
25.542
26.921
27.089
27.108
26.861
26.906
27.225
27.015
27.051
26.926
27.195
27.291
27.354
27.042
27.067
27.486
28.008
27.422
27.358
27.284
27.500
27.331
27.317
26.863
26.833
24.283
24.350
18.796
21.673
24.394
16.951
14.431
16.317
20.305
3.740
14.439
21.472
25.192
24.187
20.436
25.756
17.410
7.363
20.806
25.761
26.773
25.312
20.804
14.100
18.134
21.951
14.718
7.897
22.532
23.910
24.916
21.372
22.865
23.853
8.607
12.858
3.186
22.367
17.724
12.753
10.935
12.003
25.832
25.227
26.316
19.419
19.728
15.771
19.249
17.643
18.527
16.980
16.176
15.902
4.492
13.613
21.181
24.897
18.263
9.635
1.331
21.022
21.202
20.410
16.466
5.655
5.325
14.435
17.995
20.386
2.388
3.493
3.908
13.200
16.666
21.551
13.953
21.947
19.677
19.751
24.843
22.574
18.098
20.244
16.913
8.769
23.964
23.846
24.192
23.976
17.007
22.703
16.922
18.324
20.918
22.210
16.806
24.040
23.970
18.362
16.478
17.935
22.276
21.902
17.021
13.092
5.722
10.274
21.603
20.174
21.772
22.000
21.471
21.517
22.020
22.186
22.095
21.783
21.873
21.487
14.116
18.015
19.394
20.758
17.577
20.860
16.639
20.052
10.552
9.484
19.150
20.785
20.840
20.796
20.470
15.493
17.362
18.779
20.046
19.974
20.056
20.110
19.744
19.747
19.650
19.378
19.362
19.027
18.641
18.738
18.768
18.828
18.671
18.729
18.540
18.611
18.457
18.365
18.231
18.091
18.066
18.107
18.027
17.856
17.709
17.665
15.839
17.300
11.783
11.771
17.349
17.394
17.411
17.336
17.136
16.945
16.925
16.869
16.934
16.521
12.273
5.915
10.532
15.295
15.458
15.215
14.174
13.477
15.716
15.661
15.377
15.810
15.994
15.822
15.695
15.366
15.261
14.941
11.560
8.134
10.241
14.058
15.680
15.995
16.159
16.302
16.292
16.330
16.103
15.992
16.153
16.167
16.082
16.124
16.194
15.675
5.898
16.053
16.176
15.982
11.034
16.035
16.192
6.207
14.528
13.832
12.640
16.191
7.174
16.439
16.162
14.500
13.277
16.362
16.567
15.921
17.220
17.811
17.955
18.260
18.262
18.495
18.388
18.354
18.574
18.675
18.244
18.641
18.880
19.088
19.181
19.159
19.079
19.670
19.449
18.940
19.345
20.046
20.269
20.447
20.230
20.340
20.322
19.796
20.299
20.948
20.820
21.080
20.919
21.146
21.296
21.314
22.088
22.211
21.761
22.307
22.597
23.056
22.523
23.019
23.412
23.278
23.114
23.629
23.216
23.846
23.738
23.669
23.729
23.482
21.586
23.787
21.084
23.304
22.249
24.527
24.367
19.725
23.763
20.816
23.146
24.498
24.406
24.463
24.388
24.452
18.409
23.251
25.420
25.450
26.137
26.171
26.452
26.765
26.713
26.193
14.190
26.570
26.769
27.167
27.214
26.916
27.052
27.634
27.414
27.349
27.369
27.815
27.779
27.485
27.621
27.381
27.084
27.058
27.360
27.017
27.018
27.084
27.208
27.253
27.504
27.171
26.712
26.743
26.940
27.073
26.986
27.047
27.184
26.635
25.509
26.571
26.044
24.013
27.232
26.584
27.395
27.695
27.462
27.251
27.318
26.586
26.805
26.839
26.854
26.917
26.984
27.304
27.392
27.915
27.412
27.108
27.367
27.195
25.382
24.952
27.054
25.627
27.093
24.185
21.675
27.253
27.649
26.686
19.117
21.901
7.114
22.872
19.342
22.659
16.130
21.402
23.884
19.695
13.429
13.158
17.289
19.329
22.906
23.131
24.225
7.060
4.672
24.366
19.845
20.631
8.506
22.352
23.659
20.855
8.841
9.351
17.465
7.476
22.963
17.235
7.077
3.039
6.554
10.028
3.474
3.332
8.847
15.099
6.816
5.479
25.779
25.485
20.195
22.605
23.076
13.700
22.183
23.596
23.288
20.152
19.790
16.422
20.384
9.107
24.737
24.314
24.533
23.768
24.684
20.560
23.780
21.559
19.645
3.397
13.846
7.659
13.836
4.635
22.545
20.494
21.340
23.660
22.505
23.190
22.290
22.243
23.388
23.965
18.942
22.857
23.178
23.334
23.679
23.513
23.327
23.227
23.006
22.949
23.031
22.853
22.758
22.539
22.639
22.357
22.192
21.959
20.080
21.817
19.552
22.383
21.469
20.608
18.383
14.224
17.682
21.296
21.364
21.137
20.937
19.952
18.493
15.896
20.763
19.004
20.440
19.820
20.258
20.301
20.220
20.227
20.061
20.358
20.420
20.099
19.700
19.595
19.392
18.513
18.966
19.123
19.089
18.870
18.649
18.623
18.492
18.250
18.115
17.808
17.757
16.759
5.275
12.353
16.827
16.603
16.921
17.123
17.688
17.406
17.038
17.201
17.251
17.122
16.926
16.610
17.017
16.631
16.732
16.484
16.256
16.017
16.246
16.418
16.210
16.086
16.073
16.278
16.268
16.095
15.994
14.918
15.904
15.637
15.515
15.327
15.371
15.321
15.087
15.674
15.600
14.410
11.539
15.159
15.368
15.779
16.069
15.957
15.954
15.994
14.187
15.818
16.033
16.019
14.892
12.390
15.861
16.675
16.579
16.622
16.171
16.503
16.274
15.917
15.962
16.648
16.811
16.803
17.016
17.124
17.157
17.176
17.273
17.247
17.503
17.505
17.649
17.711
17.827
17.754
17.573
17.693
17.910
18.479
18.286
18.383
18.300
17.578
18.135
18.454
18.494
17.235
19.497
19.780
18.967
19.655
19.732
20.053
20.581
20.384
21.052
21.018
21.167
20.997
19.018
18.390
20.861
21.178
21.284
21.472
21.692
21.909
21.806
21.252
18.918
21.152
20.479
19.345
21.882
22.453
22.832
23.295
23.053
23.600
23.383
23.302
23.349
23.205
23.294
23.412
23.804
24.189
24.303
24.690
24.558
24.694
24.317
24.672
24.934
25.056
25.154
24.775
25.106
24.679
24.806
25.360
25.487
25.698
25.700
26.207
22.318
19.504
26.238
25.778
26.064
25.873
26.407
26.135
26.264
26.561
26.215
26.179
25.979
25.962
26.437
26.900
26.970
26.578
26.725
26.378
26.823
25.949
26.843
26.697
27.017
26.708
26.276
26.852
26.821
26.757
26.832
27.150
27.695
27.189
27.185
27.494
27.265
27.249
27.405
27.458
27.988
27.209
27.498
27.942
27.564
27.569
27.583
27.329
27.032
27.116
27.033
27.166
27.321
27.688
27.513
19.016
13.147
26.425
26.211
24.758
11.695
26.812
27.198
27.132
24.831
27.326
23.681
26.338
11.893
17.351
16.096
20.318
25.791
21.535
26.020
26.223
25.902
22.747
25.116
22.072
19.157
24.200
24.491
26.764
25.558
19.560
17.892
16.379
8.977
18.664
21.914
20.106
24.819
23.701
18.700
7.632
14.657
25.191
23.827
19.875
19.591
20.724
12.636
21.512
21.553
21.067
8.374
9.600
4.230
18.132
6.496
18.308
24.184
24.650
20.446
2.011
5.772
18.961
15.155
11.640
4.543
21.394
22.285
15.933
22.247
23.919
24.208
17.994
13.467
22.998
23.392
24.352
22.381
13.908
16.431
23.603
19.194
22.306
15.836
24.451
21.880
23.195
23.811
22.355
20.670
19.522
15.649
21.160
23.331
21.874
12.496
20.814
15.121
19.769
20.288
10.093
15.063
8.810
9.077
21.274
21.912
22.730
21.192
21.295
22.067
22.739
22.728
22.742
21.501
22.845
22.927
22.049
22.282
22.105
18.959
21.784
21.904
21.551
21.620
21.167
20.137
21.730
21.544
21.524
21.527
20.982
20.309
19.806
19.523
19.108
20.151
20.537
20.435
19.383
15.631
15.156
19.677
19.458
19.815
19.621
19.239
18.835
19.189
18.962
18.578
16.760
18.119
18.770
18.693
18.928
18.800
18.443
18.167
18.391
15.910
15.634
14.242
6.861
13.203
16.124
16.501
13.571
15.966
16.014
15.774
16.558
17.143
15.929
1.608
2.979
3.558
11.533
16.156
16.157
16.306
16.057
16.077
16.170
16.119
16.426
16.308
15.806
15.949
16.140
16.625
16.242
16.133
16.348
16.270
15.985
16.005
16.141
16.117
16.079
16.127
16.290
16.208
16.246
16.255
15.721
15.901
16.089
16.108
11.801
4.330
13.862
15.536
16.369
16.540
16.447
16.654
16.328
16.338
16.503
16.443
16.492
16.788
16.890
16.509
16.428
16.012
16.139
16.851
17.239
16.975
16.417
16.905
17.120
16.948
16.971
16.399
16.531
17.660
18.214
18.098
17.520
17.739
17.813
18.051
18.041
18.133
18.426
18.708
18.520
18.702
18.244
18.603
19.296
19.049
19.224
19.373
19.259
19.085
17.174
19.881
19.895
20.081
20.316
20.206
21.026
20.111
20.916
21.147
21.149
20.958
21.801
21.417
21.046
20.010
19.877
21.449
22.057
21.978
22.119
22.129
23.141
23.548
23.794
23.586
23.471
23.453
23.202
23.714
23.688
23.943
24.236
23.589
24.169
24.344
24.188
23.938
24.588
24.920
25.109
25.133
24.749
25.174
25.066
24.798
24.219
26.118
25.865
25.728
25.041
25.368
25.826
25.415
25.178
23.015
22.768
24.290
25.146
25.424
25.096
25.450
26.356
26.956
26.820
26.494
27.242
27.486
27.636
27.106
27.130
26.845
26.764
26.212
26.588
19.422
26.721
26.635
26.487
26.461
27.423
26.906
27.159
27.357
26.989
27.221
26.632
27.165
27.381
26.324
26.431
23.229
26.784
27.303
26.856
26.946
26.821
26.758
27.025
27.106
26.980
27.056
27.222
27.400
27.497
27.269
27.211
27.175
24.155
23.688
25.436
26.376
24.088
26.264
24.456
24.688
26.177
25.848
26.286
22.430
25.010
24.391
24.255
17.232
23.129
24.973
24.064
22.636
11.068
14.847
26.513
23.981
17.478
9.922
22.304
9.059
9.239
23.841
20.654
24.330
20.954
2.261
23.860
14.300
3.218
1.578
21.231
26.183
20.451
2.709
1.742
18.758
22.319
12.301
22.019
23.887
13.551
15.912
3.468
4.207
8.708
20.678
23.993
20.549
10.822
18.197
9.013
13.338
22.980
4.117
21.358
18.627
24.629
16.132
1.383
0.901
2.875
3.055
1.491
1.937
6.272
19.186
4.536
14.618
12.482
22.135
22.381
23.098
22.776
22.391
18.455
16.643
16.310
23.715
22.678
18.815
21.754
22.347
2.957
20.574
22.313
11.987
2.868
3.515
1.052
15.209
4.553
20.325
7.551
17.224
13.152
22.635
22.538
22.015
21.242
7.980
22.226
21.531
22.558
22.349
20.517
21.942
21.910
21.805
21.821
21.774
21.590
21.633
21.807
21.830
21.792
21.636
21.411
21.159
21.187
17.242
20.809
20.858
19.072
19.759
20.112
19.068
19.891
19.124
19.658
19.923
20.396
19.944
19.741
20.083
19.850
19.601
19.492
19.451
19.176
19.233
19.086
19.060
19.036
19.028
18.491
16.674
14.156
17.835
18.061
17.942
16.537
17.746
17.724
17.527
17.387
17.362
17.522
17.235
17.240
17.268
17.304
17.403
17.323
16.942
16.940
16.899
16.462
16.439
16.367
15.247
15.644
15.353
14.958
16.008
15.769
15.670
15.814
15.901
16.218
16.144
16.107
15.763
16.383
16.874
16.592
16.267
16.198
16.138
16.150
15.959
15.836
15.942
16.101
15.968
15.665
15.760
16.040
16.202
16.076
16.017
16.000
16.143
16.132
15.728
16.043
15.979
15.816
15.932
15.285
9.296
16.489
16.510
16.334
16.545
16.369
16.612
16.702
16.532
16.482
8.377
17.001
17.367
17.204
17.353
17.340
16.589
17.461
17.140
17.371
17.528
17.646
17.917
18.204
18.149
18.381
18.527
18.541
18.314
18.123
18.448
18.628
19.195
20.262
19.807
19.406
19.355
19.340
19.297
19.585
20.027
20.139
20.043
19.933
20.210
20.692
20.419
20.587
21.063
21.642
21.845
21.525
21.525
22.218
22.482
22.087
21.533
21.761
21.897
22.243
22.621
23.052
23.752
23.963
24.111
23.800
23.534
23.758
23.547
23.588
23.725
24.208
23.839
24.214
24.584
25.521
25.466
25.448
25.549
25.382
24.785
24.523
24.303
24.951
24.801
24.834
25.013
25.139
24.812
24.903
25.110
25.246
25.234
25.079
25.670
25.376
24.982
25.200
25.369
20.670
25.737
24.624
25.183
24.067
23.597
3.560
25.987
26.746
26.608
24.770
26.381
25.944
26.873
27.033
27.072
27.211
27.824
27.506
26.732
26.940
25.642
25.570
25.568
23.066
21.778
26.264
26.983
26.869
26.830
25.685
27.214
27.317
27.091
27.215
27.184
27.476
27.379
27.066
27.666
27.318
27.572
27.711
27.441
27.568
27.650
27.614
27.520
27.168
27.126
27.132
26.969
27.313
27.038
27.266
24.705
26.370
24.599
20.271
18.476
18.519
15.868
13.907
20.212
25.509
27.022
25.575
26.580
26.866
24.126
24.167
23.645
24.358
26.770
20.555
24.823
25.043
24.289
21.404
17.993
25.892
16.130
8.584
23.844
24.680
25.162
20.497
4.084
20.574
7.553
4.839
3.625
15.767
13.702
3.357
17.289
4.386
8.517
23.515
21.262
10.664
12.279
15.450
12.760
16.995
17.813
20.308
13.111
10.696
3.326
5.539
13.857
10.363
16.238
24.944
17.585
14.947
21.032
22.729
16.551
14.670
10.010
5.856
5.568
4.546
5.295
20.792
24.067
16.507
7.123
14.627
11.840
5.717
2.735
10.707
21.147
19.440
23.481
22.963
22.917
21.717
23.236
21.796
21.940
22.460
22.237
2.837
1.951
6.227
10.651
21.713
3.771
20.469
14.199
21.658
21.974
21.412
18.915
21.674
22.169
21.399
20.568
21.240
20.731
20.389
22.227
17.116
21.382
21.341
21.526
21.617
21.479
21.346
15.434
21.341
20.791
18.118
17.448
21.143
21.522
21.048
21.052
20.679
20.539
20.414
20.355
20.065
19.257
19.895
19.917
18.833
18.987
18.742
19.669
19.562
19.547
19.517
19.441
19.402
19.167
19.082
19.076
18.863
19.322
18.942
18.697
18.580
18.189
18.072
17.934
17.767
17.607
17.578
17.491
17.309
17.239
17.349
17.388
17.302
17.034
16.963
16.850
16.849
16.727
16.496
16.494
16.526
16.500
16.419
16.292
16.279
16.434
15.935
15.767
15.756
15.737
15.762
15.629
15.857
16.193
15.748
16.057
15.904
15.536
15.353
14.063
15.258
15.449
14.728
15.593
16.071
16.230
15.979
15.979
16.068
16.131
16.087
16.077
15.889
15.591
15.701
16.141
16.249
16.361
16.281
16.299
16.523
16.458
16.524
16.595
16.407
16.438
16.233
16.293
16.122
16.428
16.216
15.647
16.290
17.258
17.362
17.692
17.592
17.670
17.808
18.196
18.032
18.130
18.547
18.044
18.186
16.010
15.478
17.476
16.578
17.770
17.437
18.643
19.407
19.344
19.829
19.764
19.277
18.977
19.159
17.479
17.556
19.588
19.929
20.243
20.104
20.134
20.261
20.343
20.527
20.669
21.408
21.442
21.568
21.898
22.451
22.566
22.726
22.880
22.917
22.786
22.655
22.764
22.873
22.921
22.747
23.136
23.611
23.364
23.420
23.082
21.658
23.687
24.191
24.077
23.957
24.315
18.649
24.174
24.493
24.937
23.479
15.140
24.576
24.542
24.914
24.448
25.346
25.020
25.301
25.175
25.803
25.875
25.793
23.258
21.535
25.981
25.768
26.398
26.106
26.021
26.251
26.239
25.931
25.679
25.931
24.933
26.057
22.958
20.753
17.304
25.914
26.524
26.593
26.450
26.401
26.682
27.276
27.692
27.012
26.821
27.322
26.916
26.979
27.673
27.666
26.877
27.083
27.001
25.473
27.177
27.448
27.366
27.383
27.481
27.550
27.333
27.815
27.946
27.303
27.320
27.135
27.089
23.954
26.864
27.351
27.319
23.937
24.954
22.949
21.566
8.772
22.964
24.769
22.521
25.057
24.887
23.730
25.101
17.419
23.787
20.431
19.049
19.744
11.754
4.284
26.476
25.724
26.095
25.952
25.266
25.903
24.321
19.882
21.974
20.979
18.098
25.025
18.919
23.351
18.246
11.898
12.791
24.082
11.103
22.653
14.839
15.364
10.920
14.212
18.685
6.914
2.290
21.395
12.544
7.137
14.926
14.333
19.342
8.391
17.570
25.562
22.957
10.572
20.614
1.632
3.619
14.559
16.880
3.039
25.083
2.728
15.661
20.569
14.532
5.688
3.479
6.835
5.062
13.691
13.930
0.764
7.463
12.241
16.148
18.162
23.141
24.698
23.149
2.940
22.075
22.110
2.179
6.108
20.730
24.059
22.066
20.953
19.830
23.910
23.034
22.579
23.669
23.831
23.917
23.630
21.909
23.421
23.578
22.603
22.002
19.533
15.461
18.900
19.878
21.901
17.374
18.716
22.634
23.096
3.318
9.447
14.537
18.086
10.610
1.292
11.974
5.031
13.814
20.310
20.811
20.696
15.155
21.115
20.883
20.596
19.659
20.042
19.813
20.081
20.163
20.151
19.931
20.029
20.055
20.153
20.262
19.896
19.850
19.919
19.752
19.793
19.673
19.664
19.663
19.192
19.225
19.160
18.953
18.718
18.599
18.601
18.268
18.227
18.203
18.192
17.808
15.783
17.682
17.800
17.744
17.967
17.710
17.419
17.370
17.332
17.560
17.798
17.677
17.484
17.291
17.068
16.939
16.908
16.678
16.794
16.579
15.766
16.126
16.263
16.384
16.512
16.351
16.680
16.269
16.152
16.062
16.029
16.065
16.320
16.196
16.010
16.061
16.146
16.279
16.186
16.002
15.976
15.473
15.978
16.134
16.065
15.730
15.585
15.460
15.374
15.247
15.827
16.375
16.062
15.525
16.456
15.084
13.537
10.407
15.919
16.376
16.511
16.017
15.822
16.371
16.367
16.307
16.759
16.279
16.260
17.065
16.748
16.773
17.045
17.229
11.864
14.771
15.714
17.350
17.076
17.309
17.431
17.658
17.604
17.968
18.242
18.133
17.838
17.659
17.760
18.148
18.098
18.275
18.600
19.277
19.981
19.228
19.904
19.702
19.270
12.666
14.574
20.335
20.549
20.678
20.692
20.197
5.051
21.103
20.943
17.131
20.418
19.625
21.763
21.710
22.276
21.887
20.830
21.879
21.967
22.114
22.320
22.297
21.426
21.471
22.490
22.749
22.279
23.231
23.175
23.437
23.162
24.308
24.723
24.922
24.203
23.591
23.596
24.108
24.355
23.823
23.870
24.805
24.412
24.395
24.655
25.179
24.778
24.999
25.395
25.724
25.314
25.164
26.380
26.839
26.670
26.223
26.103
25.769
25.590
25.761
25.839
25.690
25.622
22.859
18.905
26.107
26.421
26.682
26.487
26.426
25.988
26.550
26.724
26.868
27.335
27.356
27.151
26.620
26.649
21.297
25.909
27.221
27.247
27.906
26.870
26.149
26.772
26.662
26.790
25.373
11.348
25.041
27.106
27.193
27.766
27.606
27.572
27.326
27.291
27.099
25.188
27.554
27.337
27.363
27.349
27.093
26.884
27.371
24.622
25.323
24.923
27.350
27.500
27.552
27.715
27.211
24.326
24.132
25.480
21.529
21.124
25.854
23.799
24.491
21.924
26.868
27.139
23.779
19.453
26.980
26.823
26.637
27.128
26.913
26.969
26.872
21.189
23.943
9.637
21.674
25.297
25.970
26.805
26.915
20.627
13.788
16.934
18.634
15.498
22.444
20.513
17.664
21.005
9.751
13.876
24.160
23.589
23.154
2.933
0.776
0.759
8.040
17.196
4.674
4.315
9.081
12.981
