20000101
16.154
16.092
16.272
16.322
16.234
16.400
16.258
16.453
16.019
16.041
16.574
16.496
16.602
16.982
17.432
17.416
17.218
16.873
17.171
17.272
16.979
17.111
17.082
17.491
17.435
17.720
17.997
18.510
18.560
18.736
18.850
18.183
18.366
18.315
18.085
19.062
18.942
19.232
19.295
19.241
19.058
19.836
20.233
20.150
20.337
20.437
20.463
20.856
20.832
20.495
16.656
20.993
20.826
16.207
6.268
21.714
22.170
21.729
21.845
21.667
21.591
21.827
22.122
22.346
22.892
23.259
23.275
23.524
23.901
23.628
22.843
23.161
23.395
24.278
23.959
23.726
23.351
24.874
25.035
24.923
24.134
23.266
25.016
25.323
25.280
25.273
25.580
26.130
25.899
25.351
25.091
25.402
25.796
26.051
25.864
26.134
26.530
25.902
25.856
26.579
26.482
26.045
26.182
26.273
26.222
26.065
25.617
26.782
26.911
27.292
27.071
26.567
26.446
23.233
26.374
26.507
26.825
26.699
26.875
26.792
27.078
27.255
24.833
27.237
27.248
27.386
17.144
22.585
20.291
20.697
22.028
22.283
17.588
19.156
14.471
24.498
25.139
22.549
15.610
14.330
21.660
24.412
27.236
27.187
27.407
27.483
27.602
27.596
27.516
25.449
16.784
16.087
26.992
27.435
14.588
22.443
8.331
23.373
23.851
22.263
21.898
27.433
27.229
25.154
23.459
26.685
26.858
27.484
27.581
27.647
26.870
24.573
25.302
23.556
23.390
25.475
27.039
27.298
27.178
19.979
20.511
13.351
11.532
20.314
22.218
7.443
20.394
19.975
23.956
6.741
23.201
20.201
13.345
10.008
5.333
4.859
1.953
5.688
19.048
22.160
15.140
15.168
3.067
18.684
21.012
26.482
26.455
25.949
26.601
25.985
3.129
17.542
21.988
23.410
25.857
12.755
26.236
26.300
26.062
24.463
16.221
22.820
14.639
9.220
23.084
2.606
4.074
11.907
11.711
6.270
23.380
4.504
13.438
6.833
17.749
21.469
24.412
18.434
24.008
22.613
23.774
20.369
10.936
4.399
14.284
22.773
19.730
7.609
2.740
22.182
23.673
22.491
23.808
23.720
23.744
23.731
23.234
20.162
23.035
22.472
23.268
23.187
22.409
19.712
16.103
16.854
12.850
7.650
9.872
15.454
17.641
22.338
22.380
22.098
22.395
22.412
22.290
22.238
21.863
21.721
21.226
12.670
8.212
13.376
18.273
17.205
17.140
19.502
21.075
21.665
21.324
20.981
20.829
20.842
20.696
20.525
20.119
19.603
19.460
19.333
19.475
19.707
19.727
19.757
19.670
19.548
19.347
19.212
18.817
18.578
18.405
17.858
17.949
17.955
18.024
17.917
17.132
17.790
17.664
17.724
17.301
17.258
17.488
17.557
17.672
17.410
17.326
17.113
16.592
16.719
16.703
16.406
16.793
16.816
16.881
17.340
17.422
17.182
16.943
16.647
16.476
16.376
16.381
16.337
16.265
16.186
16.109
16.066
16.248
16.180
16.139
16.093
15.947
15.803
15.961
16.256
16.244
16.440
16.353
16.350
16.428
16.405
16.410
16.345
1.564
15.763
16.137
16.218
16.324
16.359
16.566
16.337
16.509
16.614
16.772
16.784
16.614
16.703
17.106
17.238
16.969
16.933
16.702
17.169
17.085
17.137
17.456
17.367
18.366
18.576
18.587
18.676
18.487
18.074
18.171
17.359
18.558
18.631
19.253
19.482
19.503
19.684
19.689
19.829
19.848
19.843
19.778
19.813
20.247
19.699
20.264
20.201
20.437
20.361
20.613
20.436
20.590
21.685
21.230
20.950
21.039
20.237
21.507
21.450
21.923
21.899
22.563
22.545
21.345
23.218
23.230
23.144
23.357
23.678
23.660
23.327
13.009
13.199
23.119
22.845
23.449
23.990
24.257
23.493
23.578
22.812
22.825
7.691
22.190
24.007
24.578
24.289
24.456
25.301
25.865
25.399
25.562
25.835
25.808
25.831
26.271
26.492
25.981
26.137
26.514
26.543
24.333
23.975
9.683
20.272
22.044
18.860
14.044
11.802
14.138
26.561
26.943
27.240
27.468
26.554
27.621
27.506
27.635
27.292
27.370
26.864
27.332
27.368
27.522
26.138
27.253
27.061
27.070
27.504
27.359
27.418
27.659
27.638
27.546
27.534
27.409
26.984
27.098
23.706
23.778
25.283
26.828
21.398
27.401
27.595
24.137
24.251
22.990
22.702
22.519
21.263
25.435
15.372
16.627
16.524
24.369
22.612
10.613
14.489
16.584
17.509
16.716
19.753
9.306
22.692
17.539
22.373
15.152
15.396
20.135
21.939
26.720
27.344
27.500
27.051
25.372
20.659
20.707
22.646
25.345
16.459
13.419
2.732
15.382
18.871
1.373
13.260
22.226
26.165
7.648
22.169
17.779
2.000
9.716
8.152
14.053
4.536
3.920
2.846
6.044
13.624
11.345
1.981
12.438
13.988
15.663
12.421
12.195
23.705
15.931
9.928
8.877
19.723
22.192
26.073
19.207
10.328
24.588
24.655
22.393
22.612
23.769
19.109
22.309
21.489
21.915
23.030
23.094
6.505
1.222
5.659
25.082
21.405
21.341
5.188
13.550
23.260
22.175
24.236
24.951
24.810
22.843
18.986
24.555
23.053
23.971
23.426
22.828
23.925
23.454
14.653
23.406
18.616
23.753
23.606
23.597
19.489
15.178
14.940
11.747
7.841
19.385
14.695
3.540
15.887
9.519
9.311
9.136
18.254
19.498
22.605
22.610
21.568
22.426
21.931
6.562
11.510
12.022
15.787
11.460
18.552
19.344
20.416
19.558
18.330
1.185
19.641
15.194
20.411
18.376
20.928
21.000
20.706
20.604
20.494
20.252
20.278
20.190
20.048
19.740
19.541
19.542
19.362
19.057
18.882
18.944
18.892
18.902
18.743
18.656
18.437
18.375
18.310
18.688
18.688
18.564
18.262
18.311
18.344
18.224
17.795
17.532
17.121
17.282
17.052
16.821
17.183
17.142
17.246
17.239
17.142
17.003
17.068
16.870
16.831
16.865
16.741
16.515
16.625
16.577
16.314
16.162
16.137
16.040
15.681
15.618
16.001
16.077
16.121
15.849
15.763
15.702
15.738
15.865
15.976
16.471
16.630
16.588
16.450
16.059
15.982
16.056
16.254
16.232
16.089
16.312
16.368
16.323
16.398
16.514
16.535
16.339
16.114
16.549
16.771
16.701
16.513
16.588
16.626
16.132
15.418
16.710
17.115
16.541
17.278
17.360
17.434
17.450
17.654
17.650
17.392
17.073
18.192
18.777
18.704
18.900
18.997
18.712
18.741
19.149
18.421
18.659
18.975
19.816
20.109
20.267
4.918
18.819
20.419
20.277
20.169
20.185
19.964
19.539
12.799
20.434
20.574
20.497
20.833
20.717
21.324
21.633
21.601
21.438
21.298
21.388
21.552
22.628
22.225
22.205
22.582
22.176
22.102
21.161
20.928
20.571
11.548
20.162
10.624
21.614
23.404
24.327
24.243
24.192
22.320
18.481
24.360
24.550
24.516
24.352
24.506
25.363
25.809
25.980
25.953
25.493
25.026
26.421
26.535
25.983
25.220
19.102
8.133
8.093
25.751
26.097
26.236
26.363
26.163
25.902
25.847
26.563
26.237
24.324
24.674
23.977
26.902
27.153
26.240
27.276
27.465
28.677
28.044
27.569
27.985
27.805
27.906
28.136
28.275
27.757
26.693
28.446
27.858
27.563
24.864
26.627
26.922
27.277
27.032
27.265
27.271
27.432
20.252
27.261
28.060
27.725
27.752
27.557
27.291
27.300
27.609
27.771
27.860
27.349
24.474
16.729
22.920
23.867
17.681
21.196
25.572
26.317
27.639
27.364
27.039
27.745
26.230
11.552
18.608
20.971
18.273
17.621
20.720
26.533
21.387
21.111
23.336
22.389
19.699
23.533
20.813
9.528
9.329
15.877
19.933
1.799
8.748
26.463
26.916
27.265
23.355
27.248
25.563
24.586
25.253
26.626
17.134
18.868
24.988
23.040
23.955
8.369
6.718
21.940
11.875
21.990
10.344
8.663
4.466
4.322
6.068
3.874
9.330
19.525
26.488
26.217
26.661
25.848
13.334
18.205
18.229
7.849
3.547
9.138
18.513
5.174
17.363
20.459
17.223
3.360
2.748
3.931
5.347
5.710
14.039
21.673
13.649
25.041
18.291
22.039
17.772
22.908
8.242
5.832
9.483
22.355
23.037
4.244
21.717
23.151
22.185
20.556
16.455
16.875
18.209
22.433
24.005
18.843
19.990
7.236
24.142
23.800
23.907
23.618
23.643
23.482
22.960
12.535
13.094
11.026
13.821
17.405
13.844
12.094
14.402
17.063
13.874
9.114
19.346
17.662
22.271
22.043
22.208
22.304
22.071
21.934
21.736
21.649
21.219
20.211
17.481
20.192
20.843
20.667
20.206
20.201
20.473
20.432
20.007
20.185
19.871
20.209
20.070
19.972
19.888
19.959
19.831
19.322
19.052
18.918
19.293
19.235
18.865
18.818
18.713
11.503
14.936
18.085
17.205
14.263
16.512
17.699
16.948
17.388
17.889
17.974
17.771
17.539
17.358
17.409
17.120
17.131
16.925
7.640
16.855
17.028
17.015
15.684
16.276
16.850
16.810
16.781
16.474
16.762
16.493
16.109
15.871
15.882
16.147
16.131
16.277
16.051
15.920
15.806
15.629
15.726
15.830
15.852
15.393
15.620
15.811
16.074
16.020
15.561
16.040
15.646
15.742
16.022
16.183
13.707
16.062
16.153
16.310
15.415
16.048
16.038
15.849
16.352
16.585
15.645
15.872
16.291
15.793
16.710
17.329
17.232
17.400
17.754
17.588
17.492
17.158
17.270
17.392
17.443
17.593
16.830
14.069
16.174
17.482
17.957
17.931
9.195
18.368
18.044
18.019
18.534
18.835
18.812
19.292
19.037
19.162
19.111
19.499
19.886
19.906
20.047
20.068
19.364
14.064
11.859
20.551
20.329
20.493
20.135
19.843
20.992
19.156
20.864
21.062
21.280
21.319
21.457
22.802
23.720
23.062
23.241
23.410
23.318
23.047
22.967
23.071
24.042
23.607
23.345
22.208
23.768
11.700
23.515
24.273
24.088
24.456
23.670
24.195
24.585
24.301
24.846
24.618
24.298
24.672
25.056
25.125
25.122
25.184
23.871
25.050
18.429
25.170
25.787
25.945
26.050
17.452
16.544
19.108
25.981
26.088
25.708
25.777
17.376
25.550
26.783
26.550
26.599
27.132
27.325
27.432
27.274
27.231
27.430
27.663
27.639
27.542
27.547
27.847
27.580
28.544
28.126
27.662
27.807
28.131
28.159
27.923
27.857
27.723
27.701
28.545
28.413
27.801
27.694
26.255
27.369
27.189
27.206
27.520
25.636
26.248
27.434
27.443
21.872
27.663
18.596
27.634
28.143
27.808
22.603
20.945
27.737
27.556
27.588
27.345
26.488
27.225
27.706
27.617
27.599
17.230
21.352
14.742
21.889
21.317
5.477
14.332
8.459
16.312
17.767
21.077
18.930
3.520
13.876
21.356
21.601
22.949
25.065
15.212
7.580
17.697
16.309
2.686
19.030
20.283
19.976
10.007
8.139
6.549
20.677
13.972
22.749
19.007
4.341
21.595
20.886
23.726
14.180
11.707
5.874
9.912
4.899
6.183
11.905
16.658
2.850
6.536
6.636
10.268
10.775
16.242
11.781
12.828
22.063
23.942
25.344
19.296
21.857
22.186
6.567
22.471
23.833
25.363
21.265
11.167
22.950
23.520
15.754
22.830
20.999
16.139
9.656
12.584
9.533
4.148
11.371
16.921
21.102
0.659
8.615
4.307
15.624
11.879
23.291
20.774
13.162
5.915
21.181
23.414
20.410
14.638
23.421
20.058
17.513
7.815
18.188
7.250
17.153
19.681
20.426
12.348
17.857
12.301
10.235
12.242
12.016
19.792
9.744
19.085
15.073
11.751
11.420
7.160
22.221
22.266
22.287
21.658
20.827
16.920
21.288
21.561
20.298
21.223
21.039
21.092
20.412
20.260
20.284
20.583
20.532
20.244
20.186
20.101
20.103
20.069
19.968
19.732
19.423
19.298
19.139
19.079
19.414
19.010
18.471
18.217
17.596
18.163
17.512
17.987
18.084
18.383
18.679
18.196
17.722
17.552
17.452
17.349
17.075
16.917
17.078
17.522
17.178
17.265
17.408
16.157
16.053
16.459
16.511
16.698
16.185
16.796
16.648
16.878
16.585
16.494
16.298
15.967
16.314
15.709
15.922
15.895
15.936
15.649
15.706
15.755
15.740
16.355
16.186
16.013
15.972
15.780
15.965
15.912
16.244
16.088
16.035
15.962
16.443
16.392
16.240
16.156
16.227
16.072
16.143
16.173
15.855
15.531
15.567
6.914
16.178
16.228
16.120
16.351
16.393
16.479
16.484
16.465
16.217
16.760
17.049
17.221
13.645
16.365
12.842
15.213
16.647
16.867
17.707
17.983
17.813
17.765
7.544
18.095
18.527
18.978
19.341
19.059
19.265
19.711
19.621
19.368
19.533
19.484
19.867
19.885
19.515
19.888
20.128
20.274
20.497
20.559
20.241
20.603
20.892
21.115
21.268
21.417
21.391
21.722
21.639
21.912
22.226
22.245
22.368
22.218
22.097
20.536
23.215
23.439
23.731
23.375
23.544
23.526
23.440
23.410
23.738
23.675
23.957
24.209
24.562
24.615
24.906
24.378
24.458
24.387
24.554
25.230
25.065
25.512
25.051
25.347
25.410
25.540
23.065
25.271
23.796
24.697
25.520
25.593
25.636
25.224
25.465
25.637
25.603
26.271
25.830
25.959
26.175
26.318
26.611
25.688
26.292
26.387
26.865
26.600
27.406
27.162
27.071
27.281
27.002
26.858
27.121
26.657
28.627
28.225
28.064
28.257
27.616
27.843
22.236
9.165
6.319
8.060
18.796
16.517
20.847
8.274
27.064
27.133
16.995
27.530
27.877
27.989
27.673
27.669
27.495
27.534
27.644
27.295
27.741
27.875
27.989
28.052
27.848
27.839
23.173
27.639
26.180
26.587
27.636
26.606
8.107
9.287
13.605
23.380
14.183
5.822
12.673
7.076
6.757
17.858
8.811
27.183
27.075
27.247
27.063
26.134
20.487
19.853
15.307
18.242
22.678
20.850
25.979
22.626
12.446
23.294
6.571
12.202
12.800
19.433
24.652
14.909
21.127
21.652
26.380
26.596
25.995
18.300
20.631
8.181
21.549
21.910
21.630
25.337
24.817
19.265
17.024
15.078
13.617
5.182
18.223
7.639
14.699
13.231
19.770
9.617
15.124
7.927
5.773
15.197
13.274
2.555
9.902
10.293
3.676
4.855
13.081
1.347
20.084
10.845
13.596
10.122
22.055
17.186
19.650
22.485
7.946
15.569
24.268
24.629
24.106
24.805
22.780
24.640
24.631
24.067
17.247
14.888
7.631
19.135
21.156
20.755
23.818
23.319
23.828
23.791
16.323
23.158
13.124
19.302
21.379
15.391
14.660
18.944
12.334
13.527
13.186
14.229
16.598
15.448
17.844
20.627
18.791
16.633
8.796
19.626
15.454
12.679
20.213
20.556
17.862
18.111
20.455
16.406
19.698
20.933
21.474
21.009
20.770
20.994
20.932
20.796
20.584
20.268
20.077
18.793
20.194
20.070
20.119
19.640
19.817
19.433
17.924
14.339
19.350
19.027
15.940
17.906
17.316
18.705
18.638
15.407
17.098
18.254
18.364
17.620
13.562
17.625
17.668
17.550
16.812
17.260
16.760
15.353
17.201
17.141
16.982
17.010
16.809
16.651
16.478
16.484
16.412
16.435
16.600
16.493
7.492
16.307
15.838
14.115
15.880
15.873
15.642
15.843
15.648
14.738
14.916
16.089
15.923
15.782
16.012
16.206
16.209
16.120
16.089
15.102
15.676
15.350
15.746
13.067
15.755
16.014
15.865
15.588
13.669
12.783
14.323
16.419
16.210
16.488
16.255
16.046
16.109
16.567
16.476
16.319
16.351
16.862
16.855
16.732
16.350
14.423
11.725
17.303
17.469
17.246
17.139
9.895
17.556
17.340
16.931
9.471
17.299
7.873
18.329
17.834
16.892
17.146
18.630
18.769
18.547
18.452
18.175
18.713
17.617
18.235
18.980
18.947
19.301
19.203
19.121
19.439
19.282
20.162
20.311
21.164
21.650
21.807
21.413
21.900
21.623
21.182
21.135
21.108
21.224
20.841
19.904
16.710
21.326
20.606
22.298
20.916
17.534
19.748
18.696
18.530
22.839
23.067
23.644
23.827
23.481
23.372
24.313
24.450
24.078
23.917
23.957
24.472
25.015
24.798
24.708
24.072
24.687
24.789
25.251
26.339
26.049
26.477
26.285
26.369
26.330
26.379
26.114
26.137
26.746
26.873
27.807
27.529
27.279
27.277
27.128
26.637
26.115
26.353
27.496
27.320
27.206
26.455
22.564
25.434
25.149
24.790
26.832
26.797
25.559
15.718
11.054
16.015
23.284
13.939
18.649
19.422
19.530
24.578
26.933
27.589
27.816
28.294
28.282
27.808
27.917
27.574
27.556
27.559
26.631
27.299
27.662
24.701
27.955
22.649
25.681
27.855
28.008
11.702
21.957
17.727
19.584
27.879
25.137
27.854
28.093
26.197
27.193
28.011
27.671
20.917
25.466
27.805
26.880
24.668
11.378
27.238
26.870
27.513
27.582
24.265
15.283
18.530
24.561
17.291
22.493
19.763
16.633
17.749
24.225
14.287
17.576
17.396
20.284
23.115
16.052
25.260
23.615
20.991
14.559
18.013
17.051
6.806
22.344
3.724
22.879
17.233
23.104
4.088
7.171
22.765
22.591
24.506
26.546
23.730
24.309
12.233
19.308
15.435
10.633
6.028
10.927
7.350
21.348
18.798
17.172
13.779
9.385
19.086
4.692
11.099
9.810
10.793
21.849
22.443
24.254
13.343
19.879
24.261
9.619
10.478
24.818
24.769
24.597
24.617
22.619
23.432
21.836
24.914
24.413
23.860
24.239
22.891
24.033
21.640
24.591
19.111
14.996
24.294
22.068
17.364
9.833
9.016
19.798
11.883
19.117
21.316
18.874
11.075
14.647
17.305
12.806
7.240
20.223
21.877
21.725
20.429
13.336
1.224
21.519
20.434
21.234
18.479
18.168
19.775
21.565
21.397
21.750
21.865
21.745
21.546
21.154
21.223
21.359
21.254
20.996
20.492
20.505
20.632
20.551
20.509
20.588
19.374
4.169
20.610
20.095
19.840
19.870
20.171
19.572
19.456
19.620
19.374
19.660
19.623
19.269
19.007
18.906
18.328
18.338
18.171
18.060
18.307
18.281
18.710
18.576
18.189
18.264
18.220
18.030
17.860
17.674
17.331
17.606
17.436
17.459
17.316
17.235
17.070
16.907
16.802
16.549
16.486
17.007
16.658
16.410
16.447
16.347
8.148
16.463
16.623
16.672
16.478
16.522
16.589
16.532
16.564
16.358
16.235
16.223
16.055
16.111
16.379
16.293
16.154
16.013
15.943
16.034
16.137
16.492
16.277
16.109
16.248
15.917
15.796
15.977
16.046
15.798
15.776
16.312
16.085
15.897
15.668
16.242
16.456
16.441
16.590
16.680
16.719
16.561
16.705
16.827
16.756
16.925
16.620
9.119
9.447
17.622
17.555
17.776
17.886
17.860
18.121
18.003
18.035
17.117
18.177
18.369
17.801
18.125
18.482
19.019
19.259
19.077
19.333
18.977
19.218
19.593
19.664
19.802
19.941
19.918
19.904
19.933
19.949
20.040
20.257
19.746
20.824
21.058
21.297
21.103
21.023
11.276
8.421
18.359
21.938
22.240
21.931
22.394
22.497
22.737
22.753
22.302
7.110
16.235
18.755
22.923
19.858
14.295
7.337
23.482
23.697
23.150
9.827
23.500
24.272
24.374
23.822
24.162
24.322
25.049
25.145
25.833
25.945
25.906
25.805
24.087
25.213
25.430
25.302
25.333
25.396
25.444
25.665
25.454
26.244
26.044
26.444
26.755
24.614
24.462
26.470
22.974
27.073
26.353
26.408
26.641
24.781
26.525
20.143
23.414
27.029
26.826
26.801
26.551
25.631
26.878
27.497
27.079
27.387
27.364
27.969
27.985
27.746
27.808
27.505
27.077
27.617
27.437
27.322
27.121
27.042
21.089
26.113
21.656
25.199
20.358
24.707
25.003
24.888
26.665
27.428
27.554
26.731
27.051
21.155
24.233
8.697
6.181
24.841
27.162
25.287
27.332
21.390
26.985
22.910
25.227
27.742
25.476
25.631
25.472
25.078
27.598
27.645
25.926
18.269
23.668
21.822
23.084
16.757
17.434
8.841
8.825
15.356
5.719
24.934
19.958
20.026
16.523
14.583
16.264
9.445
19.936
4.176
5.350
12.843
3.615
6.791
6.047
18.327
23.533
20.962
18.409
11.513
18.195
4.581
3.139
5.140
18.445
9.990
6.400
14.120
24.157
9.799
9.317
3.549
15.620
7.643
1.382
3.949
8.679
7.104
21.244
18.367
3.206
17.444
2.876
6.629
6.457
19.469
16.837
23.207
13.347
16.306
16.679
9.413
1.832
1.836
4.549
3.256
17.848
20.785
10.072
5.551
3.937
4.439
18.573
17.835
1.651
15.972
20.900
21.133
17.945
15.883
9.166
7.640
16.682
22.889
21.603
13.395
14.264
16.262
15.013
15.449
22.393
20.683
15.285
20.011
19.346
17.483
21.484
21.214
19.375
13.926
21.459
17.739
16.515
11.795
18.115
20.256
21.557
21.623
21.920
21.915
21.749
21.708
21.380
21.206
21.213
21.262
21.156
18.541
12.759
14.866
20.198
18.265
20.112
19.877
19.750
16.360
11.999
17.894
19.122
19.384
19.252
18.829
19.077
19.061
18.968
18.860
18.947
18.850
18.641
18.781
18.595
18.146
7.568
13.179
18.115
18.080
18.006
17.830
17.658
17.413
17.396
17.321
17.167
17.215
17.157
16.906
16.332
16.829
15.034
17.026
17.065
16.998
16.912
16.603
6.918
16.062
16.423
16.240
16.254
15.913
6.598
12.101
15.764
16.009
15.033
16.094
16.152
16.149
16.068
15.810
15.588
15.473
15.756
16.087
15.884
15.940
15.984
15.958
15.608
15.423
15.136
13.804
15.752
16.027
15.967
15.976
16.066
15.179
15.707
16.010
16.044
16.154
16.070
16.277
16.198
16.146
16.276
16.438
16.693
16.723
16.577
16.648
16.953
17.137
17.038
16.962
16.243
17.359
17.414
17.597
17.693
17.736
17.306
17.444
17.174
14.470
17.551
18.027
18.439
18.470
18.411
18.575
18.899
18.348
18.468
18.997
16.228
16.430
19.198
19.475
19.000
19.828
15.646
20.003
20.143
19.831
20.410
20.530
20.447
19.691
13.924
15.970
21.115
21.056
21.370
21.509
19.520
21.690
21.924
22.063
22.380
22.571
22.829
22.963
22.311
22.322
22.424
20.445
21.518
23.632
22.717
23.580
23.473
23.607
21.971
22.915
23.728
24.380
24.391
24.289
24.661
24.708
24.993
25.061
25.199
25.000
24.418
17.908
25.485
25.953
25.738
25.170
25.265
25.617
25.735
25.730
25.915
26.288
26.337
26.388
26.118
15.862
25.313
24.236
22.840
13.495
19.509
25.817
26.656
26.995
26.505
26.803
27.184
27.206
26.368
26.369
25.420
26.879
14.713
25.062
27.122
13.654
23.999
12.764
23.425
27.066
27.387
27.408
27.484
27.476
27.470
27.356
27.223
27.269
27.293
25.344
26.623
17.196
27.838
27.842
27.950
28.027
27.712
26.732
22.477
9.447
15.388
13.628
13.375
23.058
11.520
5.721
7.483
16.450
26.558
27.187
27.453
27.440
27.228
27.004
25.615
19.871
17.983
20.177
22.135
22.432
21.774
15.454
11.319
21.328
23.292
7.969
6.602
11.414
15.716
20.656
7.346
16.487
9.617
13.709
1.815
6.320
7.506
5.517
18.452
12.288
7.235
2.893
16.089
15.691
23.916
23.706
20.463
24.473
12.547
23.704
25.697
20.639
24.447
21.760
24.978
20.509
13.378
11.449
24.574
17.730
24.943
23.627
20.601
23.047
15.019
2.573
13.756
15.020
22.466
19.680
22.809
2.365
6.670
8.724
2.476
3.093
2.141
4.609
14.574
3.256
15.503
24.316
19.183
2.427
18.803
17.703
23.935
19.213
22.369
17.240
21.125
16.648
20.352
20.484
18.309
20.547
22.022
20.242
16.492
10.620
6.516
21.407
6.008
22.746
16.166
22.325
21.441
23.147
19.413
18.227
16.827
11.811
10.364
15.969
21.442
16.789
21.765
6.568
18.310
15.416
9.494
14.269
9.271
19.117
20.244
21.355
22.126
22.071
22.010
21.621
20.057
21.400
20.755
19.608
8.817
18.798
21.120
20.936
20.810
21.016
21.108
21.179
20.707
20.584
20.562
20.195
19.862
19.789
19.487
19.670
19.506
19.238
19.198
19.383
19.207
18.758
19.416
19.139
18.095
18.420
18.701
18.006
17.577
17.366
17.917
17.947
17.976
17.735
17.791
17.553
17.640
17.882
17.700
17.584
17.543
17.731
17.452
17.295
17.274
17.199
17.217
17.069
16.722
16.146
16.403
13.134
15.564
16.351
16.131
16.119
13.847
15.712
16.627
16.232
15.989
15.673
15.940
16.177
16.048
16.115
16.085
16.243
15.938
15.867
15.883
15.822
15.925
14.075
14.906
15.249
15.762
15.836
15.884
16.403
16.422
16.290
16.182
16.227
16.219
16.195
15.622
15.789
15.757
14.983
15.928
16.021
16.481
15.579
16.690
16.595
15.544
16.172
11.750
16.899
17.560
17.499
16.148
15.936
17.591
17.882
18.014
17.964
18.136
17.578
17.715
18.354
18.932
18.883
18.171
18.770
19.263
19.146
18.920
18.956
19.643
20.038
19.997
20.355
20.675
20.969
20.530
20.315
20.513
20.909
20.740
21.023
21.145
21.093
21.184
20.637
21.507
21.860
22.389
22.548
22.588
22.527
22.638
22.557
22.353
22.378
22.735
22.979
22.839
23.336
23.291
21.676
18.147
21.348
15.883
22.695
23.128
23.583
23.888
24.398
24.238
24.264
24.735
24.833
24.698
14.580
11.018
22.500
24.542
19.542
24.781
16.927
25.080
23.608
25.045
15.606
14.753
19.637
25.176
19.286
23.365
23.409
20.115
25.241
23.918
25.815
26.174
26.505
26.091
26.474
27.140
27.181
26.992
26.705
26.874
27.168
27.313
27.359
27.355
27.545
27.678
27.339
27.350
27.346
25.823
27.085
27.294
27.443
22.907
24.770
25.830
22.186
26.348
26.355
26.305
27.019
27.072
27.415
27.237
27.209
27.219
27.481
27.496
27.606
26.785
27.172
27.560
28.155
27.650
26.958
26.714
27.745
25.479
27.440
25.722
24.840
20.393
18.503
16.323
23.343
22.305
17.380
17.770
19.760
16.743
1.724
12.856
18.600
17.928
20.736
21.208
26.058
11.679
8.734
20.625
21.806
24.800
25.866
12.326
7.753
18.584
17.898
19.278
7.640
21.377
22.495
23.202
21.628
21.969
22.993
6.205
9.007
3.144
19.392
15.212
6.585
6.795
20.185
24.956
25.554
26.506
16.590
16.014
12.522
21.519
17.916
18.140
4.335
14.128
13.310
3.198
16.392
21.056
25.103
14.538
12.717
5.098
19.932
19.215
20.525
9.820
6.710
7.136
10.046
16.557
21.835
1.813
5.716
3.389
18.194
21.808
21.455
8.893
21.128
18.256
21.564
24.765
21.582
16.597
22.938
8.496
3.500
24.092
23.743
24.250
21.839
17.515
19.933
14.776
12.284
16.322
23.401
20.883
23.854
17.998
16.183
20.692
22.159
22.193
20.365
14.656
15.665
13.193
13.974
19.847
19.589
18.318
22.118
20.282
18.757
19.906
22.291
21.949
21.306
22.046
21.615
12.656
17.551
18.810
18.683
17.220
20.900
14.913
15.010
13.495
12.427
20.592
20.961
21.027
20.898
20.608
16.340
12.427
20.102
20.190
20.099
20.209
20.210
19.898
19.802
19.816
19.512
19.684
19.119
18.886
18.874
18.907
19.016
18.846
18.903
18.681
18.955
18.621
18.519
18.421
18.350
18.300
18.269
17.988
17.933
17.769
17.590
15.944
17.316
3.223
9.498
17.228
17.520
17.504
17.496
17.306
17.111
17.070
17.024
16.895
16.694
13.154
4.220
9.617
15.785
14.892
15.492
13.990
13.987
15.840
15.667
15.502
15.773
15.918
15.822
15.635
15.562
15.425
15.163
12.325
7.176
11.343
14.744
15.772
15.996
16.185
16.366
16.430
16.399
16.226
16.053
16.242
16.253
16.186
16.217
16.245
15.918
6.470
15.906
16.266
15.942
3.780
15.856
16.052
5.978
13.966
12.767
9.976
16.235
9.954
16.586
15.878
14.453
12.643
16.623
16.955
15.689
17.413
17.869
18.038
18.311
18.077
18.624
18.490
18.470
18.677
18.926
18.572
18.751
18.960
19.220
19.270
19.413
19.185
19.804
19.518
19.080
19.537
19.992
20.285
20.460
20.334
20.460
20.306
19.997
20.478
21.008
20.959
21.209
21.048
21.249
21.427
21.431
22.148
22.302
21.912
22.537
22.725
23.466
22.745
23.102
23.511
23.385
23.266
23.600
22.489
23.884
23.816
23.691
23.840
23.685
20.231
23.167
20.698
23.233
21.512
24.606
24.554
19.693
23.986
20.935
23.349
24.632
23.975
23.150
23.795
24.559
18.006
24.913
25.562
25.769
26.013
26.252
26.524
26.792
26.988
26.622
16.968
26.442
26.701
27.271
27.303
27.127
27.320
27.543
27.817
27.238
27.513
27.936
27.870
27.638
27.623
27.042
27.341
27.072
27.490
27.226
27.249
26.238
24.705
27.330
27.808
27.334
26.845
25.189
27.070
26.227
26.297
27.154
25.860
26.556
19.221
27.084
27.352
21.384
27.134
23.096
27.506
28.035
27.860
26.974
27.458
25.724
23.954
26.873
27.049
27.175
26.931
27.654
26.963
28.038
27.411
26.223
26.712
26.163
24.652
23.440
27.335
26.574
25.751
23.910
17.741
25.459
27.136
23.488
8.809
20.230
13.178
23.980
16.925
17.365
12.043
21.404
23.576
19.756
8.687
13.284
13.146
16.300
19.667
22.178
22.686
2.552
8.127
23.594
15.840
22.755
5.332
22.258
24.845
18.088
7.032
5.401
20.726
5.206
17.154
13.714
2.122
2.992
3.370
5.723
5.036
4.490
11.348
11.401
16.336
5.556
25.943
25.641
11.687
19.958
12.849
7.221
22.006
24.590
22.674
19.763
14.611
12.837
19.611
11.685
24.628
23.843
24.094
24.131
23.814
18.345
22.693
21.029
15.155
3.170
14.290
9.123
11.526
3.105
15.064
19.264
16.919
23.361
21.933
23.586
20.732
20.801
23.825
23.890
7.686
22.992
21.952
23.043
23.828
23.680
23.461
23.386
23.093
22.983
23.217
22.928
22.823
22.648
22.746
22.510
22.375
21.089
20.769
21.920
21.026
22.479
21.460
19.255
19.770
12.889
7.913
18.447
21.458
21.100
20.849
15.995
15.096
15.004
16.891
19.014
20.405
13.882
19.335
20.363
20.371
20.321
20.184
20.473
20.589
20.173
19.836
19.680
19.447
18.463
19.122
19.222
19.215
19.009
18.764
18.624
18.573
18.456
18.197
17.565
17.664
16.785
5.590
9.103
16.941
14.661
17.035
17.076
17.634
17.195
17.020
17.161
17.258
17.224
17.069
16.641
17.177
16.737
16.781
16.322
16.400
16.140
16.400
16.558
16.327
16.174
16.208
16.305
16.301
16.033
16.152
15.023
16.127
15.685
15.424
15.317
15.532
15.445
14.547
15.768
15.792
12.799
7.276
14.574
13.265
15.747
16.169
16.074
16.061
15.969
8.844
15.771
16.031
16.166
15.434
11.319
16.003
16.829
16.732
16.756
16.369
16.589
16.372
15.940
14.450
16.776
16.927
16.974
17.136
17.261
17.247
17.315
17.460
17.355
17.579
17.625
17.765
17.755
17.903
17.842
17.625
17.923
18.076
18.640
18.361
18.418
18.266
17.251
18.296
18.448
18.605
17.289
19.562
19.838
16.060
19.523
19.668
19.844
20.464
20.499
20.922
21.064
21.201
21.007
19.303
19.052
21.068
21.205
21.387
21.577
21.777
22.010
21.920
21.438
19.219
21.334
20.445
18.944
21.470
22.581
22.889
23.224
22.973
23.670
23.498
23.455
23.490
23.351
23.093
23.565
23.867
24.301
24.435
24.675
24.631
24.907
24.454
24.719
25.071
25.262
25.263
25.036
25.175
24.777
25.061
25.605
25.590
25.779
25.754
26.275
21.312
19.311
26.415
26.095
26.188
26.125
26.458
26.344
26.306
26.650
26.530
26.314
26.013
26.153
26.684
27.080
27.074
26.686
26.959
26.535
26.980
26.520
26.916
26.714
27.094
23.658
26.348
26.995
27.089
26.968
26.984
27.292
27.831
27.318
27.271
27.645
27.384
27.443
27.636
27.606
28.222
27.191
27.727
28.363
27.889
27.803
27.893
27.640
27.325
27.434
27.327
27.441
27.468
27.765
27.827
17.714
14.754
26.743
25.897
23.798
13.202
25.490
27.324
24.373
25.360
26.524
22.050
21.944
5.759
14.757
15.521
17.833
25.999
23.824
23.336
26.344
24.272
19.517
24.465
12.508
11.392
21.861
24.454
25.754
24.733
15.573
14.904
15.170
4.459
13.713
22.379
20.978
25.639
23.829
16.899
5.678
19.034
25.563
25.736
15.868
19.434
20.321
13.927
18.822
20.822
20.095
10.128
3.176
2.868
16.703
3.230
15.469
22.988
24.779
19.158
1.919
12.097
11.505
12.144
9.173
9.385
22.408
16.151
10.006
20.737
24.431
24.114
21.544
12.501
21.041
21.250
23.951
20.028
13.486
14.338
20.684
19.224
22.104
21.954
24.139
20.129
23.156
24.024
21.784
19.631
21.024
13.213
18.537
23.106
21.601
9.762
20.671
12.961
19.780
21.337
6.673
9.658
7.450
11.589
20.327
20.222
22.699
20.919
19.824
18.974
22.889
22.952
22.826
22.282
22.750
22.805
21.129
22.360
22.312
19.416
21.866
22.115
21.750
21.810
20.793
17.281
21.751
21.565
21.604
21.674
21.073
20.578
19.819
18.975
19.381
20.343
20.609
20.183
19.286
16.784
12.747
19.582
19.557
19.733
19.665
19.375
18.617
19.202
19.308
18.796
12.373
17.786
18.944
18.833
19.094
18.905
18.646
18.483
18.431
16.010
15.690
14.247
7.443
10.020
15.698
16.610
12.186
13.233
16.054
15.345
15.785
17.049
13.701
1.522
2.672
2.820
14.834
16.127
16.108
16.345
16.119
16.154
16.157
16.140
16.641
16.286
15.907
16.066
16.462
16.586
16.219
16.178
16.395
16.266
16.273
16.224
16.312
16.283
16.241
16.238
16.385
16.359
16.395
16.390
15.915
15.993
16.207
16.140
14.449
1.700
13.359
15.516
16.502
16.586
16.621
16.897
16.556
16.520
16.860
16.669
16.596
16.876
17.061
16.679
16.510
16.226
16.385
17.023
17.368
17.092
16.634
17.054
17.294
17.090
17.153
16.754
16.533
17.728
18.335
18.134
17.671
17.810
17.254
18.270
18.265
18.351
18.597
18.891
18.702
18.807
18.485
18.584
19.157
19.121
19.274
19.382
19.384
19.630
10.446
20.060
19.949
20.247
20.460
20.361
21.045
20.256
20.989
21.170
21.250
21.138
21.731
21.540
20.899
20.667
20.423
21.587
22.163
22.164
22.296
22.369
23.181
23.544
23.841
23.617
23.507
23.587
23.423
23.866
23.627
24.131
24.523
23.836
24.330
24.516
24.354
24.415
24.614
24.842
25.169
25.332
25.091
25.300
25.404
25.044
24.630
26.018
25.756
25.835
25.294
25.364
25.886
25.388
25.074
22.384
23.406
24.970
25.059
24.734
24.710
25.601
26.237
26.973
26.835
25.476
27.180
27.445
27.657
27.274
27.282
26.345
26.938
25.919
26.820
16.596
26.994
26.786
26.811
26.720
27.909
26.897
27.251
27.620
27.297
27.438
26.929
27.249
27.706
25.040
24.805
16.666
26.963
27.612
27.176
26.792
26.990
26.970
27.234
27.373
27.205
26.974
27.257
27.634
27.717
27.554
27.581
26.617
18.923
18.395
25.568
25.662
21.191
24.082
25.676
24.833
25.065
25.456
26.096
18.918
25.866
24.880
25.043
23.510
23.239
24.336
22.609
22.512
17.398
8.538
26.339
23.528
13.693
4.743
16.237
12.661
16.937
26.236
25.735
25.825
21.846
8.779
23.645
19.168
3.035
0.536
22.633
26.339
22.861
4.209
1.538
9.452
21.013
17.930
21.878
22.247
13.497
14.671
1.417
6.053
7.508
21.477
23.063
16.114
9.477
17.918
16.736
15.345
22.665
1.030
19.905
19.633
18.363
15.216
4.032
1.196
2.854
4.036
2.903
3.633
2.528
17.077
3.772
22.102
11.308
16.082
16.184
20.385
22.056
23.591
18.831
17.623
16.801
17.040
22.596
20.386
21.535
20.657
12.180
22.601
19.519
5.810
1.318
4.044
1.985
17.524
14.553
14.573
12.713
11.170
11.664
21.549
22.692
21.668
15.283
20.099
21.573
21.483
21.673
21.881
21.250
21.948
21.996
21.832
21.968
21.923
21.373
21.113
21.946
22.069
22.039
21.803
21.628
18.670
18.458
13.274
21.080
20.814
17.279
16.498
17.136
20.228
19.897
19.966
19.215
20.161
20.516
19.957
18.531
20.189
20.056
19.713
19.582
19.664
19.303
19.387
19.205
19.166
19.167
19.027
18.854
17.759
12.734
17.762
18.159
18.074
17.093
17.944
17.895
17.706
17.503
17.519
17.600
17.464
17.422
17.411
17.432
17.556
17.526
17.169
17.221
17.119
16.638
16.599
16.547
14.257
14.599
15.595
15.436
16.153
15.957
15.774
15.930
16.035
16.268
16.201
16.286
15.909
16.435
17.012
16.797
16.443
16.321
16.272
16.306
16.161
16.057
16.084
16.228
16.113
15.663
15.871
16.160
16.287
16.222
16.193
16.141
16.341
16.218
15.652
16.077
16.091
15.988
16.009
15.590
15.592
16.651
16.627
16.459
16.720
16.557
16.802
16.948
16.765
16.595
16.301
17.077
17.468
17.190
17.476
17.524
17.011
17.489
17.328
17.479
17.672
17.773
17.753
18.267
18.213
18.618
18.747
18.754
18.528
18.470
18.468
18.631
19.077
20.431
19.934
19.582
19.514
19.391
19.373
19.719
19.993
19.644
20.232
20.118
20.357
20.732
20.661
20.801
21.134
21.640
21.906
21.643
21.622
22.301
22.668
22.250
21.892
21.942
22.111
22.437
22.825
23.268
23.833
23.990
24.099
23.873
23.863
24.020
23.693
23.718
23.804
24.442
23.979
24.312
24.750
25.579
25.495
25.555
25.654
25.543
25.129
24.684
24.382
25.042
24.895
24.942
25.054
25.024
25.138
24.855
25.232
25.242
25.430
25.230
26.014
25.636
25.280
25.358
25.770
24.821
25.905
25.388
25.153
24.289
24.992
4.266
26.212
26.954
26.972
26.499
25.692
26.807
27.009
27.196
27.386
27.500
28.035
27.758
27.259
27.308
24.638
24.235
23.132
9.471
20.244
22.700
27.000
27.248
27.044
24.921
27.339
27.528
27.325
27.507
26.130
27.654
27.241
26.599
27.948
27.618
27.811
28.043
27.607
27.672
27.714
27.674
27.730
27.435
27.518
27.318
27.084
27.674
26.844
23.718
24.418
22.695
24.479
17.145
14.381
13.460
16.352
9.769
22.854
24.504
27.078
25.812
25.821
26.891
25.521
25.717
25.441
25.337
26.271
25.189
24.908
23.687
21.310
18.032
15.258
20.541
16.897
4.849
19.908
24.688
23.379
13.678
2.338
15.215
11.805
5.431
4.793
19.333
21.575
23.689
24.914
6.859
14.770
23.648
23.309
8.070
13.790
19.850
11.070
23.667
12.193
17.726
8.822
4.397
3.188
3.765
5.814
21.258
21.073
25.104
14.931
12.098
20.325
23.161
12.364
15.267
5.914
10.457
5.299
4.999
4.479
15.320
23.426
14.144
5.063
13.871
9.590
4.656
2.830
18.552
21.780
18.410
23.841
23.738
22.994
23.067
23.332
21.069
22.575
23.051
21.343
1.040
1.415
9.257
13.305
17.236
3.169
15.849
5.702
22.297
20.703
19.787
18.051
22.257
22.181
21.388
20.889
20.163
20.918
22.349
21.831
18.101
21.128
21.197
21.610
21.676
21.615
21.569
14.804
21.492
21.149
20.620
15.101
16.676
21.590
21.013
20.976
20.821
20.772
20.488
20.520
20.305
18.592
18.902
19.978
19.109
19.585
18.574
19.813
19.713
19.654
19.742
19.610
19.555
19.419
19.105
19.063
18.701
19.399
19.083
18.813
18.808
18.394
18.170
18.055
18.072
17.812
17.776
17.599
17.420
17.454
17.648
17.621
17.518
17.204
17.113
17.053
17.012
16.903
16.707
16.701
16.742
16.698
16.554
16.555
16.502
16.560
16.106
15.929
16.036
15.923
15.955
15.843
15.902
16.339
15.884
16.156
16.099
15.698
15.639
15.509
15.548
15.642
15.202
15.793
16.257
16.458
16.127
16.116
16.237
16.281
16.254
16.216
16.200
15.647
15.784
16.253
16.220
16.470
16.525
16.506
16.643
16.675
16.773
16.844
16.637
16.668
16.465
16.516
16.251
16.598
16.326
16.021
16.593
17.528
17.584
17.918
17.817
17.812
17.900
18.363
18.112
18.328
18.686
18.058
18.294
15.409
15.268
17.851
17.772
17.895
18.115
18.549
19.382
19.605
20.064
19.914
19.318
19.110
19.318
18.396
19.058
19.266
20.102
20.369
20.279
20.272
20.493
20.462
20.600
20.860
21.562
21.626
21.698
22.053
22.516
22.734
22.988
23.019
23.081
22.891
22.781
22.969
23.026
23.020
23.036
23.371
23.756
23.496
23.593
23.277
21.239
23.623
24.122
24.056
23.772
24.685
19.469
24.447
24.607
25.001
23.688
16.721
24.457
24.757
25.040
24.583
25.294
25.399
25.422
25.262
25.893
26.079
25.902
24.888
20.510
25.728
26.159
26.676
26.355
26.162
26.384
26.459
26.260
25.137
25.734
22.137
25.423
22.098
20.625
17.478
23.644
26.498
26.950
26.571
26.703
26.845
27.341
27.768
27.365
27.049
27.472
27.123
27.212
27.887
28.051
27.048
27.436
26.179
23.447
26.429
26.238
27.279
27.341
27.545
27.930
27.528
27.940
28.139
27.508
27.511
27.435
27.387
25.494
27.100
27.453
26.241
20.419
21.787
17.974
21.641
10.421
20.479
20.299
22.549
25.092
19.250
19.698
24.539
18.401
24.597
20.681
24.530
15.222
19.915
1.676
24.561
22.675
23.944
26.142
26.330
24.543
22.355
10.581
26.334
25.090
19.125
24.850
20.321
25.350
6.190
8.574
14.439
22.788
6.072
22.430
11.308
15.257
10.484
11.215
7.418
6.976
1.863
24.223
4.371
7.982
9.736
6.682
16.405
17.858
11.052
25.855
15.410
16.405
19.677
3.633
3.375
7.947
16.258
3.583
25.250
3.396
14.086
20.744
16.750
7.049
4.930
8.817
5.181
12.267
13.462
3.581
6.043
8.697
15.214
21.827
22.286
24.212
23.678
1.941
14.324
13.898
5.988
10.401
18.619
24.041
22.836
19.612
23.120
23.457
23.214
23.490
23.343
23.406
24.083
23.760
22.314
23.551
23.811
21.334
18.737
14.268
16.372
16.483
14.231
18.080
13.090
13.467
23.000
23.252
0.905
17.034
17.320
17.269
6.276
1.703
21.023
5.972
8.360
16.001
20.682
20.567
7.827
21.178
19.540
13.558
20.309
19.895
18.771
20.282
20.217
20.349
18.000
20.158
19.398
20.351
20.335
19.685
19.861
20.052
20.008
20.014
19.878
19.840
19.726
19.372
19.354
19.300
19.122
19.041
18.844
18.748
18.479
18.324
18.358
18.350
18.001
14.278
13.945
17.211
17.849
17.942
17.670
17.494
17.460
17.725
17.767
17.949
17.890
17.718
17.433
17.147
17.112
17.102
16.897
16.916
16.743
16.238
16.295
16.400
16.528
16.705
16.554
16.712
16.355
16.314
16.249
16.227
16.309
16.436
16.333
16.193
16.194
16.305
16.423
16.503
16.286
16.199
15.779
16.093
16.188
16.165
15.899
15.765
15.561
15.439
14.973
15.744
16.312
16.085
11.805
16.350
15.598
13.735
7.018
15.825
16.486
16.544
16.159
15.955
16.342
16.522
16.451
16.914
16.459
16.325
17.195
16.973
16.936
17.268
17.360
9.429
8.599
15.933
17.309
17.122
17.440
17.636
17.881
17.779
18.110
18.350
18.317
18.062
17.799
17.994
18.269
18.199
18.482
18.778
19.440
19.988
19.296
19.745
19.825
19.311
19.425
14.907
19.907
20.711
20.847
20.852
20.209
8.158
21.217
21.040
17.433
20.461
16.551
21.727
21.688
22.327
22.083
21.253
22.171
22.033
22.112
22.361
22.491
22.370
21.235
22.510
23.109
23.001
23.356
23.332
23.546
23.396
24.659
24.889
24.958
24.601
23.782
23.717
24.266
24.467
24.057
23.962
25.021
24.748
24.679
24.725
25.310
25.016
24.988
25.543
26.001
25.690
24.937
26.348
26.864
26.760
26.413
26.348
25.953
25.757
25.999
25.987
25.884
25.768
25.433
13.568
26.296
26.518
26.742
26.580
26.644
25.631
26.503
26.669
27.050
27.452
27.561
27.468
26.224
26.914
20.757
23.631
27.037
27.477
28.098
27.246
26.865
27.004
26.917
26.353
25.368
15.871
25.093
27.142
27.352
27.763
27.864
27.743
27.620
27.552
25.117
22.120
27.289
19.372
27.439
27.603
27.305
24.647
25.931
17.886
21.016
23.631
27.501
27.381
27.738
27.841
27.523
24.463
23.779
26.906
21.263
25.142
27.053
23.641
22.486
17.576
26.942
27.556
23.923
26.383
27.256
26.031
26.560
27.222
26.993
27.279
27.077
26.998
22.105
14.736
20.466
24.253
25.589
26.875
26.553
18.849
17.298
17.182
16.906
16.276
20.586
21.888
15.285
22.281
6.343
15.964
24.443
25.790
18.035
2.308
0.904
0.881
8.029
14.201
3.886
3.735
23.980
9.820
