20000101
16.138
16.067
16.232
16.271
16.187
16.389
16.251
16.416
15.984
16.034
16.522
16.465
16.630
16.960
17.450
17.423
17.230
16.866
17.173
17.260
15.509
17.033
17.067
17.496
17.402
17.733
18.015
18.479
18.539
18.732
18.829
18.233
18.312
18.324
17.917
19.022
18.946
19.225
19.279
19.195
18.941
19.859
20.330
20.200
20.341
20.412
20.456
20.838
20.797
20.555
18.770
21.023
20.935
18.920
7.874
21.738
22.166
21.661
21.764
21.628
21.578
21.790
22.057
22.249
22.900
23.258
23.162
23.510
23.905
23.568
22.799
23.125
23.434
24.096
23.836
23.666
23.357
24.884
24.974
24.921
24.090
23.994
25.040
25.319
25.265
25.264
25.520
26.059
25.858
25.313
25.042
25.433
25.840
26.039
25.856
26.120
26.465
25.993
25.881
26.535
26.424
26.047
26.148
26.246
26.182
26.031
26.148
26.782
26.728
27.262
27.014
26.492
26.365
25.316
26.328
26.431
26.731
26.617
26.786
26.748
27.017
27.175
25.873
27.236
27.194
27.393
20.072
23.399
22.832
22.657
24.335
21.578
20.169
19.959
17.101
25.199
24.806
23.205
15.812
18.665
23.059
25.172
27.190
27.095
27.280
27.345
27.421
27.473
27.338
25.741
16.957
18.055
27.018
27.338
19.402
23.829
10.375
22.997
24.838
21.755
24.267
27.380
27.355
26.740
24.267
26.844
26.708
27.391
27.522
27.575
26.873
26.097
26.640
23.671
24.242
26.316
26.697
27.148
26.928
21.654
21.183
16.675
11.889
16.941
22.215
8.296
21.387
20.962
24.064
12.497
20.908
21.044
14.605
10.426
6.297
4.908
2.014
7.357
21.493
18.410
17.644
21.233
3.831
14.880
21.073
26.441
24.635
25.875
26.495
26.108
3.845
16.892
19.839
23.824
25.614
11.745
26.161
26.242
25.961
25.445
19.523
22.926
15.769
12.295
21.907
3.819
5.847
12.271
11.990
6.239
22.929
5.241
9.836
8.314
17.107
20.013
23.990
18.376
24.198
21.646
23.637
20.008
12.617
3.957
11.445
21.734
20.839
8.030
3.523
22.248
23.669
23.021
23.790
23.726
23.698
23.669
23.475
20.782
23.240
19.008
23.254
23.191
22.501
19.787
18.026
16.924
14.518
9.053
15.615
17.300
18.107
22.428
22.318
22.109
22.296
22.341
22.217
22.167
21.805
21.643
20.927
12.588
5.490
13.311
18.701
17.141
18.735
19.676
21.166
21.597
21.316
20.936
20.755
20.830
20.684
20.517
20.058
19.560
19.375
19.327
19.403
19.648
19.663
19.735
19.604
19.402
19.330
19.177
18.777
18.580
18.344
18.010
17.930
17.912
18.041
17.921
17.114
17.758
17.627
17.699
17.246
17.210
17.530
17.582
17.659
17.401
17.306
17.058
16.545
16.676
16.657
16.354
16.783
16.807
16.860
17.303
17.403
17.136
16.912
16.602
16.434
16.338
16.360
16.317
16.240
16.158
16.083
16.046
16.234
16.159
16.120
16.025
15.850
15.749
15.925
16.208
16.195
16.399
16.345
16.340
16.395
16.379
16.391
16.332
1.516
15.780
16.094
16.192
16.299
16.328
16.499
16.322
16.524
16.588
16.743
16.768
16.632
16.726
17.124
17.223
17.004
16.878
16.730
17.185
17.067
17.115
17.440
17.376
18.375
18.599
18.584
18.663
18.469
18.044
18.139
17.634
18.801
18.788
19.275
19.472
19.533
19.694
19.647
19.794
19.827
19.813
19.767
19.777
20.205
19.723
20.336
20.138
20.450
20.337
20.589
20.452
20.567
21.734
21.189
20.950
20.966
20.109
21.504
21.468
21.941
22.034
22.542
22.578
21.035
23.252
23.222
23.163
23.350
23.669
23.657
23.326
14.591
16.639
23.117
22.925
23.468
24.045
24.178
23.669
23.527
22.938
23.480
10.357
23.046
24.389
24.547
24.217
24.487
25.298
25.815
25.398
25.563
25.849
25.826
25.962
26.328
26.506
26.379
26.187
26.420
26.451
24.180
24.046
10.314
20.875
22.957
20.656
15.214
12.657
14.529
26.569
26.911
27.230
27.396
26.565
27.606
27.446
27.569
27.242
27.251
26.880
27.362
27.292
27.397
26.780
27.167
27.007
27.104
27.422
27.237
27.355
27.575
27.610
27.466
27.504
27.271
26.915
26.710
24.146
25.109
25.210
26.693
24.696
27.341
27.449
24.569
25.320
22.313
22.741
21.324
20.449
25.523
19.165
18.397
15.767
25.873
23.469
12.824
15.618
17.742
18.621
15.828
20.240
11.076
22.875
16.069
22.490
15.872
17.015
20.778
22.483
26.656
27.231
27.394
27.036
25.596
22.525
23.513
23.157
22.599
18.693
14.979
3.258
16.170
18.672
2.571
15.876
23.330
26.112
6.418
21.427
19.373
2.363
11.766
8.595
15.359
4.836
3.674
2.498
5.508
15.394
13.537
1.683
15.679
16.382
15.957
12.842
13.812
19.980
13.952
11.382
8.363
20.846
21.854
26.083
18.806
8.918
24.418
24.183
19.185
22.041
23.130
20.404
21.341
22.848
21.950
23.670
23.022
11.181
0.965
14.670
25.119
22.856
20.914
6.684
16.511
23.710
22.900
24.536
24.906
24.539
22.730
18.579
24.488
23.596
24.145
24.000
23.408
23.941
23.477
17.767
23.352
19.282
23.722
23.562
23.458
18.422
16.326
16.654
12.873
9.546
21.005
17.944
6.275
14.917
10.767
15.850
11.585
19.153
16.275
22.634
22.545
21.721
22.432
22.049
7.099
8.634
13.321
19.449
8.154
18.407
18.207
20.506
19.576
17.141
0.819
19.350
17.516
19.319
15.648
20.851
20.872
20.644
20.563
20.475
20.250
20.192
20.121
20.023
19.667
19.439
19.476
19.335
19.017
18.843
18.887
18.836
18.901
18.714
18.609
18.428
18.381
18.354
18.650
18.626
18.534
18.247
18.265
18.284
18.148
17.758
17.485
17.025
17.243
16.999
16.768
17.045
17.094
17.259
17.209
17.082
16.954
17.032
16.844
16.795
16.866
16.693
16.489
16.623
16.554
16.290
16.127
16.117
16.015
15.622
15.568
16.019
16.012
16.065
15.808
15.674
15.654
15.711
15.858
15.938
16.348
16.521
16.529
16.431
15.971
15.992
16.067
16.246
16.214
16.085
16.309
16.327
16.241
16.328
16.467
16.486
16.383
16.155
16.514
16.721
16.657
16.486
16.552
16.606
16.073
15.135
16.760
17.139
16.970
17.223
17.343
17.431
17.453
17.691
17.650
17.368
17.572
18.199
18.766
18.685
18.852
18.977
18.691
18.696
19.125
18.416
18.626
19.085
19.847
20.147
20.275
5.329
19.265
20.454
20.292
20.174
20.238
19.985
19.890
13.809
20.477
20.576
20.498
20.781
20.687
21.358
21.627
21.585
21.416
21.261
21.439
21.468
22.629
22.186
22.258
22.557
22.120
22.061
21.236
21.165
20.649
13.210
20.909
11.480
22.570
23.452
24.351
24.252
24.132
22.640
19.931
24.374
24.547
24.509
24.258
24.432
25.381
25.894
25.975
25.919
25.422
25.071
26.363
26.477
26.015
25.261
20.847
8.626
10.266
25.775
26.055
26.237
26.266
26.076
25.989
25.838
26.558
26.273
24.191
24.669
25.014
26.899
27.030
26.355
27.205
27.401
28.640
27.980
27.486
27.899
27.724
27.816
28.032
28.234
27.655
27.616
28.382
27.705
27.484
25.921
26.466
26.849
27.135
26.942
27.174
27.207
27.385
15.626
27.167
27.849
27.592
27.683
27.503
27.222
27.277
27.543
27.731
27.762
27.289
26.316
21.746
24.137
25.250
20.447
22.899
26.734
27.048
27.559
27.299
27.050
27.606
27.196
12.929
20.594
22.953
20.684
18.582
21.024
26.419
22.314
21.865
23.166
22.728
21.514
24.273
21.917
14.351
11.563
15.436
19.710
1.393
13.037
26.451
26.818
27.159
22.129
27.185
26.045
25.001
25.161
25.921
18.424
22.799
25.007
23.782
25.758
5.481
5.353
16.811
9.753
16.282
8.223
8.150
3.671
3.992
5.010
3.447
7.997
19.770
26.437
26.144
26.553
26.236
14.736
20.625
22.182
9.035
3.567
10.169
17.328
6.253
12.692
22.497
15.465
3.120
2.553
3.135
6.418
8.944
9.007
22.027
9.527
25.037
21.024
21.321
17.339
23.060
10.108
6.111
14.990
23.345
23.523
3.055
21.043
22.650
22.331
18.916
16.243
20.254
20.379
24.055
24.116
19.498
21.210
6.966
24.151
23.778
23.862
23.592
23.608
23.444
22.954
13.629
12.567
11.882
15.267
18.982
15.978
17.221
15.305
17.156
13.115
12.943
20.178
17.715
22.216
22.046
22.232
22.285
22.080
21.933
21.783
21.712
21.179
20.517
19.578
20.029
20.819
20.607
20.237
20.287
20.532
20.438
20.004
20.156
20.080
20.190
20.052
19.944
19.855
19.927
19.836
19.315
19.024
18.899
19.254
19.207
18.830
18.789
18.685
10.639
11.429
17.963
16.869
13.674
13.432
17.755
17.285
17.390
17.900
17.950
17.757
17.509
17.332
17.385
17.103
17.125
16.889
5.512
16.898
17.025
17.055
14.995
16.384
16.928
16.797
16.737
16.499
16.720
16.473
16.081
15.895
15.881
16.135
16.125
16.242
16.014
15.880
15.803
15.548
15.683
15.803
15.836
15.347
15.576
15.837
16.092
15.995
15.512
16.034
15.605
15.706
16.024
16.174
13.835
16.085
16.147
16.292
15.563
16.028
15.966
15.817
16.399
16.611
15.903
15.994
16.245
16.023
16.683
17.281
17.171
17.304
17.690
17.582
17.461
17.172
17.278
17.417
17.414
17.574
16.826
14.337
16.639
17.486
17.967
17.887
7.974
18.402
18.093
18.000
18.480
18.819
18.818
19.274
19.058
19.222
19.148
19.513
19.861
19.882
20.030
20.044
19.331
15.027
9.837
20.583
20.298
20.433
20.047
19.882
20.951
20.018
20.879
21.026
21.276
21.316
21.483
22.873
23.708
23.059
23.254
23.406
23.304
23.033
22.960
23.048
24.098
23.593
23.347
22.237
23.678
13.765
23.515
24.321
24.174
24.414
23.577
24.155
24.656
24.344
24.811
24.654
24.407
24.608
24.999
25.090
25.182
25.178
24.644
25.124
20.542
25.131
25.751
26.051
26.016
18.497
19.281
22.810
26.016
25.974
25.694
25.738
21.323
25.412
26.763
26.506
26.640
27.125
27.347
27.473
27.166
27.231
27.464
27.542
27.534
27.498
27.487
27.660
27.512
28.415
28.113
27.596
27.750
28.072
27.961
27.840
27.810
27.669
27.646
28.610
28.138
27.678
27.568
26.870
27.322
27.116
27.180
27.407
26.571
27.158
27.418
26.696
26.020
27.679
20.639
27.588
28.120
27.803
22.543
23.455
27.604
27.419
27.443
27.190
26.564
27.116
27.562
27.430
27.489
18.133
23.446
12.904
21.423
22.547
6.388
13.890
9.555
19.100
20.783
22.902
21.215
2.141
15.075
22.098
21.342
23.325
25.713
15.799
6.932
18.517
16.574
2.409
17.784
20.370
19.450
8.719
7.025
7.986
19.165
16.746
22.671
20.694
3.695
18.566
20.852
23.690
15.365
13.528
6.068
8.637
4.226
6.982
14.431
16.235
2.972
9.703
6.508
12.020
11.835
16.183
12.322
12.771
22.113
24.239
25.246
14.317
21.930
21.831
6.530
22.675
24.597
25.240
22.450
10.704
21.348
21.740
10.474
23.564
22.602
16.129
11.848
15.302
10.621
4.727
10.880
19.635
21.263
0.896
9.120
4.578
17.244
15.774
23.346
22.397
14.168
9.774
23.118
23.576
19.963
15.501
23.513
22.433
14.302
7.649
20.337
8.105
15.130
17.692
20.069
12.463
18.519
16.349
12.687
16.209
9.741
16.627
9.873
18.088
16.705
13.436
12.455
6.993
22.090
22.244
22.260
21.807
20.467
19.214
21.315
21.485
20.875
21.217
21.088
21.134
20.413
20.246
20.244
20.590
20.544
20.296
20.135
20.055
20.063
20.062
20.011
19.683
19.380
19.249
19.089
19.107
19.522
19.172
18.568
18.265
18.013
18.205
17.886
18.006
18.086
18.324
18.725
18.212
17.695
17.500
17.406
17.347
17.051
16.892
17.094
17.613
17.257
17.339
17.405
16.050
16.046
16.474
16.600
16.720
16.297
16.844
16.681
16.889
16.580
16.480
16.279
15.978
16.276
15.671
15.894
15.939
15.917
15.662
15.727
15.782
15.770
16.380
16.201
16.005
15.956
15.757
15.937
15.946
16.274
16.098
16.062
16.076
16.439
16.365
16.195
16.125
16.207
16.028
16.120
16.207
15.826
15.566
15.411
10.023
16.174
16.145
16.009
16.334
16.387
16.494
16.444
16.530
16.248
16.705
17.037
17.200
13.893
16.432
12.277
17.133
16.887
17.176
17.699
17.972
17.795
17.868
5.366
18.351
18.540
18.926
19.288
19.091
19.197
19.698
19.618
19.342
19.512
19.534
19.886
19.915
19.530
19.949
20.181
20.334
20.478
20.512
20.218
20.626
20.852
21.109
21.283
21.428
21.403
21.673
21.610
21.932
22.216
22.263
22.341
22.236
21.947
20.626
23.239
23.380
23.701
23.400
23.558
23.533
23.416
23.398
23.697
23.677
23.941
24.196
24.501
24.609
24.843
24.325
24.387
24.400
24.536
25.343
25.125
25.596
25.086
25.337
25.391
25.524
22.593
25.204
23.866
24.752
25.537
25.659
25.604
25.247
25.443
25.607
25.577
26.277
25.798
25.917
26.132
26.221
26.562
25.814
26.220
26.376
26.859
26.542
27.439
27.144
27.003
27.229
26.945
26.822
27.007
26.596
28.645
28.262
28.061
28.195
27.575
27.774
16.930
8.567
7.519
6.492
18.892
18.201
22.423
13.887
26.982
27.063
22.466
27.437
27.765
27.837
27.536
27.529
27.327
27.459
27.598
27.230
27.667
27.860
27.893
28.028
27.819
27.761
26.226
27.561
26.914
27.218
27.556
26.701
9.753
9.337
15.605
23.308
14.211
6.575
12.432
7.373
6.947
18.723
9.575
27.043
27.008
27.116
26.987
26.272
15.485
16.182
13.765
21.575
22.828
17.802
25.831
23.084
12.259
23.278
7.627
13.924
11.335
16.674
24.573
14.971
22.191
15.299
25.424
26.378
25.511
20.478
22.570
10.143
23.777
22.219
23.722
25.421
24.072
19.122
17.542
18.235
17.310
6.228
16.686
9.178
18.389
12.827
20.202
7.360
12.631
8.012
7.419
16.954
13.663
3.167
15.083
11.606
6.063
2.725
7.651
1.487
18.507
15.091
10.976
15.512
22.446
13.847
17.296
23.226
11.215
10.979
24.266
24.567
24.296
24.781
23.900
24.663
24.601
24.191
17.032
14.808
7.363
20.047
20.918
20.124
23.764
23.280
23.823
23.681
16.898
23.121
14.088
19.817
21.211
16.233
15.556
17.896
12.124
13.130
13.518
13.197
19.745
15.282
17.523
21.010
19.970
17.067
6.617
19.050
15.280
12.646
20.159
20.547
18.380
17.772
20.679
16.830
19.497
21.076
21.562
21.024
20.794
21.003
20.947
20.779
20.564
20.290
20.086
19.190
20.212
20.126
20.172
19.609
19.762
19.409
18.738
15.185
19.337
19.054
16.492
17.491
16.657
18.593
18.525
15.113
17.299
18.248
18.313
17.605
13.691
17.679
17.675
17.438
16.770
17.190
16.732
15.672
17.172
17.122
16.952
16.959
16.786
16.639
16.459
16.439
16.389
16.430
16.585
16.440
8.699
16.268
15.812
13.474
15.845
15.820
15.576
15.812
15.711
14.942
14.601
16.053
15.879
15.729
15.974
16.173
16.157
16.063
16.023
15.116
15.680
15.353
15.735
11.725
15.732
15.997
15.853
15.558
13.863
12.053
14.933
16.368
16.137
16.500
16.289
16.073
16.100
16.510
16.445
16.299
16.323
16.817
16.798
16.678
16.321
13.817
13.744
17.261
17.520
17.232
17.073
9.802
17.475
17.318
16.840
9.437
17.299
11.996
18.363
18.006
16.826
17.342
18.598
18.739
18.507
18.308
18.149
18.711
17.560
18.286
18.964
18.959
19.293
19.120
19.095
19.425
19.217
20.181
20.359
21.163
21.634
21.873
21.452
21.894
21.603
21.159
21.099
21.045
21.192
20.361
20.184
17.721
21.278
21.196
22.331
20.155
18.814
19.644
21.110
21.033
22.851
23.135
23.628
23.856
23.463
23.416
24.305
24.417
24.022
23.817
23.877
24.386
25.058
24.860
24.695
24.249
24.619
24.852
25.344
26.387
26.069
26.519
26.286
26.368
26.366
26.359
26.022
26.055
26.656
26.983
27.814
27.552
27.252
27.300
27.172
26.613
26.486
26.469
27.438
27.279
27.110
26.404
23.512
26.065
26.106
25.934
26.898
26.747
25.810
19.395
14.307
20.779
22.734
17.489
22.830
23.770
24.249
26.048
26.907
27.536
27.786
28.274
28.244
27.741
27.819
27.545
27.502
27.524
27.097
27.338
27.586
26.771
27.865
24.021
26.527
27.843
27.968
17.000
24.450
19.432
24.141
27.798
20.230
27.773
27.964
27.242
27.756
27.901
27.553
23.698
27.157
27.653
27.295
25.072
14.891
27.243
27.143
27.449
27.544
24.697
15.194
17.586
24.608
18.686
21.917
19.907
16.659
18.745
24.884
15.869
16.860
16.867
18.200
22.620
13.510
25.582
23.931
22.207
17.456
18.895
17.319
8.298
22.087
4.313
23.356
13.012
22.514
3.773
7.391
22.803
23.258
25.130
26.491
25.051
24.738
20.354
21.638
17.892
8.871
5.691
9.379
6.411
21.655
19.936
16.443
14.205
9.438
19.226
4.864
9.408
11.159
14.568
18.274
19.869
23.376
19.715
20.631
24.214
13.756
11.356
24.790
24.742
24.445
24.645
21.002
23.698
24.220
24.753
22.405
24.172
24.549
22.329
24.011
22.506
24.546
21.647
17.327
24.161
21.861
17.618
12.382
10.776
16.339
11.416
16.869
21.359
19.826
11.620
17.478
19.083
14.008
9.347
20.821
21.659
19.895
18.324
11.459
1.659
21.161
20.710
20.766
17.937
18.252
19.461
21.303
21.403
21.781
21.780
21.612
21.431
20.929
21.088
21.302
21.248
20.931
20.208
19.661
20.569
20.452
20.506
20.604
19.344
6.526
20.690
20.202
19.809
19.820
20.138
19.557
19.364
19.552
19.325
19.700
19.618
19.257
18.976
18.883
18.366
18.435
18.212
18.190
18.360
18.291
18.638
18.537
18.161
18.254
18.251
18.012
17.843
17.652
17.290
17.540
17.369
17.393
17.280
17.203
17.055
16.875
16.789
16.501
16.485
17.093
16.698
16.465
16.443
16.334
10.517
16.438
16.561
16.647
16.489
16.500
16.544
16.490
16.528
16.324
16.206
16.187
16.035
16.067
16.346
16.237
16.111
16.039
15.904
16.057
16.138
16.524
16.230
16.084
16.225
15.839
15.719
15.885
16.035
15.797
15.743
16.356
16.085
15.795
15.290
16.181
16.390
16.405
16.562
16.661
16.731
16.545
16.680
16.805
16.728
16.880
16.602
7.732
9.384
17.607
17.560
17.744
17.880
17.819
18.036
17.983
18.016
17.108
18.154
18.350
17.533
18.096
18.465
18.973
19.258
18.911
19.238
18.899
19.219
19.557
19.672
19.808
19.922
19.893
19.863
19.910
19.909
20.056
20.243
19.798
20.817
21.073
21.295
21.049
20.993
14.107
11.717
19.237
21.980
22.401
22.114
22.505
22.445
22.724
22.637
21.674
13.403
17.038
21.309
22.955
20.133
17.487
11.698
23.496
23.711
23.424
11.785
23.509
24.237
24.365
23.804
24.161
24.326
25.023
25.129
25.836
25.964
25.923
25.753
24.109
25.200
25.452
25.231
25.284
25.371
25.435
25.635
25.398
26.169
25.995
26.477
26.683
24.169
24.868
26.138
24.498
27.086
26.357
26.392
26.631
25.683
26.479
19.324
24.054
27.067
26.720
26.599
26.564
26.397
26.906
27.461
27.121
27.242
27.401
27.968
27.884
27.660
27.699
27.307
27.340
27.589
27.344
27.231
27.030
27.052
23.041
26.962
20.461
23.631
22.954
25.451
26.143
25.995
27.035
27.337
27.457
27.303
27.451
22.183
24.156
7.326
5.785
26.292
27.093
26.549
27.372
24.729
27.057
26.487
26.769
27.634
25.692
25.736
25.693
26.817
27.569
27.618
26.916
20.053
24.479
21.610
25.298
19.193
18.339
9.267
8.539
16.089
6.682
22.796
20.297
19.491
15.538
13.734
19.097
9.219
20.034
4.503
6.897
8.505
3.668
8.218
7.546
19.093
21.909
22.523
19.958
9.153
18.877
3.179
3.734
5.526
18.554
6.926
6.261
18.390
23.805
8.626
8.155
2.836
18.500
8.388
1.973
4.269
7.355
8.927
19.000
19.009
4.735
19.974
2.421
7.822
8.994
16.955
17.002
23.314
11.299
17.546
16.817
11.615
2.714
2.357
3.285
1.845
16.128
20.853
9.113
5.302
5.104
5.395
15.423
18.791
3.253
17.632
21.272
20.272
19.313
15.640
8.265
8.597
18.561
23.371
22.421
14.882
17.739
19.156
8.427
14.960
21.327
20.255
13.623
19.854
20.164
18.502
21.509
21.127
15.764
13.617
21.367
18.819
16.845
11.699
19.918
20.201
21.754
21.667
21.890
21.901
21.708
21.628
21.294
21.226
21.177
21.330
21.064
18.364
14.306
11.497
20.281
18.046
20.087
19.880
19.781
17.339
13.040
17.958
19.177
19.356
19.240
18.754
19.013
18.942
18.861
18.801
18.912
18.817
18.605
18.721
18.531
18.126
7.579
14.308
18.063
18.060
17.954
17.766
17.595
17.359
17.316
17.205
17.077
17.198
17.122
16.894
16.460
16.773
16.161
17.043
17.098
16.970
16.858
16.553
9.584
16.047
16.406
16.212
16.277
15.884
3.022
11.123
15.802
16.067
15.197
16.099
16.136
16.131
16.040
15.774
15.568
15.321
15.740
16.039
15.819
15.905
15.946
15.930
15.585
15.343
14.770
14.264
15.672
15.998
15.914
15.949
16.045
15.570
15.665
16.002
16.040
16.167
16.072
16.251
16.182
16.115
16.289
16.464
16.743
16.706
16.550
16.658
16.882
17.093
16.990
16.925
16.252
17.314
17.417
17.549
17.668
17.663
17.306
17.490
17.238
13.734
17.656
18.007
18.465
18.429
18.433
18.563
18.875
18.286
18.506
19.017
15.712
16.439
19.331
19.465
19.299
19.828
18.486
20.023
20.151
19.980
20.421
20.514
20.391
20.053
16.381
14.890
21.107
21.072
21.316
21.443
20.855
21.745
21.913
22.050
22.388
22.649
22.847
22.937
22.333
22.286
22.458
20.161
22.391
23.684
22.836
23.562
23.453
23.577
23.126
22.472
23.706
24.396
24.317
24.314
24.640
24.697
24.958
24.997
25.162
25.008
24.674
22.180
25.569
25.963
25.720
25.153
25.302
25.601
25.754
25.763
25.939
26.260
26.293
26.334
26.189
15.199
24.027
23.921
24.011
14.947
22.383
26.488
26.667
26.930
26.492
26.831
27.179
27.216
26.778
27.037
26.823
26.972
19.549
26.092
27.170
14.860
24.041
16.242
24.457
27.057
27.337
27.326
27.398
27.412
27.414
27.255
27.104
27.207
27.284
26.204
26.972
18.840
27.685
27.794
27.874
27.928
27.685
27.348
25.396
10.367
17.880
12.325
18.805
25.700
12.195
5.575
11.911
19.919
26.688
27.073
27.323
27.303
27.048
26.851
26.312
21.327
19.944
20.909
23.613
21.711
21.256
14.905
15.245
21.833
22.999
7.585
6.944
11.093
14.166
21.256
7.084
17.277
9.628
13.228
2.329
7.760
11.302
6.638
22.193
14.486
8.987
3.187
16.167
15.058
24.586
24.445
22.976
23.163
7.036
23.494
25.627
22.987
24.615
22.066
25.247
19.014
12.097
14.201
23.732
12.451
24.206
23.757
20.998
23.400
12.177
4.181
14.366
16.341
23.006
18.510
22.995
3.224
7.479
8.616
1.889
3.174
2.157
4.512
16.472
2.769
15.690
24.281
18.195
2.667
18.222
17.710
24.167
19.562
20.884
15.975
21.416
15.087
20.332
21.170
19.657
20.643
21.990
21.040
15.966
7.101
12.888
23.032
3.939
22.746
17.564
22.577
22.432
23.180
20.463
19.930
15.984
15.283
11.089
15.837
21.166
14.996
21.708
5.024
17.140
14.502
15.927
17.834
8.705
17.292
21.104
21.592
22.131
22.086
22.023
21.650
20.347
21.350
21.259
21.050
8.262
20.185
20.992
20.967
20.802
21.033
21.068
21.183
20.708
20.589
20.547
20.189
19.850
19.731
19.463
19.584
19.472
19.205
19.157
19.331
19.185
18.739
19.351
19.014
18.178
18.510
18.713
18.026
17.786
17.849
17.852
17.925
17.915
17.631
17.719
17.493
17.568
17.832
17.629
17.534
17.495
17.701
17.438
17.262
17.240
17.142
17.177
17.005
16.696
16.215
16.395
14.941
15.925
16.372
16.085
16.132
13.815
15.718
16.565
16.191
15.982
15.593
15.918
16.166
16.062
16.110
16.067
16.154
15.887
15.830
15.836
15.791
15.872
13.874
14.730
15.295
15.763
15.870
15.985
16.483
16.419
16.260
16.148
16.218
16.207
16.253
15.705
15.733
15.730
15.139
15.861
16.019
16.486
15.552
16.660
16.540
15.475
16.126
12.145
16.887
17.581
17.528
16.052
16.233
17.599
17.863
18.004
17.985
18.121
17.546
17.651
18.389
18.949
18.882
18.114
18.769
19.251
19.094
18.936
19.250
19.697
20.037
19.986
20.344
20.677
20.940
20.522
20.309
20.522
20.949
20.726
20.976
21.138
21.089
21.141
20.663
21.566
21.869
22.391
22.523
22.578
22.538
22.612
22.517
22.317
22.323
22.750
22.916
22.847
23.328
23.295
22.070
16.918
21.711
16.461
22.859
23.234
23.589
23.929
24.317
24.176
24.295
24.727
24.847
24.727
12.669
10.452
23.516
24.686
22.612
24.962
19.119
25.103
24.309
25.050
19.591
15.667
22.598
25.149
18.256
23.438
24.037
22.616
25.237
24.438
25.814
26.092
26.436
26.029
26.501
27.142
27.112
26.946
26.644
26.977
27.153
27.292
27.264
27.318
27.455
27.570
27.208
27.319
27.330
26.215
26.995
27.189
27.363
24.147
25.975
25.987
24.388
26.999
27.124
27.105
26.966
27.012
27.346
27.153
27.144
27.078
27.339
27.417
27.499
27.109
27.143
27.540
28.095
27.535
27.280
27.202
27.634
26.627
27.388
26.502
26.266
22.320
21.609
17.748
22.961
23.045
16.606
15.481
17.542
18.362
2.200
13.241
19.560
22.663
23.275
21.776
26.054
14.671
8.136
20.723
24.129
26.312
25.661
18.022
9.857
17.721
20.144
17.949
7.725
21.820
23.477
24.557
21.360
22.515
23.494
7.005
9.644
2.976
22.753
16.818
10.051
8.695
16.042
25.535
25.326
26.442
17.467
17.415
12.972
20.663
17.429
16.659
11.597
14.018
14.515
3.456
14.679
21.094
24.995
15.621
10.896
2.068
20.351
20.212
20.280
12.548
5.739
6.019
12.410
16.447
21.459
1.977
4.136
3.395
14.965
18.663
21.554
9.383
21.281
18.812
20.381
24.750
21.614
16.682
22.392
13.291
4.886
24.061
23.588
24.268
23.080
16.380
21.098
15.505
13.973
18.389
23.385
19.624
23.895
22.458
16.482
20.970
20.905
22.355
21.383
17.167
14.480
11.017
10.760
20.763
19.327
20.072
22.019
20.598
19.916
21.192
22.287
22.090
21.548
22.009
21.564
12.652
17.254
18.842
19.637
15.870
20.871
16.245
17.611
11.347
11.079
19.990
20.889
20.964
20.885
20.564
15.763
14.833
19.863
20.146
20.063
20.168
20.184
19.853
19.808
19.774
19.480
19.549
19.111
18.786
18.837
18.874
18.937
18.777
18.845
18.635
18.817
18.573
18.476
18.350
18.240
18.217
18.220
18.040
17.941
17.776
17.666
15.775
17.368
6.602
11.532
17.327
17.480
17.494
17.449
17.254
17.062
17.032
16.979
16.976
16.655
13.145
4.719
9.292
15.643
15.459
15.404
14.112
13.802
15.810
15.753
15.464
15.799
15.977
15.854
15.685
15.497
15.372
15.059
11.976
7.391
11.391
14.480
15.754
16.018
16.209
16.370
16.392
16.396
16.180
16.043
16.231
16.237
16.166
16.202
16.265
15.842
5.944
16.019
16.294
15.989
6.733
15.970
16.201
5.990
14.645
13.806
10.183
16.229
8.783
16.556
16.098
14.462
12.940
16.447
16.802
15.994
17.349
17.895
18.031
18.327
18.251
18.609
18.478
18.443
18.657
18.831
18.439
18.741
18.962
19.192
19.267
19.349
19.171
19.780
19.523
19.044
19.483
20.047
20.308
20.497
20.318
20.432
20.345
19.938
20.412
21.015
20.931
21.202
21.017
21.238
21.395
21.410
22.171
22.307
21.882
22.482
22.699
23.341
22.665
23.105
23.521
23.371
23.223
23.658
23.155
23.906
23.819
23.719
23.826
23.627
21.423
23.708
21.119
23.332
21.668
24.620
24.488
19.761
23.919
20.999
23.295
24.601
24.378
24.198
24.054
24.523
18.074
24.604
25.540
25.616
26.126
26.255
26.519
26.822
26.862
26.470
15.449
26.540
26.725
27.240
27.296
27.040
27.202
27.628
27.642
27.337
27.490
27.915
27.848
27.588
27.650
27.212
27.292
27.136
27.453
27.141
27.160
26.833
26.809
27.309
27.675
27.265
26.815
26.298
27.010
27.075
27.016
27.132
26.785
26.630
22.150
26.876
26.886
21.918
27.306
25.151
27.504
27.888
27.670
27.319
27.400
26.401
25.535
26.903
26.961
27.120
27.121
27.500
27.369
28.008
27.574
26.705
27.235
26.942
25.338
24.224
27.283
26.389
26.586
23.638
19.626
26.638
27.607
24.936
12.034
20.620
9.745
23.286
17.572
20.556
13.921
21.178
23.795
20.554
9.975
13.832
14.765
17.164
20.237
22.464
23.236
4.103
6.083
23.758
16.846
21.136
6.237
21.862
24.478
19.200
6.766
6.888
20.125
5.524
20.979
14.713
3.450
2.732
4.021
6.475
3.933
3.844
8.708
11.423
10.604
5.016
25.849
25.552
15.460
21.214
17.952
8.705
22.312
24.464
22.972
20.723
17.807
14.332
19.618
9.925
24.709
24.064
24.552
24.244
24.277
19.328
23.045
21.393
17.256
2.828
14.264
7.795
13.034
3.485
18.670
19.472
19.862
23.549
22.088
23.545
21.507
21.380
23.529
23.934
11.910
22.859
22.758
23.154
23.804
23.629
23.433
23.330
23.077
22.998
23.153
22.918
22.804
22.614
22.727
22.484
22.327
21.701
20.117
21.874
20.201
22.448
21.453
19.864
19.474
13.599
11.279
20.788
21.436
21.130
21.034
17.956
16.590
14.473
20.474
18.765
20.460
17.665
20.118
20.381
20.336
20.317
20.153
20.444
20.545
20.174
19.811
19.678
19.451
18.464
19.075
19.208
19.177
18.965
18.732
18.647
18.559
18.374
18.184
17.703
17.788
16.836
5.345
11.742
16.936
15.977
17.000
17.146
17.698
17.325
17.045
17.213
17.291
17.188
17.019
16.654
17.132
16.707
16.781
16.415
16.346
16.099
16.345
16.520
16.299
16.162
16.177
16.315
16.319
16.098
16.117
14.999
16.052
15.690
15.530
15.356
15.462
15.418
14.787
15.751
15.729
14.093
9.381
14.863
14.816
15.795
16.154
16.045
16.037
16.019
12.557
15.830
16.058
16.128
15.280
11.593
15.957
16.792
16.694
16.726
16.297
16.580
16.354
15.958
15.707
16.750
16.891
16.912
17.094
17.226
17.233
17.274
17.395
17.321
17.570
17.592
17.746
17.762
17.894
17.836
17.638
17.855
18.012
18.607
18.355
18.437
18.308
17.383
18.264
18.488
18.592
17.362
19.607
19.851
17.959
19.624
19.744
19.976
20.592
20.476
21.040
21.076
21.220
21.035
19.175
19.396
21.017
21.237
21.375
21.585
21.785
21.997
21.914
21.391
19.156
21.289
20.562
19.302
21.756
22.559
22.894
23.296
23.055
23.700
23.477
23.425
23.472
23.317
23.303
23.536
23.870
24.293
24.395
24.709
24.602
24.860
24.422
24.746
25.051
25.209
25.255
24.947
25.183
24.771
24.977
25.526
25.578
25.776
25.755
26.288
21.854
19.353
26.358
25.949
26.143
26.014
26.474
26.260
26.319
26.654
26.397
26.254
26.021
26.059
26.610
27.055
27.066
26.659
26.893
26.510
26.937
26.226
26.906
26.782
27.078
26.089
26.354
26.932
26.974
26.858
26.916
27.242
27.787
27.264
27.244
27.589
27.335
27.347
27.519
27.537
28.139
27.301
27.644
28.160
27.715
27.659
27.745
27.503
27.192
27.290
27.185
27.319
27.446
27.730
27.696
18.520
13.939
26.633
26.321
24.498
12.064
26.452
27.248
26.269
25.199
27.070
22.529
24.865
7.865
15.953
15.393
18.403
25.536
23.669
24.811
26.250
25.244
21.178
24.663
16.728
13.982
22.673
24.165
26.556
25.183
17.035
15.693
15.629
5.492
14.831
21.712
19.383
25.576
23.217
17.461
6.618
16.772
25.471
25.188
17.692
19.518
20.391
13.224
19.719
20.910
20.191
9.091
5.292
2.992
16.043
4.185
14.902
23.300
24.652
19.833
1.611
8.759
14.023
12.413
9.597
6.538
21.640
18.759
11.502
21.231
24.005
24.147
20.076
12.435
22.165
22.064
24.282
21.221
12.277
14.911
22.364
18.356
22.273
18.920
24.379
20.589
23.086
23.924
22.197
19.933
20.347
13.251
19.800
23.187
21.871
10.520
20.666
13.523
19.417
20.778
7.315
11.709
7.178
9.314
20.832
21.197
22.792
20.625
19.650
20.129
22.842
22.896
22.829
22.376
22.830
22.914
21.318
22.373
22.242
19.006
21.850
22.039
21.675
21.758
20.926
18.214
21.759
21.560
21.557
21.603
21.035
20.489
19.933
19.014
18.953
20.242
20.594
20.340
19.340
15.839
13.178
19.639
19.496
19.787
19.685
19.348
18.954
19.237
19.190
18.716
14.000
17.773
18.887
18.791
19.051
18.888
18.570
18.338
18.442
15.913
15.716
14.064
7.153
11.011
15.895
16.595
12.503
14.984
16.021
15.696
16.176
17.119
15.241
1.611
3.168
3.149
14.326
16.184
16.174
16.375
16.138
16.152
16.190
16.169
16.571
16.330
15.891
16.040
16.324
16.652
16.255
16.179
16.389
16.273
16.163
16.153
16.253
16.229
16.186
16.210
16.370
16.315
16.347
16.364
15.840
15.968
16.179
16.162
13.164
1.967
13.685
15.568
16.464
16.590
16.549
16.816
16.477
16.437
16.702
16.567
16.527
16.854
16.997
16.600
16.444
16.106
16.259
16.967
17.306
17.037
16.501
16.978
17.217
17.017
17.069
16.618
16.533
17.703
18.262
18.127
17.607
17.767
17.797
18.187
18.163
18.225
18.509
18.820
18.618
18.747
18.333
18.601
19.209
19.085
19.238
19.362
19.302
19.452
14.904
19.967
19.937
20.165
20.397
20.292
21.031
20.238
20.952
21.170
21.206
21.036
21.782
21.491
21.109
20.383
20.250
21.506
22.124
22.097
22.216
22.258
23.159
23.564
23.831
23.608
23.470
23.509
23.294
23.763
23.625
24.013
24.352
23.686
24.234
24.425
24.260
24.217
24.596
24.864
25.126
25.214
24.903
25.217
25.212
24.892
24.591
26.021
25.774
25.787
25.161
25.352
25.827
25.453
25.317
22.775
23.173
24.757
25.230
25.360
25.218
25.530
26.310
26.941
26.779
26.607
27.193
27.435
27.618
27.155
27.158
26.779
26.811
26.427
26.688
18.856
26.813
26.676
26.620
26.544
27.639
27.060
27.182
27.429
27.091
27.302
26.734
27.166
27.521
25.432
25.687
21.043
26.836
27.405
26.912
26.922
26.821
26.812
27.093
27.180
27.043
27.146
27.222
27.474
27.559
27.314
27.317
27.251
22.208
22.080
25.379
25.892
20.845
25.189
25.564
24.715
25.158
26.535
26.498
20.790
25.869
24.646
25.476
22.475
23.282
25.433
23.904
23.908
15.217
13.020
26.505
24.011
20.037
5.774
21.023
13.556
12.486
25.959
25.385
25.649
21.693
6.252
23.696
17.305
2.716
0.716
22.516
26.138
21.832
2.825
1.677
13.285
21.814
14.604
21.656
23.961
14.377
14.868
1.964
5.495
10.301
21.845
23.789
18.577
10.383
18.784
14.205
14.687
22.772
1.812
20.780
20.196
23.442
15.488
2.294
0.921
2.921
4.068
2.324
2.689
5.514
19.289
4.366
19.829
13.228
17.928
20.656
22.064
21.764
23.169
19.114
17.511
17.023
22.094
22.435
19.327
21.897
21.913
8.203
21.584
21.490
9.632
1.993
4.016
1.273
16.652
10.396
19.614
8.775
16.375
13.674
22.112
22.545
21.928
19.563
13.488
22.228
21.731
22.660
22.312
20.973
21.930
21.946
21.805
21.882
21.833
21.679
21.759
21.867
21.920
21.899
21.716
21.533
20.798
20.439
14.201
20.937
20.839
17.996
18.647
19.773
19.816
20.066
19.914
19.536
20.022
20.447
20.008
19.315
20.108
19.934
19.646
19.506
19.549
19.230
19.320
19.131
19.080
19.093
19.008
18.678
17.479
16.457
18.009
18.116
18.002
16.779
17.844
17.798
17.623
17.441
17.454
17.576
17.371
17.360
17.361
17.387
17.512
17.423
17.045
17.071
17.027
16.544
16.523
16.449
14.655
15.449
15.475
15.206
16.058
15.853
15.704
15.859
15.966
16.233
16.172
16.196
15.836
16.416
16.969
16.702
16.352
16.258
16.212
16.239
16.071
15.943
16.008
16.186
16.045
15.654
15.824
16.108
16.261
16.152
16.109
16.090
16.243
16.182
15.742
16.097
16.027
15.919
15.983
15.465
13.678
16.602
16.560
16.386
16.627
16.449
16.702
16.816
16.640
16.536
14.773
17.046
17.427
17.175
17.414
17.443
16.824
17.489
17.241
17.427
17.616
17.723
17.902
18.246
18.161
18.500
18.626
18.649
18.401
18.314
18.462
18.643
19.144
20.358
19.871
19.488
19.449
19.339
19.308
19.657
20.022
19.958
20.157
20.034
20.273
20.699
20.517
20.681
21.074
21.626
21.865
21.563
21.549
22.249
22.585
22.176
21.678
21.842
21.987
22.323
22.691
23.172
23.762
23.956
24.088
23.825
23.686
23.914
23.620
23.677
23.759
24.318
23.899
24.242
24.637
25.529
25.457
25.498
25.602
25.479
24.914
24.587
24.394
25.013
24.828
24.888
25.017
25.071
24.984
24.919
25.147
25.260
25.309
25.169
25.857
25.484
25.200
25.339
25.590
22.586
25.803
25.018
25.234
24.228
25.335
4.059
26.089
26.844
26.782
26.140
26.324
26.698
26.944
27.092
27.178
27.286
27.922
27.617
27.035
27.094
26.276
24.840
24.882
17.284
19.797
24.186
26.933
27.019
26.904
25.588
27.254
27.370
27.157
27.317
27.279
27.534
27.467
27.221
27.783
27.430
27.628
27.809
27.494
27.576
27.632
27.587
27.517
27.192
27.209
27.253
27.083
27.407
27.217
26.579
25.410
26.122
23.969
20.063
17.479
17.962
16.694
12.869
22.462
25.663
26.967
26.200
26.697
26.804
25.444
25.344
24.961
24.798
26.859
24.036
25.173
24.444
23.600
21.532
16.336
25.056
18.677
8.134
23.574
24.661
24.318
18.607
2.957
20.165
9.123
5.693
4.709
19.926
21.440
12.909
22.340
6.622
12.050
23.557
22.446
9.230
13.861
18.792
12.638
20.226
19.999
19.959
11.487
8.187
3.810
5.386
10.518
15.479
20.190
24.979
17.505
12.690
20.743
22.830
14.685
16.202
8.329
13.609
7.948
6.471
5.346
18.085
23.641
15.119
6.588
15.156
13.857
5.267
4.110
15.662
21.353
19.135
23.600
23.514
22.664
22.296
23.265
21.671
22.170
22.570
21.829
1.863
1.767
8.984
12.599
20.299
3.314
19.944
11.458
21.985
21.347
20.985
18.695
22.165
22.181
21.428
20.705
20.597
20.809
21.710
22.276
17.154
21.081
21.182
21.541
21.626
21.520
21.461
15.097
21.375
21.067
19.407
15.967
20.181
21.592
20.973
20.990
20.727
20.651
20.471
20.473
20.256
18.814
19.876
19.973
18.800
19.316
18.912
19.739
19.621
19.597
19.621
19.533
19.480
19.293
19.082
19.057
18.775
19.353
18.998
18.742
18.691
18.281
18.102
17.982
17.939
17.727
17.684
17.581
17.369
17.349
17.472
17.496
17.424
17.129
17.054
16.955
16.931
16.818
16.607
16.611
16.653
16.606
16.482
16.453
16.398
16.507
16.025
15.852
15.895
15.843
15.857
15.742
15.867
16.266
15.806
16.102
16.007
15.607
15.528
15.213
15.410
15.541
14.936
15.725
16.164
16.355
16.049
16.057
16.165
16.219
16.179
16.157
16.052
15.574
15.726
16.190
16.208
16.419
16.408
16.409
16.556
16.568
16.641
16.719
16.518
16.563
16.343
16.407
16.189
16.507
16.264
15.872
16.490
17.395
17.451
17.809
17.698
17.733
17.868
18.289
18.061
18.229
18.634
18.069
18.251
15.826
15.515
17.694
17.567
17.824
17.955
18.706
19.402
19.477
19.952
19.857
19.294
19.036
19.266
18.532
18.600
19.512
19.992
20.313
20.204
20.210
20.380
20.408
20.584
20.780
21.484
21.540
21.664
21.989
22.480
22.657
22.881
22.958
23.012
22.844
22.731
22.876
22.966
22.968
22.871
23.289
23.692
23.418
23.545
23.186
22.196
23.668
24.155
24.051
23.875
24.524
19.384
24.319
24.561
24.979
23.631
17.787
24.524
24.622
24.963
24.491
25.297
25.202
25.328
25.232
25.839
25.957
25.806
24.367
19.439
25.831
25.963
26.581
26.226
26.075
26.309
26.313
26.055
25.510
26.100
24.755
26.074
23.748
20.052
17.889
25.415
26.489
26.743
26.479
26.530
26.743
27.261
27.641
27.094
26.854
27.355
27.001
27.044
27.780
27.816
27.038
27.198
27.030
25.146
27.197
27.067
27.456
27.422
27.465
27.673
27.360
27.842
27.987
27.355
27.352
27.226
27.176
25.049
26.971
27.364
27.354
23.120
25.072
20.290
23.365
9.148
21.917
23.186
21.956
25.372
24.067
22.566
24.949
19.821
24.250
21.723
22.743
19.255
18.029
2.338
26.399
23.681
24.974
26.004
25.815
25.634
24.034
18.621
25.433
24.256
20.078
25.365
18.794
24.969
11.994
13.395
14.714
23.727
8.767
22.695
13.033
15.827
10.055
15.132
15.001
7.169
2.799
22.780
7.747
5.986
12.944
9.493
17.973
15.375
13.502
25.597
21.374
13.508
21.480
2.674
3.637
12.707
17.185
3.312
25.192
3.349
15.963
21.426
15.719
6.705
3.938
7.357
5.710
13.819
16.612
1.224
7.109
12.018
16.141
20.263
22.579
24.529
23.624
4.002
20.030
19.457
3.681
7.103
19.733
23.951
22.651
20.374
23.167
23.795
23.070
23.266
23.663
23.661
23.993
23.659
22.163
23.457
23.661
21.473
20.150
17.083
15.429
17.556
16.278
20.841
13.837
15.724
22.683
23.125
1.626
12.689
18.452
18.687
10.074
1.503
17.758
7.466
12.029
19.217
20.813
20.673
10.365
21.131
20.847
16.916
19.999
19.997
19.359
20.162
20.180
20.216
20.061
20.146
20.145
20.216
20.287
19.925
19.924
19.987
19.817
19.874
19.756
19.718
19.692
19.268
19.264
19.205
19.055
18.889
18.707
18.662
18.407
18.270
18.273
18.256
17.929
17.176
17.920
17.828
17.791
17.953
17.710
17.466
17.442
17.509
17.644
17.877
17.778
17.592
17.372
17.096
17.020
17.027
16.807
16.869
16.664
16.011
16.207
16.328
16.448
16.607
16.475
16.727
16.323
16.246
16.152
16.115
16.187
16.367
16.254
16.110
16.140
16.236
16.380
16.374
16.128
16.095
15.639
16.043
16.163
16.133
15.806
15.664
15.485
15.385
15.297
15.811
16.331
16.096
14.816
16.402
15.433
14.026
10.582
15.904
16.457
16.533
16.082
15.897
16.356
16.463
16.365
16.821
16.362
16.294
17.152
16.873
16.909
17.162
17.281
12.246
14.334
16.169
17.356
17.104
17.385
17.523
17.778
17.716
18.041
18.316
18.230
17.959
17.727
17.897
18.188
18.120
18.392
18.666
19.345
19.997
19.266
19.839
19.749
19.298
17.175
15.500
20.308
20.632
20.746
20.775
20.177
6.494
21.199
21.001
17.293
20.518
18.036
21.768
21.685
22.381
21.991
21.089
22.030
22.019
22.121
22.359
22.380
22.323
21.964
22.479
22.986
22.534
23.316
23.274
23.465
23.268
24.519
24.842
24.943
24.383
23.678
23.634
24.157
24.414
23.950
23.935
24.937
24.577
24.508
24.702
25.229
24.868
24.986
25.451
25.830
25.474
25.034
26.341
26.853
26.726
26.307
26.211
25.832
25.637
25.891
25.886
25.767
25.761
24.852
18.423
26.202
26.460
26.704
26.524
26.498
26.058
26.620
26.782
26.956
27.404
27.433
27.279
26.728
26.770
23.511
26.232
27.144
27.315
27.958
26.904
26.781
26.876
26.791
26.914
25.895
15.200
26.330
27.203
27.233
27.728
27.711
27.619
27.384
27.369
26.181
25.103
27.651
26.235
27.347
27.426
27.149
26.756
27.376
24.183
24.407
26.588
27.391
27.437
27.558
27.663
27.249
24.670
24.810
26.676
24.852
23.723
26.570
24.415
24.340
20.531
26.796
27.256
23.632
25.045
27.031
26.654
26.576
27.143
26.883
27.055
26.884
26.393
25.791
12.839
20.720
24.712
25.774
26.772
26.930
22.899
15.205
17.359
17.773
16.499
22.762
22.246
17.052
22.182
6.855
17.087
24.367
24.568
20.196
3.487
0.855
0.809
9.712
16.055
2.586
3.622
21.593
11.826
