20000101
16.154
16.090
16.276
16.333
16.243
16.384
16.242
16.455
16.036
16.074
16.584
16.478
16.516
16.951
17.376
17.362
17.170
16.853
17.127
17.243
17.002
17.137
17.083
17.443
17.424
17.670
17.946
18.510
18.546
18.704
18.784
18.099
18.373
18.239
18.093
19.008
18.921
19.218
19.281
19.246
19.082
19.728
20.128
20.075
20.290
20.422
20.434
20.829
20.819
19.969
15.565
20.921
20.671
14.390
4.707
21.640
22.126
21.757
21.857
21.669
21.536
21.803
22.121
22.380
22.856
23.216
23.320
23.495
23.856
23.647
22.815
23.107
23.277
24.375
24.037
23.718
23.295
24.841
25.055
24.886
24.115
22.941
24.947
25.284
25.268
25.265
25.626
26.125
25.913
25.387
25.073
25.308
25.701
26.016
25.834
26.101
26.547
25.816
25.805
26.573
26.488
26.015
26.134
26.209
26.157
26.033
25.028
26.721
27.073
27.223
27.064
26.562
26.441
20.202
26.341
26.437
26.759
26.638
26.832
26.739
27.103
27.276
24.621
27.230
27.251
27.235
17.405
23.376
18.881
19.850
21.107
22.958
17.367
19.629
15.529
23.826
25.691
23.420
16.944
11.942
23.470
24.274
27.165
27.116
27.381
27.441
27.542
27.529
27.641
25.647
18.904
17.981
26.552
27.305
12.769
21.103
9.926
24.483
23.547
23.562
20.451
27.235
26.649
23.340
23.099
26.428
26.872
27.361
27.441
27.497
26.602
22.394
22.676
23.484
23.185
24.882
27.135
27.247
27.137
19.316
20.765
12.471
12.227
22.680
22.427
9.228
21.085
19.423
23.595
4.424
24.809
19.433
13.053
10.725
7.141
6.665
2.577
5.450
18.721
24.820
12.290
9.915
2.862
20.964
21.835
26.423
26.599
25.837
26.510
24.850
3.857
16.852
22.618
22.791
25.942
13.153
26.198
26.255
26.007
23.535
15.821
23.120
16.400
8.962
23.183
3.265
2.715
15.486
13.234
8.148
24.160
3.829
17.556
6.789
19.011
23.223
24.349
19.061
23.687
22.940
23.781
20.784
10.123
6.144
17.644
23.440
18.393
12.195
2.937
22.533
23.607
22.268
23.775
23.655
23.698
23.753
23.132
20.233
22.997
22.525
23.217
23.141
22.606
21.199
17.691
18.268
13.744
8.882
10.287
15.845
18.232
22.145
22.440
22.098
22.440
22.416
22.315
22.255
21.872
21.751
21.472
14.583
13.672
16.325
18.394
18.053
16.939
18.162
21.010
21.670
21.296
20.998
20.871
20.823
20.677
20.493
20.117
19.604
19.519
19.332
19.533
19.751
19.785
19.772
19.698
19.588
19.319
19.208
18.835
18.559
18.440
17.718
17.932
17.930
17.963
17.889
17.235
17.766
17.678
17.711
17.343
17.293
17.415
17.518
17.658
17.391
17.318
17.095
16.601
16.730
16.705
16.418
16.771
16.792
16.877
17.338
17.403
17.189
16.943
16.663
16.484
16.382
16.372
16.319
16.254
16.183
16.113
16.059
16.236
16.176
16.127
16.128
15.986
15.830
15.963
16.267
16.270
16.455
16.340
16.344
16.430
16.406
16.415
16.339
2.176
15.725
16.124
16.211
16.311
16.354
16.591
16.323
16.453
16.619
16.777
16.763
16.560
16.643
17.061
17.216
16.905
16.935
16.642
17.089
17.054
17.130
17.418
17.310
18.330
18.527
18.555
18.655
18.477
18.085
18.169
17.229
18.301
18.422
19.178
19.440
19.458
19.669
19.719
19.794
19.837
19.834
19.742
19.813
20.234
19.648
20.156
20.242
20.387
20.364
20.591
20.392
20.571
21.608
21.232
20.895
21.054
20.351
21.455
21.384
21.875
21.736
22.541
22.441
20.824
23.172
23.209
23.089
23.334
23.651
23.623
23.287
14.471
13.686
23.108
22.684
23.391
23.890
24.265
22.972
23.524
22.774
22.108
8.237
21.979
23.168
24.555
24.325
24.300
25.213
25.847
25.362
25.554
25.777
25.745
25.684
26.183
26.442
25.598
26.071
26.540
26.511
24.293
24.120
11.827
21.465
21.861
20.637
14.091
12.632
15.621
26.403
26.922
27.209
27.464
26.567
27.522
27.505
27.621
27.255
27.386
26.706
27.219
27.344
27.461
25.349
27.250
27.054
26.910
27.471
27.382
27.401
27.657
27.618
27.534
27.468
27.434
26.983
27.094
23.213
23.240
25.227
26.471
19.758
27.389
27.541
24.410
23.656
24.700
21.324
24.381
22.903
25.434
14.041
17.585
17.381
23.548
22.161
10.166
15.384
16.392
19.055
17.449
19.573
10.601
22.876
20.101
22.764
15.221
16.370
20.353
21.945
26.633
27.219
27.372
26.928
25.183
18.822
18.494
22.296
25.887
16.313
13.648
4.144
16.310
19.408
1.429
13.960
22.435
26.031
11.940
23.651
18.176
1.995
10.008
10.662
15.546
5.504
4.666
3.906
6.699
16.291
12.568
4.418
11.238
12.094
16.826
14.492
13.764
23.661
20.018
9.426
11.567
21.104
23.406
25.699
20.438
12.612
24.705
24.610
22.252
23.751
24.560
17.602
23.879
21.218
22.761
23.049
23.487
4.360
1.882
3.511
24.933
18.082
22.600
5.206
13.640
23.075
21.919
24.192
24.882
24.878
22.915
19.921
24.465
22.760
23.764
23.012
22.437
23.934
23.557
12.553
22.803
19.796
23.723
23.598
23.518
20.710
15.867
16.623
13.165
7.813
19.253
15.000
6.129
16.474
11.414
8.978
11.875
19.247
21.417
22.516
22.651
21.926
22.329
21.747
8.579
13.424
12.031
13.478
17.757
19.268
20.349
20.333
19.015
18.524
3.062
19.821
13.867
20.601
19.949
20.920
21.090
20.735
20.631
20.505
20.218
20.305
20.216
20.041
19.787
19.613
19.548
19.357
19.071
18.898
18.989
18.913
18.874
18.737
18.689
18.426
18.347
18.252
18.683
18.710
18.551
18.247
18.320
18.358
18.252
17.796
17.540
17.185
17.292
17.071
16.902
17.278
17.162
17.201
17.229
17.168
17.016
17.073
16.871
16.840
16.837
16.759
16.514
16.614
16.575
16.299
16.168
16.125
16.032
15.700
15.635
15.991
16.117
16.142
15.848
15.799
15.714
15.731
15.836
15.960
16.527
16.658
16.595
16.452
16.111
15.943
16.029
16.198
16.214
16.074
16.299
16.384
16.348
16.426
16.508
16.540
16.282
16.077
16.564
16.780
16.719
16.520
16.591
16.619
16.158
15.469
16.610
17.038
15.485
17.300
17.336
17.415
17.418
17.602
17.621
17.362
16.315
18.163
18.744
18.693
18.891
18.976
18.688
18.725
19.154
18.398
18.619
18.794
19.740
20.036
20.208
4.894
16.801
20.351
20.221
20.122
20.109
19.917
18.326
14.176
20.317
20.570
20.454
20.827
20.708
21.235
21.612
21.576
21.425
21.290
21.300
21.586
22.593
22.311
22.142
22.568
22.198
22.089
21.139
20.771
20.511
11.010
18.228
10.085
20.811
23.344
24.268
24.210
24.279
22.397
17.870
24.293
24.487
24.426
24.348
24.653
25.298
25.693
25.928
25.944
25.514
24.668
26.385
26.548
25.918
25.156
20.022
11.376
7.569
25.661
26.086
26.209
26.378
26.216
25.684
25.799
26.494
26.150
24.946
24.838
22.822
26.831
27.179
25.936
27.204
27.423
28.665
28.042
27.550
27.935
27.775
27.817
28.103
28.210
27.765
24.865
28.245
27.900
27.573
24.039
26.644
26.888
27.223
26.988
27.266
27.241
27.351
23.384
27.128
28.013
27.617
27.593
27.505
27.271
27.087
27.602
27.720
27.835
27.290
22.524
11.695
22.691
23.979
17.572
21.489
24.372
25.864
27.516
27.087
27.168
27.697
24.946
12.118
17.553
19.964
16.997
17.900
21.370
26.426
21.744
20.939
23.863
21.768
19.577
23.094
19.857
8.535
8.455
18.407
21.401
3.899
7.083
26.297
26.830
26.787
24.546
27.091
25.619
24.294
24.931
26.884
17.751
15.477
24.494
23.187
22.504
14.179
9.701
24.656
17.004
24.225
13.613
9.666
5.691
5.197
8.209
4.535
10.472
20.936
26.412
26.077
26.552
25.483
15.913
17.181
15.025
9.045
4.344
10.119
20.335
4.352
21.739
19.918
19.696
4.000
3.172
4.495
5.958
5.198
19.752
21.873
20.586
24.839
15.894
22.029
18.197
23.340
7.788
9.714
7.614
21.813
22.880
7.536
22.300
23.446
22.567
21.938
19.157
14.692
16.487
19.155
23.605
18.989
19.537
9.782
24.073
23.766
23.898
23.589
23.624
23.470
23.009
15.434
15.663
13.063
13.604
17.133
13.228
10.261
14.995
17.250
17.697
8.207
18.797
18.148
22.271
22.014
22.142
22.285
22.014
21.891
21.643
21.567
21.237
20.330
16.225
20.565
20.867
20.681
20.222
20.061
20.386
20.386
19.966
20.133
19.319
20.192
20.057
19.979
19.903
19.957
19.796
19.306
19.061
18.901
19.285
19.244
18.892
18.810
18.680
14.088
16.958
18.151
17.567
16.175
16.879
17.576
16.801
17.375
17.834
17.960
17.766
17.538
17.357
17.397
17.118
17.107
16.934
11.243
16.775
16.999
16.948
16.333
16.181
16.744
16.796
16.790
16.424
16.768
16.488
16.117
15.810
15.856
16.124
16.106
16.269
16.050
15.904
15.788
15.685
15.739
15.815
15.830
15.383
15.618
15.764
16.060
16.012
15.586
16.012
15.658
15.741
15.992
16.139
13.664
15.987
16.126
16.273
14.582
16.024
16.070
15.833
16.255
16.538
15.469
15.528
16.301
15.717
16.728
17.356
17.253
17.455
17.746
17.560
17.488
17.105
17.235
17.343
17.444
17.572
16.926
14.237
15.716
17.441
17.917
17.922
10.715
18.257
17.974
17.999
18.558
18.821
18.787
19.244
18.994
19.081
19.045
19.449
19.873
19.892
20.032
20.044
19.458
13.555
14.459
20.472
20.327
20.511
20.173
19.884
20.994
18.760
20.835
21.043
21.217
21.256
21.375
22.695
23.700
23.041
23.197
23.384
23.304
23.019
22.926
23.069
23.945
23.586
23.303
22.163
23.809
12.135
23.499
24.189
23.996
24.457
23.829
24.235
24.478
24.277
24.842
24.593
24.216
24.669
25.033
25.087
24.990
25.116
23.144
24.817
19.709
25.233
25.751
25.796
26.076
17.878
15.719
18.148
25.869
26.136
25.679
25.741
18.120
25.645
26.653
26.528
26.525
27.104
27.253
27.352
27.274
27.125
27.318
27.729
27.695
27.519
27.482
27.852
27.486
28.517
27.978
27.612
27.779
28.168
28.277
27.998
27.836
27.681
27.638
28.362
28.532
27.805
27.654
25.366
27.291
27.145
27.179
27.525
24.960
25.003
27.399
27.673
14.717
27.437
19.174
27.656
28.099
27.450
22.318
21.236
27.690
27.453
27.486
27.271
26.307
27.154
27.616
27.341
27.445
18.738
21.513
17.146
22.222
19.881
7.542
17.408
8.841
15.164
16.650
19.510
17.996
10.453
13.896
22.019
22.046
23.273
24.534
15.467
9.214
16.908
16.807
3.023
20.199
21.081
21.101
14.329
11.303
6.375
23.706
14.374
23.261
18.179
7.204
23.842
22.073
24.113
13.077
10.352
7.385
13.553
5.431
7.934
10.038
17.297
3.675
5.738
8.856
10.865
10.449
15.586
12.686
15.560
22.661
23.807
25.245
22.308
22.284
22.509
6.455
22.510
22.343
25.320
20.549
13.693
23.780
23.804
21.234
22.755
20.226
17.892
10.283
13.443
11.443
4.977
13.053
17.373
21.178
0.631
8.547
5.056
14.114
11.110
22.607
18.516
17.207
4.832
16.502
22.857
21.681
12.494
23.074
18.751
18.617
12.110
16.937
7.893
19.259
18.863
20.773
12.991
17.267
10.394
12.688
8.840
16.618
21.878
13.457
19.535
13.518
13.122
12.724
11.110
22.339
22.250
22.233
21.372
20.812
16.537
21.153
21.604
20.038
21.214
20.983
20.997
20.394
20.285
20.311
20.577
20.506
20.214
20.221
20.155
20.125
20.036
19.891
19.740
19.431
19.295
19.142
19.036
19.251
18.774
18.397
18.183
17.137
18.103
17.296
17.936
18.050
18.388
18.590
18.164
17.721
17.551
17.469
17.317
17.049
16.910
17.012
17.391
17.068
17.139
17.381
16.226
16.060
16.431
16.404
16.646
16.127
16.711
16.581
16.826
16.561
16.471
16.312
16.032
16.318
15.761
15.920
15.845
15.928
15.610
15.655
15.683
15.664
16.289
16.132
15.980
15.943
15.768
15.967
15.855
16.156
16.041
15.974
15.780
16.383
16.353
16.217
16.166
16.207
16.070
16.130
16.117
15.866
15.467
15.509
6.446
16.148
16.291
16.188
16.333
16.365
16.432
16.492
16.355
16.293
16.764
17.022
17.197
13.738
16.460
13.828
12.399
16.553
16.667
17.693
17.966
17.815
17.562
9.942
17.647
18.473
18.970
19.338
18.993
19.298
19.704
19.606
19.358
19.490
19.404
19.795
19.811
19.466
19.792
20.051
20.213
20.459
20.510
20.230
20.536
20.873
21.068
21.227
21.381
21.367
21.717
21.615
21.870
22.193
22.191
22.353
22.220
22.159
21.000
23.159
23.486
23.734
23.327
23.478
23.482
23.419
23.389
23.723
23.643
23.942
24.194
24.567
24.570
24.890
24.379
24.476
24.308
24.513
25.082
24.964
25.385
24.990
25.304
25.392
25.518
23.447
25.256
23.707
24.595
25.442
25.165
25.594
24.929
25.450
25.607
25.593
26.209
25.773
25.906
26.120
26.327
26.542
25.594
26.303
26.347
26.778
26.507
27.257
27.106
27.097
27.311
27.001
26.800
27.114
26.599
28.598
28.157
28.016
28.224
27.775
27.789
24.698
10.757
7.403
10.397
19.735
16.297
20.551
9.604
26.634
27.051
12.034
27.451
27.769
27.903
27.587
27.577
27.423
27.517
27.601
27.297
27.759
27.834
28.004
27.974
27.797
27.805
20.711
27.629
25.831
25.992
27.599
26.819
9.704
10.731
13.653
23.512
16.527
7.052
15.030
8.113
7.528
18.014
7.830
27.003
26.657
27.118
27.032
25.758
24.880
24.053
17.560
16.935
22.651
23.671
25.910
22.550
14.632
24.273
7.162
11.952
15.862
22.029
25.056
16.898
20.489
25.402
26.765
26.959
26.537
17.725
18.270
8.277
21.228
22.070
20.746
25.499
25.610
21.115
18.099
14.981
10.529
5.537
18.844
7.871
10.596
12.609
20.764
12.267
17.293
7.921
6.193
13.466
16.014
2.301
8.971
12.264
3.501
11.877
16.806
2.081
21.057
9.916
18.018
8.870
22.241
21.046
22.729
22.102
7.798
19.190
23.017
24.643
24.102
24.702
21.152
24.571
24.597
24.173
19.830
16.293
14.108
19.293
22.121
21.770
23.808
23.323
23.717
23.650
18.069
23.253
13.322
20.009
21.884
16.117
14.263
18.688
13.067
16.582
14.469
17.435
14.401
17.902
17.964
20.436
18.713
17.225
12.148
20.060
15.359
15.121
20.253
20.558
17.419
19.217
20.330
17.357
20.005
20.705
21.326
20.968
20.725
20.944
20.887
20.770
20.564
20.234
20.065
18.892
20.124
19.952
20.018
19.659
19.832
19.426
17.727
14.353
19.328
18.987
16.127
18.067
17.801
18.812
18.743
16.470
16.820
18.218
18.375
17.589
13.917
17.521
17.634
17.597
16.978
17.322
16.764
15.157
17.181
17.128
16.972
17.017
16.819
16.647
16.519
16.499
16.401
16.421
16.587
16.510
9.112
16.311
15.844
14.822
15.937
15.885
15.691
15.840
15.567
14.643
15.232
16.083
15.928
15.812
16.017
16.203
16.222
16.144
16.111
15.096
15.627
15.319
15.717
14.141
15.750
15.998
15.845
15.574
13.770
13.537
13.345
16.379
16.277
16.427
16.180
15.981
16.085
16.584
16.479
16.303
16.341
16.855
16.870
16.751
16.365
15.070
9.628
17.292
17.361
17.217
17.172
10.252
17.574
17.317
16.985
10.688
17.266
6.183
18.260
17.828
17.028
17.312
18.610
18.754
18.548
18.541
18.128
18.672
17.642
18.190
18.958
18.924
19.245
19.233
19.107
19.408
19.278
20.084
20.217
21.090
21.614
21.711
21.328
21.866
21.606
21.172
21.126
21.129
21.207
20.790
20.007
16.784
21.336
19.837
22.195
21.397
16.849
20.362
14.986
17.066
22.794
22.994
23.626
23.764
23.457
23.316
24.264
24.380
24.075
23.958
23.968
24.470
24.876
24.708
24.693
23.576
24.680
24.668
25.096
26.276
26.002
26.417
26.249
26.339
26.292
26.386
26.154
26.116
26.752
26.727
27.764
27.489
27.274
27.207
27.025
26.616
25.289
26.281
27.498
27.304
27.236
26.492
21.024
24.516
24.164
23.860
26.651
26.528
25.416
14.763
10.187
15.001
23.544
13.612
14.856
15.554
15.954
23.251
26.874
27.580
27.773
28.221
28.277
27.814
27.920
27.538
27.540
27.539
26.200
26.672
27.587
23.824
27.993
21.293
25.215
27.830
28.000
12.472
21.316
19.555
17.891
27.901
27.838
27.763
28.110
23.643
25.870
27.452
27.600
20.194
23.127
27.758
25.602
24.549
10.081
27.134
26.959
27.365
27.406
24.584
19.048
20.190
24.471
17.874
23.154
20.350
17.295
18.228
23.801
14.265
18.437
18.762
22.825
24.078
19.814
25.085
23.221
20.302
11.041
18.043
16.613
7.814
23.238
4.545
22.408
22.656
23.396
4.721
6.332
23.244
22.328
24.224
26.495
23.372
23.984
5.458
17.109
14.303
14.523
8.136
10.695
8.641
21.845
18.292
18.096
12.986
10.102
21.278
5.674
13.080
10.694
12.123
24.666
24.336
24.826
11.005
20.440
24.391
8.902
9.201
24.761
24.607
24.633
24.509
23.867
23.799
19.815
25.008
24.609
23.817
23.767
23.937
24.127
21.812
24.646
18.232
15.330
24.205
22.520
17.957
9.151
10.345
21.845
14.101
20.037
21.245
19.349
12.619
14.592
16.369
14.609
9.773
18.469
21.923
21.969
21.194
13.934
0.981
21.866
20.489
21.575
19.639
19.358
20.950
21.320
21.708
21.726
21.896
21.833
21.606
21.250
21.369
21.409
21.242
21.020
20.732
20.707
20.644
20.682
20.463
20.543
19.754
6.515
20.496
19.996
19.850
19.852
20.090
19.530
19.486
19.623
19.387
19.595
19.591
19.266
19.006
18.885
18.357
18.235
18.228
17.917
18.233
18.251
18.692
18.566
18.194
18.234
18.164
18.018
17.852
17.660
17.336
17.621
17.475
17.488
17.321
17.236
17.049
16.901
16.787
16.559
16.459
16.893
16.590
16.294
16.432
16.315
7.865
16.459
16.653
16.667
16.453
16.526
16.593
16.530
16.566
16.358
16.252
16.223
16.038
16.121
16.385
16.318
16.162
15.979
15.961
15.982
16.110
16.438
16.286
16.103
16.226
15.926
15.795
16.048
16.055
15.764
15.749
16.242
16.053
15.895
15.754
16.264
16.487
16.451
16.591
16.656
16.664
16.558
16.701
16.806
16.751
16.906
16.587
10.497
10.561
17.585
17.527
17.779
17.860
17.875
18.122
17.987
18.019
17.163
18.208
18.355
17.981
18.094
18.483
19.008
19.247
19.233
19.392
19.021
19.202
19.599
19.621
19.752
19.913
19.897
19.889
19.902
19.929
19.982
20.236
19.734
20.794
21.002
21.259
21.121
21.019
11.079
6.917
17.828
21.841
22.065
21.719
22.232
22.522
22.725
22.827
22.578
4.210
16.018
16.894
22.870
19.783
13.449
7.590
23.401
23.676
23.032
9.091
23.439
24.264
24.324
23.787
24.101
24.270
25.045
25.115
25.782
25.888
25.866
25.815
24.076
25.154
25.377
25.334
25.342
25.396
25.415
25.619
25.423
26.230
26.032
26.352
26.724
25.075
24.171
26.340
20.956
27.010
26.271
26.377
26.591
22.183
26.521
23.069
24.506
26.945
26.872
26.927
26.602
24.640
26.792
27.467
27.085
27.499
27.316
27.872
27.967
27.732
27.810
27.596
26.725
27.552
27.461
27.329
27.121
26.930
20.537
25.235
23.727
25.894
17.621
24.080
24.001
24.338
26.249
27.390
27.536
25.755
26.365
21.196
24.627
9.575
7.285
22.819
26.905
24.534
27.255
19.841
26.718
19.224
23.820
27.708
24.880
25.427
25.708
22.631
27.587
27.692
25.318
18.086
23.691
23.269
22.037
17.441
17.074
11.312
10.138
15.340
7.141
25.390
21.386
21.071
18.381
16.059
16.026
13.128
20.427
5.399
6.932
19.153
3.844
6.527
4.922
16.885
24.701
18.131
18.517
14.400
17.623
6.894
3.175
4.790
18.682
14.076
8.332
11.807
24.398
12.051
14.080
6.212
12.500
9.285
1.301
5.034
11.786
6.805
22.238
18.829
2.908
15.148
4.035
7.508
5.895
21.341
18.964
23.292
14.118
16.409
17.691
9.902
1.658
2.232
8.432
6.111
19.829
20.569
12.412
7.610
4.534
4.765
22.488
18.560
1.207
15.775
20.002
21.837
18.971
18.875
10.414
8.664
17.249
22.119
21.914
14.881
13.875
16.970
20.434
18.422
22.649
21.719
18.041
20.514
19.273
17.784
21.462
21.023
20.133
16.497
21.531
18.800
17.455
12.429
18.268
20.797
21.401
21.541
21.888
21.876
21.724
21.736
21.402
21.176
21.208
21.200
21.200
19.792
13.319
18.037
20.170
19.120
20.111
19.863
19.687
16.598
13.098
18.285
19.218
19.381
19.229
18.993
19.089
19.114
18.986
18.886
18.944
18.825
18.634
18.781
18.632
18.203
9.853
13.539
18.116
18.051
18.008
17.834
17.680
17.432
17.433
17.351
17.202
17.205
17.152
16.924
16.404
16.828
14.111
16.972
16.996
16.983
16.931
16.613
5.405
16.040
16.393
16.255
16.171
15.883
12.051
12.585
15.711
15.907
14.929
16.026
16.127
16.134
16.064
15.816
15.560
15.625
15.777
16.092
15.904
15.929
15.974
15.943
15.597
15.463
15.294
13.688
15.770
16.019
15.987
15.966
16.030
14.641
15.713
15.978
16.000
16.073
16.032
16.262
16.201
16.151
16.223
16.366
16.585
16.701
16.564
16.598
16.945
17.148
17.020
16.955
16.326
17.361
17.383
17.616
17.670
17.765
17.282
17.371
17.142
15.442
17.021
18.017
18.386
18.451
18.347
18.568
18.886
18.382
18.428
18.943
16.862
15.133
19.004
19.445
18.662
19.755
13.054
19.926
20.093
19.642
20.365
20.521
20.463
19.593
13.636
16.765
21.067
21.001
21.363
21.508
18.100
21.603
21.883
22.034
22.342
22.484
22.796
22.939
22.080
22.279
22.316
20.813
19.958
23.511
22.655
23.560
23.458
23.603
19.921
23.012
23.683
24.316
24.406
24.231
24.645
24.690
24.983
25.071
25.194
24.972
24.165
15.499
25.356
25.892
25.723
25.168
25.083
25.583
25.680
25.669
25.874
26.265
26.321
26.397
26.005
20.230
26.189
24.424
23.404
15.683
19.576
25.304
26.569
26.985
26.249
26.749
27.167
27.174
25.353
25.518
23.277
26.793
14.678
24.353
26.976
14.540
22.619
12.805
23.262
26.982
27.309
27.358
27.467
27.457
27.426
27.354
27.250
27.248
27.076
25.254
25.792
18.336
27.858
27.809
27.892
27.956
27.449
25.545
20.328
10.982
17.692
17.661
11.523
21.181
12.781
6.852
7.294
13.903
25.918
27.071
27.366
27.319
27.148
26.926
25.399
20.756
15.823
20.286
20.914
22.316
21.884
16.462
9.977
22.463
22.842
10.420
7.334
13.751
20.056
19.834
9.102
15.794
12.839
15.891
2.066
5.037
5.746
5.892
14.885
9.486
7.692
3.267
18.883
17.158
23.696
22.882
20.786
24.761
20.050
24.976
25.383
20.720
24.601
22.037
24.825
22.479
16.265
11.998
24.676
20.935
25.062
23.835
21.001
23.041
18.550
1.758
15.654
16.272
21.216
20.411
22.420
2.564
7.317
10.448
4.590
3.677
2.564
5.198
14.837
4.662
17.129
24.666
20.398
2.803
19.014
17.830
23.879
21.580
23.204
19.461
21.668
19.610
19.420
20.669
18.383
20.751
22.269
20.466
17.872
16.989
6.752
20.536
10.889
22.774
16.480
22.428
21.480
23.083
19.062
18.550
19.566
11.579
13.863
17.563
21.599
18.930
21.695
9.386
19.850
17.454
7.623
12.961
13.281
21.022
20.623
21.442
22.092
22.018
21.951
21.562
20.328
21.138
19.270
16.292
10.162
17.426
21.164
20.936
20.829
20.958
21.120
21.137
20.698
20.557
20.560
20.180
19.836
19.807
19.489
19.653
19.495
19.232
19.219
19.384
19.172
18.742
19.420
19.177
18.015
18.323
18.582
17.954
17.393
16.389
17.925
17.923
17.978
17.837
17.833
17.599
17.685
17.889
17.738
17.605
17.549
17.720
17.436
17.294
17.269
17.235
17.216
17.095
16.710
16.031
16.374
12.280
15.176
16.316
16.124
16.071
13.928
15.726
16.650
16.253
15.962
15.712
15.906
16.149
16.003
16.101
16.070
16.292
15.951
15.860
15.888
15.819
15.948
14.445
14.966
15.189
15.734
15.771
15.740
16.307
16.382
16.272
16.190
16.194
16.201
16.104
15.532
15.758
15.751
15.011
15.953
15.980
16.441
15.629
16.668
16.608
15.639
16.220
11.872
16.847
17.493
17.438
16.262
15.703
17.577
17.866
17.971
17.906
18.109
17.570
17.730
18.285
18.881
18.853
18.184
18.668
19.211
19.148
18.890
18.419
19.570
20.004
19.969
20.342
20.642
20.946
20.505
20.297
20.469
20.846
20.714
21.039
21.122
21.059
21.159
20.579
21.418
21.824
22.353
22.537
22.566
22.498
22.625
22.550
22.341
22.403
22.700
22.998
22.798
23.336
23.253
21.343
16.639
21.164
14.467
22.544
23.024
23.575
23.832
24.413
24.216
24.233
24.709
24.725
24.636
18.639
16.082
22.250
24.344
16.474
24.670
16.041
24.979
23.183
24.991
14.673
16.013
16.679
25.190
21.401
24.183
24.061
20.148
25.422
23.731
25.753
26.178
26.498
26.106
26.418
27.083
27.191
27.002
26.712
26.709
27.181
27.274
27.389
27.327
27.526
27.622
27.307
27.321
27.213
25.236
27.023
27.299
27.423
23.436
24.018
25.347
20.709
25.091
24.732
25.998
26.964
26.988
27.387
27.242
27.163
27.156
27.455
27.461
27.587
26.264
27.086
27.465
28.089
27.606
26.791
26.312
27.676
25.086
27.423
25.049
22.917
20.374
18.871
14.913
23.770
23.195
18.544
19.633
21.891
16.104
1.629
13.828
19.460
14.476
17.664
20.463
25.232
9.204
9.721
21.056
20.341
23.187
25.554
6.860
7.561
19.240
16.052
21.105
8.940
22.013
21.945
21.910
22.567
21.413
22.505
6.399
10.531
4.322
13.028
15.150
4.000
6.404
22.408
24.605
25.561
26.346
17.607
17.386
13.683
22.432
18.972
20.309
2.287
16.149
14.755
3.487
18.541
21.147
25.046
16.217
14.229
11.197
20.440
19.414
19.319
9.227
11.328
10.360
10.736
17.408
21.009
1.954
9.196
4.405
21.158
23.912
21.349
12.534
21.562
18.128
22.780
24.855
23.082
18.550
23.084
6.390
3.349
24.055
23.819
24.233
21.817
20.441
20.595
15.008
15.287
16.509
23.378
21.383
23.694
13.872
18.469
18.381
22.489
22.260
19.559
14.833
17.830
13.190
17.897
19.205
21.126
18.264
22.139
21.142
19.072
19.595
22.239
21.898
21.299
22.024
21.643
13.939
19.112
19.296
19.100
19.784
21.002
14.326
14.070
17.391
14.222
20.840
21.002
21.059
20.874
20.623
17.460
12.375
20.100
20.203
20.125
20.223
20.196
19.888
19.770
19.802
19.517
19.777
19.094
18.952
18.878
18.894
19.085
18.897
18.927
18.717
19.037
18.638
18.523
18.449
18.412
18.322
18.270
17.912
17.848
17.723
17.484
16.486
17.186
2.201
5.426
17.098
17.532
17.468
17.491
17.304
17.115
17.066
17.024
16.745
16.672
13.201
4.848
12.005
15.848
14.425
15.563
14.017
14.230
15.825
15.410
15.509
15.744
15.834
15.752
15.569
15.587
15.476
15.273
12.850
7.394
10.572
14.787
15.751
15.950
16.123
16.319
16.426
16.369
16.257
16.041
16.212
16.237
16.173
16.199
16.179
15.936
8.383
15.904
15.960
15.851
3.417
15.751
15.681
7.689
11.271
11.790
11.654
16.285
10.817
16.552
15.712
14.598
12.800
16.907
17.102
15.361
17.427
17.771
18.004
18.251
17.854
18.587
18.468
18.455
18.657
18.971
18.659
18.742
18.936
19.205
19.222
19.447
19.169
19.780
19.473
19.142
19.547
19.922
20.236
20.384
20.307
20.453
20.254
20.058
20.517
20.955
20.937
21.150
21.034
21.213
21.420
21.419
22.073
22.246
21.897
22.522
22.718
23.447
22.785
23.051
23.431
23.370
23.262
23.504
21.798
23.839
23.807
23.652
23.827
23.688
20.123
22.603
20.512
23.215
22.076
24.554
24.606
19.710
23.987
20.704
23.241
24.623
23.623
22.134
23.717
24.600
18.839
24.751
25.483
25.846
25.881
26.211
26.501
26.716
27.022
26.664
17.026
26.022
26.660
27.266
27.265
27.111
27.298
27.406
27.939
27.117
27.454
27.909
27.877
27.664
27.572
27.026
27.315
26.722
27.454
27.205
27.267
26.005
23.314
27.303
27.815
27.288
26.331
24.313
26.931
24.851
25.001
27.058
25.036
25.204
18.929
26.820
27.351
22.562
26.075
22.027
26.907
27.932
27.843
26.266
27.338
25.259
22.912
26.644
27.004
27.140
26.043
27.546
26.312
27.836
26.769
26.293
26.332
25.628
24.018
23.551
27.269
26.111
25.474
25.221
18.144
24.768
25.704
23.626
8.331
20.987
16.471
24.975
17.805
14.544
11.528
21.835
23.440
20.464
8.513
14.559
12.831
14.860
19.418
22.268
22.400
2.153
12.614
24.206
16.749
24.527
5.370
23.211
24.765
19.058
11.269
6.496
21.631
6.731
14.246
14.911
2.024
3.622
4.001
6.867
7.216
5.528
16.595
15.805
21.312
7.174
25.909
25.537
10.489
20.334
12.237
7.309
22.532
24.401
22.405
17.780
11.078
13.116
20.179
13.391
24.082
23.756
23.813
24.190
23.775
20.426
23.405
20.665
14.477
5.273
14.121
10.162
12.988
3.963
16.176
20.344
14.097
23.230
22.101
22.977
20.571
20.792
23.993
23.863
10.018
23.185
21.890
23.260
23.812
23.687
23.438
23.416
23.065
22.876
23.224
22.910
22.831
22.651
22.734
22.475
22.366
20.908
21.455
21.894
21.416
22.368
21.394
19.167
19.722
13.259
10.122
15.737
21.409
21.094
20.507
15.959
14.535
16.603
11.469
19.755
20.337
12.419
18.349
20.272
20.375
20.296
20.180
20.467
20.571
20.142
19.810
19.632
19.411
18.471
19.131
19.201
19.225
19.022
18.771
18.601
18.560
18.497
18.166
17.611
17.424
16.578
6.485
6.093
16.808
13.797
17.007
16.947
17.529
17.068
16.987
17.080
17.194
17.267
17.100
16.594
17.172
16.738
16.755
16.247
16.424
16.178
16.437
16.553
16.314
16.145
16.179
16.266
16.240
15.928
16.107
15.028
16.136
15.660
15.294
15.217
15.539
15.403
14.496
15.754
15.794
12.502
8.226
14.717
12.199
15.676
16.134
16.066
16.041
15.888
5.373
15.687
15.984
16.157
15.497
11.633
16.020
16.809
16.708
16.740
16.405
16.566
16.353
15.925
13.205
16.758
16.884
16.957
17.110
17.231
17.238
17.317
17.481
17.374
17.568
17.642
17.736
17.728
17.870
17.800
17.587
17.922
18.121
18.622
18.318
18.353
18.204
17.369
18.305
18.395
18.575
17.167
19.394
19.771
15.165
19.423
19.538
19.738
20.276
20.482
20.774
21.020
21.153
20.958
19.435
18.597
21.053
21.136
21.359
21.509
21.721
21.985
21.886
21.458
19.325
21.336
20.305
18.597
21.161
22.564
22.857
23.128
22.855
23.564
23.484
23.440
23.446
23.356
22.930
23.547
23.838
24.265
24.447
24.578
24.575
24.816
24.448
24.638
25.025
25.246
25.221
25.056
25.095
24.732
25.046
25.640
25.593
25.747
25.725
26.225
21.143
19.320
26.388
26.174
26.147
26.185
26.426
26.412
26.270
26.581
26.591
26.284
25.938
26.163
26.680
27.031
27.032
26.641
26.950
26.485
26.979
26.744
26.910
26.538
27.060
21.561
26.192
26.940
27.060
26.972
26.958
27.226
27.741
27.284
27.179
27.576
27.174
27.430
27.639
27.580
28.144
26.630
27.578
28.352
27.920
27.819
27.830
27.552
27.236
27.345
27.265
27.435
27.033
27.701
27.860
17.911
16.921
26.795
25.512
23.391
13.247
24.649
27.377
23.369
25.952
26.314
21.986
19.961
5.588
14.778
17.081
19.060
26.854
24.628
22.705
26.107
23.626
20.252
25.096
12.467
11.496
21.592
24.802
24.703
24.270
16.480
14.800
14.594
5.126
16.983
23.494
21.684
24.999
24.916
18.245
5.894
19.315
25.633
24.838
15.017
19.756
20.844
14.413
19.690
20.608
20.392
12.028
3.597
3.568
20.375
3.861
19.410
23.244
24.765
18.764
3.310
14.718
14.495
13.790
11.029
13.569
22.867
16.650
11.628
21.063
24.855
24.011
22.633
13.370
21.451
21.967
23.332
20.393
17.282
15.506
19.948
21.589
22.427
23.108
23.760
21.188
23.304
23.957
21.459
20.470
21.550
15.969
19.085
23.149
20.861
11.105
20.823
12.894
20.649
21.681
8.187
10.816
9.777
16.421
20.099
20.181
22.497
21.956
21.472
20.261
22.834
22.932
22.767
22.214
22.664
22.672
21.873
22.295
22.305
20.784
21.881
22.121
21.762
21.794
20.957
18.120
21.684
21.505
21.599
21.674
21.086
20.580
18.853
19.554
20.126
20.445
20.552
19.981
19.248
18.100
14.217
19.509
19.476
19.632
19.586
19.342
18.711
19.132
19.336
18.836
13.181
18.239
18.953
18.833
19.079
18.871
18.685
18.599
18.390
16.198
15.688
14.813
8.719
11.134
15.484
16.587
12.279
12.327
16.140
15.276
15.701
16.969
12.128
1.463
2.338
3.129
14.597
16.020
15.996
16.254
16.038
16.116
16.107
16.109
16.627
16.212
15.881
16.058
16.544
16.468
16.145
16.144
16.384
16.268
16.306
16.221
16.331
16.297
16.257
16.232
16.348
16.351
16.404
16.361
15.957
15.998
16.198
16.076
15.219
2.497
13.185
15.090
16.504
16.528
16.631
16.848
16.529
16.565
16.892
16.731
16.637
16.844
17.055
16.727
16.552
16.291
16.441
16.991
17.377
17.118
16.732
17.076
17.307
17.116
17.174
16.783
16.644
17.644
18.321
18.026
17.669
17.804
16.936
18.270
18.248
18.366
18.630
18.930
18.767
18.817
18.574
18.090
19.107
19.128
19.261
19.363
19.432
19.710
8.504
20.057
19.893
20.267
20.485
20.341
20.993
20.176
20.989
21.112
21.222
21.190
21.639
21.497
20.758
20.941
20.349
21.625
22.110
22.166
22.291
22.406
23.121
23.490
23.817
23.588
23.519
23.635
23.519
23.982
23.645
24.196
24.597
23.887
24.358
24.550
24.406
24.529
24.589
24.856
25.151
25.400
25.181
25.319
25.508
25.170
24.803
26.033
25.740
25.852
25.357
24.809
25.897
25.096
24.779
22.101
23.410
24.962
24.523
24.186
24.540
25.641
26.120
26.982
26.893
24.367
27.142
27.423
27.648
27.323
27.409
26.352
26.996
21.428
25.366
17.384
27.085
26.854
26.947
26.828
28.029
26.426
27.193
27.689
27.429
27.469
26.471
27.292
27.783
25.665
24.649
16.602
27.039
27.709
27.267
26.368
26.936
27.057
27.304
27.497
27.315
26.003
27.127
27.733
27.797
27.625
27.637
25.741
19.609
18.920
27.012
25.898
24.926
24.148
24.314
24.976
25.613
24.983
26.225
17.127
25.950
24.983
23.386
23.873
23.175
22.393
21.191
21.123
18.071
4.752
25.201
22.612
6.091
5.917
11.604
17.155
20.462
26.331
25.690
25.715
21.458
8.570
23.742
19.748
5.312
0.700
22.137
26.391
22.839
8.274
1.651
8.980
20.661
20.614
22.695
20.826
14.309
16.905
1.444
7.162
6.161
21.377
22.158
16.294
10.644
15.690
18.901
16.792
22.578
0.940
18.124
19.759
18.112
16.647
7.480
3.838
3.414
4.385
3.429
6.265
2.024
13.807
4.090
22.086
12.471
18.701
15.569
21.149
23.422
23.715
17.376
19.262
18.815
15.399
22.913
21.962
21.172
20.128
15.580
23.079
18.883
4.159
1.182
4.565
3.506
16.011
17.109
12.203
14.178
9.059
10.836
21.409
22.629
21.684
14.549
20.622
21.228
21.165
20.903
21.623
19.947
21.994
22.020
21.790
22.023
21.983
19.635
20.204
21.963
22.131
22.101
21.868
21.639
18.951
18.672
18.468
21.181
20.945
19.274
16.933
14.655
20.139
19.820
19.701
18.105
20.291
20.586
19.517
19.490
20.284
20.133
19.752
19.626
19.725
19.369
19.414
19.252
19.281
19.217
19.034
18.999
17.833
7.916
17.730
18.154
18.109
17.354
18.016
17.938
17.757
17.513
17.536
17.611
17.519
17.429
17.418
17.437
17.542
17.561
17.218
17.292
17.132
16.680
16.646
16.610
14.181
13.963
15.722
15.748
16.237
16.028
15.813
15.965
16.048
16.273
16.196
16.285
15.931
16.410
16.981
16.793
16.459
16.307
16.269
16.307
16.195
16.091
16.090
16.189
16.093
15.666
15.874
16.146
16.250
16.223
16.205
16.138
16.348
16.168
14.823
15.983
16.093
15.995
15.985
15.621
13.018
16.572
16.616
16.459
16.719
16.569
16.810
16.999
16.812
16.629
16.319
17.026
17.438
17.196
17.450
17.571
17.125
17.421
17.365
17.469
17.666
17.768
17.706
18.219
18.217
18.645
18.759
18.758
18.550
18.528
18.054
18.563
18.979
20.403
19.914
19.619
19.539
19.429
19.386
19.734
19.901
19.345
20.240
20.141
20.387
20.713
20.748
20.851
21.146
21.604
21.891
21.684
21.674
22.283
22.683
22.250
22.050
21.979
22.164
22.493
22.878
23.271
23.876
24.000
24.109
23.884
23.944
24.005
23.681
23.726
23.809
24.479
23.991
24.395
24.802
25.586
25.504
25.566
25.670
25.550
25.344
24.731
23.785
24.984
24.935
24.982
25.048
24.947
25.145
24.842
24.453
23.770
25.428
25.238
26.092
25.691
25.128
25.162
25.792
24.758
25.939
25.706
24.813
24.213
23.800
4.667
26.262
26.920
27.031
26.010
25.026
26.854
27.026
27.195
27.481
27.578
28.016
27.762
26.243
27.289
21.965
23.729
21.265
10.288
23.559
21.976
27.031
27.349
27.092
21.328
27.395
27.614
27.416
27.636
24.942
27.784
26.754
24.912
27.987
27.655
27.877
28.212
27.624
27.676
27.804
27.692
27.832
27.510
27.634
26.727
26.222
27.709
25.650
21.175
21.355
19.248
25.732
16.538
15.120
11.879
19.240
11.001
22.861
23.486
26.585
23.354
21.293
26.757
25.869
25.762
25.379
25.449
25.483
25.413
24.694
23.841
20.332
16.690
15.725
17.308
15.918
3.265
17.448
24.938
23.165
12.481
2.525
12.235
15.433
4.425
5.775
19.599
23.042
25.357
25.129
8.134
18.039
24.626
23.287
8.862
12.575
18.926
11.226
24.753
5.987
14.372
9.985
2.906
3.017
3.284
3.912
23.844
22.345
25.190
13.465
15.908
21.450
23.308
12.181
10.794
9.771
4.860
3.360
4.727
4.250
15.275
23.889
14.528
5.354
14.308
6.178
6.349
2.242
20.545
22.338
18.652
23.926
23.792
23.383
23.454
23.334
20.832
22.710
23.338
20.282
0.815
1.488
12.661
16.378
15.926
3.069
13.897
3.987
22.136
20.579
18.662
18.773
21.789
21.128
21.563
21.095
20.466
21.024
22.293
21.800
21.055
21.732
21.799
21.684
21.718
21.675
21.598
12.536
21.646
21.333
21.138
16.526
18.238
21.537
21.114
20.972
20.920
20.850
20.459
20.515
20.340
19.333
17.377
19.975
19.680
19.673
18.754
19.810
19.748
19.661
19.821
19.679
19.596
19.491
19.079
19.015
18.529
19.412
19.127
18.859
18.876
18.453
18.205
18.099
18.127
17.849
17.825
17.569
17.456
17.539
17.769
17.669
17.567
17.225
17.136
17.109
17.050
16.943
16.756
16.735
16.764
16.731
16.583
16.544
16.559
16.563
16.132
15.965
16.112
15.927
15.996
15.886
15.908
16.340
15.916
16.138
16.125
15.752
15.671
15.527
15.588
15.652
15.360
15.768
16.319
16.510
16.169
16.142
16.265
16.299
16.278
16.221
16.265
15.721
15.795
16.242
16.202
16.479
16.562
16.541
16.676
16.716
16.834
16.895
16.678
16.691
16.508
16.548
16.240
16.636
16.344
16.070
16.703
17.512
17.587
17.930
17.853
17.807
17.825
18.321
18.091
18.332
18.637
17.956
18.287
15.040
15.016
17.891
17.828
17.950
18.037
18.282
19.262
19.617
20.065
19.890
19.291
19.135
19.295
18.563
19.208
17.114
20.149
20.356
20.301
20.299
20.520
20.465
20.567
20.821
21.544
21.605
21.650
21.988
22.496
22.717
22.965
22.995
23.083
22.893
22.768
22.990
23.036
23.030
23.139
23.363
23.750
23.531
23.536
23.305
20.071
23.557
24.065
24.042
23.577
24.732
19.299
24.482
24.539
24.981
23.733
15.348
24.317
24.829
25.073
24.627
25.288
25.495
25.508
25.222
25.928
26.113
25.953
25.139
23.181
25.603
26.249
26.673
26.418
26.207
26.406
26.515
26.356
23.773
24.163
20.247
23.258
18.536
22.071
17.654
21.739
26.507
27.135
26.613
26.785
26.901
27.382
27.758
27.460
27.072
27.517
27.154
27.327
27.906
28.173
26.506
27.550
25.009
23.406
25.732
25.751
26.333
26.479
27.523
28.111
27.609
27.958
28.212
27.560
27.569
27.545
27.474
23.781
26.091
26.603
24.499
18.896
20.371
19.826
21.076
13.005
21.284
19.712
23.540
25.370
15.364
15.197
24.758
16.150
25.432
21.327
24.858
16.057
18.487
2.513
23.232
22.951
24.318
26.111
26.588
23.845
21.867
6.526
26.206
25.550
19.141
23.832
22.691
24.935
7.219
5.784
18.246
22.144
5.286
22.613
14.699
18.999
9.486
8.423
4.304
9.761
1.526
25.250
6.222
11.927
11.384
7.290
15.700
18.571
10.572
25.958
14.461
20.837
19.439
4.994
3.862
6.154
15.254
5.196
25.165
4.024
14.683
21.948
18.015
7.537
6.458
14.161
5.870
15.014
11.351
8.617
5.980
7.716
17.727
22.686
22.827
23.654
23.305
0.942
8.028
13.830
8.458
15.452
20.298
24.194
22.566
19.045
23.259
23.584
23.700
23.643
23.082
23.373
24.078
23.945
22.608
23.635
23.911
22.926
20.964
14.379
19.792
18.693
16.922
18.103
17.009
14.496
23.320
23.225
1.076
16.456
16.244
16.142
3.733
2.317
21.494
6.183
5.999
14.615
20.565
20.462
7.784
21.147
19.173
16.400
20.449
20.026
18.881
20.387
20.315
20.405
17.112
19.984
18.255
20.529
20.352
18.949
18.853
20.075
20.224
20.158
19.972
19.875
19.658
19.479
19.408
19.356
19.129
19.118
18.947
18.806
18.493
18.357
18.374
18.373
18.003
10.253
8.990
16.005
17.867
17.881
17.634
17.469
17.420
17.883
17.814
17.920
17.890
17.765
17.465
17.176
17.128
17.122
16.976
16.931
16.813
16.439
16.326
16.389
16.520
16.726
16.517
16.673
16.341
16.307
16.317
16.284
16.371
16.466
16.367
16.206
16.201
16.326
16.423
16.561
16.362
16.203
15.819
16.043
16.174
16.151
15.914
15.779
15.543
15.414
14.469
14.589
16.247
15.975
10.221
16.199
15.562
12.750
3.612
15.645
16.435
16.493
16.166
15.966
16.302
16.526
16.446
16.889
16.470
16.276
17.134
16.981
16.850
17.248
17.333
9.045
1.773
15.555
17.159
17.052
17.406
17.622
17.897
17.714
18.085
18.309
18.279
18.042
17.787
18.088
18.319
18.203
18.517
18.790
19.466
19.927
19.336
19.625
19.864
19.171
19.016
13.338
17.876
20.684
20.847
20.879
20.235
10.570
21.120
21.003
17.527
19.815
16.002
21.554
21.649
22.176
22.070
21.294
22.201
21.992
22.078
22.298
22.518
22.346
19.637
22.542
23.145
23.231
23.365
23.330
23.539
23.443
24.620
24.881
24.915
24.725
23.829
23.335
24.302
24.470
24.078
23.863
24.960
24.827
24.784
24.686
25.357
25.106
25.004
25.626
26.107
25.832
24.912
26.330
26.808
26.773
26.471
26.423
26.072
25.822
26.037
25.896
25.933
24.928
24.625
12.296
26.372
26.480
26.751
26.596
26.782
24.881
26.085
26.206
27.016
27.406
27.624
27.534
24.041
26.948
11.838
19.973
25.905
27.556
28.133
27.315
24.831
26.671
26.586
24.617
23.643
13.720
22.300
25.949
26.752
27.745
27.900
27.795
27.697
27.500
25.232
19.888
26.197
15.066
27.513
27.707
27.368
22.805
24.957
15.062
19.200
19.401
27.271
24.031
27.705
27.919
27.654
23.754
23.028
26.881
18.181
25.543
27.224
22.721
21.334
18.996
26.928
27.571
24.305
25.891
27.211
25.521
26.556
27.218
26.255
27.322
27.032
27.156
18.140
21.486
22.272
24.030
25.378
26.888
26.372
14.801
21.787
18.662
16.454
18.364
20.799
21.625
14.145
22.045
8.082
12.974
24.286
25.758
15.446
1.401
1.174
0.916
9.111
16.230
12.387
3.311
25.341
8.235
