20000101
30.803,12.248
29.936,12.165
30.374,11.185
29.950,8.594
30.021,9.096
30.015,8.655
30.494,9.921
31.706,8.305
32.306,7.952
33.142,11.517
33.997,9.352
31.266,11.116
28.784,10.481
26.761,7.208
25.477,9.102
25.827,8.609
28.185,10.228
31.631,12.955
33.332,12.727
32.117,9.444
29.089,10.034
29.690,11.775
30.829,9.777
30.505,11.550
32.591,10.415
32.077,9.854
29.006,13.938
28.252,11.935
29.805,9.717
32.750,9.235
31.539,10.369
28.952,13.494
29.281,9.723
29.663,11.154
29.164,11.749
27.562,13.693
26.555,9.486
27.881,10.753
29.338,11.114
29.267,10.914
30.266,9.233
27.596,7.793
26.753,8.138
27.786,10.061
27.929,11.240
30.904,10.372
32.447,11.288
30.548,10.646
31.871,10.557
31.361,11.302
33.255,11.025
32.389,15.371
31.852,16.297
31.742,17.316
28.448,21.275
33.350,17.160
33.347,11.766
35.840,10.332
36.422,15.029
37.777,13.376
38.508,16.338
37.177,16.902
36.598,15.221
34.383,14.668
35.127,11.248
33.858,11.653
31.915,9.039
33.109,14.602
36.547,12.739
36.091,9.412
37.108,16.126
35.084,16.474
32.669,15.287
36.508,10.273
34.716,12.712
35.452,14.170
36.077,14.411
38.805,11.515
38.016,13.625
38.603,15.915
37.966,12.610
36.768,14.698
35.891,15.712
35.599,17.545
36.756,17.252
38.087,17.802
38.532,17.166
39.398,16.311
42.987,17.398
42.427,16.504
41.809,17.700
42.661,19.303
42.863,23.517
44.763,18.783
43.253,15.790
42.991,15.511
45.032,15.943
42.513,16.830
42.020,21.857
45.460,16.249
42.932,18.297
45.926,18.723
43.872,18.601
44.123,19.687
42.146,21.142
42.759,21.842
44.217,21.592
43.219,21.063
42.788,19.237
43.852,19.840
43.473,21.437
42.326,23.259
42.237,27.234
42.039,25.092
42.020,23.871
43.510,25.119
44.570,25.970
43.895,25.605
44.026,26.224
43.726,26.555
43.979,26.743
44.311,24.116
45.070,24.071
45.499,24.184
44.389,24.602
44.675,23.565
44.654,28.026
45.288,26.395
42.949,27.110
42.771,25.661
42.576,26.198
42.390,26.729
38.598,28.271
37.660,25.624
40.504,25.919
40.075,26.275
41.019,26.361
40.678,25.288
43.115,26.661
39.794,26.549
33.306,27.477
41.231,25.708
42.093,27.786
41.781,27.711
41.915,27.995
42.196,28.553
42.035,28.719
42.816,28.905
42.580,27.891
42.125,29.712
39.532,27.938
39.469,28.201
42.276,28.850
43.841,29.207
46.859,30.008
46.679,29.946
45.845,29.051
45.039,28.278
44.510,30.751
44.516,28.881
43.250,28.001
43.322,29.566
42.620,28.471
41.012,28.893
40.935,29.133
41.121,29.320
40.869,28.248
42.474,28.364
42.203,28.375
42.897,27.629
43.352,28.176
40.204,30.173
40.843,28.197
39.444,28.791
40.028,27.697
40.006,27.817
40.315,27.779
40.353,27.589
40.699,28.752
40.654,27.330
43.782,28.564
42.151,29.241
38.123,28.004
31.702,26.556
39.923,25.634
35.300,26.825
38.357,26.668
40.442,27.394
38.890,28.051
30.604,27.981
33.248,26.879
34.065,26.141
33.455,26.428
31.872,26.327
32.600,26.190
27.294,24.723
26.133,24.413
29.236,23.866
30.655,23.949
31.409,24.950
30.883,25.219
30.735,24.784
27.522,24.215
30.074,23.831
32.727,23.944
34.701,23.871
34.487,24.465
35.821,24.543
36.678,25.158
37.601,24.582
30.572,26.333
31.396,26.053
35.165,25.743
35.800,25.476
35.547,25.725
33.009,25.043
35.935,24.749
36.784,25.284
37.473,25.844
38.214,25.226
38.141,28.019
37.018,26.965
38.013,27.540
34.143,25.484
33.548,26.278
30.491,25.438
28.931,24.118
29.830,24.155
29.217,23.409
28.671,24.624
29.978,24.923
27.257,23.876
28.066,24.266
27.480,23.828
31.395,23.854
35.736,25.945
35.607,25.485
36.925,27.814
35.228,26.535
32.183,24.611
32.643,24.844
33.779,24.900
32.050,24.839
27.848,24.717
30.695,24.459
30.968,25.174
33.695,24.923
30.813,24.826
25.432,23.827
33.387,23.739
31.752,23.878
34.183,21.806
33.728,22.911
33.811,22.850
34.149,22.313
34.290,21.967
35.221,21.192
36.172,21.062
33.450,23.456
33.757,21.440
35.659,21.630
33.963,21.187
35.348,21.078
37.725,20.418
38.428,24.212
39.383,22.252
37.493,23.167
39.347,23.163
37.921,25.293
40.364,24.250
40.153,21.145
39.523,25.731
40.695,20.490
38.976,21.375
39.937,21.041
39.789,18.810
40.137,21.096
40.488,18.539
40.306,17.580
41.041,18.972
40.268,17.949
41.033,21.655
39.867,21.411
41.837,21.003
38.758,21.157
40.449,23.202
38.589,22.745
38.180,26.557
40.574,20.873
38.688,19.576
38.619,17.885
39.207,16.974
39.809,17.316
40.118,16.478
39.698,17.526
38.233,15.647
37.038,16.120
36.031,16.867
38.941,17.554
39.111,17.347
37.548,19.147
38.745,17.632
38.322,14.420
37.852,14.282
38.178,17.358
36.383,14.955
36.043,17.262
35.420,16.659
35.800,16.842
36.640,15.786
35.271,16.895
36.328,15.855
36.736,17.694
37.266,15.848
37.789,19.701
37.006,18.985
35.467,15.725
35.470,13.409
36.775,18.880
35.610,17.993
35.261,15.851
35.926,14.367
35.119,13.852
33.624,13.034
32.509,13.789
34.320,12.501
34.123,14.053
34.122,13.441
35.413,15.922
33.058,16.377
33.619,14.717
32.850,12.101
31.233,15.787
30.162,14.301
30.412,13.056
29.110,12.046
29.234,10.375
30.103,10.945
31.860,9.854
33.051,10.456
32.991,12.229
33.212,14.235
34.104,12.195
33.744,11.730
32.463,11.750
32.128,12.037
31.759,11.689
33.054,10.874
32.482,11.448
32.435,12.284
32.695,12.064
32.558,12.141
32.802,11.859
30.463,14.057
31.090,12.454
30.907,12.427
32.257,11.892
32.633,10.494
32.448,11.639
32.600,11.355
31.921,12.526
31.123,11.679
30.991,10.390
31.493,10.853
27.842,12.958
25.283,12.614
26.040,5.957
25.492,7.313
26.981,10.202
26.970,9.467
27.497,9.520
29.925,9.397
28.902,12.490
26.485,8.730
26.670,9.392
28.763,10.685
30.355,12.542
30.262,7.798
29.392,11.455
30.030,11.321
31.232,13.721
30.875,14.705
32.586,15.351
32.307,14.869
33.051,13.186
33.672,13.097
31.373,9.728
29.933,11.568
28.380,8.617
28.397,9.592
29.592,7.882
30.632,8.255
31.977,10.928
32.864,11.490
33.182,9.336
31.681,10.096
32.373,17.889
33.434,15.382
31.034,13.466
31.670,11.636
31.410,9.340
30.830,5.820
32.151,7.365
32.863,8.580
34.432,10.858
34.298,11.852
33.230,8.960
32.415,10.383
34.836,8.539
37.362,15.604
32.942,11.496
30.516,10.387
31.915,12.563
34.571,12.852
35.095,14.201
34.498,15.786
36.869,15.760
35.362,14.456
35.669,13.882
37.429,13.388
36.890,15.382
35.350,15.242
35.520,14.436
34.558,12.615
33.427,10.812
33.642,17.575
33.971,17.508
34.757,16.790
33.821,16.105
34.597,15.637
36.793,14.582
36.976,11.066
35.572,14.717
36.204,15.799
37.515,16.017
36.853,12.966
36.904,18.572
35.361,15.617
36.082,13.519
39.876,19.165
39.908,19.559
39.280,14.921
39.220,16.205
39.835,15.604
37.935,17.994
37.449,16.542
37.318,18.553
36.794,22.449
39.944,18.312
40.026,19.374
38.901,19.301
39.143,16.021
37.789,20.155
35.476,16.242
35.881,15.610
39.181,11.716
37.541,19.831
41.823,19.986
40.786,19.226
41.052,15.248
42.883,14.547
42.977,13.946
44.196,21.552
42.050,19.414
40.585,19.720
40.590,18.277
40.291,18.514
39.369,21.277
42.284,17.750
41.695,19.826
36.338,24.741
39.332,18.730
37.529,21.827
37.820,18.928
38.026,24.226
43.659,19.854
41.825,18.104
42.630,17.551
46.662,20.476
48.014,24.275
44.568,22.641
44.667,20.584
43.635,22.746
43.236,22.667
44.189,22.298
44.752,23.990
46.101,25.180
45.143,23.975
44.536,24.753
45.098,25.149
46.047,25.043
45.669,25.616
44.698,25.701
43.095,24.770
42.094,25.573
43.396,26.842
43.179,25.790
44.162,25.948
44.421,25.759
42.622,25.499
42.541,25.865
42.307,27.538
42.077,27.175
40.497,26.963
39.458,26.801
40.534,27.704
41.608,27.866
42.314,28.675
48.956,30.022
45.070,29.575
43.868,28.646
41.183,28.098
42.362,27.285
41.964,27.636
38.790,26.646
35.217,26.294
36.891,26.395
38.093,27.200
33.817,27.188
32.823,26.943
37.546,25.922
37.580,26.865
38.315,26.791
42.609,27.355
42.046,27.812
40.635,27.552
38.718,28.083
39.736,27.300
41.147,27.867
36.701,27.506
33.445,27.108
35.149,26.195
28.797,24.718
31.060,24.540
34.571,25.414
36.446,26.124
38.405,26.506
38.606,26.662
38.809,26.427
40.039,26.917
40.304,28.603
41.032,28.005
39.863,28.441
39.439,27.508
39.720,27.588
38.975,27.922
37.387,28.264
33.972,28.326
32.066,26.358
31.189,25.146
25.921,24.584
29.720,24.810
33.723,24.254
36.836,24.940
33.686,26.240
33.753,26.095
33.221,25.094
28.913,24.858
30.383,24.867
30.034,24.654
32.599,24.584
27.769,25.156
28.579,25.394
27.499,24.994
28.937,25.221
32.016,25.640
26.841,25.008
27.303,24.778
31.182,24.579
26.198,24.380
33.543,24.493
31.195,24.899
30.931,24.701
32.273,24.740
33.486,25.412
30.616,24.834
31.891,25.076
33.718,25.196
33.917,25.035
34.756,25.841
35.022,23.982
37.896,25.176
34.588,25.335
33.154,24.593
33.281,25.622
32.417,25.769
33.190,25.597
32.472,25.395
31.757,25.463
32.231,25.148
30.574,24.925
32.736,24.938
33.432,25.134
25.909,24.784
25.165,23.521
28.800,24.224
32.488,22.906
33.288,24.206
33.542,24.556
32.959,24.208
31.927,23.929
31.453,24.165
31.570,24.513
33.183,23.354
33.617,23.171
33.560,23.484
31.614,24.043
30.570,22.683
33.870,22.663
35.789,24.110
35.126,23.875
35.555,24.042
35.452,25.644
35.322,24.670
34.414,23.541
35.157,23.677
33.534,22.434
35.819,22.032
34.884,22.648
34.750,22.594
36.903,22.582
35.702,23.108
35.721,22.768
39.471,21.836
40.022,21.116
36.586,23.003
37.542,23.338
38.437,22.889
34.971,26.121
37.602,25.581
39.686,25.202
35.980,24.800
39.725,20.706
40.727,25.932
41.134,22.885
39.323,18.077
40.820,18.807
42.607,20.446
40.277,21.243
39.579,23.803
37.080,24.266
38.684,23.436
35.529,23.336
37.148,22.835
39.794,21.779
39.009,22.743
39.416,24.079
38.109,24.374
35.062,24.126
32.125,24.238
26.481,22.932
35.870,21.646
36.532,22.689
38.303,26.882
37.330,22.708
37.300,21.137
36.666,18.586
38.370,16.860
38.518,16.278
38.385,17.208
38.301,17.207
37.227,17.995
38.696,19.181
38.678,17.107
39.229,16.057
40.248,17.280
39.938,18.879
37.951,18.357
38.429,17.288
38.008,16.828
39.029,18.970
37.888,16.850
37.121,17.504
36.151,15.562
35.134,16.634
36.107,15.692
36.444,19.423
34.610,19.083
32.932,17.412
32.883,14.880
33.339,13.968
33.160,15.186
33.918,15.780
33.567,14.104
33.660,14.572
35.746,15.862
36.077,17.604
35.946,19.330
35.161,17.922
35.184,16.178
34.290,14.017
33.449,14.272
34.070,13.440
32.654,12.816
31.542,13.186
30.678,12.354
30.185,12.273
30.225,13.088
30.177,12.074
31.045,11.373
31.313,12.879
32.263,13.268
32.076,13.892
32.517,9.922
32.321,11.297
33.190,13.549
33.812,12.654
34.324,13.507
34.006,13.625
33.695,12.721
33.337,13.215
32.630,11.901
31.546,15.175
31.069,14.489
32.290,12.658
31.940,14.019
31.867,14.423
32.591,13.716
32.268,16.123
30.553,15.418
29.366,13.657
28.473,11.315
28.311,10.313
28.978,10.465
30.913,11.096
30.885,10.975
31.552,12.631
29.829,13.902
29.384,13.562
29.850,12.867
28.973,12.563
29.668,11.515
28.896,10.946
28.360,11.038
27.985,10.407
27.964,10.650
29.366,12.714
29.019,12.684
28.795,12.305
28.138,11.177
29.876,11.638
30.437,12.693
32.451,11.941
33.419,9.916
32.122,11.084
31.784,13.741
28.865,12.150
27.505,6.104
24.614,9.831
26.618,8.641
26.054,9.905
26.340,9.921
27.672,10.360
28.422,9.387
28.894,8.071
28.516,9.610
27.482,14.855
25.402,9.472
24.726,7.865
25.803,8.441
25.799,8.565
27.893,8.607
30.773,9.594
30.054,10.951
29.474,12.304
31.100,14.485
33.148,12.689
30.746,8.948
28.395,8.434
26.757,6.503
27.381,9.628
26.273,13.310
27.208,14.716
29.342,10.791
31.107,11.709
32.918,13.431
35.526,14.312
35.043,14.897
32.569,17.557
35.566,16.773
35.305,21.293
35.233,17.246
36.770,15.738
36.782,12.759
34.869,12.867
34.796,13.210
33.465,12.877
34.484,15.572
36.858,15.787
35.957,15.150
38.480,15.991
35.224,18.304
33.712,17.066
35.381,15.656
36.646,14.942
38.124,16.691
35.702,12.860
35.095,15.504
34.308,16.901
37.054,17.521
36.838,21.529
28.715,20.943
35.389,18.450
28.286,19.647
36.520,14.635
36.824,16.775
41.179,15.772
40.391,19.789
40.912,18.454
40.284,17.259
39.156,19.851
39.181,15.946
40.050,15.567
38.520,20.088
37.223,17.904
39.224,16.450
38.905,15.334
39.724,18.818
39.661,19.779
40.935,17.018
41.773,15.950
42.316,21.922
43.408,19.236
43.126,14.531
41.252,15.963
42.256,18.861
42.666,21.919
33.878,24.941
40.470,19.915
39.399,23.371
40.139,18.936
40.827,18.512
42.471,19.648
42.048,20.530
41.705,22.283
39.978,22.948
39.954,21.649
41.084,21.892
42.178,23.773
44.116,22.925
41.260,27.219
42.462,23.025
42.752,22.980
42.464,24.694
42.110,24.688
40.897,22.747
45.230,18.159
44.335,18.233
45.484,23.408
45.579,21.284
46.194,22.271
45.711,23.311
46.806,23.213
47.027,23.302
49.998,24.402
47.820,25.538
46.428,24.982
45.435,25.177
43.844,24.821
44.402,26.896
44.402,29.848
44.218,29.864
44.301,27.401
44.942,28.626
45.234,28.920
44.926,28.957
45.312,28.403
43.756,31.410
44.968,29.146
42.826,28.073
42.572,27.265
43.260,27.394
44.368,28.602
44.384,28.416
44.230,28.480
43.943,28.805
42.153,27.653
41.535,26.809
42.290,27.765
43.217,29.087
42.824,28.687
43.609,28.874
42.097,30.421
43.509,27.979
45.093,28.728
43.563,28.434
44.047,28.893
42.859,28.314
43.941,29.738
44.280,28.970
44.156,29.487
45.254,29.948
45.871,32.033
46.279,31.928
45.021,28.817
42.411,31.525
42.958,29.485
43.818,29.569
39.049,28.763
39.746,28.494
39.566,29.196
40.847,28.828
37.617,28.889
40.648,28.100
42.924,28.044
42.309,29.786
40.308,29.846
38.863,29.173
36.570,27.477
32.427,27.044
27.238,25.243
29.230,24.926
36.831,25.589
37.851,26.156
38.591,26.792
37.713,27.570
40.386,27.469
39.217,27.866
38.373,27.595
39.836,27.490
39.645,27.428
37.232,27.870
39.497,27.183
41.845,27.716
38.218,28.417
37.569,27.263
31.489,27.927
31.064,26.274
33.946,26.277
32.137,26.442
31.872,25.651
28.374,25.965
33.699,25.278
28.510,26.430
28.778,26.312
28.858,26.027
28.189,26.222
28.613,25.815
34.930,26.065
37.702,25.127
38.772,26.163
39.448,25.921
39.667,25.441
38.368,27.051
40.487,26.589
39.838,27.938
36.139,26.932
29.796,24.953
27.438,24.384
30.310,24.465
27.651,23.938
28.728,24.392
31.648,24.845
30.261,24.821
26.539,24.925
26.062,24.647
26.259,24.770
27.545,24.987
27.359,24.191
31.606,24.067
32.159,24.464
32.460,25.342
33.880,24.520
31.570,24.783
34.893,23.926
35.312,24.147
31.962,24.759
29.670,24.590
27.711,23.758
29.158,22.396
33.191,22.614
33.968,23.521
27.564,24.150
29.968,23.333
31.961,24.174
32.926,25.023
32.120,25.199
30.021,24.370
32.705,24.997
32.594,24.868
32.719,22.604
33.309,24.135
32.401,23.321
34.664,21.629
30.699,22.017
35.015,23.215
35.519,22.981
34.534,20.061
34.791,21.253
34.068,21.637
33.703,21.641
34.085,21.458
36.213,19.902
37.833,21.629
39.820,22.152
37.721,22.586
38.452,24.487
36.540,26.360
37.511,22.258
37.675,21.978
35.752,24.744
40.960,20.532
39.360,24.121
41.583,23.491
40.972,18.383
39.887,20.932
39.147,19.436
39.742,18.992
39.411,17.046
39.796,17.886
40.702,18.532
42.110,19.711
41.169,19.444
40.808,19.783
39.535,20.513
39.458,25.639
38.949,20.404
40.346,19.541
38.211,20.081
37.934,21.584
39.548,19.340
39.086,18.130
38.112,18.495
37.602,19.284
37.604,18.494
38.922,21.556
38.233,18.508
37.788,18.262
37.511,17.081
36.940,16.671
37.575,13.266
36.687,13.091
36.784,13.782
36.383,15.092
38.582,15.277
37.709,15.524
38.148,17.421
38.062,13.882
37.906,14.397
37.995,13.874
36.212,18.130
35.791,16.575
34.829,19.912
35.440,17.609
34.837,18.034
34.967,16.156
33.058,20.342
33.562,16.819
34.738,19.164
34.505,15.785
35.355,15.479
34.437,13.481
35.016,15.844
35.107,16.273
35.761,15.008
36.096,17.132
34.508,15.842
34.482,14.799
34.684,14.561
35.019,15.615
35.708,15.457
34.976,13.335
33.505,13.895
33.372,12.711
33.757,13.879
32.344,14.510
32.427,15.154
33.183,13.699
32.290,10.667
32.722,13.359
32.836,14.435
33.576,16.512
34.414,19.840
33.417,16.569
32.333,14.917
32.676,11.246
32.838,9.443
33.247,13.857
34.018,15.003
34.477,15.261
35.002,14.976
34.628,12.599
34.104,12.392
32.552,13.824
31.959,13.714
31.547,13.038
31.891,10.952
32.414,13.009
30.334,11.349
28.828,12.686
28.338,10.541
29.907,12.811
28.917,12.013
28.467,9.961
27.963,9.384
26.435,13.728
24.367,8.666
24.693,9.192
22.792,14.900
26.939,12.945
29.416,11.565
31.326,13.260
30.734,15.806
28.930,12.264
31.538,14.347
31.013,17.759
30.375,14.346
32.062,16.114
30.642,15.887
29.795,12.003
30.671,11.663
30.130,11.281
29.381,10.563
30.044,10.404
30.739,11.159
32.177,14.539
32.596,13.628
32.527,14.305
32.640,13.050
32.529,10.387
34.054,10.303
34.826,15.505
34.288,15.523
32.059,15.868
30.499,13.877
31.586,10.974
32.508,16.649
29.245,16.293
30.091,15.473
29.967,15.235
29.272,15.179
30.834,14.303
33.098,13.950
33.900,12.777
31.931,13.244
32.047,14.104
32.029,15.233
31.985,17.127
31.716,15.779
32.722,13.387
33.017,14.972
34.799,14.898
35.737,15.188
33.326,18.816
27.721,19.658
29.847,17.058
31.326,15.020
32.641,15.854
34.363,16.675
35.124,17.736
35.893,16.982
35.723,19.324
36.460,18.766
36.822,19.760
37.110,18.774
37.840,20.059
36.277,20.518
33.117,15.672
30.090,8.910
30.724,12.373
35.016,13.879
35.693,14.877
37.003,15.641
37.148,15.165
37.198,16.444
36.323,15.997
35.164,17.116
37.663,16.249
39.148,18.342
37.656,14.937
36.804,15.864
38.177,18.590
36.940,17.054
36.968,17.272
39.696,17.185
39.309,16.694
39.996,15.575
40.450,18.251
40.226,17.975
41.794,23.685
43.445,23.867
40.526,23.508
40.734,20.589
39.523,20.347
38.682,21.357
40.771,17.671
41.147,20.314
41.788,18.075
41.214,22.192
40.288,23.766
39.915,19.928
41.573,24.480
44.834,20.946
41.578,20.288
41.922,19.123
40.471,23.603
45.756,23.514
40.680,28.512
40.326,21.627
39.768,20.740
40.468,22.735
40.530,21.995
42.466,23.447
41.348,25.164
38.820,24.583
40.004,19.771
44.583,20.977
46.426,19.765
45.277,21.184
43.222,22.850
42.463,21.940
43.080,23.021
42.609,22.075
46.473,19.298
47.894,20.248
46.707,21.812
45.195,22.023
42.870,23.360
40.956,23.895
41.174,21.414
41.152,21.612
41.298,22.438
41.618,23.028
43.409,20.833
46.289,21.971
47.498,23.821
45.620,26.327
45.961,27.175
45.428,24.015
45.842,26.079
49.732,21.505
45.871,26.548
44.888,27.127
43.518,27.998
42.875,27.215
43.149,27.122
43.126,26.918
41.588,26.454
42.180,27.784
44.109,27.204
42.089,27.724
40.012,25.436
41.831,27.483
42.632,26.088
43.647,28.105
44.425,27.930
44.633,27.531
43.783,25.684
44.472,28.327
44.888,28.828
45.118,28.403
44.273,28.346
43.751,29.354
42.902,29.649
43.129,29.507
44.060,29.519
43.429,29.367
43.363,28.496
44.210,30.219
43.937,29.120
41.629,28.610
43.961,29.377
37.987,28.531
34.918,27.434
31.795,26.389
29.958,25.699
31.850,25.506
38.471,26.104
40.783,27.456
39.879,27.328
39.569,28.767
35.939,28.672
36.341,27.094
37.083,27.131
36.906,27.026
36.726,26.589
37.755,26.390
38.384,27.239
37.916,28.171
37.742,27.428
35.593,27.477
27.755,26.960
31.827,25.920
33.495,25.965
32.147,25.591
31.130,25.772
34.650,25.433
30.474,25.668
33.401,25.757
34.687,25.597
36.393,26.181
35.056,26.440
30.464,25.794
33.056,25.777
34.235,26.099
34.813,25.858
31.733,26.371
31.384,25.896
29.888,25.392
31.629,25.602
29.193,25.411
27.960,24.843
29.044,24.310
31.246,24.616
28.006,25.222
28.290,24.676
28.696,24.308
30.575,24.650
30.173,24.726
30.096,24.449
29.521,23.954
29.615,24.107
30.871,24.569
35.360,24.693
35.411,24.891
32.370,25.872
32.344,26.210
31.624,25.189
28.057,25.016
32.126,24.488
31.766,25.409
33.315,24.347
33.231,24.552
32.541,25.438
33.031,25.684
31.887,24.701
32.011,24.576
33.892,24.096
34.939,24.400
39.558,25.566
33.186,25.809
30.552,24.911
25.229,23.919
25.862,23.492
28.339,24.023
30.562,24.521
32.091,23.598
26.026,24.088
28.331,23.923
26.830,24.228
29.695,23.670
30.845,24.650
31.790,24.690
32.348,24.679
30.052,22.922
31.333,23.379
33.097,22.751
30.999,24.332
33.541,23.837
32.428,24.129
32.645,22.221
32.945,22.712
33.162,21.853
32.123,23.344
32.870,24.309
32.969,23.462
32.118,24.268
32.485,23.965
35.013,24.439
36.706,22.117
35.094,23.612
31.592,23.120
30.289,23.303
29.280,23.128
34.868,23.920
35.300,23.421
35.654,25.058
37.379,21.914
36.263,24.185
35.505,22.823
37.739,25.616
35.905,26.344
36.430,21.364
35.673,17.271
33.732,17.721
35.242,21.282
35.723,23.142
37.327,26.078
36.469,19.641
35.328,19.510
35.466,16.997
36.219,16.447
37.883,16.976
37.763,17.592
36.197,18.378
36.642,18.864
36.409,18.606
36.600,18.588
37.635,19.334
35.591,15.454
35.526,16.242
36.424,15.607
34.578,15.050
36.097,14.809
34.351,13.204
35.259,17.033
34.036,18.070
34.486,19.115
34.639,18.881
34.623,16.695
35.972,16.190
35.997,17.105
35.843,19.475
34.849,21.450
35.280,21.314
35.342,22.528
34.458,18.727
34.674,18.896
35.460,19.414
34.558,19.754
34.796,16.486
34.135,15.994
33.673,16.204
32.578,15.596
32.403,15.458
32.956,13.801
32.769,16.450
33.989,17.064
33.114,17.632
33.042,17.126
33.583,17.016
33.294,16.390
32.851,11.381
33.239,16.865
33.925,18.380
33.632,18.319
33.656,16.379
32.942,14.950
33.432,16.077
32.843,15.184
33.829,15.849
32.789,13.294
31.955,13.165
32.192,12.515
32.421,11.667
33.338,13.955
32.986,14.035
33.495,14.261
33.388,13.698
32.168,14.486
32.505,16.507
32.590,15.433
32.490,14.858
31.658,15.788
31.107,16.782
27.769,13.669
26.942,11.794
27.527,12.492
28.034,12.728
28.683,13.587
28.862,12.378
28.862,12.853
29.115,10.073
28.707,10.912
28.553,11.799
28.732,11.900
26.778,6.316
25.118,10.337
26.512,9.753
27.640,10.055
29.315,10.721
28.602,7.007
27.874,9.893
29.027,11.214
28.421,13.285
28.598,14.774
28.061,13.737
26.088,13.172
28.668,15.375
28.648,12.565
29.639,10.978
30.779,12.284
31.563,11.169
32.052,10.786
32.295,11.800
32.776,13.209
33.681,13.669
31.371,11.668
29.129,9.355
28.752,10.461
29.679,11.159
28.233,13.953
27.362,9.716
24.297,10.071
26.007,10.172
26.457,10.955
27.206,11.194
27.440,11.409
28.961,11.052
29.625,13.025
28.806,10.869
26.527,13.350
24.771,9.698
25.988,10.101
28.451,9.526
31.423,10.799
29.474,7.802
29.112,10.173
31.032,9.453
31.785,9.889
32.457,8.839
30.648,14.437
31.466,11.100
32.844,14.040
33.934,16.693
33.778,14.953
34.189,14.656
35.273,13.294
34.997,12.425
33.044,13.050
35.151,11.393
35.635,11.192
35.043,14.367
36.500,12.627
37.102,13.689
38.209,15.370
38.927,15.473
37.613,16.554
36.752,14.230
36.478,14.429
36.088,11.129
36.702,16.522
37.637,17.272
38.721,17.002
38.434,18.462
38.750,18.696
39.051,17.658
39.927,13.591
39.729,14.503
40.568,16.908
40.981,14.397
39.940,17.934
42.770,14.336
41.417,15.809
41.229,19.842
44.209,15.509
43.636,18.406
43.086,19.554
43.104,18.621
42.603,20.351
41.589,14.827
42.386,15.743
41.721,17.619
41.282,20.046
39.199,19.319
37.397,15.936
36.290,12.948
39.529,12.798
42.494,18.905
40.969,19.781
40.964,15.526
39.649,15.377
40.049,18.301
40.166,17.901
39.989,18.656
41.835,20.173
41.513,20.080
40.558,17.226
40.670,17.300
40.942,23.230
40.727,21.651
40.621,18.755
42.573,18.945
42.576,20.940
43.148,20.936
42.512,22.991
42.354,22.681
41.842,21.564
39.898,22.587
39.633,23.213
39.531,20.923
41.967,22.143
42.711,20.820
42.409,22.703
42.674,23.357
43.196,21.095
44.911,19.584
44.245,20.997
44.014,21.803
43.378,23.906
42.791,23.834
41.688,24.503
44.778,17.743
43.682,17.636
48.038,22.081
49.602,24.934
48.420,24.811
46.791,21.649
41.479,30.298
41.277,29.715
46.288,30.393
37.226,28.278
39.240,26.399
39.773,28.535
36.328,27.841
39.730,28.152
41.118,29.291
42.430,27.871
43.121,29.844
43.968,29.228
43.828,27.809
42.964,28.138
42.322,28.174
42.592,28.419
42.032,27.778
41.696,27.327
42.058,27.408
41.826,27.290
43.291,27.413
43.297,26.405
44.450,26.854
44.450,26.783
43.930,28.754
44.587,29.317
45.108,28.590
43.767,28.932
43.955,28.444
43.593,28.811
43.861,28.561
41.817,28.212
41.566,29.885
38.766,30.116
41.358,28.974
39.714,28.813
45.851,29.345
42.401,28.176
44.934,28.480
37.898,27.722
35.557,28.030
35.542,26.658
34.835,26.545
39.324,25.916
38.483,27.302
40.249,27.393
40.265,27.525
39.471,27.615
36.572,27.456
35.150,26.977
33.645,27.223
35.739,25.997
33.934,26.111
33.157,25.779
31.040,25.843
36.903,25.673
36.602,26.171
40.764,27.239
38.107,27.332
36.900,28.335
34.465,26.997
30.803,26.346
31.586,26.223
33.825,25.738
35.832,25.291
32.425,25.319
37.066,25.931
37.579,25.654
39.060,26.361
40.117,27.242
42.249,28.086
41.504,27.481
36.471,26.891
36.714,25.592
36.374,26.157
38.975,25.833
37.925,26.454
40.649,25.540
41.108,26.348
40.274,27.707
36.848,27.584
31.953,26.926
34.802,26.775
33.510,26.791
34.545,25.865
33.799,24.885
31.473,24.631
30.159,24.802
34.379,24.729
37.060,26.316
30.668,27.170
30.877,26.112
28.002,25.241
27.111,23.945
29.949,24.444
29.593,24.039
25.614,24.644
26.682,23.535
29.285,22.768
25.573,24.088
31.222,24.134
25.233,23.573
29.412,23.406
31.263,24.219
31.012,23.723
29.885,24.238
31.640,24.105
32.748,24.991
27.485,24.249
29.805,23.943
31.690,24.500
32.376,23.329
32.089,23.212
32.685,22.771
32.755,22.896
32.854,22.594
32.800,22.537
32.563,21.990
32.436,21.959
33.099,22.413
31.593,23.841
34.180,21.334
37.650,22.226
38.273,22.732
36.890,23.787
34.767,23.778
33.842,23.499
34.713,23.850
34.497,22.040
34.296,21.070
34.213,22.431
33.053,21.886
31.193,22.491
34.702,22.393
35.132,22.587
31.244,24.382
36.753,23.427
38.282,25.982
37.770,22.829
37.890,24.854
37.723,24.394
36.225,23.526
33.732,24.459
37.887,23.799
38.444,23.443
39.231,26.618
33.520,24.463
36.130,24.197
29.892,22.901
33.135,21.928
33.133,24.160
32.966,24.744
35.838,23.551
34.500,23.915
34.880,25.271
33.981,22.590
32.019,22.352
33.438,21.437
34.274,15.436
34.750,18.755
35.324,18.785
34.703,17.986
34.502,16.724
34.307,16.403
34.213,16.505
34.792,16.902
34.150,17.381
35.717,16.996
34.895,17.570
34.410,15.703
34.502,15.686
34.465,19.398
33.837,18.254
35.268,15.926
35.076,19.333
34.448,19.656
33.438,16.221
33.434,19.359
33.029,19.737
34.495,18.765
32.991,18.664
32.480,18.787
32.096,17.823
31.657,17.526
32.050,19.428
33.079,17.804
33.247,17.292
35.211,20.389
33.906,18.960
34.141,18.914
34.413,18.047
34.545,17.252
34.930,17.656
34.287,18.547
35.036,17.436
34.448,20.959
34.962,18.861
34.717,18.192
34.719,15.464
34.420,15.487
34.130,14.621
33.415,16.497
32.520,14.789
33.323,16.275
33.340,17.492
31.806,17.441
31.686,15.995
30.955,13.439
30.557,12.246
30.499,15.617
31.066,15.057
30.475,14.592
31.258,13.709
31.606,15.975
31.316,15.675
31.789,15.897
31.983,16.636
32.105,14.917
32.221,15.735
30.933,14.497
31.186,14.996
31.273,14.443
31.494,15.079
32.439,14.071
32.287,13.709
31.898,13.297
30.686,10.565
28.361,13.102
28.247,11.079
29.075,12.349
28.419,9.722
27.598,12.468
28.356,14.473
26.547,12.207
29.223,12.178
31.415,15.007
31.500,15.124
31.431,16.179
27.292,18.107
25.092,7.139
26.445,8.184
26.979,8.898
28.200,11.693
30.827,13.765
28.791,12.125
27.966,12.549
28.813,11.629
29.417,10.681
28.000,9.126
26.290,10.532
27.704,10.139
29.004,10.186
30.114,10.358
30.198,11.953
27.137,11.582
26.419,9.366
24.097,8.560
25.699,9.859
27.086,10.161
28.239,11.074
28.293,8.343
26.931,10.434
27.829,10.954
28.818,13.561
28.799,11.514
25.903,13.899
27.845,11.660
27.406,11.178
26.667,12.421
27.730,13.938
27.260,12.520
27.441,10.915
29.423,10.192
29.198,8.610
30.582,13.189
32.248,12.167
30.577,12.356
31.929,13.801
34.526,16.078
37.006,17.103
34.597,14.803
34.412,11.759
34.232,16.512
35.272,14.176
34.136,16.000
31.681,17.034
28.614,13.376
27.585,7.559
25.910,3.169
26.108,6.362
27.142,10.416
27.952,11.025
31.893,10.553
33.976,11.405
33.988,14.863
34.968,15.851
38.392,17.019
37.647,16.676
38.083,16.445
37.055,22.763
37.039,16.661
36.476,20.758
35.337,15.358
35.806,16.882
33.322,19.894
33.883,15.062
33.324,18.206
32.157,13.780
33.349,12.577
36.584,15.664
36.022,16.529
38.976,13.126
39.272,14.825
39.849,14.545
40.217,16.296
40.142,15.066
39.631,15.296
39.229,17.229
38.367,18.340
35.031,17.337
35.725,14.670
36.724,11.026
40.056,15.173
39.827,19.519
37.531,18.527
39.283,17.631
38.725,16.455
37.570,14.068
37.315,19.673
39.180,20.729
42.345,16.574
41.313,18.794
44.585,19.663
43.547,18.016
43.102,16.433
40.850,18.488
38.125,17.866
37.120,14.554
36.977,12.051
37.161,16.386
39.820,18.089
42.519,18.695
41.371,18.434
41.160,17.710
40.749,20.926
41.761,17.802
44.911,17.551
44.296,18.131
47.245,18.691
43.638,24.055
39.973,21.683
39.709,26.302
41.401,21.833
40.511,21.913
41.454,21.759
41.662,21.197
41.287,21.831
40.196,20.761
38.912,22.667
42.659,25.013
40.293,24.631
40.242,23.772
39.530,22.946
38.929,24.860
40.294,26.589
42.072,27.497
41.696,26.543
40.454,25.265
41.627,24.564
39.522,21.860
41.091,21.890
42.294,22.569
42.754,23.163
43.311,23.904
44.004,25.451
42.072,26.332
42.581,25.415
44.487,27.939
45.342,26.712
45.469,27.567
43.364,26.909
43.299,26.938
44.102,27.865
43.589,26.855
42.298,26.506
44.200,26.556
44.644,27.055
42.274,27.273
46.498,28.108
45.495,25.168
44.120,30.019
44.049,28.391
43.236,27.386
44.068,28.521
44.936,28.066
44.840,28.149
42.366,27.187
42.398,28.447
44.312,28.766
44.919,27.883
44.405,29.376
42.129,28.621
40.569,29.545
41.821,28.190
42.708,29.366
42.516,30.327
42.081,29.800
42.583,28.946
34.698,30.150
41.389,28.848
40.223,29.176
40.870,27.904
39.617,27.447
39.683,27.326
37.153,27.734
35.530,27.144
37.241,26.488
34.470,26.432
36.549,26.083
35.749,26.295
32.438,25.980
30.758,25.790
30.794,25.216
31.950,25.808
33.739,26.081
36.511,25.902
32.250,26.384
36.649,26.594
31.096,26.575
29.607,26.219
35.884,25.706
28.022,26.215
33.409,25.290
33.265,25.918
32.082,26.263
29.284,26.137
31.292,26.377
35.292,25.483
36.819,26.322
37.106,26.154
36.972,26.115
37.858,25.965
38.586,25.815
30.451,26.768
37.685,27.153
36.842,26.661
33.364,25.550
28.515,24.722
27.882,23.743
28.322,24.897
37.414,24.568
33.192,26.644
30.619,25.306
30.775,24.966
30.022,24.665
29.611,24.974
26.791,24.774
27.991,24.865
28.417,25.023
29.584,24.465
30.893,23.566
30.658,23.457
31.905,24.078
33.365,24.311
32.769,25.013
32.334,23.446
29.279,24.212
31.844,24.866
32.969,23.886
32.896,23.784
32.532,24.151
31.836,23.320
32.759,24.149
32.531,23.423
31.705,23.642
31.126,23.053
30.459,24.588
33.683,23.771
34.127,23.230
34.873,22.721
34.329,22.959
35.143,21.767
37.952,22.944
40.516,25.079
38.398,24.976
40.733,23.762
40.338,25.823
36.797,27.488
38.326,25.545
37.588,25.990
36.563,25.205
34.739,25.419
36.461,24.518
31.564,25.299
33.121,24.873
31.386,24.910
28.284,24.142
30.040,24.190
29.596,23.781
26.591,24.095
31.061,23.844
32.425,23.404
35.307,25.169
34.168,24.609
30.787,24.641
24.411,23.315
30.405,23.351
30.730,23.241
30.797,22.700
31.994,21.770
33.062,20.991
33.677,20.311
32.468,23.378
35.128,20.285
33.074,23.082
34.059,19.287
35.376,19.533
35.160,19.099
35.036,21.573
35.599,19.860
35.701,19.615
33.839,22.910
33.862,22.589
35.124,20.948
34.954,21.146
34.723,21.452
34.436,20.679
33.751,19.891
34.887,19.489
34.359,21.111
32.344,21.908
35.536,18.913
34.272,17.456
33.299,18.850
32.575,17.502
32.494,18.523
33.514,20.303
35.262,19.839
34.014,18.857
34.146,16.623
34.498,16.136
33.256,15.103
33.287,14.118
33.036,14.239
32.862,15.578
32.303,17.150
33.714,16.264
32.955,17.912
31.983,16.215
33.130,15.959
31.815,16.232
30.729,15.455
31.391,12.798
32.322,15.490
33.342,15.792
33.604,14.180
33.139,13.876
33.618,15.010
32.988,14.354
34.005,16.310
33.243,16.252
33.820,15.170
33.539,16.243
33.872,14.903
33.502,15.201
32.628,14.344
31.998,15.239
31.672,16.533
32.049,14.959
31.831,15.432
31.970,13.858
31.465,14.798
30.128,14.838
29.173,14.526
29.762,15.923
29.817,17.454
29.835,16.586
29.896,14.179
30.639,13.062
30.972,13.527
30.344,13.281
28.911,11.942
28.858,13.704
28.152,12.679
28.523,12.584
28.304,11.699
28.648,12.386
28.543,12.750
28.936,13.345
28.071,11.555
27.433,12.105
28.097,11.585
28.071,11.357
28.429,12.043
27.758,12.525
26.688,11.905
25.937,11.947
25.994,9.682
27.113,9.642
28.512,10.449
29.287,8.668
29.845,12.873
27.974,11.391
28.460,11.199
29.380,10.999
28.135,10.042
26.283,8.899
27.321,11.637
26.969,13.161
28.289,14.218
28.126,13.192
28.309,12.093
29.440,11.536
30.968,10.773
30.135,12.156
30.668,9.699
30.630,10.820
30.973,12.550
32.182,11.755
33.892,12.281
31.906,14.386
30.307,12.855
30.057,14.170
27.905,13.547
28.003,11.702
27.711,10.703
26.338,8.095
26.560,10.501
26.688,10.153
28.089,9.826
29.442,10.645
30.972,12.182
31.784,11.463
33.026,13.772
34.587,13.949
34.239,15.157
33.848,16.334
33.832,16.864
33.647,15.682
33.409,12.621
33.792,12.639
32.735,10.957
32.664,11.369
33.820,13.678
33.878,14.972
34.390,13.392
35.436,14.297
36.522,14.711
36.391,14.678
34.028,13.967
34.498,13.586
35.185,13.613
37.807,15.292
38.354,19.436
38.037,19.045
38.555,17.536
38.372,18.237
37.704,14.738
38.392,18.062
38.578,17.829
36.518,23.154
32.381,22.713
33.095,22.924
34.458,20.862
37.099,16.845
36.510,14.968
35.717,14.963
36.267,11.701
35.409,12.923
37.400,15.484
35.549,13.688
23.547,17.833
28.989,15.225
31.178,14.382
33.141,14.333
33.780,14.638
32.820,22.266
32.178,21.243
34.258,16.366
35.935,15.536
35.395,18.439
34.921,19.662
38.391,20.754
38.182,17.640
37.103,18.351
38.526,18.319
38.090,18.965
37.635,18.159
38.146,16.217
37.394,16.410
38.947,15.510
39.691,19.975
39.496,17.395
40.237,17.699
38.476,17.420
39.076,19.923
38.769,18.125
39.617,18.064
40.714,18.217
41.686,19.436
41.545,20.491
41.165,19.984
40.665,20.758
40.237,20.001
40.469,17.631
39.968,18.116
40.821,15.841
40.654,19.337
40.574,19.668
40.610,23.032
38.985,26.395
39.820,16.547
40.263,18.656
42.193,19.878
42.281,23.227
41.655,22.589
40.262,22.738
41.412,22.349
44.887,22.675
41.833,22.633
41.705,22.938
41.780,23.262
43.066,24.463
44.460,26.338
43.591,24.542
43.752,23.806
44.207,23.931
48.394,23.312
47.804,23.456
45.952,25.189
44.073,23.884
44.392,24.402
44.521,24.685
43.988,25.405
44.995,26.582
44.220,25.521
43.807,25.207
43.030,26.112
42.981,26.628
43.221,26.895
43.674,27.380
45.088,28.109
40.797,28.349
40.509,27.245
41.008,27.963
42.405,28.758
42.004,28.733
42.633,29.388
44.385,29.047
44.697,28.833
45.235,29.248
45.678,29.507
44.602,29.197
45.318,30.021
42.908,29.892
39.877,28.915
29.676,26.434
37.288,25.264
38.503,26.745
39.433,27.294
38.767,26.733
40.212,27.266
40.327,27.950
41.247,27.867
42.214,28.362
41.494,28.309
39.972,27.124
39.264,27.422
39.630,28.641
41.426,28.166
41.458,27.978
41.276,26.958
43.071,27.694
40.935,29.797
43.788,29.406
46.920,29.728
42.449,30.236
47.551,31.193
45.353,31.269
42.641,29.535
39.749,29.924
40.911,28.133
34.861,27.848
37.035,26.788
36.305,27.122
40.908,26.371
37.424,26.799
39.291,27.570
41.114,28.829
43.802,30.596
30.697,26.153
30.842,25.921
30.003,26.133
31.243,25.640
29.138,25.556
33.065,25.586
33.123,25.902
34.758,26.823
36.334,26.538
38.295,27.255
37.926,26.818
34.937,26.596
35.192,27.168
29.701,26.067
28.255,25.425
27.981,25.318
32.917,25.114
29.630,24.767
29.515,25.065
32.363,25.490
34.483,24.746
29.291,25.039
29.547,24.333
27.074,24.686
30.504,24.590
28.598,24.791
24.687,23.764
26.427,23.378
30.407,23.571
27.436,24.265
32.209,24.428
32.641,25.746
29.715,25.055
28.300,24.647
27.127,24.918
26.978,24.776
26.964,24.522
30.205,24.472
30.469,24.479
32.368,24.333
30.220,23.528
31.944,25.054
29.513,24.596
29.417,23.780
25.243,23.468
26.189,24.490
27.529,24.150
26.469,23.981
29.901,23.922
29.496,23.625
26.540,23.158
29.144,23.230
28.420,22.991
29.301,23.863
28.905,23.186
32.385,22.974
24.975,23.087
26.640,22.978
30.766,23.650
32.627,23.919
32.782,23.302
35.167,23.188
29.384,25.113
27.053,23.561
30.536,23.203
32.029,23.307
33.702,22.126
31.890,23.264
33.355,24.032
34.110,22.551
32.671,24.699
34.398,24.032
33.849,24.639
36.145,24.662
35.650,23.245
34.199,23.757
35.132,24.671
33.594,24.398
31.905,24.162
32.911,24.065
31.760,24.742
32.687,24.447
33.250,23.297
32.987,24.615
34.382,24.621
34.714,23.660
36.270,22.315
35.852,24.780
34.488,24.559
36.876,23.336
37.983,22.288
36.158,22.084
34.882,22.481
34.227,21.240
35.189,19.025
34.500,18.623
35.868,19.754
35.754,19.426
34.641,18.836
34.223,17.227
36.101,26.505
34.891,25.847
37.854,21.910
36.156,20.052
36.800,20.904
36.191,19.787
35.231,21.112
35.504,18.599
35.875,19.385
36.090,19.224
36.039,23.490
36.035,19.187
35.534,17.845
35.377,20.209
34.529,20.195
34.139,18.665
33.790,18.441
34.164,18.965
34.287,18.917
33.540,18.257
33.382,18.459
33.179,18.779
35.188,19.729
35.296,19.262
32.074,18.772
31.319,19.672
34.323,17.628
34.994,16.571
32.652,17.558
32.659,17.192
32.632,17.575
32.843,16.844
32.796,17.927
32.684,17.318
33.353,18.156
32.647,16.827
32.818,14.093
32.794,16.181
32.183,17.054
32.504,18.449
32.163,14.882
31.516,17.105
29.682,14.048
28.994,13.371
29.753,12.517
30.450,13.343
24.220,15.918
30.271,15.050
30.555,14.998
30.639,15.209
31.966,16.508
32.646,16.017
31.402,14.107
31.906,18.181
30.929,16.991
29.765,14.894
30.894,16.120
29.982,12.396
28.846,12.626
28.102,12.845
29.623,13.009
30.721,14.724
31.846,14.787
31.661,15.154
31.632,16.692
30.732,13.176
30.927,13.415
30.560,12.673
30.596,12.181
29.867,14.215
30.900,15.141
31.622,16.467
29.310,15.177
30.576,14.396
29.671,16.171
28.944,13.745
30.222,13.731
30.586,13.778
29.811,10.503
28.364,12.513
27.368,11.500
27.294,10.196
27.741,9.818
27.688,12.420
28.581,12.696
27.799,12.069
29.453,13.148
30.467,12.827
29.925,13.433
29.238,13.926
29.188,12.769
28.451,12.951
28.595,11.994
28.946,10.781
29.222,11.673
28.051,12.113
29.613,12.561
30.964,11.604
28.883,10.866
28.581,11.076
28.939,12.173
29.946,13.164
31.638,13.741
32.555,14.503
33.656,14.146
33.490,15.169
34.915,17.339
35.278,21.770
31.101,17.394
33.585,16.359
33.591,15.494
33.779,15.384
33.757,15.408
33.146,11.350
33.979,14.264
31.814,12.284
32.748,15.939
32.581,16.320
34.598,15.843
29.738,18.931
30.955,16.395
29.090,11.804
27.820,15.038
29.463,13.606
29.545,14.359
29.822,15.437
30.386,13.101
31.135,12.357
33.872,16.438
34.616,16.744
35.065,16.778
35.142,17.524
35.129,21.764
31.000,22.434
33.671,15.275
34.576,14.894
35.296,14.055
35.065,15.254
32.896,18.215
31.581,17.252
33.005,14.986
36.350,17.037
35.916,18.200
34.315,17.105
35.684,16.093
34.840,15.198
34.692,12.647
34.604,16.557
37.150,18.366
35.895,17.459
33.717,18.123
33.650,17.594
33.303,16.314
38.577,16.454
38.925,17.524
39.882,18.284
39.516,18.682
38.329,20.697
36.703,21.146
37.272,15.525
39.268,16.945
38.200,19.779
38.452,19.057
41.790,20.187
43.475,21.845
44.261,20.818
42.625,21.490
43.774,21.796
45.420,20.674
39.081,19.473
40.952,18.295
42.400,20.256
42.968,21.165
44.797,21.340
46.667,20.251
43.173,21.761
41.390,20.032
42.400,19.271
45.292,18.213
44.324,20.481
41.924,20.644
42.392,19.337
42.937,19.192
42.567,22.785
45.157,23.745
47.786,23.633
45.453,24.337
45.146,24.294
44.375,24.955
42.433,26.488
42.187,23.035
41.474,22.429
42.560,22.460
43.268,22.864
46.020,21.728
44.328,22.847
43.579,22.493
41.483,25.105
43.658,27.826
48.750,24.685
45.955,26.921
46.115,26.690
45.198,25.648
47.485,25.129
41.793,25.902
43.822,25.805
43.969,26.820
44.924,25.062
45.078,25.315
44.393,26.229
43.531,26.835
43.180,25.882
42.955,26.298
42.218,25.769
42.549,26.733
43.447,27.005
43.556,26.565
42.906,27.295
41.046,27.832
38.437,27.325
41.608,25.673
42.055,24.760
42.211,26.943
41.672,24.907
42.125,26.301
42.156,26.417
42.682,26.863
38.653,27.198
41.882,24.768
43.038,26.939
46.209,29.166
43.952,27.933
34.308,29.181
37.662,27.385
35.137,27.402
38.630,27.741
43.818,29.966
44.260,30.144
43.675,30.052
43.439,28.805
43.239,29.163
43.588,29.482
43.920,30.266
39.531,30.300
38.127,29.869
39.174,28.338
40.892,29.100
40.403,28.234
40.949,28.600
40.737,29.076
41.073,27.690
41.434,29.401
40.630,31.798
32.734,28.685
29.845,26.611
31.867,25.073
33.897,26.617
36.689,25.513
35.284,27.052
36.378,27.759
37.735,28.379
32.630,27.287
27.331,25.710
27.342,24.223
31.177,25.087
29.428,25.625
29.740,25.704
32.691,25.926
31.494,25.470
26.765,24.333
29.385,24.818
32.926,24.665
31.495,25.641
31.211,25.498
32.205,25.832
32.843,25.691
31.350,25.184
35.116,24.902
34.925,25.580
34.808,25.016
34.943,25.072
35.957,24.907
35.042,25.471
31.327,25.808
30.329,25.875
33.304,25.082
36.158,25.566
32.694,26.001
33.813,25.536
32.290,25.184
33.490,25.288
32.651,25.053
32.074,25.531
28.338,25.869
27.813,25.248
29.362,24.833
31.227,24.332
32.275,25.701
34.314,25.380
26.544,24.910
30.461,24.923
29.974,24.478
28.829,23.991
27.118,24.486
26.580,24.413
28.436,24.440
28.516,24.576
26.952,24.917
29.245,24.422
34.052,23.691
31.948,24.005
26.182,24.554
30.390,24.239
30.142,23.730
32.585,23.939
34.294,23.658
33.451,25.636
33.711,25.206
33.663,25.478
30.620,24.941
30.509,24.375
29.634,24.738
32.660,25.192
31.495,24.980
31.712,25.565
30.856,25.727
31.462,25.286
28.434,25.008
28.689,24.719
31.701,24.516
31.830,24.520
31.825,23.985
31.532,23.070
33.033,21.871
32.687,22.927
33.535,22.108
33.322,22.907
34.028,23.091
36.788,22.436
36.870,26.493
36.876,24.027
38.242,25.900
35.729,25.828
34.154,24.317
32.816,24.441
29.025,23.627
33.665,23.911
34.096,23.353
32.124,24.725
35.868,23.760
33.220,23.510
35.652,21.468
33.975,23.292
34.135,21.681
34.963,18.555
34.116,18.024
34.072,18.500
34.006,17.711
33.759,16.133
30.740,18.935
34.655,19.224
34.728,19.379
35.492,20.043
35.849,24.768
36.451,19.263
35.117,17.524
35.369,16.018
35.521,16.453
35.818,16.034
36.357,15.233
36.593,15.464
35.774,15.287
34.721,14.829
36.076,15.017
35.670,17.351
35.314,18.227
34.705,20.495
34.589,19.985
35.368,18.567
35.870,17.504
35.307,17.360
34.375,18.900
34.308,18.939
35.714,21.616
35.271,21.513
35.357,19.959
37.362,22.657
37.836,23.265
36.452,15.796
36.185,17.981
36.793,17.890
35.808,20.119
35.549,18.918
35.542,16.352
34.040,16.293
34.472,18.746
34.478,16.481
33.324,15.912
34.653,16.317
32.718,16.104
31.501,14.116
31.948,14.440
32.110,15.595
32.083,12.340
32.586,13.994
33.657,14.160
32.950,13.911
32.110,13.216
32.085,14.066
31.540,12.620
31.850,11.888
31.414,14.101
31.049,16.251
30.281,18.155
29.979,17.763
30.153,17.755
29.809,16.162
29.367,14.932
29.525,16.248
29.327,15.424
28.793,13.277
29.479,12.388
30.512,13.082
29.481,13.919
28.459,18.135
27.919,13.299
26.761,14.537
27.705,15.142
27.925,13.259
27.606,13.613
29.693,13.270
28.691,12.281
31.299,13.750
32.625,15.128
32.106,14.553
33.944,17.077
32.438,15.727
31.311,19.216
30.368,15.912
29.951,12.487
28.343,15.042
28.039,8.144
28.359,10.720
29.172,12.979
27.201,11.711
27.483,11.014
28.032,12.399
28.768,12.729
30.568,14.319
31.678,13.901
32.335,15.956
31.635,12.185
31.410,11.624
29.867,11.497
27.034,12.143
29.181,13.162
28.705,12.708
29.883,14.058
30.441,14.168
32.041,13.449
32.442,11.624
29.269,11.093
26.719,9.126
26.702,9.211
26.029,9.744
26.001,10.428
26.299,8.358
24.926,8.550
26.513,7.308
24.194,3.825
25.456,8.803
26.750,7.932
28.785,10.121
25.531,9.484
25.631,9.836
26.198,7.066
28.948,8.071
25.855,13.629
24.167,4.556
24.436,5.855
24.666,4.933
22.266,4.112
23.690,5.249
24.357,7.680
26.389,7.609
28.177,9.012
28.578,9.750
28.858,9.628
31.077,10.944
33.674,12.557
34.196,12.768
34.209,10.647
35.480,13.496
34.672,14.480
34.026,13.298
34.994,12.817
34.849,10.495
33.629,12.475
33.303,9.979
32.656,13.906
33.697,14.237
34.989,14.736
36.777,13.353
39.458,12.480
37.133,12.893
36.784,10.917
36.484,11.260
37.337,12.817
37.605,13.797
39.059,13.287
38.375,14.222
37.971,13.618
38.567,16.972
38.695,19.982
36.966,22.098
37.644,23.129
36.401,22.906
37.501,22.090
39.862,20.178
40.384,20.441
39.646,15.423
40.347,14.267
38.652,15.879
41.232,14.665
40.217,15.721
41.764,15.969
42.815,15.742
39.135,17.840
40.227,20.738
42.073,17.767
42.753,25.198
41.252,19.669
42.170,15.764
32.910,19.044
38.137,17.139
37.909,18.016
38.011,19.308
36.591,20.063
35.240,17.937
36.500,17.366
38.878,19.773
35.920,22.470
41.386,22.206
43.832,19.014
41.851,23.397
41.975,21.329
42.577,20.683
41.940,23.683
40.806,22.096
42.273,21.078
40.685,20.497
44.703,19.927
44.962,20.943
42.359,18.789
43.078,18.988
42.002,20.435
44.510,26.420
43.610,21.336
44.776,25.066
44.962,21.879
45.417,24.677
44.052,21.648
44.075,23.085
42.867,21.807
43.039,22.600
42.053,23.608
42.285,22.720
43.167,23.610
41.869,23.238
41.525,23.557
41.395,24.511
41.330,26.015
42.539,26.122
40.645,26.906
41.142,24.889
42.984,25.186
42.802,24.723
42.864,25.225
43.368,26.814
42.538,25.736
41.781,26.207
42.386,26.714
41.594,26.819
41.782,26.137
41.807,26.661
41.298,26.130
41.771,27.194
43.050,26.952
43.097,26.334
43.840,24.761
43.131,25.550
43.817,28.103
44.020,27.392
43.076,27.310
42.315,26.416
43.160,27.513
42.552,27.565
43.040,28.801
44.029,28.977
43.429,29.105
41.054,29.628
36.298,28.136
39.949,27.309
42.199,28.185
32.975,28.266
35.079,26.894
39.572,26.888
29.077,25.479
35.456,24.581
32.871,26.199
35.846,25.441
37.660,27.064
33.860,28.119
39.906,27.191
34.611,27.990
32.285,27.942
37.058,27.025
41.161,28.013
40.414,28.452
40.530,29.152
37.056,29.303
35.089,28.649
32.794,27.440
38.273,26.237
35.622,27.362
32.574,26.805
31.798,26.375
35.012,25.472
29.095,26.194
33.789,25.522
36.038,25.975
37.603,26.643
31.133,27.127
33.817,26.956
27.555,25.835
31.638,25.304
26.877,24.404
30.723,23.355
30.107,25.006
30.071,25.083
34.449,25.194
35.403,26.198
36.284,25.299
34.958,26.424
35.843,26.483
35.251,26.738
36.556,26.972
35.908,26.711
37.067,26.354
36.013,26.443
36.405,26.818
32.494,26.075
29.688,25.162
27.775,24.741
37.788,23.372
33.042,25.416
32.287,25.045
31.093,25.035
26.498,25.010
31.102,24.342
33.118,24.682
30.565,25.327
31.273,25.051
29.184,24.216
27.770,24.561
29.022,24.840
32.178,25.052
32.725,25.038
26.928,24.965
29.986,24.137
25.654,24.478
30.233,23.978
28.723,24.770
31.260,24.603
28.050,23.787
31.306,23.600
31.957,23.840
32.063,23.109
31.246,21.489
33.016,22.093
35.879,23.810
32.485,24.160
33.746,25.522
26.883,24.648
32.996,23.560
32.396,23.106
33.529,22.536
33.462,22.329
36.267,21.852
38.146,23.962
38.123,24.638
35.512,25.713
34.438,25.454
31.748,24.152
33.002,23.898
35.136,22.530
34.087,21.691
34.741,24.560
33.188,25.911
32.764,25.304
35.013,25.079
29.821,25.199
32.008,23.029
31.921,23.043
31.260,23.475
30.243,24.638
33.538,24.792
34.406,23.662
33.982,25.215
32.137,24.192
32.769,22.375
33.941,23.430
33.615,21.813
33.266,21.570
33.017,21.304
32.905,21.315
33.127,19.951
33.273,19.285
35.144,20.646
35.464,22.717
38.564,23.387
36.439,26.816
36.861,25.173
35.787,21.090
34.502,22.593
34.667,21.714
36.287,20.730
36.273,22.435
38.833,22.405
38.146,21.307
39.440,19.118
38.676,19.486
37.456,18.776
36.237,23.960
37.370,24.226
37.903,23.055
36.474,19.987
35.959,17.811
36.707,17.081
36.610,19.027
35.747,19.592
37.513,18.342
36.832,15.689
37.158,17.627
36.140,16.238
36.364,15.789
35.093,16.784
34.743,16.617
34.894,18.485
35.562,18.085
36.342,18.216
36.354,15.546
35.435,16.876
35.660,14.730
35.681,17.035
35.039,15.311
35.647,15.473
35.035,15.305
34.736,15.721
33.889,16.596
32.757,15.136
33.448,16.255
33.907,17.148
33.531,17.649
34.385,18.659
32.523,17.954
25.094,21.378
24.741,19.555
32.229,17.764
30.571,16.750
30.286,15.589
30.406,14.598
30.246,13.832
31.552,13.635
31.807,13.160
32.077,15.227
30.376,15.804
31.147,16.190
31.385,17.747
23.172,18.298
31.892,18.482
32.929,18.821
33.770,18.512
34.441,19.640
34.085,19.021
33.489,19.883
32.902,17.797
33.486,16.621
32.943,18.393
32.558,17.351
31.327,16.432
31.956,17.364
32.439,17.062
32.734,17.358
33.097,17.864
33.013,17.109
33.184,19.093
30.849,19.893
29.552,18.418
30.030,16.705
30.494,16.726
30.752,14.447
29.771,11.376
30.599,9.563
30.597,9.191
28.818,8.449
28.604,8.178
29.462,9.694
29.844,9.424
29.834,13.376
28.587,12.743
29.116,11.824
30.475,12.465
29.308,9.744
26.389,11.830
26.801,11.727
26.582,12.306
25.200,12.977
25.779,14.540
28.515,14.975
29.520,15.228
30.908,16.812
30.610,17.225
30.361,17.825
30.167,17.710
32.870,18.334
32.168,17.386
31.819,14.297
30.705,16.314
31.627,17.046
29.898,17.249
33.038,15.897
33.442,15.182
33.016,16.365
33.186,14.223
30.459,11.977
30.557,9.790
31.568,12.395
32.081,11.659
32.508,11.620
31.519,13.001
32.214,11.532
33.082,11.198
32.168,9.131
32.518,11.506
31.085,10.793
30.744,10.693
31.350,14.158
33.833,14.120
34.069,10.650
30.311,11.919
29.008,10.315
29.668,11.402
31.594,10.632
32.186,11.927
31.374,15.590
32.934,14.866
34.461,14.674
35.352,16.738
34.678,16.529
36.338,16.806
38.513,18.560
37.168,18.298
36.529,16.121
35.991,14.311
36.769,16.446
37.976,15.916
37.798,15.042
37.357,15.317
39.420,18.251
40.568,16.500
40.098,15.719
39.130,15.243
38.006,15.741
37.768,13.523
35.458,13.619
36.028,12.967
38.637,14.708
38.010,15.589
40.529,17.326
41.242,18.686
39.408,18.221
40.295,16.974
38.526,17.164
37.788,13.464
40.278,17.824
38.015,15.212
39.462,16.758
38.663,18.432
37.793,17.942
38.049,14.575
39.907,22.251
41.296,20.965
39.348,17.110
40.268,19.705
37.111,17.151
38.236,18.756
39.933,21.444
40.458,19.987
41.626,21.331
41.545,22.302
41.885,20.638
42.502,21.342
41.846,21.528
40.997,20.870
39.625,23.453
38.857,21.370
36.464,18.890
38.897,18.961
38.763,21.604
43.452,20.874
45.873,20.320
44.100,21.124
42.310,21.382
40.204,23.460
41.971,23.585
44.597,21.183
45.010,17.395
48.317,18.557
43.694,21.320
41.703,22.646
41.509,21.879
41.693,16.265
41.904,21.818
43.422,20.691
45.954,24.019
46.633,18.368
46.130,22.730
46.691,23.541
45.893,23.383
44.394,21.809
44.372,23.630
43.824,23.111
42.976,23.779
41.732,22.757
43.172,24.492
42.918,26.681
43.636,24.160
43.764,22.109
43.874,24.051
42.878,25.005
44.207,26.669
45.563,27.287
45.747,27.720
45.353,27.475
45.093,27.678
46.540,27.641
44.962,28.356
45.461,28.347
44.362,27.657
46.196,27.057
46.708,28.633
44.304,28.036
44.589,27.060
44.327,26.882
44.001,26.614
44.225,27.736
44.973,28.491
44.396,28.799
43.674,28.583
44.219,29.601
42.302,29.379
42.242,28.597
42.586,28.781
42.434,28.696
41.858,27.941
42.901,28.083
42.444,27.361
42.436,27.326
42.527,28.249
43.503,28.652
43.316,27.879
42.938,28.164
42.863,28.379
43.615,28.985
42.717,28.137
43.276,29.017
42.085,29.361
42.289,29.613
42.326,28.688
43.387,31.203
41.970,28.818
37.940,28.587
43.014,27.393
36.919,28.398
40.277,27.246
40.087,28.196
40.945,28.766
31.690,26.712
38.564,26.245
38.342,27.720
37.323,28.089
30.534,27.550
38.762,26.652
36.933,27.287
41.331,26.627
41.826,28.444
43.499,28.971
43.635,30.089
33.690,26.003
29.085,25.800
33.057,25.782
35.713,26.171
31.907,26.196
28.116,25.485
33.524,25.578
33.716,26.628
33.023,26.346
28.303,25.466
30.174,24.658
33.151,24.976
28.893,25.607
32.024,25.484
31.344,24.960
26.744,24.703
27.158,24.337
25.986,24.681
28.769,25.213
27.976,24.958
27.646,25.592
32.301,25.426
28.097,25.082
29.018,24.989
28.202,25.424
34.692,24.862
34.428,24.823
32.526,24.764
31.237,24.821
28.731,24.807
33.253,24.980
33.368,25.369
32.884,25.340
33.180,24.940
29.229,23.972
28.950,23.759
30.549,24.162
31.004,24.202
31.651,24.187
33.863,23.703
34.758,25.302
35.395,25.048
35.500,25.474
35.596,24.893
36.128,25.316
36.029,24.993
38.117,24.682
35.568,25.048
30.713,26.301
32.043,24.613
29.626,23.995
27.748,24.265
27.304,24.508
30.230,24.240
31.309,23.631
30.907,25.688
32.723,25.212
33.613,25.256
32.332,25.551
32.683,24.607
34.742,24.521
36.252,24.911
35.447,25.571
31.963,24.563
33.587,24.924
34.379,23.299
35.412,22.689
34.502,23.233
33.951,22.329
33.541,21.144
35.017,19.772
36.141,21.550
36.352,24.859
36.733,22.673
36.822,22.057
36.981,21.873
38.452,22.625
36.427,22.507
36.481,22.720
35.593,22.482
36.809,22.723
38.713,23.363
39.535,22.063
38.962,25.470
40.014,23.676
38.338,25.280
37.101,26.351
35.912,24.586
36.405,24.816
35.008,21.954
35.269,23.078
33.877,20.888
33.780,21.027
34.061,18.670
34.503,17.892
33.107,22.447
34.701,20.708
35.935,21.071
34.279,18.744
35.388,17.954
35.870,18.865
33.107,17.705
34.668,15.253
34.519,15.318
34.733,15.902
36.543,16.922
36.625,16.487
35.543,14.261
35.529,13.748
36.366,16.062
34.967,15.310
35.044,14.943
35.511,18.409
36.170,16.950
37.448,16.844
37.501,15.985
36.922,15.815
35.751,16.099
35.517,16.273
33.991,16.930
34.461,18.786
34.617,18.282
35.174,19.375
35.783,18.966
34.145,22.441
27.939,22.453
23.118,19.539
30.815,18.788
32.514,19.011
32.449,19.050
31.812,21.501
31.688,18.633
30.825,16.216
29.900,17.093
29.874,16.061
30.121,14.730
28.960,13.568
29.262,13.473
30.444,14.240
32.336,13.153
30.691,15.000
31.000,14.191
30.984,17.455
30.586,14.725
29.512,13.594
28.869,12.555
28.864,14.415
29.393,14.968
31.015,14.884
30.739,12.685
30.552,14.011
30.586,13.471
30.518,14.917
31.201,11.088
30.712,11.531
31.196,12.399
32.248,13.935
30.863,13.463
31.088,15.979
31.463,14.187
31.137,16.136
29.921,15.047
29.529,15.436
29.735,15.754
29.224,16.451
27.147,16.269
29.224,14.357
29.088,17.359
29.722,14.729
28.909,12.435
27.909,10.734
28.887,11.057
28.596,12.178
21.248,16.791
27.788,12.210
27.968,12.116
28.874,11.679
29.806,13.627
27.833,17.825
27.904,14.445
27.711,10.460
27.112,10.183
27.964,10.754
28.552,11.019
28.443,10.965
29.385,10.613
30.800,13.511
31.045,16.177
26.998,9.081
26.291,10.945
27.319,9.537
28.452,11.414
28.741,12.162
29.475,11.122
29.959,11.537
29.882,10.696
30.370,11.947
30.288,11.217
30.204,10.159
30.272,7.649
31.146,11.502
31.078,12.764
31.200,11.215
30.637,13.390
31.236,11.917
31.469,12.727
31.299,10.441
30.843,10.124
31.305,12.377
31.075,12.703
31.151,16.727
32.005,16.553
34.111,16.122
34.395,14.810
34.653,16.305
31.032,17.402
30.485,13.004
30.795,14.486
32.312,13.857
32.257,11.410
31.006,11.396
31.168,9.796
32.671,9.376
31.382,12.967
32.882,12.663
33.668,12.953
35.786,12.029
35.933,14.590
35.499,18.865
32.508,14.135
32.285,10.993
32.843,10.366
36.596,13.103
37.143,14.614
37.778,13.188
37.266,12.709
37.886,14.412
36.106,20.315
34.781,17.621
33.876,15.165
34.648,20.906
33.461,16.052
37.138,16.918
36.529,18.488
37.893,19.291
41.057,20.294
39.702,17.592
41.253,16.045
39.655,14.630
40.058,17.012
39.954,16.980
43.152,16.842
44.438,22.996
43.030,23.840
43.989,20.183
44.567,17.915
41.671,17.790
40.248,17.863
39.076,17.443
39.642,16.076
40.089,17.010
40.616,16.584
41.284,14.494
41.703,18.310
39.985,18.714
39.363,20.733
38.926,18.285
39.411,19.542
38.803,17.804
41.007,15.177
44.974,16.282
43.737,19.549
47.040,20.868
44.108,24.114
41.078,27.473
41.810,22.966
41.366,19.570
42.633,21.006
46.155,20.669
47.901,19.484
47.415,21.588
46.737,22.640
45.289,21.617
42.988,21.998
42.606,23.984
41.706,23.981
41.474,23.182
41.373,22.486
43.040,21.899
42.802,21.910
42.842,22.363
42.968,22.493
43.915,22.770
43.948,24.624
43.552,23.988
43.266,23.164
42.927,23.227
44.604,23.837
43.852,24.882
43.981,26.424
43.903,26.260
43.332,24.036
42.970,26.013
43.405,26.460
43.932,27.124
42.808,26.168
43.963,23.756
44.999,26.052
45.666,25.092
44.416,26.527
44.768,24.919
44.957,26.224
44.938,26.106
45.705,25.523
46.056,26.528
52.053,27.041
48.365,26.979
47.742,28.843
47.296,29.106
46.214,28.311
45.163,27.848
44.260,28.246
43.775,28.441
43.645,27.926
42.820,27.996
42.438,26.893
42.483,26.715
43.683,26.733
40.534,28.662
37.129,27.651
41.497,28.746
40.749,28.591
40.300,28.341
35.151,27.672
38.454,25.875
39.598,26.970
42.688,28.927
45.957,30.194
49.136,31.038
50.295,32.275
45.526,31.937
38.882,28.283
37.317,27.387
41.131,27.284
45.396,28.478
48.669,30.843
44.026,29.755
44.221,30.282
42.962,30.116
42.820,30.527
39.858,29.767
42.124,28.048
44.552,29.227
44.786,30.722
42.160,30.358
40.837,30.216
42.985,29.106
42.318,29.498
43.747,29.128
39.449,29.325
31.918,26.496
29.824,25.894
32.094,25.030
34.428,25.322
34.585,25.573
36.089,25.723
34.051,26.407
34.435,26.993
30.417,26.083
32.634,25.794
35.101,25.482
36.757,26.031
37.313,27.111
37.353,26.069
37.240,26.532
35.577,27.010
38.150,26.551
37.454,27.038
35.952,26.366
31.061,25.972
26.478,25.573
25.914,24.972
31.064,24.027
28.455,24.978
32.032,24.871
33.838,24.449
34.820,25.037
33.621,25.408
28.323,24.736
30.089,24.721
31.592,24.708
29.691,25.041
29.689,24.703
31.012,25.059
32.486,24.669
27.656,24.813
29.067,24.260
30.842,24.637
31.500,24.989
32.392,25.505
32.426,25.337
31.473,24.612
32.540,24.709
32.705,24.697
33.124,25.109
32.608,24.860
29.918,24.991
32.220,24.793
32.286,24.226
31.471,24.105
32.788,24.839
30.363,24.577
32.528,24.066
35.827,24.565
33.891,25.131
36.756,25.618
34.048,25.751
33.784,26.565
30.280,24.611
29.051,24.822
30.320,24.328
31.732,24.071
30.448,24.953
30.367,24.150
29.883,25.081
29.696,24.841
33.707,24.413
30.470,25.044
28.804,24.205
27.729,23.169
27.859,23.511
28.738,24.188
29.373,24.562
29.965,24.426
32.492,24.319
34.110,22.148
33.415,23.377
34.036,21.698
33.298,21.113
33.114,21.985
32.785,21.715
32.355,22.174
33.589,21.986
33.354,20.450
34.587,21.781
34.627,22.559
35.986,21.622
34.648,23.879
35.179,23.615
34.408,21.009
34.978,20.762
35.904,21.482
36.259,21.431
38.820,21.726
37.119,22.500
35.411,21.336
37.099,20.088
35.665,17.515
33.968,18.838
33.063,22.458
32.162,21.270
34.898,20.828
36.611,20.656
36.697,22.400
36.921,18.694
35.973,22.293
35.038,24.585
34.755,25.490
36.271,23.757
36.273,22.213
35.641,21.587
34.742,20.886
34.927,18.257
35.474,19.539
36.248,23.211
37.213,21.365
36.171,19.793
35.394,19.491
36.036,20.412
34.206,21.690
33.362,19.067
32.723,18.462
32.534,18.142
32.902,17.727
33.342,18.673
33.622,17.684
33.095,18.076
32.002,19.276
34.516,23.921
34.381,24.400
34.953,23.580
32.752,23.528
32.713,22.631
33.620,22.602
35.218,22.787
31.829,22.570
30.358,21.443
31.415,20.595
32.181,20.795
30.912,19.200
27.408,19.230
23.233,19.363
19.852,17.404
21.941,17.790
26.528,19.045
28.147,18.139
28.289,18.717
29.224,18.236
30.265,18.386
29.475,18.101
29.540,18.910
29.802,19.791
27.858,15.107
28.225,15.689
29.185,16.804
28.636,16.176
26.842,14.062
26.813,13.114
27.508,14.152
26.102,13.700
25.416,11.758
25.122,10.240
25.111,8.214
26.156,11.148
26.582,11.267
27.419,11.025
27.595,11.399
27.973,10.970
27.435,11.923
26.632,11.537
27.770,10.005
27.634,9.049
26.189,8.656
26.631,10.846
27.455,11.981
27.761,12.192
29.871,15.362
22.818,15.848
23.327,17.507
26.462,17.090
24.287,9.591
24.039,10.330
23.802,9.578
23.067,9.161
24.810,10.707
25.880,10.574
25.239,9.019
25.352,9.586
26.802,9.488
25.879,11.033
24.244,9.194
25.798,9.811
27.550,10.152
28.719,11.333
27.679,11.042
26.863,11.206
23.972,9.535
25.943,8.792
27.260,11.034
26.978,12.551
27.371,11.479
28.726,11.956
29.649,12.271
29.324,13.022
29.022,15.055
28.043,13.582
27.084,10.926
27.152,12.522
28.073,13.587
28.462,12.656
28.954,13.411
28.836,13.970
29.731,14.350
31.078,14.647
31.948,14.886
32.521,14.943
32.719,12.685
32.706,13.083
30.528,13.957
30.259,14.356
30.255,14.960
30.437,13.852
33.499,15.271
34.205,14.749
33.238,14.761
31.730,16.473
30.061,15.176
28.104,13.746
28.312,14.013
28.539,14.438
29.168,13.641
29.298,14.366
29.159,14.511
31.231,14.514
33.208,13.900
32.050,12.614
31.259,15.150
32.226,13.894
31.781,16.380
32.597,16.772
34.748,16.876
34.648,18.275
35.357,18.547
34.472,15.445
34.663,16.988
36.577,18.207
37.492,18.605
36.941,16.293
34.940,18.769
33.599,17.146
33.672,17.027
34.926,16.612
37.903,16.314
39.132,15.918
39.408,21.347
39.538,19.730
42.023,17.120
40.473,21.855
38.281,19.887
36.955,17.311
37.640,16.940
36.858,16.497
36.791,15.296
39.107,15.581
39.200,17.666
40.088,18.125
40.581,18.936
39.415,21.414
38.174,17.318
39.084,19.859
37.310,18.970
38.313,17.599
40.123,18.384
38.121,16.236
37.444,19.383
39.435,17.192
40.752,19.880
41.083,21.665
40.290,16.253
42.454,18.482
41.698,20.250
40.609,20.482
42.552,20.106
40.117,22.064
41.721,21.979
44.656,22.746
42.080,23.268
41.358,24.836
40.878,23.071
42.351,18.134
40.825,19.055
40.412,24.275
42.295,22.833
45.008,18.142
45.484,19.247
45.986,21.273
47.174,23.432
46.170,24.251
48.194,24.034
44.103,24.718
42.745,25.503
42.232,25.907
41.094,25.500
40.892,23.109
39.388,23.055
40.423,24.626
40.837,23.349
42.706,22.867
42.341,24.042
42.761,24.305
42.218,24.057
42.495,23.625
42.262,23.714
42.072,24.408
42.759,23.864
42.802,24.674
43.206,25.693
45.139,28.603
44.410,26.692
42.987,26.132
42.627,26.076
41.564,26.844
41.454,27.858
41.441,27.578
42.488,28.059
41.960,26.988
42.074,27.911
42.779,27.632
42.472,27.300
42.464,27.011
42.095,27.164
41.458,27.184
41.126,28.271
41.480,28.569
42.726,28.218
43.634,29.689
44.931,30.164
48.737,30.275
48.925,29.673
44.026,28.654
41.263,28.699
42.379,28.496
42.316,27.490
42.621,26.802
41.636,28.162
41.559,27.706
39.390,27.585
38.732,27.731
38.568,27.734
37.335,27.652
38.143,27.417
38.394,27.579
38.923,28.280
39.130,28.617
36.757,28.449
30.666,26.861
38.425,26.684
39.202,27.228
32.974,26.487
26.485,25.297
31.638,25.628
32.603,25.091
33.693,25.024
32.726,25.074
32.326,24.869
31.897,24.945
32.191,24.978
27.778,24.609
34.746,23.542
31.698,24.548
27.088,24.511
27.944,24.253
30.255,24.384
32.718,24.481
32.236,25.562
27.378,25.196
29.172,24.499
27.695,24.829
29.282,25.182
29.808,25.426
28.374,25.474
31.781,24.702
31.019,24.818
31.138,24.916
25.921,24.683
28.140,24.280
28.949,24.095
32.027,24.817
32.441,25.287
32.246,25.174
28.579,24.901
31.085,24.611
29.614,24.934
29.000,24.394
32.116,24.678
26.905,24.910
29.497,24.721
30.943,24.774
31.041,24.816
29.300,24.914
25.706,24.395
27.508,24.860
25.952,23.856
27.237,24.432
25.524,23.815
28.390,23.568
28.845,24.379
25.461,24.385
25.852,24.078
29.078,23.643
30.000,23.862
30.503,24.152
31.953,24.681
31.004,24.467
32.374,24.334
31.617,25.173
29.984,24.900
28.916,24.467
30.430,23.485
29.325,24.005
30.613,24.145
28.226,24.829
29.925,24.895
31.737,24.450
27.694,24.743
31.032,24.107
30.656,24.153
26.768,24.355
26.164,23.285
27.435,23.922
27.081,23.478
27.745,22.073
26.294,23.705
29.244,23.879
27.364,24.311
28.379,24.086
29.480,23.847
31.318,23.039
31.107,23.413
30.163,23.486
27.433,23.684
26.327,22.725
30.189,22.967
29.787,22.270
30.474,21.430
29.180,21.186
31.432,20.754
30.850,20.870
29.024,20.937
29.184,20.574
30.560,20.351
31.220,20.674
31.504,20.903
32.718,20.209
32.560,20.787
31.856,20.478
31.396,20.247
31.420,18.912
33.750,18.246
34.400,22.341
35.535,20.689
35.879,22.896
34.669,22.674
35.594,21.435
35.227,24.663
35.317,21.796
32.248,21.436
36.015,20.345
36.441,22.329
36.645,24.221
35.804,20.326
36.153,21.407
34.453,19.826
34.360,17.070
34.589,17.474
34.548,19.811
33.947,18.278
35.160,18.002
34.131,18.810
33.934,19.879
33.599,19.699
33.528,18.977
32.993,18.896
32.582,18.520
32.540,17.901
32.970,18.536
33.084,19.190
34.082,21.062
33.656,21.241
35.188,21.526
35.923,20.554
35.143,19.890
34.726,19.723
33.939,20.017
34.258,17.353
35.080,17.836
34.171,19.828
33.604,19.620
33.080,17.974
33.519,17.327
33.437,15.689
33.699,16.963
33.606,16.170
34.140,15.852
33.108,16.631
33.703,17.991
32.346,16.699
31.182,16.641
30.508,16.754
30.614,17.699
30.700,17.538
30.962,17.724
31.061,19.764
32.064,20.522
32.322,18.882
32.152,17.052
31.344,16.988
32.317,17.150
33.111,18.968
33.434,18.845
32.318,14.229
31.884,13.828
32.128,15.302
30.890,14.850
29.770,16.209
27.493,11.883
27.883,12.175
27.943,12.336
28.551,13.337
29.351,14.217
28.635,13.369
28.755,13.446
29.109,13.103
28.774,12.958
28.194,10.292
27.938,12.427
28.382,14.266
28.249,13.885
28.673,13.032
28.108,10.640
27.999,11.039
27.865,11.579
27.814,12.684
26.730,12.203
26.443,11.497
26.797,13.402
26.821,13.859
24.997,11.301
25.697,11.114
27.485,11.019
28.337,12.142
28.401,11.563
26.514,9.721
25.407,10.340
25.186,10.210
24.096,9.866
24.604,9.014
25.266,9.961
25.882,8.833
26.645,8.946
29.130,8.140
28.043,11.678
26.833,11.255
24.907,8.628
24.375,8.564
23.435,8.457
25.713,9.190
27.395,10.535
27.886,10.585
27.586,11.656
28.749,11.793
28.543,14.710
27.367,13.240
26.613,12.163
25.625,12.078
27.255,12.631
27.589,12.034
27.929,10.615
28.997,11.534
30.726,13.213
29.804,13.164
28.084,15.588
29.707,13.305
28.436,12.394
24.787,4.257
25.079,7.425
27.405,8.979
29.719,10.901
31.543,12.301
31.164,13.839
30.236,13.243
30.306,13.182
27.468,12.055
29.243,13.805
30.935,14.845
33.064,14.508
35.187,11.230
35.385,15.435
34.477,13.830
34.155,11.207
33.095,10.693
33.712,13.259
33.489,16.379
35.615,15.557
34.491,11.908
32.975,11.062
31.847,12.270
32.824,13.507
34.670,13.001
36.675,15.388
36.385,17.013
33.428,14.992
33.027,11.726
32.516,11.510
31.232,7.548
31.370,12.769
34.310,13.707
34.327,12.221
33.205,13.637
34.929,15.710
38.100,16.555
39.424,15.983
38.910,16.736
39.264,19.158
40.763,17.310
39.922,18.227
38.960,17.503
38.065,17.026
40.285,18.023
42.207,15.879
40.635,15.249
41.995,14.832
40.738,17.764
42.898,18.558
43.413,23.517
42.074,19.232
42.209,19.471
42.725,22.054
43.059,24.197
42.862,22.532
42.809,22.073
41.600,21.408
41.365,20.922
41.801,20.011
42.674,20.757
42.515,19.895
42.008,22.078
40.402,21.292
40.382,20.825
39.937,20.217
39.132,20.260
40.320,21.994
40.852,20.278
41.427,22.469
40.432,22.096
41.329,23.517
30.569,22.587
38.148,18.722
38.716,21.748
38.953,18.673
38.474,21.877
40.720,22.053
40.573,23.268
42.294,22.757
40.878,23.881
41.136,22.762
41.261,22.606
42.676,19.550
41.806,20.371
42.928,20.878
41.916,23.862
42.534,24.405
41.763,24.223
42.113,25.674
37.436,25.220
44.174,24.716
45.636,27.898
42.403,26.423
40.580,25.602
40.501,26.176
41.355,25.401
42.486,24.765
42.248,25.078
41.982,24.532
42.513,25.201
42.820,25.044
43.187,26.233
43.035,26.037
43.391,26.879
44.439,26.414
44.306,26.661
43.334,26.536
42.127,25.405
42.793,25.334
43.657,25.764
43.853,26.082
43.291,26.866
43.276,26.753
42.467,26.856
42.118,27.196
41.235,27.683
41.345,27.202
42.085,27.125
41.616,26.439
40.286,26.803
39.436,26.931
39.581,27.448
39.534,27.567
38.903,26.629
44.307,26.610
44.261,27.893
39.156,27.788
39.281,28.141
39.521,27.505
39.448,27.890
40.997,28.598
41.509,29.133
40.870,28.276
40.303,27.899
39.238,28.600
39.477,28.223
38.605,28.130
40.197,27.053
38.938,27.757
37.656,27.418
40.141,27.142
41.667,27.945
40.551,28.001
38.115,28.473
41.022,27.330
41.508,27.659
36.482,25.820
27.855,25.056
32.340,25.331
33.472,25.150
33.211,25.303
31.821,25.736
27.015,25.155
29.683,24.595
30.963,24.979
28.822,25.370
28.646,25.530
29.193,25.094
31.816,25.092
32.035,25.274
30.107,25.623
29.724,25.795
29.674,25.487
33.541,26.274
33.532,25.636
28.945,25.196
27.661,24.789
31.939,24.253
29.796,24.843
32.376,24.877
29.960,25.246
27.413,24.547
28.426,24.256
27.719,23.941
28.902,23.597
26.895,23.875
28.882,22.631
32.161,24.313
30.567,24.388
31.321,24.576
32.536,24.885
26.628,24.580
27.836,24.564
30.837,24.355
28.945,24.797
29.518,24.259
27.087,23.389
25.392,23.168
25.903,23.113
25.454,22.881
25.739,23.436
28.512,23.166
32.210,23.810
30.117,24.538
26.023,24.542
29.547,24.020
27.379,23.647
27.253,23.873
26.318,24.045
28.273,23.930
31.106,23.641
29.527,24.123
32.537,23.436
34.420,24.275
32.211,24.944
30.352,24.740
31.185,24.501
33.299,24.245
31.549,25.264
30.826,24.077
29.048,23.938
25.087,24.133
26.974,23.460
28.792,22.997
29.495,23.716
29.746,23.823
26.514,23.478
28.813,22.785
25.678,23.773
30.190,23.801
30.526,23.227
29.902,23.127
29.019,22.492
30.986,22.272
31.195,21.653
32.138,23.545
31.097,24.371
30.393,23.315
28.870,22.891
29.736,22.581
31.448,19.085
32.016,20.503
32.733,19.944
33.260,21.859
33.717,21.667
34.143,22.086
33.544,23.132
34.481,20.987
32.511,22.693
33.643,21.076
34.226,21.170
34.379,22.234
34.516,21.818
35.588,22.042
36.049,20.070
33.735,19.740
33.798,18.038
33.945,17.107
34.324,17.315
34.704,19.093
34.958,19.420
35.657,20.435
35.047,18.266
35.303,19.699
33.736,18.770
34.128,21.914
33.869,21.771
34.648,20.695
34.494,19.593
33.658,18.879
32.397,18.011
32.565,17.768
32.936,18.801
32.776,17.765
32.284,18.094
32.183,18.640
31.616,19.377
31.592,19.563
31.356,17.223
31.151,16.632
30.957,16.184
31.009,16.071
31.079,16.459
31.974,12.633
32.141,13.944
31.978,15.203
33.125,18.052
32.895,18.337
32.909,22.382
31.978,19.007
31.288,18.222
31.077,16.315
30.396,15.483
31.594,14.508
30.657,16.092
30.152,16.335
29.423,15.662
29.637,15.655
30.931,15.624
30.571,15.263
30.616,15.829
30.830,16.167
30.469,15.759
31.057,15.356
30.260,12.003
29.199,15.473
28.489,14.774
30.055,15.507
30.913,16.797
31.111,17.107
31.210,17.086
32.158,17.636
32.902,18.193
32.918,17.899
31.351,13.499
30.079,12.564
29.135,12.897
28.379,13.794
28.495,12.484
28.416,13.480
29.067,15.429
30.210,16.385
29.496,16.555
29.589,15.429
28.801,15.353
27.390,12.532
28.209,12.689
29.499,14.273
29.220,14.298
28.849,14.382
27.701,11.934
27.285,11.970
27.720,12.024
27.903,10.486
27.156,12.113
27.636,13.068
27.711,13.778
28.037,11.821
25.678,10.173
25.325,9.680
25.968,10.172
24.934,9.328
24.447,9.406
24.293,8.829
24.464,8.517
26.623,10.466
27.574,11.926
28.636,11.294
30.561,9.045
31.248,14.285
29.532,13.737
30.891,11.619
29.468,12.927
30.500,12.573
24.883,11.438
23.903,8.615
24.740,9.403
24.905,9.224
26.070,10.915
27.460,11.266
27.417,12.690
27.044,12.526
27.283,11.437
28.497,11.948
28.874,12.356
29.224,13.291
30.314,14.188
30.860,16.947
31.917,16.060
32.683,17.145
32.448,16.616
30.482,18.986
28.166,13.931
28.088,9.806
27.219,11.846
27.471,11.429
29.552,11.083
33.190,14.811
33.248,16.500
33.615,18.058
33.904,17.296
34.355,17.556
31.653,16.390
25.323,14.232
27.022,8.817
29.022,13.347
31.447,15.305
30.985,15.072
33.530,15.925
34.672,14.219
32.681,16.403
30.256,14.951
32.439,15.149
35.391,16.002
32.359,15.770
32.187,12.113
33.191,15.618
34.144,14.880
35.621,15.469
36.995,15.250
36.483,16.640
36.427,18.059
37.481,18.217
37.794,18.765
38.068,13.719
37.182,18.526
36.443,14.335
37.283,14.591
36.418,15.476
35.474,14.122
35.260,18.193
36.671,20.705
35.426,19.149
37.642,18.737
37.653,16.375
37.536,17.307
37.938,15.993
36.517,15.606
37.652,17.025
36.194,19.805
37.862,17.535
38.574,19.757
35.383,22.212
35.334,19.144
34.644,18.534
39.004,16.763
39.979,22.146
39.607,17.155
38.404,18.784
36.383,16.637
40.677,16.054
41.428,17.072
41.723,20.800
40.671,17.837
39.918,17.881
39.958,19.589
38.528,20.805
37.904,19.950
39.126,17.801
41.669,18.550
41.275,19.762
41.604,21.263
39.941,21.407
39.885,20.749
39.069,21.500
39.292,20.474
36.534,22.839
38.889,22.893
40.005,21.219
38.666,24.435
39.834,25.579
43.726,23.995
42.091,24.950
45.721,24.265
46.484,24.716
43.510,23.748
43.630,25.625
45.088,23.389
42.981,21.059
41.842,23.482
42.131,24.977
42.094,24.152
42.387,24.208
43.434,23.529
42.959,24.014
41.960,24.073
41.128,24.043
40.801,23.546
41.035,24.523
45.907,24.201
45.220,24.607
45.773,25.380
44.875,25.043
44.354,26.912
44.926,25.296
45.172,25.594
45.087,27.582
44.330,28.305
43.149,26.816
43.743,25.813
42.460,25.550
41.560,26.586
41.397,26.870
42.365,27.601
41.715,29.123
41.751,27.200
42.456,27.182
42.888,27.244
44.219,29.721
42.220,29.714
43.071,28.603
41.282,29.809
42.670,28.706
43.363,27.265
39.836,27.317
39.031,27.962
36.356,27.888
32.654,26.533
36.947,25.768
34.405,26.657
36.558,25.873
38.919,26.659
42.478,26.931
40.866,27.233
32.745,26.159
25.808,24.875
34.118,24.419
35.713,25.607
36.135,25.955
35.697,26.249
36.657,26.046
35.820,26.159
38.340,26.901
30.783,27.013
34.325,26.376
35.461,26.075
34.064,25.794
36.373,26.306
35.552,26.565
36.896,26.971
35.139,27.429
33.434,26.144
28.374,24.822
31.988,25.330
30.468,25.181
30.610,25.162
29.723,24.951
29.314,24.583
28.087,24.837
31.090,25.635
25.634,24.245
28.240,23.887
25.166,24.181
29.340,23.360
30.057,25.234
26.829,25.029
29.883,24.678
30.784,24.608
31.233,24.790
26.082,24.493
31.770,24.039
32.349,25.238
28.699,25.589
29.087,24.932
27.679,24.868
26.793,24.383
26.045,24.312
30.338,23.134
30.614,23.887
28.988,24.714
31.042,24.284
29.010,23.210
29.737,23.877
30.019,23.636
30.036,24.225
25.430,24.228
27.137,24.298
27.647,24.499
26.155,24.139
28.447,23.721
27.795,24.219
27.953,24.598
28.280,24.228
27.869,23.931
29.743,23.861
29.861,23.880
30.503,24.283
31.047,23.632
31.479,23.783
24.967,23.630
24.992,23.059
28.350,23.068
28.111,24.423
25.750,23.346
27.403,22.706
29.914,23.727
29.621,23.368
30.093,23.001
31.523,24.077
30.928,23.797
31.349,23.626
29.897,23.477
30.397,23.521
31.125,22.624
30.414,22.205
30.588,22.766
30.731,22.164
31.933,22.017
33.712,21.772
34.695,23.002
35.629,23.699
34.387,24.816
35.372,24.514
36.954,23.776
38.354,24.772
36.208,24.980
36.908,23.462
35.893,23.472
37.627,23.117
38.228,22.421
26.796,23.116
30.269,22.951
30.648,24.661
30.495,23.903
24.899,22.795
24.919,22.293
29.791,22.006
27.594,22.908
26.217,23.328
28.426,23.541
29.246,22.852
31.674,23.239
28.334,22.966
31.724,21.821
30.923,22.806
30.666,22.510
30.985,22.225
30.275,22.073
29.081,22.265
30.613,22.904
31.600,22.658
31.930,20.940
32.525,21.458
33.284,21.479
32.625,21.162
32.921,21.335
33.320,20.358
34.881,20.466
34.185,20.195
34.244,20.839
33.140,19.722
31.927,18.488
31.864,18.900
30.210,18.942
30.973,20.462
31.487,20.988
31.318,18.743
32.773,17.603
31.289,17.646
31.556,15.343
30.597,16.161
31.341,16.360
31.440,17.067
31.171,18.969
31.959,18.882
30.907,18.668
31.508,19.089
30.049,20.973
30.770,18.783
29.753,17.761
29.157,17.515
29.696,16.007
29.831,15.426
29.848,16.524
28.527,16.682
28.040,16.244
27.526,13.770
27.702,13.695
28.592,14.772
29.106,14.457
30.098,12.819
30.077,13.526
29.693,15.749
29.119,15.917
29.769,15.482
30.497,14.954
30.289,15.130
30.522,16.166
30.440,17.596
29.252,16.616
29.769,15.362
30.777,14.808
30.730,15.638
30.002,15.753
29.818,16.656
29.372,16.088
28.555,13.346
28.799,12.162
29.716,13.157
27.842,12.902
27.903,13.146
28.459,13.211
27.683,11.510
27.123,11.956
28.414,11.086
28.448,9.456
27.882,10.751
27.529,11.653
27.642,9.960
28.113,11.330
25.822,11.073
25.729,10.987
25.538,10.623
25.356,12.201
26.402,13.709
28.088,14.030
27.397,14.270
27.599,16.561
24.772,10.847
25.189,11.409
20.916,13.557
25.773,11.243
24.319,11.763
23.883,14.640
25.013,15.007
25.892,13.378
26.442,9.499
24.774,10.105
25.791,11.069
28.859,12.835
27.446,11.105
24.969,10.312
22.754,10.261
23.955,10.581
26.132,11.155
27.835,13.490
26.207,9.452
25.465,11.118
25.780,11.287
24.316,7.172
25.022,10.647
27.901,12.279
19.082,15.752
23.978,16.452
25.111,13.898
25.608,14.125
25.847,13.811
26.466,13.387
27.615,13.758
26.604,12.763
28.434,12.809
27.854,11.965
27.898,12.997
28.023,13.764
29.797,15.173
29.919,14.467
29.592,14.025
30.744,14.487
32.086,15.751
30.025,16.133
27.831,13.230
26.105,10.517
26.348,10.135
25.538,12.331
27.058,11.986
26.753,12.046
26.628,13.047
24.202,14.201
26.311,11.256
26.459,12.479
28.119,11.559
30.086,11.722
31.944,13.351
26.935,18.910
29.889,14.241
29.049,15.841
29.891,15.232
33.020,17.271
32.269,17.437
31.402,14.728
29.791,11.729
27.844,13.680
28.572,13.293
29.253,13.180
30.797,14.319
31.513,14.890
32.178,17.425
33.061,18.505
33.693,19.445
33.104,17.148
33.066,17.960
33.895,16.638
34.702,15.980
35.617,18.676
37.329,18.904
38.212,19.690
38.274,18.375
37.758,19.857
36.018,19.869
38.318,17.087
37.534,17.274
35.095,17.784
36.268,17.901
37.790,18.894
37.920,19.282
36.424,18.726
37.208,19.436
39.398,18.500
38.647,20.719
38.704,19.570
38.632,20.722
38.535,18.138
38.601,20.743
37.973,20.867
39.498,18.713
39.918,21.751
41.011,19.474
39.380,21.559
38.648,23.315
40.170,17.893
38.775,15.188
38.971,16.482
39.931,17.836
41.838,18.435
39.708,20.961
40.458,21.437
41.501,20.960
42.495,22.006
41.189,23.267
40.480,21.791
38.623,19.111
41.453,20.594
43.118,21.803
41.698,24.503
40.824,23.142
42.865,22.007
41.648,25.075
42.151,24.943
45.900,26.336
47.213,23.644
44.421,25.662
43.111,25.503
42.476,25.768
41.610,24.494
41.260,23.642
39.555,23.944
40.267,24.726
42.692,24.009
44.951,28.239
43.635,28.763
41.708,27.073
40.142,24.183
39.591,24.525
39.704,25.046
39.443,24.080
39.777,25.176
38.445,25.573
37.473,25.043
39.449,25.895
42.905,25.411
44.399,24.859
42.972,25.533
45.177,26.389
43.524,26.733
43.264,27.036
44.463,25.844
44.793,27.018
46.468,27.554
46.713,28.633
45.252,31.480
44.504,29.350
43.700,27.900
43.069,26.975
44.190,26.997
47.714,28.571
48.972,29.916
46.332,29.778
45.420,29.027
45.838,28.540
45.113,29.363
44.520,28.794
43.810,28.171
42.728,28.347
42.674,28.146
40.994,27.245
39.164,26.122
37.668,27.006
38.199,26.651
40.354,26.269
38.521,26.502
39.896,26.735
37.063,27.120
40.451,27.594
40.459,27.572
39.190,27.820
40.169,27.938
40.652,27.778
39.985,27.798
39.668,27.667
39.863,28.322
40.124,28.215
39.347,27.158
39.345,27.126
39.166,27.307
38.597,27.499
35.105,27.355
39.231,27.175
39.625,27.458
40.843,28.041
40.349,28.800
38.372,28.023
36.600,28.408
36.678,27.290
38.505,26.966
38.934,27.449
36.783,26.490
35.002,26.709
37.869,26.810
34.515,26.920
35.548,26.463
31.589,26.440
27.225,24.789
31.780,24.598
32.537,24.808
34.084,24.963
26.361,23.981
23.642,22.515
24.457,22.867
28.208,23.954
31.794,24.198
26.408,24.242
26.123,24.153
31.219,24.769
29.657,25.194
