20000101
31.290,14.101
30.582,15.044
31.169,13.744
30.202,12.840
30.165,11.687
30.197,12.173
30.695,13.160
31.697,9.646
31.968,9.227
33.296,12.457
33.417,12.135
30.549,11.645
27.612,12.358
26.837,9.759
26.171,8.761
26.523,9.264
29.118,11.648
32.477,14.785
32.924,11.518
32.115,9.622
28.652,11.756
29.959,11.921
31.143,10.594
31.214,10.866
32.627,11.461
32.255,10.628
29.558,15.393
29.174,12.984
31.202,12.225
32.983,12.796
31.008,9.439
29.878,13.309
29.904,11.415
29.138,10.203
28.975,12.516
26.226,13.525
27.271,10.938
28.512,12.395
30.511,13.026
30.770,13.306
29.870,10.522
27.182,10.551
27.046,10.026
28.542,11.002
28.620,12.146
30.437,11.745
32.382,13.090
30.980,11.033
30.770,11.429
31.439,12.358
32.841,13.410
32.112,16.613
33.721,16.627
32.423,18.540
30.640,21.516
32.492,18.275
32.348,14.434
34.606,11.687
36.261,15.737
37.467,14.630
38.171,18.218
36.581,18.772
36.577,17.997
34.207,15.603
34.331,14.878
33.801,15.063
30.948,13.637
33.347,16.563
36.178,15.096
35.783,15.015
37.355,16.544
35.010,17.337
32.664,16.496
35.744,16.392
34.470,14.613
34.784,16.310
35.737,16.167
38.031,14.351
36.942,16.271
37.926,16.536
37.803,17.028
36.338,18.452
35.998,18.172
36.201,19.719
37.466,19.809
40.389,20.312
40.586,21.672
41.421,19.850
40.882,21.075
41.371,21.016
41.323,21.782
42.104,26.457
42.754,24.818
44.044,17.043
42.587,17.674
42.521,19.171
43.122,17.840
41.724,20.773
41.069,23.532
42.709,21.607
42.605,20.678
43.408,21.375
43.782,22.597
43.626,22.685
41.937,21.542
42.380,21.639
42.537,21.063
42.608,22.176
42.632,22.097
43.505,23.226
42.879,23.214
41.918,24.408
41.881,25.638
42.087,25.006
41.935,24.566
43.219,24.777
44.049,25.376
43.951,25.258
43.743,26.062
43.671,26.460
43.019,26.780
42.977,24.509
44.549,24.218
44.415,24.559
43.602,24.242
44.583,23.796
44.728,28.543
45.327,26.487
43.543,27.053
43.211,26.962
43.011,27.054
42.257,28.199
40.115,28.282
38.465,25.288
40.490,25.372
40.500,26.955
40.615,26.729
40.449,26.212
41.837,26.655
40.142,26.665
38.814,28.353
42.748,27.198
43.268,28.596
42.466,28.429
42.618,28.617
42.480,28.368
42.279,28.197
43.161,28.105
42.691,27.817
41.414,30.179
39.903,29.457
39.010,28.461
42.540,28.922
42.886,28.524
46.916,29.262
45.580,30.918
43.630,29.440
48.307,29.952
48.303,31.795
46.372,30.022
44.663,29.662
43.326,28.770
42.758,28.353
42.742,28.573
41.066,29.090
41.284,28.863
41.205,28.315
42.478,28.398
42.602,27.883
43.281,27.043
43.436,27.842
42.786,28.452
41.499,28.681
39.603,28.150
40.569,28.093
40.077,27.407
40.457,27.513
40.292,27.253
40.310,27.959
40.675,28.356
41.909,28.319
42.356,29.031
39.738,28.072
30.558,26.308
38.788,25.671
33.374,27.362
38.085,26.549
39.586,27.456
37.395,28.189
31.644,27.674
30.166,27.830
34.221,26.280
31.772,26.797
33.695,26.958
35.231,27.257
28.604,24.994
26.084,24.497
29.240,24.348
31.478,23.912
33.975,25.020
32.381,25.373
34.438,24.909
28.982,25.054
32.399,24.727
34.311,24.470
36.176,24.443
35.206,24.709
37.278,24.807
38.274,25.582
38.511,25.397
33.399,27.009
31.107,27.030
36.988,26.158
37.168,26.948
36.864,26.434
33.578,25.652
35.640,25.243
37.850,25.311
37.962,26.202
38.522,25.665
38.118,26.627
37.877,27.572
38.526,27.406
33.618,26.275
34.198,27.159
31.218,25.246
31.064,24.315
29.967,24.577
31.665,23.824
27.492,25.083
33.079,25.094
30.506,23.718
25.850,24.166
27.938,23.670
31.111,23.809
38.757,25.149
37.851,25.945
38.089,27.848
35.461,27.462
34.891,25.328
33.030,25.603
34.861,25.537
32.720,25.566
28.080,25.672
29.421,24.863
32.447,25.647
35.870,25.509
32.434,24.844
30.185,24.784
34.930,22.988
30.048,24.341
35.512,21.105
35.474,23.163
35.825,23.629
35.218,22.522
35.579,21.657
35.831,22.401
37.200,22.952
35.657,24.484
34.780,22.524
36.252,21.876
34.917,21.140
35.869,22.155
36.603,21.213
40.994,24.350
39.852,23.557
37.019,25.333
40.556,25.698
40.245,23.433
39.772,24.264
39.960,22.397
42.443,24.633
39.951,22.109
40.640,21.746
40.882,22.647
40.633,24.027
41.102,25.004
40.826,21.658
41.961,21.901
40.964,21.498
39.930,22.179
38.703,26.992
38.750,21.206
42.301,21.950
40.948,23.722
38.711,24.798
38.685,23.911
38.278,25.077
39.619,21.215
40.203,20.129
40.822,20.637
40.789,20.282
40.289,20.935
41.374,18.716
39.770,19.450
38.243,16.496
37.358,15.858
36.277,16.758
37.088,18.825
37.949,19.400
38.615,19.459
39.131,20.677
38.327,18.968
38.031,17.934
37.602,16.781
37.627,18.340
36.453,20.170
35.736,19.172
37.507,19.520
37.292,19.214
35.298,17.311
34.992,16.527
36.683,18.491
36.377,20.631
38.157,21.862
37.651,20.827
35.494,19.246
35.599,15.843
36.348,20.685
35.848,19.692
35.686,20.275
35.241,19.166
34.888,17.491
33.079,13.955
33.029,14.224
34.039,14.757
34.137,16.669
34.182,12.899
34.684,17.756
33.606,17.586
33.267,17.373
32.159,15.480
31.608,17.688
30.375,16.021
30.660,14.353
29.756,14.335
30.070,13.655
30.570,13.340
32.379,13.543
32.758,12.807
33.610,15.177
33.792,16.626
34.134,16.695
34.121,14.858
32.569,14.433
32.147,13.460
31.919,12.693
32.454,12.573
32.451,14.741
32.474,15.479
32.744,15.732
32.507,14.415
32.242,14.546
31.057,15.357
31.221,13.976
31.908,14.041
32.986,14.423
32.225,13.895
33.085,14.372
32.643,13.610
32.769,14.993
32.067,13.951
30.794,12.349
31.768,14.025
23.580,13.711
26.455,13.263
26.152,7.129
26.564,8.448
27.729,11.978
27.871,11.571
28.507,12.219
30.646,12.389
29.016,13.267
27.052,8.985
27.080,10.578
29.136,12.130
30.224,13.391
29.972,9.339
29.913,11.871
30.628,12.772
30.528,13.887
31.574,15.122
32.608,16.829
32.733,14.717
33.385,12.881
33.236,14.360
30.357,13.816
29.013,12.379
29.434,10.230
29.878,10.668
30.781,10.231
31.523,11.624
32.772,13.020
33.326,14.494
32.551,11.608
30.953,14.401
31.474,13.393
32.516,11.630
31.155,12.253
30.760,9.562
30.484,8.317
30.755,6.578
31.575,9.148
32.472,11.017
34.111,12.577
34.308,13.756
32.771,13.039
32.953,10.908
35.270,12.014
36.608,18.253
31.319,12.685
30.210,12.387
33.143,13.573
34.065,14.977
35.684,16.513
35.910,17.237
36.508,17.286
34.854,16.030
35.838,14.265
37.155,17.619
36.241,17.286
35.016,16.017
34.424,16.300
34.611,13.482
34.117,13.547
34.128,19.038
34.110,19.003
35.163,17.749
36.687,21.162
34.602,17.960
36.189,17.566
36.640,14.050
36.932,15.557
37.165,18.461
38.779,19.774
36.866,17.149
36.152,21.530
35.777,16.467
36.609,17.209
37.930,19.759
38.948,19.145
38.204,18.013
40.460,17.324
39.681,22.058
37.540,21.252
37.037,17.739
37.104,22.249
38.255,25.605
38.375,19.546
38.321,22.008
38.169,22.104
39.003,22.259
37.233,22.802
35.399,17.627
35.303,17.637
36.804,18.148
38.716,20.960
42.490,21.358
40.770,21.456
40.798,16.712
42.586,16.112
43.006,15.807
41.469,21.685
40.968,22.242
40.395,20.234
40.256,18.440
39.777,20.594
39.015,21.464
39.957,23.053
39.456,24.612
37.928,25.360
38.783,22.391
36.596,25.958
37.752,22.092
37.563,23.929
40.187,20.875
40.648,21.434
42.181,19.752
44.790,24.328
44.594,25.603
43.945,25.955
43.714,23.574
42.487,23.697
42.635,23.846
43.552,23.231
44.284,24.820
45.575,25.903
44.210,26.012
44.468,25.085
45.008,25.116
45.414,25.246
45.273,25.597
44.343,25.455
43.128,24.582
42.085,26.369
43.080,26.680
42.839,25.533
43.868,25.881
43.827,25.541
42.972,24.931
42.351,25.973
42.182,27.614
41.480,27.093
40.226,27.163
39.423,26.977
41.097,27.249
42.229,27.542
42.406,28.240
44.920,28.548
45.146,29.727
43.702,29.485
40.435,28.508
41.561,27.620
41.232,27.899
36.963,27.216
34.470,26.655
35.893,26.294
37.289,26.903
36.424,27.131
35.728,27.643
37.713,27.426
38.780,27.933
39.260,27.469
42.049,27.901
42.384,28.816
41.539,28.187
41.388,29.134
36.787,27.473
39.135,26.922
39.249,27.127
34.012,27.169
35.013,26.302
32.402,26.097
34.681,25.031
37.561,26.366
39.965,27.200
39.751,27.535
39.936,27.242
40.427,26.712
41.570,27.687
40.983,28.408
40.930,27.802
39.819,28.205
40.005,27.418
39.636,27.310
39.070,27.633
39.439,28.046
37.757,28.796
33.762,27.563
35.542,26.751
26.309,25.005
30.662,25.192
34.324,24.706
35.828,25.316
35.850,26.414
32.404,26.271
33.932,25.116
30.940,24.751
31.348,24.853
31.821,24.904
33.054,24.820
28.466,25.632
28.309,25.769
27.722,25.261
27.363,25.448
30.343,25.711
26.992,25.603
30.033,24.605
33.045,24.821
28.140,25.106
33.791,24.036
31.909,25.056
30.851,24.902
33.381,24.972
33.722,25.475
32.543,25.630
30.893,25.652
34.818,25.521
36.352,25.631
34.851,25.511
35.345,24.016
41.084,25.514
34.314,26.200
35.122,24.818
32.187,26.296
28.924,25.632
31.998,25.307
32.989,25.343
31.423,26.337
33.339,25.150
31.193,25.318
34.583,25.081
33.600,25.516
28.698,25.164
24.939,23.800
33.906,23.852
34.277,23.064
33.957,24.212
35.257,24.261
33.039,24.872
35.055,24.370
34.394,24.641
33.596,24.096
33.263,23.950
35.223,23.694
35.333,24.070
34.367,24.494
34.371,23.249
36.096,23.183
37.047,24.794
36.389,24.170
37.109,24.238
37.316,24.894
36.697,24.930
35.568,24.369
36.302,23.456
35.488,22.886
36.847,22.762
36.123,23.783
36.414,23.879
36.439,23.038
36.745,23.653
37.095,22.819
39.597,22.324
39.621,23.126
36.060,25.369
35.546,26.571
38.351,23.549
37.163,25.674
36.179,25.841
40.069,27.694
35.889,24.812
40.746,24.311
41.516,27.931
38.929,26.002
40.949,26.017
42.411,20.775
42.031,21.642
42.902,22.539
41.018,21.349
38.884,21.387
37.886,24.205
38.185,24.097
39.499,23.655
40.870,24.033
39.322,25.971
39.387,26.718
39.101,26.962
36.008,25.122
29.281,24.751
25.837,23.448
33.241,22.939
36.223,23.152
36.118,26.846
36.635,24.087
39.429,23.402
37.480,21.711
39.650,20.083
38.978,17.624
38.607,16.671
38.836,17.217
38.854,20.997
39.651,21.649
39.213,21.550
38.200,16.846
39.382,20.057
39.508,19.588
39.845,19.265
38.779,20.938
38.236,21.176
38.725,18.148
37.829,19.057
37.518,19.272
36.136,15.695
35.898,16.601
36.859,17.070
36.168,20.610
35.014,19.999
33.815,19.074
33.680,16.576
34.372,16.831
33.754,17.760
34.502,17.733
34.807,16.249
34.814,17.053
36.165,17.752
36.618,19.286
37.366,21.603
36.130,19.912
36.199,19.973
35.950,19.944
34.439,18.911
34.546,17.710
33.759,16.544
32.911,16.067
31.409,14.685
31.646,14.687
31.385,15.044
31.151,14.365
31.535,14.469
32.028,14.858
32.237,15.465
31.869,15.234
31.959,12.168
32.104,11.987
33.576,15.609
33.786,16.125
34.363,15.549
34.442,15.127
33.265,15.624
33.123,15.556
32.569,15.208
31.855,15.126
31.774,15.599
31.577,14.701
31.986,14.842
32.912,16.704
32.807,16.310
32.996,16.979
31.260,15.797
30.150,16.057
29.588,13.946
29.308,12.397
30.017,12.232
30.546,12.719
31.208,12.985
31.531,14.471
30.218,15.269
30.457,14.763
30.743,14.471
30.502,14.227
30.133,13.543
30.498,13.978
29.434,13.689
28.962,13.220
28.527,12.935
30.007,14.040
29.685,13.852
29.347,14.323
29.136,13.999
30.773,13.900
31.860,14.152
32.425,14.675
33.118,11.835
32.012,12.502
31.669,14.776
28.222,11.710
27.663,8.030
25.700,9.893
26.541,10.267
26.282,10.288
26.652,10.655
27.247,10.604
29.172,9.914
28.921,9.917
28.267,12.231
27.968,10.345
26.049,9.677
25.192,9.545
26.342,10.207
26.609,10.998
28.465,10.789
30.246,11.046
30.668,11.022
30.456,13.353
31.891,15.260
32.574,13.881
30.745,12.251
27.455,9.813
26.296,7.679
28.342,9.734
24.023,14.232
28.206,12.421
30.043,12.045
32.353,14.175
33.983,15.453
35.098,15.764
35.301,16.429
33.065,17.296
34.592,19.658
35.009,20.150
34.886,17.150
35.417,16.429
35.520,16.312
33.881,18.679
33.908,15.779
33.676,13.809
34.998,18.002
36.079,18.436
36.480,16.495
37.984,21.057
33.902,18.424
34.392,17.585
34.623,17.058
35.566,17.780
36.703,16.163
35.966,14.966
34.927,17.092
34.054,16.919
37.006,19.835
37.159,21.892
30.024,24.247
37.811,20.188
31.865,22.080
35.838,17.211
37.064,16.700
41.156,16.863
43.204,21.232
43.129,20.146
40.462,20.857
38.611,22.302
39.556,18.409
40.066,17.975
38.134,21.172
37.641,19.760
39.569,17.340
39.058,20.106
40.133,20.545
40.257,20.678
41.003,17.913
41.788,19.982
42.269,22.268
42.462,22.541
43.212,19.104
41.151,17.206
41.997,21.594
42.268,25.990
37.587,24.525
36.892,25.608
38.643,25.143
39.838,21.618
40.233,20.866
41.720,21.714
41.091,22.140
40.811,23.236
39.478,23.091
39.291,21.088
40.168,21.551
41.065,23.970
42.771,24.516
42.055,27.768
42.414,23.792
42.221,23.662
42.208,24.360
41.647,24.287
40.964,23.152
43.382,21.190
44.454,22.405
45.166,24.429
45.551,24.382
45.727,24.476
45.164,24.259
45.511,26.088
46.765,26.294
47.345,27.550
47.246,27.430
46.389,26.476
44.983,25.302
43.770,24.809
43.640,27.507
43.985,29.719
43.379,29.619
44.362,27.341
44.642,28.536
44.640,28.686
43.863,28.637
44.064,27.961
42.535,30.370
44.763,28.445
43.244,27.237
43.162,27.552
44.058,27.949
44.266,28.969
44.358,28.628
43.837,28.634
43.625,28.171
42.096,26.819
41.780,26.497
42.054,27.471
42.456,28.639
43.404,28.420
43.753,28.232
42.515,29.141
42.986,28.029
43.615,28.556
43.266,28.248
43.531,28.375
42.888,28.281
43.273,29.723
43.681,29.048
43.074,29.200
44.517,29.832
44.108,30.949
44.375,31.422
44.584,31.022
42.786,31.248
41.317,30.438
41.723,29.526
37.836,28.405
39.981,29.257
39.732,29.237
40.318,29.216
36.795,29.129
42.125,27.969
43.143,29.246
42.175,29.448
41.581,29.391
39.455,28.599
36.926,27.679
33.743,26.598
26.414,24.657
29.518,24.997
36.919,25.045
38.157,25.966
38.761,26.917
38.587,27.901
41.150,27.877
39.645,28.002
38.340,27.950
39.788,28.074
39.572,27.584
38.434,28.675
40.373,27.179
41.797,27.568
38.348,28.049
37.054,27.204
30.263,27.333
30.751,26.566
29.784,26.589
32.142,26.257
29.399,25.599
28.240,25.083
34.860,25.558
28.461,26.648
28.913,26.515
28.897,26.607
29.180,26.704
29.267,26.211
37.768,26.210
38.329,25.297
39.407,26.460
39.882,25.733
41.015,25.847
40.914,27.290
38.373,27.712
39.054,28.949
36.213,26.602
27.926,24.955
26.911,24.429
29.933,23.982
32.308,23.793
25.609,24.248
33.720,24.122
29.373,25.468
27.447,25.627
26.857,25.206
26.411,25.122
28.953,25.227
32.758,24.144
28.605,25.401
34.097,24.420
31.263,25.785
34.885,24.029
34.334,24.132
36.955,24.756
37.214,25.517
34.477,25.151
31.857,25.622
27.889,24.293
32.858,22.837
33.917,22.858
34.753,23.864
28.009,24.426
30.313,24.170
33.292,24.383
32.866,24.510
30.707,24.902
32.650,24.380
34.503,25.319
35.122,24.529
35.075,22.258
34.905,23.684
34.736,22.057
36.403,21.519
31.043,23.041
36.857,24.783
37.297,23.001
35.908,20.227
36.339,22.060
35.799,22.261
34.982,21.783
36.158,22.460
38.065,20.866
37.918,22.229
41.592,24.344
39.075,23.256
39.140,26.264
38.236,27.235
37.245,23.002
37.929,23.421
37.275,26.156
41.671,22.479
40.195,24.142
40.782,25.967
42.287,21.347
40.273,23.416
39.579,20.850
40.154,20.884
39.737,20.523
41.110,21.169
43.407,20.034
43.392,18.311
41.666,19.803
39.662,21.772
39.889,21.720
40.263,20.324
40.107,21.015
40.018,23.728
38.992,23.952
40.284,24.403
40.071,22.080
39.589,17.691
38.450,19.213
37.989,18.642
37.833,19.774
37.990,20.974
37.420,17.254
39.280,17.259
38.560,20.475
37.790,20.503
38.731,19.594
37.212,14.524
37.233,15.855
36.542,17.936
37.169,16.529
38.648,18.200
38.322,18.444
38.124,18.255
37.358,15.456
36.464,14.575
34.316,18.053
30.466,19.272
35.329,19.696
36.176,22.471
35.366,23.101
32.612,21.955
32.787,18.308
34.660,17.940
33.834,20.199
34.154,17.125
35.806,17.477
35.085,17.002
36.307,18.000
35.574,19.026
36.196,17.350
36.647,19.472
36.075,18.528
35.318,17.418
31.822,18.510
34.880,14.283
35.843,15.939
34.492,15.157
32.886,15.375
33.608,16.138
33.310,14.938
32.873,15.459
33.035,16.307
33.213,15.384
32.239,13.245
32.034,14.533
33.185,15.940
33.505,17.330
33.823,17.830
33.347,17.414
32.213,15.597
32.205,12.504
32.375,11.668
33.979,15.502
35.079,18.110
35.059,17.968
35.289,19.251
34.649,15.558
33.522,14.383
31.888,15.041
31.692,14.110
31.387,15.193
31.856,10.997
32.662,14.153
29.520,15.806
28.165,12.702
29.131,12.182
30.226,13.641
29.243,13.681
28.931,11.149
29.330,16.239
25.952,12.624
25.712,10.231
25.798,11.151
25.081,15.001
27.781,14.586
30.606,13.833
31.580,13.277
31.022,15.859
29.560,13.346
31.460,15.628
31.455,18.971
31.388,16.607
32.186,17.336
31.214,16.768
30.474,13.852
31.524,13.534
31.171,14.582
30.246,13.698
30.527,13.822
31.589,13.403
32.144,18.628
32.384,15.899
32.490,14.941
32.772,13.450
33.021,10.885
33.711,11.121
35.244,17.805
35.229,18.662
31.689,15.208
31.146,14.111
31.653,11.558
30.361,17.015
29.224,15.178
30.624,16.246
30.478,15.952
29.958,15.985
31.506,15.213
33.247,15.185
33.111,13.437
32.288,13.737
32.331,15.559
32.891,16.719
32.670,18.566
32.574,17.422
32.557,15.100
33.976,16.947
35.268,17.765
35.775,16.024
34.003,19.378
28.985,19.831
30.046,16.664
31.445,13.787
33.843,17.238
34.792,18.071
35.392,17.605
35.401,17.667
35.624,18.426
36.323,18.574
36.811,19.120
37.381,19.872
38.264,20.628
35.724,22.765
31.624,16.047
30.453,8.806
31.994,13.471
35.734,15.481
37.018,16.160
36.928,18.315
37.494,17.368
37.051,18.833
35.544,15.386
35.740,16.472
38.301,18.751
38.836,20.609
37.385,14.849
36.753,17.126
36.521,24.196
36.860,19.841
37.118,19.270
39.450,16.869
39.809,18.567
39.791,18.614
40.044,20.257
41.261,21.549
41.651,24.163
41.386,21.992
40.761,19.875
40.426,22.392
39.336,21.613
38.559,21.702
40.853,23.040
40.990,23.335
42.190,22.757
41.173,22.253
40.280,24.097
39.808,21.531
42.618,23.921
43.510,23.664
41.761,20.528
41.891,23.635
43.422,25.431
43.245,25.658
40.813,26.695
38.983,22.133
39.342,21.389
40.320,23.265
40.192,24.397
41.927,23.998
40.608,26.115
38.600,24.126
39.429,20.318
43.423,20.637
45.349,21.765
44.242,24.417
41.907,23.939
42.299,22.606
42.864,23.473
42.494,23.596
43.358,20.984
44.562,23.711
45.579,25.000
44.574,25.060
42.814,21.922
40.419,24.903
40.985,20.774
40.919,21.120
41.108,22.686
41.334,23.641
41.807,22.388
44.566,24.771
45.347,24.307
45.489,27.194
45.586,28.227
44.520,26.134
44.965,27.512
45.040,26.671
44.541,29.312
44.476,28.056
43.541,28.574
42.679,27.295
42.862,26.888
42.511,26.565
41.694,26.528
42.379,27.382
43.411,26.857
41.807,27.402
40.063,25.659
41.327,27.335
42.608,26.094
43.514,27.609
43.632,27.993
43.637,27.577
43.494,26.110
44.241,29.232
44.180,29.397
44.987,27.812
43.979,28.246
43.909,29.046
43.285,29.431
43.069,29.433
43.872,29.597
43.263,29.047
43.401,28.540
43.776,29.673
44.061,29.338
37.169,28.708
43.669,28.515
35.011,27.896
35.250,27.264
32.775,26.280
30.956,25.539
33.492,26.754
40.155,26.646
41.137,28.060
40.822,27.591
40.397,29.317
37.500,29.215
36.534,27.934
37.499,27.963
38.009,27.672
38.357,27.139
37.230,26.864
37.747,27.479
39.488,28.093
36.726,26.980
36.117,27.188
29.675,26.578
32.641,26.397
35.017,26.399
32.924,25.871
31.067,25.933
33.467,25.284
31.038,25.630
33.467,26.028
34.390,25.884
35.385,26.666
35.177,26.797
29.663,25.931
32.313,25.852
32.917,26.037
34.040,25.626
32.405,26.217
32.896,25.687
31.039,25.376
31.125,25.694
29.074,25.587
28.236,25.215
30.259,24.394
30.650,25.297
28.448,25.400
29.757,24.856
28.679,24.190
30.178,24.302
30.092,24.517
30.782,24.495
29.509,23.766
29.923,24.142
30.803,24.938
34.684,24.422
33.874,24.790
32.605,26.011
32.096,26.339
31.728,25.277
28.722,25.037
30.995,24.572
33.395,24.972
32.805,24.149
34.048,24.398
32.621,24.950
33.673,25.266
33.387,24.564
32.896,24.744
35.138,24.372
35.951,24.656
38.474,25.163
33.410,26.565
32.790,24.532
25.756,24.071
25.834,23.917
29.566,23.790
30.728,24.419
31.521,23.398
26.018,24.558
28.132,23.924
27.072,23.922
28.298,23.462
30.922,24.529
31.950,24.206
31.316,23.814
29.085,22.481
28.403,22.762
32.218,22.993
33.090,22.982
33.486,23.464
32.172,24.447
33.047,22.159
33.205,22.332
33.518,21.733
33.092,23.444
30.573,25.264
34.269,23.878
33.896,24.571
31.828,24.177
33.386,24.167
34.605,22.500
35.217,23.267
31.619,23.374
33.521,23.001
33.888,25.362
34.198,24.480
36.214,25.911
35.902,23.920
37.024,23.224
37.165,24.688
36.110,23.583
38.229,26.577
36.936,25.471
37.700,22.913
36.960,19.674
34.116,20.528
36.736,22.185
37.134,25.948
37.627,22.901
37.190,22.522
35.534,18.516
35.613,19.401
36.706,18.429
37.710,20.381
37.642,17.760
36.034,19.466
37.037,20.788
37.530,20.671
36.957,18.934
36.887,19.709
35.534,16.405
35.245,18.638
35.614,19.461
34.922,18.427
35.411,16.895
34.991,14.232
36.369,19.162
34.590,19.705
34.994,20.589
35.690,19.937
34.100,19.142
35.447,15.983
36.061,17.250
35.371,20.148
35.189,19.196
35.631,21.861
35.066,19.209
34.263,20.581
34.237,19.368
35.422,20.004
34.929,21.813
34.333,17.672
33.809,17.500
33.095,18.316
32.127,17.649
32.688,15.517
32.893,15.946
32.592,20.127
33.700,18.367
32.954,17.954
32.107,16.718
32.448,15.873
32.351,15.534
31.904,13.459
33.131,14.497
34.047,20.327
32.804,18.444
33.259,16.433
32.582,15.570
32.406,17.739
32.402,15.203
33.303,16.570
32.504,13.782
31.670,14.241
32.048,14.910
32.362,14.101
33.453,15.328
32.958,15.968
33.165,17.388
32.509,13.539
32.348,16.775
32.126,17.507
31.573,14.885
31.324,14.257
30.986,15.536
30.580,15.983
27.019,14.212
26.809,11.170
27.957,13.246
28.301,13.677
29.356,15.020
29.271,13.844
28.963,14.236
28.279,9.883
28.690,11.711
27.819,12.662
27.585,10.287
25.895,8.884
25.739,11.316
27.116,12.054
28.208,12.307
29.427,11.900
28.377,8.491
27.343,10.427
27.821,11.620
28.754,14.737
29.018,16.579
28.065,15.172
27.338,14.633
28.932,15.852
29.342,14.478
30.725,13.550
31.494,14.638
31.937,14.649
31.743,11.385
32.467,12.916
32.385,13.440
33.380,15.078
30.219,11.356
29.159,10.988
28.613,11.971
29.767,13.571
26.877,11.613
26.645,9.901
25.668,14.043
27.105,12.342
26.536,12.779
28.244,11.716
28.141,13.266
29.394,12.823
29.588,13.822
23.585,11.080
26.747,12.939
25.497,11.747
26.574,11.540
29.133,11.379
30.288,12.144
29.594,7.645
30.966,11.372
32.032,12.329
32.936,13.738
31.586,8.964
30.831,15.064
30.575,11.043
33.665,14.428
34.383,18.046
33.696,15.806
33.539,16.262
34.769,15.190
34.954,12.243
32.314,13.508
34.243,13.241
35.649,14.738
34.965,13.982
35.347,16.129
35.993,15.633
37.792,16.967
37.407,17.557
37.091,16.044
36.219,15.934
36.069,16.677
35.371,14.523
36.619,17.008
38.135,17.483
37.910,18.793
38.126,18.374
38.779,19.051
39.143,19.164
39.268,17.125
40.180,19.628
40.940,20.961
40.231,16.996
39.918,17.071
40.472,20.035
41.200,20.114
40.617,19.910
42.043,21.068
43.413,20.227
42.512,22.374
42.216,24.994
41.915,22.863
41.225,17.983
41.359,17.806
41.209,19.423
40.737,21.730
38.857,21.416
36.360,17.982
36.052,15.745
38.850,13.656
41.390,20.560
40.449,21.343
40.114,19.615
39.170,21.250
38.495,21.028
39.485,19.870
39.547,21.584
41.039,22.632
40.971,23.057
40.502,20.704
40.750,19.956
40.866,23.693
40.696,21.479
40.500,19.618
41.966,22.685
41.587,21.390
43.042,21.242
42.594,22.788
41.923,22.787
41.643,21.141
39.424,23.087
39.684,22.717
39.853,21.609
41.934,22.315
41.980,22.490
42.026,23.767
42.866,23.668
42.670,22.720
43.096,23.442
44.057,23.896
42.771,24.358
43.290,23.624
41.982,23.788
41.956,24.831
42.269,18.192
45.464,20.213
46.743,23.598
47.212,25.700
47.990,26.269
46.849,23.836
39.465,29.694
37.535,31.098
41.526,29.107
32.795,26.652
38.144,25.538
38.217,26.959
36.787,27.542
40.315,27.375
41.007,26.818
41.744,26.609
43.746,28.989
43.562,28.382
43.883,26.840
43.114,27.732
42.257,27.417
42.379,27.794
42.573,27.684
41.897,27.383
42.310,28.024
41.789,27.600
42.679,26.869
42.916,26.680
43.981,27.582
44.491,27.920
43.600,28.182
44.216,28.675
44.458,28.625
43.543,28.836
43.465,28.485
43.670,28.908
43.591,28.225
41.769,28.788
43.070,29.813
40.234,29.746
43.205,29.089
41.189,28.863
42.163,29.453
44.116,28.600
43.045,29.434
33.674,27.674
34.391,27.090
37.186,27.576
34.508,27.382
39.920,26.618
40.278,27.884
40.559,28.165
40.709,27.733
39.813,27.581
35.816,27.996
35.082,27.343
32.659,27.131
35.156,26.210
35.759,26.561
34.984,25.843
30.790,25.987
37.043,25.719
36.409,26.977
40.596,27.498
39.128,28.436
38.449,27.740
34.454,26.799
33.938,26.378
33.436,26.361
32.788,25.760
36.362,25.391
30.443,26.247
37.006,25.565
37.528,25.644
37.765,26.277
40.193,27.048
40.789,28.436
40.592,28.435
38.522,27.917
37.538,26.414
37.864,27.155
39.658,26.200
37.085,26.760
40.088,26.274
40.826,26.386
40.758,27.945
38.820,27.332
35.946,27.442
35.872,28.066
34.778,27.994
36.577,26.680
31.075,26.065
33.556,25.096
26.995,24.693
32.825,24.762
35.572,25.934
36.514,27.230
33.892,25.987
26.706,25.293
28.581,24.182
30.691,24.143
29.786,24.117
27.176,24.828
25.548,23.194
28.693,23.304
26.479,24.020
30.548,24.278
27.890,24.037
29.015,23.734
32.121,24.473
31.913,23.721
29.637,23.634
30.952,23.879
33.715,24.222
30.170,24.634
30.147,24.224
33.430,23.830
34.007,23.561
33.875,23.294
35.007,22.976
35.173,23.256
35.237,22.911
34.526,22.233
33.590,21.890
34.750,22.356
33.909,24.395
34.782,25.202
35.343,22.448
37.908,22.332
38.436,24.833
37.972,25.201
36.269,24.975
35.802,23.746
35.789,26.212
36.384,22.390
35.258,21.936
34.529,23.203
34.207,23.046
31.961,23.298
36.566,23.079
38.113,23.739
31.062,25.062
36.693,23.370
39.639,24.078
39.217,23.663
38.835,27.444
39.705,23.812
37.953,24.575
35.610,24.834
38.443,24.055
39.151,25.267
38.639,27.102
33.008,24.514
35.796,24.807
29.341,23.379
30.157,22.403
32.206,23.387
33.042,23.787
35.312,23.279
35.103,22.422
35.500,23.238
33.821,22.445
30.743,22.510
33.573,20.305
35.080,17.402
34.803,18.872
35.656,19.572
35.621,18.808
35.340,15.925
34.805,15.202
35.702,16.848
34.753,16.789
34.476,19.401
36.615,18.695
35.407,19.820
36.373,19.512
35.922,19.149
35.673,20.435
34.571,19.857
35.755,19.233
34.221,19.959
35.402,19.125
34.929,18.383
33.377,19.380
34.101,20.997
34.521,18.393
33.091,19.543
33.009,20.390
33.033,20.497
32.419,20.870
32.491,18.866
34.190,18.839
33.653,18.706
35.549,21.046
33.735,20.958
34.358,18.304
35.470,20.999
35.025,20.756
35.508,20.383
35.263,19.680
35.179,19.317
35.357,23.655
35.412,19.554
34.480,18.649
34.871,15.415
34.514,17.100
34.489,18.136
33.548,18.818
33.724,16.331
33.857,18.738
33.952,19.146
33.309,18.858
32.305,17.496
31.019,12.080
29.036,14.949
30.624,16.998
32.187,17.977
31.266,17.427
31.748,17.050
32.068,17.521
32.011,17.382
32.370,17.820
33.083,18.810
33.105,17.624
32.991,18.103
32.001,17.486
32.420,17.359
32.687,16.544
32.644,17.132
32.917,16.233
32.914,16.068
32.323,15.382
31.022,11.266
28.738,14.658
28.721,13.798
28.514,11.718
28.141,9.663
28.301,13.888
28.712,15.684
27.598,13.109
29.385,13.629
31.466,16.023
31.935,16.741
31.720,18.252
28.310,16.431
24.790,6.383
26.012,8.245
27.560,8.624
28.604,12.457
30.206,14.208
29.444,11.665
28.470,13.242
29.941,12.900
29.089,11.785
28.224,9.550
26.927,11.356
28.280,11.435
29.883,12.104
30.368,12.060
30.305,13.551
27.829,11.654
25.399,10.668
24.988,9.788
26.210,10.566
27.789,12.157
27.399,13.270
27.740,7.594
26.871,10.836
29.102,12.378
29.683,15.061
28.473,11.226
27.722,13.566
26.835,12.171
28.169,10.530
27.307,13.611
27.406,13.749
27.926,14.323
29.269,12.315
29.554,12.363
28.344,10.171
30.852,11.950
31.672,10.757
30.407,12.563
31.960,14.160
33.897,17.669
36.236,19.396
34.423,13.605
33.959,14.052
34.480,16.770
34.680,15.948
34.179,16.627
31.113,16.415
28.323,13.398
27.616,7.702
24.736,5.026
26.692,6.948
27.249,9.096
28.628,11.301
31.936,12.172
33.047,14.147
35.030,15.934
35.220,17.596
38.312,18.927
37.657,21.101
36.752,17.844
37.334,22.802
36.676,18.028
36.025,22.104
34.155,15.681
34.672,16.620
33.208,20.832
34.161,15.062
32.936,21.353
32.580,16.981
33.636,14.784
35.681,18.990
38.448,19.199
38.503,18.641
39.370,18.468
38.957,18.758
39.648,18.415
39.593,18.101
39.001,18.329
38.651,19.045
37.173,19.617
34.939,18.899
35.397,17.252
35.866,13.601
38.471,16.293
39.406,21.432
36.988,20.549
39.386,19.295
38.651,17.664
37.799,18.769
37.869,21.263
40.577,21.695
42.574,19.543
43.389,20.806
44.201,23.122
42.805,22.565
42.875,19.976
40.686,19.621
37.403,17.456
36.679,15.476
36.090,15.399
39.852,17.156
41.937,18.939
41.202,21.436
40.844,21.153
40.744,21.246
41.036,22.936
41.661,21.039
41.456,20.047
41.922,21.039
45.280,22.379
42.691,25.161
41.517,24.003
40.996,23.759
41.146,23.273
40.540,23.116
42.106,23.881
41.310,22.640
41.410,21.794
40.174,23.494
39.852,23.044
41.095,26.922
40.478,25.141
40.946,24.038
38.812,24.432
39.690,24.536
40.994,25.501
42.123,26.084
41.723,25.705
40.642,24.006
41.287,22.789
39.883,19.761
41.421,22.134
42.318,22.809
42.877,22.552
42.930,23.298
43.871,24.719
42.075,25.906
42.846,24.761
44.493,26.589
44.914,26.182
44.711,27.188
42.757,26.470
43.086,27.117
43.426,27.814
43.407,27.433
42.117,27.395
43.083,27.275
43.538,27.839
40.725,27.526
42.044,27.124
44.731,28.256
42.832,31.010
43.248,29.551
42.555,26.692
44.011,28.519
45.102,27.328
44.441,27.561
42.819,27.728
42.367,28.345
43.940,28.578
44.088,27.691
43.865,29.304
42.732,28.473
40.205,28.196
41.967,27.722
42.622,29.214
42.434,29.275
42.219,29.272
41.387,28.016
34.964,29.392
37.902,29.659
39.749,28.532
41.285,27.976
40.654,28.084
39.386,27.481
38.190,27.734
35.588,27.267
36.954,26.206
35.529,26.480
37.743,26.929
36.740,26.762
29.752,26.557
30.694,25.718
30.796,25.166
32.993,26.009
36.291,25.915
37.855,26.022
35.424,26.750
37.426,27.388
36.170,27.575
32.256,27.420
37.428,27.452
29.187,26.641
31.505,25.562
32.921,26.680
33.469,26.283
29.266,26.362
30.716,26.914
36.815,26.122
36.830,26.859
37.449,26.664
36.097,26.552
37.946,26.611
38.752,26.255
36.930,26.578
39.290,26.992
36.875,27.790
30.624,25.422
27.719,25.325
25.987,24.219
28.140,24.839
36.722,24.490
33.985,26.606
29.932,25.600
29.913,24.960
28.631,24.522
30.626,24.918
26.950,24.902
27.661,25.059
29.210,24.985
30.933,24.292
30.280,23.758
30.018,24.301
30.391,25.426
31.594,23.929
32.947,24.558
31.741,23.616
32.267,24.322
32.769,24.973
32.389,23.890
33.201,23.660
32.354,24.000
32.703,23.273
33.595,23.456
34.136,23.526
32.207,23.682
28.906,21.953
29.129,24.598
35.031,23.406
35.156,22.991
35.733,23.721
35.018,23.334
35.329,22.335
38.234,22.376
38.687,24.801
39.547,26.293
41.833,28.260
41.934,26.118
38.020,27.144
38.902,26.055
39.687,25.964
38.330,25.040
35.292,25.288
36.043,24.834
31.340,25.383
34.149,25.625
32.635,24.361
29.630,24.396
31.176,24.245
28.660,24.457
27.863,24.374
31.995,23.980
33.143,24.500
35.617,25.305
35.885,26.437
32.007,24.960
24.961,23.578
30.534,22.409
31.250,22.407
31.811,22.623
33.050,21.841
33.816,21.135
33.905,20.829
30.823,22.959
34.823,20.236
34.018,20.222
34.186,19.689
35.682,20.467
35.629,21.923
34.974,21.501
36.093,22.124
35.715,20.441
35.112,20.611
34.024,22.216
35.720,21.268
35.323,22.525
34.956,24.305
34.966,22.385
34.205,20.994
35.397,21.671
34.672,21.619
32.900,22.431
36.118,19.079
35.523,18.702
33.081,19.274
34.463,18.705
32.988,19.052
33.371,21.004
29.289,20.193
34.124,19.475
34.515,19.690
35.586,18.599
33.917,17.782
33.613,14.593
33.085,15.458
32.399,14.893
33.849,17.484
33.941,16.108
32.869,19.166
32.526,18.022
33.794,16.860
33.023,17.148
32.061,17.645
31.688,16.030
31.918,16.738
33.195,16.070
33.211,15.330
33.845,15.742
34.085,17.647
33.264,16.284
34.287,17.550
32.802,17.232
33.688,15.861
33.649,18.056
34.282,18.381
33.101,16.906
32.751,14.867
31.963,16.724
31.708,15.652
31.965,15.498
31.103,16.146
32.097,14.385
30.918,13.035
29.714,13.186
29.329,13.916
30.069,16.383
29.134,16.731
29.919,17.015
30.304,14.716
30.874,15.063
31.066,15.203
30.135,14.008
29.124,12.749
29.112,14.314
28.585,13.689
28.720,13.643
28.515,12.386
28.693,13.303
28.414,13.357
29.336,14.111
28.412,12.452
28.165,12.990
27.696,11.894
28.130,11.545
28.703,12.104
28.227,11.859
27.171,12.061
26.351,12.496
26.350,10.930
27.054,11.441
28.422,12.236
29.086,9.402
29.622,15.081
28.165,12.861
28.542,10.779
29.192,11.280
27.270,11.694
25.191,8.976
27.367,11.410
27.143,13.026
27.949,14.293
28.612,14.018
28.711,13.020
30.069,13.231
31.110,13.439
29.989,13.043
30.020,8.666
30.333,10.743
31.401,13.731
32.465,14.479
33.543,14.543
31.463,12.041
29.687,14.106
28.545,16.020
26.040,14.706
27.847,10.839
27.149,9.730
26.531,6.079
27.192,12.071
27.556,11.463
28.784,11.877
30.326,12.983
31.158,13.346
32.441,14.112
33.409,16.134
34.792,16.560
34.392,17.638
34.569,18.865
34.604,18.590
34.434,18.100
34.014,14.542
33.654,12.029
32.964,12.067
32.969,11.789
34.980,15.839
35.771,16.935
35.194,16.268
35.540,16.385
35.998,15.092
36.323,17.410
34.272,15.315
34.362,13.477
34.980,14.594
36.658,17.986
37.458,19.829
38.250,18.764
38.767,18.047
38.528,18.456
37.556,15.476
38.151,18.382
38.739,18.917
33.270,23.488
31.153,19.662
34.665,20.645
36.929,18.456
36.318,18.330
36.746,18.027
35.619,14.687
35.069,14.072
35.254,17.755
37.773,16.652
35.709,18.589
29.115,20.044
28.171,15.685
32.004,14.093
34.614,15.413
34.261,17.025
34.140,22.635
33.012,23.316
34.577,15.169
37.359,16.346
36.465,19.627
37.094,18.716
37.885,19.551
38.994,19.572
37.502,16.783
39.009,20.288
37.186,18.530
36.740,20.842
35.999,17.705
36.053,15.271
39.451,14.580
39.998,20.733
39.120,19.315
39.585,20.013
38.668,17.830
38.615,20.220
38.777,18.998
39.455,20.975
40.537,20.664
41.254,21.502
41.645,22.306
41.218,19.344
40.788,20.620
39.634,20.966
40.133,18.156
39.648,17.307
40.467,17.073
40.668,19.573
40.019,23.176
40.647,22.433
38.921,22.664
38.813,16.965
40.194,19.674
40.958,21.143
41.619,24.228
41.530,23.513
39.615,22.961
40.606,22.950
41.993,23.042
41.594,22.907
41.316,24.328
41.297,24.119
43.610,24.891
43.780,25.998
43.549,24.813
43.104,23.987
43.690,25.241
45.138,26.187
45.932,26.724
45.199,26.659
44.225,23.179
44.275,24.019
44.350,24.321
44.161,24.933
44.375,26.291
43.952,25.769
43.428,25.389
42.779,25.758
43.036,26.400
43.117,26.577
43.821,27.306
44.417,27.644
41.572,27.440
39.452,26.940
41.249,27.451
42.468,28.049
42.049,28.442
42.729,28.558
44.125,28.196
44.058,27.915
45.143,28.365
45.734,28.969
44.923,28.486
45.416,29.001
43.210,29.076
39.506,26.265
29.499,25.664
37.718,24.270
38.651,26.323
39.523,26.531
38.931,27.522
40.145,27.288
40.144,27.263
41.852,27.360
42.295,27.456
41.632,27.229
40.284,26.796
39.508,27.289
40.583,27.373
41.202,27.398
41.236,26.997
40.988,26.776
41.413,28.154
41.390,29.329
42.982,29.288
46.939,29.966
45.307,31.678
46.883,32.310
44.263,31.040
42.612,30.777
38.642,30.264
41.217,28.258
37.214,28.383
36.849,27.524
37.349,27.649
39.662,26.806
41.302,26.959
36.813,27.666
41.684,30.159
42.209,31.468
31.666,26.330
30.646,25.949
31.176,26.235
30.785,25.824
30.765,25.688
34.082,25.679
34.440,26.726
36.270,27.273
35.869,26.606
39.214,27.892
37.272,26.763
38.659,27.040
36.286,28.362
30.645,27.125
30.846,25.727
29.194,25.956
34.044,25.549
30.013,25.171
30.796,25.285
33.453,25.417
35.469,25.094
30.587,25.181
27.784,24.466
25.639,24.950
31.416,24.842
28.226,25.031
25.283,24.226
27.246,23.760
31.015,23.705
30.385,24.087
30.421,25.158
30.927,25.406
30.385,25.061
29.471,24.682
27.431,25.158
29.965,24.802
27.865,24.436
30.378,25.258
29.777,24.921
31.514,24.773
31.134,24.078
32.681,25.288
27.505,24.292
31.085,23.684
25.705,24.286
25.953,24.534
26.764,24.254
25.557,24.302
28.894,24.024
27.854,23.578
26.291,23.128
28.130,23.176
29.950,22.921
29.931,23.847
29.244,23.406
31.549,21.945
26.639,22.535
30.755,23.327
31.201,23.224
32.916,24.428
33.208,23.459
32.393,23.477
29.945,23.757
27.284,23.328
30.763,23.543
31.604,23.826
33.484,23.092
31.719,23.562
33.019,22.628
33.448,22.631
26.798,24.285
35.819,24.107
34.724,24.659
37.266,25.160
35.555,25.639
34.843,23.473
33.819,24.627
34.093,23.646
32.411,25.232
32.196,24.795
32.265,24.954
33.121,24.349
32.531,24.330
31.116,24.192
32.611,23.515
34.265,24.492
35.983,23.711
37.042,26.084
37.574,23.928
37.993,23.256
37.037,21.446
36.031,20.764
35.394,21.762
34.500,20.134
35.310,21.240
35.179,20.479
36.516,20.979
35.282,19.635
34.957,18.971
34.611,20.490
36.024,21.158
34.510,23.979
37.200,22.090
36.345,21.259
36.734,19.472
36.958,19.629
35.286,20.356
35.811,20.121
36.707,21.524
36.535,21.031
35.588,24.943
36.748,22.052
35.614,20.105
35.508,21.508
35.080,22.100
34.304,20.437
34.312,20.455
34.683,20.995
34.663,20.546
33.864,20.671
33.820,20.527
33.476,20.463
35.088,19.213
34.537,20.294
28.199,19.471
32.295,17.528
34.612,17.874
35.121,17.385
33.408,19.238
32.595,18.999
33.464,18.780
33.083,18.594
32.550,18.757
32.499,18.984
32.390,19.087
32.654,17.966
32.685,15.714
32.152,17.345
31.755,16.109
31.839,16.822
31.859,16.792
30.814,15.965
29.493,13.730
29.594,13.750
28.923,13.663
29.895,15.145
26.391,15.491
30.675,14.537
30.607,15.545
29.561,14.662
31.242,15.700
32.174,18.043
25.729,18.060
29.939,19.208
29.270,15.297
29.109,12.613
29.493,14.239
28.732,11.554
28.350,13.396
27.904,13.515
29.601,13.866
31.014,15.702
31.465,15.800
31.954,16.385
32.092,17.673
31.174,14.830
31.218,15.394
30.509,14.400
30.422,14.892
29.938,14.999
30.958,16.124
31.675,17.696
29.106,17.671
30.876,17.243
29.536,17.629
29.469,15.300
30.306,15.542
29.973,14.063
27.776,10.220
28.032,14.068
27.373,11.670
26.718,9.186
27.295,8.992
27.009,12.670
27.742,11.530
27.811,13.251
29.265,14.534
29.772,12.429
29.273,12.841
28.691,14.893
27.711,11.617
28.285,12.323
28.548,12.564
28.516,11.179
29.191,12.862
28.332,12.492
30.310,14.077
30.886,14.248
27.946,10.362
29.087,11.465
29.295,13.122
30.206,13.599
32.187,15.614
33.130,16.814
33.203,15.955
32.747,15.194
34.010,16.523
34.616,21.916
33.355,18.249
33.336,18.687
32.421,17.066
33.560,15.586
32.603,13.074
32.639,13.747
33.158,13.756
31.576,14.575
33.320,17.838
32.620,18.079
33.543,19.195
31.734,20.314
30.000,15.283
28.788,11.978
28.153,12.976
28.988,14.944
29.904,12.115
30.470,15.375
30.180,11.337
31.510,13.882
34.368,15.370
34.304,18.457
35.578,18.126
35.650,17.862
35.303,18.253
34.195,19.551
33.646,16.628
33.978,16.510
35.230,14.535
34.921,15.706
32.830,18.724
33.357,17.555
32.983,16.285
36.225,18.556
35.967,19.632
34.057,18.288
35.613,17.737
35.142,14.476
35.092,14.618
34.159,16.909
37.320,18.124
35.999,19.733
33.408,18.754
34.193,17.092
34.965,18.366
38.775,19.560
38.849,20.219
39.796,17.380
39.480,22.850
37.621,21.482
35.517,21.032
36.321,18.445
37.935,16.593
37.821,19.676
38.602,21.342
42.150,19.890
42.653,22.298
43.412,18.941
42.711,20.589
42.716,22.331
42.395,21.663
40.261,24.699
40.401,18.723
41.015,20.664
42.118,22.261
43.130,21.438
43.884,21.712
42.870,23.556
40.576,21.780
41.325,22.193
42.503,22.377
42.263,22.938
41.590,21.927
41.888,20.228
42.718,19.829
44.184,26.297
44.921,27.884
45.029,26.714
46.048,27.351
42.185,26.366
43.320,27.133
41.747,26.416
42.168,23.129
41.767,21.331
42.018,23.037
43.116,23.278
43.985,24.646
43.880,22.980
44.101,25.495
43.649,26.844
43.489,27.263
45.652,26.056
46.159,27.554
45.064,27.707
44.661,25.591
45.488,26.057
38.976,28.648
43.582,27.398
44.176,27.203
44.816,26.541
44.844,26.271
44.073,26.760
43.259,26.631
42.854,25.915
42.459,26.314
41.875,25.833
42.445,26.628
42.558,26.847
43.145,26.582
42.693,27.189
40.906,27.115
39.612,27.226
41.951,25.652
41.927,25.028
42.570,26.680
41.894,25.413
42.248,26.181
42.244,25.874
42.020,27.197
38.254,29.097
40.386,26.389
42.042,29.843
42.864,30.057
43.631,28.167
34.054,29.601
35.082,28.141
36.378,27.820
35.953,28.839
42.688,30.144
43.590,29.826
43.315,29.598
43.150,28.483
42.938,29.033
43.423,29.418
43.349,29.752
41.284,29.850
40.357,30.188
38.837,28.308
40.064,29.294
38.862,28.599
40.613,29.092
43.300,27.331
40.352,26.509
42.055,29.189
42.029,31.498
34.281,28.376
29.972,26.765
32.144,25.335
32.555,26.164
36.675,25.419
33.105,27.487
35.978,27.617
37.299,28.297
31.804,27.819
28.523,26.304
29.529,24.656
30.729,25.251
31.184,26.188
31.383,26.074
33.438,26.494
32.022,25.451
27.826,24.759
29.815,25.152
31.800,25.122
31.616,25.817
32.461,25.715
33.580,25.895
33.687,26.626
30.205,25.788
34.804,25.560
34.723,26.144
35.747,25.696
36.241,25.614
36.501,26.519
35.013,26.547
34.272,26.092
29.606,25.497
35.612,25.113
36.594,26.497
32.579,26.509
33.015,25.641
32.227,25.298
32.892,25.504
32.559,25.365
30.826,25.994
30.839,25.857
27.474,25.181
29.348,25.082
32.772,24.859
30.283,25.863
33.655,24.759
26.856,24.947
29.089,24.996
29.573,24.148
28.769,24.063
27.248,24.618
26.429,24.731
27.763,24.389
29.039,24.850
26.946,25.129
28.861,24.395
31.915,23.614
31.340,23.109
27.371,24.706
31.138,24.361
30.014,24.383
32.242,24.439
34.280,22.891
33.168,25.811
32.906,24.710
33.161,25.179
31.064,24.692
31.415,25.088
30.228,25.134
32.400,25.155
32.105,25.365
30.859,25.648
31.457,26.001
31.663,25.916
28.378,25.522
31.289,24.629
32.322,24.158
31.585,24.016
32.087,23.666
31.969,23.079
33.168,22.349
32.732,22.935
33.508,22.147
33.092,22.339
34.210,24.052
36.489,25.176
33.937,26.684
36.223,24.138
36.939,26.508
35.255,26.171
34.471,25.442
32.672,24.662
30.166,24.668
33.751,23.824
35.344,23.375
33.450,25.049
35.913,23.546
34.740,23.771
35.458,23.920
34.426,24.512
33.740,20.923
35.277,18.172
33.860,17.960
34.799,17.631
34.331,17.893
34.347,16.277
27.421,18.923
34.373,19.990
34.845,20.918
33.736,21.618
35.177,24.955
33.923,19.611
36.446,17.690
36.337,16.690
35.004,17.473
35.771,15.528
35.860,15.698
35.796,15.965
35.330,16.491
34.841,15.419
35.056,15.778
36.279,17.962
36.033,17.952
35.186,21.028
34.972,20.522
35.472,20.533
36.116,19.992
36.012,19.454
34.943,20.851
34.242,21.398
35.696,22.292
35.772,22.894
36.129,21.036
35.789,21.642
37.127,21.329
36.435,16.816
36.513,19.092
35.962,18.677
35.779,19.890
35.346,18.457
35.447,16.690
33.894,16.302
34.138,18.054
33.516,18.391
33.959,17.115
33.794,18.549
33.763,16.517
32.007,16.571
32.104,16.737
32.569,16.724
32.306,14.266
32.951,15.160
33.566,16.287
33.089,16.398
32.270,15.864
32.188,16.197
31.294,15.465
31.332,12.296
30.901,15.765
31.068,16.995
30.259,19.155
30.088,15.694
30.504,18.816
29.738,16.804
29.874,16.209
29.431,17.522
29.642,16.359
29.341,14.289
29.022,13.748
30.135,14.582
29.201,13.173
28.119,14.452
27.603,12.768
27.087,14.136
27.225,13.558
28.030,13.546
27.901,14.765
30.039,14.692
29.200,14.030
31.252,15.828
33.047,16.748
32.569,16.326
33.772,20.573
31.827,16.816
31.007,17.419
29.982,14.629
29.535,13.225
28.109,11.047
27.811,10.830
28.294,10.057
28.648,13.239
26.829,12.163
27.929,11.941
28.384,13.392
28.870,13.008
30.054,14.885
31.307,14.608
32.085,17.064
31.262,12.513
31.167,11.347
28.544,15.185
27.119,13.186
29.644,13.821
29.168,12.323
30.758,15.608
31.202,15.327
32.959,15.668
32.421,15.837
27.777,12.606
26.752,8.833
26.896,7.997
26.461,9.997
26.468,12.314
26.241,8.377
25.651,8.782
25.593,6.398
24.536,7.141
24.839,8.190
26.960,9.321
28.421,10.849
25.765,9.603
26.209,11.287
27.008,9.839
29.059,10.771
25.103,12.864
24.186,5.444
23.765,6.506
23.500,8.100
22.185,8.463
23.641,5.196
24.804,7.498
26.686,8.156
28.505,9.637
29.328,10.422
29.280,10.957
31.594,12.608
33.793,13.567
34.269,14.652
34.317,12.732
35.289,12.175
34.690,14.729
35.331,15.539
34.958,16.435
34.478,14.483
33.490,13.830
32.278,11.153
34.469,14.459
35.713,16.040
35.736,17.308
38.244,16.232
38.103,17.574
37.084,13.842
36.913,15.103
36.507,15.443
37.177,14.493
37.465,14.116
38.268,14.600
37.805,16.183
37.825,17.837
38.606,19.065
39.568,22.079
37.513,22.428
37.624,25.094
38.052,21.564
38.667,20.996
38.526,21.840
40.345,19.688
39.641,19.757
39.726,18.482
37.868,18.305
39.143,15.893
40.767,16.648
40.991,21.600
40.137,18.248
41.429,21.106
38.738,24.248
39.603,18.911
38.788,22.304
40.675,20.065
41.117,21.166
36.582,22.976
37.912,18.719
38.327,19.827
38.068,18.025
36.582,20.392
35.521,19.867
36.002,18.013
39.968,19.975
35.213,24.663
39.242,23.615
40.159,23.520
41.852,28.335
41.866,24.409
42.429,22.946
41.693,22.976
40.470,22.409
41.829,21.350
40.380,21.852
43.806,20.856
43.711,21.896
41.736,21.461
41.141,22.814
41.766,22.857
42.991,26.885
43.165,24.846
44.391,25.113
44.593,27.011
44.972,26.657
43.399,25.236
43.845,23.698
42.040,22.101
42.629,22.225
41.906,24.135
42.756,23.197
43.109,23.252
42.518,23.246
41.519,23.973
41.413,24.837
41.715,25.249
42.562,25.722
39.273,27.088
40.965,24.777
42.666,25.122
42.177,24.841
43.026,25.427
42.792,26.697
42.329,25.834
41.724,25.715
42.232,26.303
41.953,26.364
42.338,26.289
41.905,26.644
41.751,25.735
42.015,26.929
42.657,26.362
42.736,25.648
43.656,24.641
42.826,26.508
43.153,27.823
43.394,27.396
42.868,27.083
42.469,26.836
43.064,27.366
42.714,27.501
42.935,28.703
42.689,28.677
42.470,29.735
40.363,29.898
36.162,28.624
40.482,27.239
39.903,28.062
37.097,28.404
35.749,27.910
39.992,27.695
34.423,25.475
34.955,24.734
33.692,26.322
36.656,25.369
39.285,27.160
35.048,28.841
40.372,27.476
37.642,27.750
31.544,28.681
37.653,27.570
41.075,28.214
40.836,27.915
41.866,28.621
39.486,28.747
37.746,29.003
33.755,28.824
38.388,26.440
37.182,27.932
31.209,27.419
32.035,26.767
35.291,25.756
35.136,26.317
35.733,26.208
38.311,27.141
38.712,27.469
33.684,27.414
34.250,27.800
28.519,26.005
33.298,25.584
27.339,25.146
32.467,24.123
31.908,25.842
31.566,25.727
35.285,25.880
34.805,26.326
37.073,25.325
36.525,27.026
36.488,27.852
37.001,27.964
37.362,28.056
37.998,28.528
36.919,27.544
38.729,27.368
37.997,28.264
31.662,26.633
31.574,25.744
27.754,24.179
38.899,23.058
33.647,26.221
32.419,25.811
31.651,25.553
26.197,25.050
31.120,24.321
33.409,24.382
32.438,25.049
30.285,24.805
27.434,24.596
27.374,24.781
28.984,24.989
30.587,25.193
31.501,25.456
26.674,24.873
28.845,24.517
25.863,24.548
31.059,24.263
29.138,24.220
28.848,23.872
27.821,22.213
31.530,22.868
31.544,22.727
31.590,23.023
30.197,21.512
32.481,22.840
35.681,23.829
32.709,24.634
34.533,25.009
28.444,24.355
33.605,22.642
33.426,24.046
34.218,23.096
33.846,22.470
35.281,22.434
37.156,23.940
35.426,24.738
36.640,25.340
36.013,25.054
34.005,24.518
35.098,24.041
38.931,23.064
38.457,23.495
38.816,24.211
34.243,26.061
33.538,26.157
34.179,24.641
31.241,24.723
30.024,23.759
31.910,23.197
29.062,24.120
30.842,24.751
34.419,24.600
35.205,23.929
34.018,23.307
32.676,22.589
33.300,22.253
33.611,22.095
33.820,21.366
33.471,20.928
33.314,20.220
33.374,20.608
33.431,19.617
33.396,20.012
34.835,24.036
35.617,23.099
38.523,24.419
36.984,27.370
37.219,25.571
36.236,22.832
34.024,23.271
34.862,20.356
35.160,21.305
35.649,22.803
38.728,24.405
39.157,22.270
39.471,21.679
37.915,23.144
37.828,19.585
36.980,21.592
36.192,24.533
38.153,25.142
36.058,22.354
36.936,21.073
36.818,18.010
37.305,19.454
35.806,20.592
37.317,20.460
36.131,16.613
36.468,20.447
36.106,17.941
35.412,18.391
34.931,18.422
34.741,18.074
35.015,18.711
34.891,19.327
35.521,19.542
36.222,15.851
35.037,16.782
34.627,15.917
35.700,17.944
34.810,18.887
35.957,18.904
35.057,18.966
35.424,18.815
34.743,18.910
33.300,15.918
33.217,15.757
33.520,14.406
33.214,17.674
32.145,18.651
33.062,18.898
27.451,23.104
30.349,21.433
32.823,18.602
31.331,16.914
31.417,17.039
31.809,15.897
31.676,14.901
31.252,15.297
31.812,15.338
32.489,16.849
31.083,17.795
32.116,17.997
31.913,20.301
25.643,19.470
31.823,20.322
33.606,20.717
34.282,21.631
34.839,21.798
34.237,21.914
33.739,21.905
33.149,19.094
32.732,17.403
32.769,18.115
31.696,16.765
31.520,15.720
31.012,16.374
32.316,15.821
32.988,18.424
33.177,19.404
32.886,18.685
33.071,21.527
29.956,21.694
31.733,18.975
31.243,16.178
30.963,16.440
30.806,15.359
29.473,11.034
30.124,10.885
30.117,9.849
28.849,10.695
28.250,9.547
29.390,11.788
29.589,11.981
30.492,13.979
29.374,14.150
29.229,12.578
30.598,13.492
28.951,12.465
23.007,14.529
26.557,11.686
28.003,12.673
27.690,13.799
26.531,15.239
28.791,14.981
29.873,14.861
29.543,17.457
31.352,17.159
29.195,19.450
30.880,19.164
33.259,19.125
29.994,20.069
30.573,15.839
31.234,16.715
31.822,18.179
30.790,17.360
33.047,16.315
33.946,17.511
34.325,18.191
31.561,13.672
28.957,12.041
29.884,9.378
31.560,13.661
31.916,11.578
31.816,12.015
32.036,11.736
32.841,12.423
33.324,14.667
31.801,10.648
32.253,12.883
30.794,12.836
30.654,12.421
32.209,14.605
33.870,14.834
32.723,10.698
29.692,14.363
29.514,11.747
30.918,13.532
31.352,11.145
31.747,14.028
32.558,16.776
33.637,16.767
34.508,15.989
35.366,17.146
35.438,18.247
37.681,19.028
38.638,20.229
37.371,19.909
36.090,17.689
35.561,16.842
37.043,18.110
37.795,16.479
37.796,18.411
38.013,19.239
39.406,17.091
40.326,20.505
39.819,20.927
38.114,18.396
37.617,17.797
36.589,16.748
34.349,15.705
35.949,15.916
36.394,16.372
37.524,16.925
40.906,20.294
41.670,21.831
39.371,19.865
38.863,19.099
38.523,19.748
37.976,15.390
37.971,20.080
37.585,19.148
38.966,19.459
38.455,19.364
37.779,20.369
37.656,17.155
39.755,21.229
39.558,21.090
38.723,21.530
40.339,19.782
37.966,19.690
37.807,20.205
38.911,23.563
40.067,22.296
41.084,22.708
41.825,22.935
41.806,25.953
42.213,25.167
41.754,23.458
39.014,25.675
39.236,22.250
37.996,22.270
35.579,20.163
39.965,21.283
40.029,23.242
41.880,22.653
44.069,18.863
42.761,23.279
42.111,22.478
35.666,22.871
40.555,23.128
44.696,21.199
43.539,23.401
46.142,21.239
43.307,23.953
41.570,22.658
41.738,21.254
42.080,21.972
41.160,23.103
43.963,23.713
47.330,25.033
45.774,21.286
45.111,24.990
46.135,25.959
44.965,25.055
44.038,24.604
44.333,24.187
43.774,23.587
42.700,23.770
41.849,22.647
41.791,24.216
42.836,28.158
43.551,23.682
42.967,24.148
43.336,24.492
42.773,25.055
44.326,26.522
44.977,26.798
45.960,27.710
45.199,27.595
45.407,27.322
46.087,27.928
45.162,27.678
44.308,29.651
44.314,27.445
44.926,28.631
45.782,31.103
44.389,28.220
44.280,26.184
44.414,26.488
44.380,25.966
44.057,27.607
45.105,28.240
44.474,28.508
43.572,28.337
43.811,29.629
42.138,28.945
41.873,28.225
42.480,28.349
42.152,28.344
41.395,27.613
42.693,27.275
42.663,27.061
42.364,27.010
42.869,27.997
43.633,28.494
43.681,27.817
42.854,28.044
43.535,27.933
43.767,28.561
42.522,27.941
43.336,28.934
42.819,29.983
43.983,31.108
43.384,29.075
43.508,29.733
42.702,28.044
36.148,28.964
42.096,26.307
35.191,28.164
40.730,27.594
40.322,28.276
41.411,28.398
35.334,28.159
38.454,27.472
38.141,28.148
37.563,28.579
31.834,27.969
38.042,26.764
37.683,27.773
41.199,27.610
42.875,30.448
44.154,28.999
44.526,30.007
33.658,27.367
27.332,24.895
32.969,25.651
35.677,26.051
31.718,26.239
30.099,26.180
34.482,26.192
34.732,27.446
33.958,26.516
28.583,25.854
29.698,25.093
32.368,24.814
28.941,25.518
32.295,25.675
31.848,25.620
27.077,24.933
28.205,24.748
28.281,24.812
29.335,25.496
28.265,24.806
28.070,25.587
32.225,25.572
29.429,25.006
28.029,25.175
30.218,25.385
34.571,24.412
34.830,24.456
33.788,24.758
34.732,25.067
33.176,25.268
36.446,26.088
34.319,26.311
35.791,25.840
33.732,25.618
32.508,25.310
34.719,24.994
33.992,24.814
30.522,25.055
29.919,25.255
35.266,24.473
36.253,25.828
36.824,25.927
36.530,26.264
36.474,26.236
37.620,25.618
36.961,26.731
38.928,25.586
38.285,25.565
33.959,26.483
34.334,25.999
28.894,24.238
28.565,24.644
25.164,24.602
28.877,24.190
30.698,24.041
32.603,24.689
33.193,24.917
33.991,25.421
32.969,25.148
32.937,24.115
34.321,24.210
35.865,24.534
35.233,25.760
34.745,22.850
34.657,23.229
34.666,22.775
35.387,23.512
35.066,23.177
34.505,22.317
34.188,20.766
35.657,20.621
36.484,21.935
37.333,23.163
37.157,22.079
37.581,22.486
37.460,21.611
38.342,23.120
37.392,24.140
36.963,24.375
35.904,23.486
36.553,24.247
38.566,24.744
41.664,26.360
39.616,24.408
41.059,23.689
40.147,25.915
39.419,27.175
38.667,26.922
36.094,24.736
37.274,23.656
36.474,23.072
35.045,20.493
34.526,21.856
34.739,21.297
35.107,19.041
33.955,23.085
35.614,20.675
35.383,19.997
35.655,17.646
35.817,18.542
36.218,19.291
32.710,19.531
35.118,17.802
34.575,16.453
35.180,16.316
36.203,17.255
36.716,16.872
35.778,15.583
35.131,14.943
36.237,14.459
35.783,17.603
35.705,17.242
35.849,20.053
36.466,20.454
37.600,18.635
36.350,16.405
37.377,16.491
35.335,20.174
35.269,18.340
34.972,18.674
36.026,19.718
35.634,18.578
35.352,19.818
36.243,20.696
34.588,24.303
29.068,23.854
29.280,20.394
31.723,17.144
32.749,20.073
32.895,19.682
32.407,16.763
32.771,17.607
31.909,16.421
31.416,15.152
31.657,16.449
31.365,15.394
29.931,14.573
30.654,15.461
30.989,15.561
31.854,13.370
32.405,15.348
31.705,15.715
31.492,14.467
31.639,16.723
30.797,15.899
30.088,14.518
30.075,15.226
30.132,16.022
31.400,15.966
30.623,13.386
30.403,14.204
29.658,13.123
30.203,13.442
30.633,10.957
29.858,11.964
30.897,12.551
32.150,14.959
30.824,13.871
31.323,16.479
31.338,13.798
31.160,16.281
30.610,16.099
30.316,16.854
30.085,17.135
31.134,18.409
29.329,19.455
27.098,16.924
29.013,15.104
29.476,16.235
28.961,12.788
28.065,10.314
28.479,11.896
28.877,13.541
25.893,14.116
28.537,9.380
28.784,12.846
29.405,13.822
30.326,15.654
27.044,18.643
28.111,13.576
28.590,12.249
28.387,12.968
28.835,12.725
29.241,12.675
28.781,12.605
29.524,10.858
31.311,13.503
30.721,14.798
26.695,10.490
27.226,10.898
28.249,10.763
29.252,13.426
29.867,13.025
30.905,12.470
31.193,14.078
30.658,13.190
31.106,14.097
30.732,13.803
30.476,13.157
30.493,8.633
30.649,12.815
31.486,13.897
31.510,12.191
31.067,14.524
30.457,10.239
31.198,13.940
31.318,11.767
30.396,10.620
30.447,12.992
31.820,14.313
32.127,17.718
32.580,16.911
34.037,16.678
34.819,16.980
34.205,18.471
30.014,17.109
31.003,12.503
32.228,15.530
31.079,13.855
31.841,12.816
31.098,12.396
31.069,13.108
32.029,11.381
31.572,12.238
32.536,12.703
33.727,12.861
35.557,15.658
36.077,16.727
35.673,20.054
31.597,15.760
32.216,13.407
33.220,12.032
36.013,16.109
37.309,16.973
37.563,18.515
36.798,16.459
37.320,19.175
35.954,21.354
34.571,17.551
33.570,18.253
33.881,22.387
33.317,17.751
35.349,17.418
37.419,19.629
39.176,21.141
39.441,21.160
39.660,19.744
39.552,15.941
39.680,16.768
39.802,17.892
39.808,18.197
41.118,21.510
44.882,24.488
45.373,23.990
45.410,22.980
42.215,21.659
40.708,21.310
38.984,17.221
38.392,16.378
39.065,18.813
39.222,18.377
39.650,18.928
40.665,17.774
40.505,21.738
40.200,18.729
39.495,20.733
39.192,18.939
39.729,20.753
38.916,18.187
40.338,18.537
41.449,19.332
45.664,22.121
46.491,20.541
46.594,25.044
40.803,29.354
41.441,23.417
41.246,19.755
42.230,21.381
43.423,22.099
44.252,19.586
45.384,24.713
45.647,25.479
44.422,23.389
43.339,21.428
42.651,24.546
41.685,24.417
41.166,23.680
41.106,23.662
42.001,24.430
42.054,24.679
42.521,23.519
42.275,23.385
43.604,25.541
43.489,25.737
43.407,25.640
42.195,25.529
42.737,23.625
43.952,25.437
43.891,25.989
43.743,26.304
43.150,26.220
43.066,26.377
42.470,27.159
42.827,27.758
43.577,28.810
42.384,26.764
43.650,25.730
44.687,26.614
45.199,25.764
45.094,26.334
44.693,25.449
44.937,25.899
44.639,26.090
44.505,26.982
45.471,28.216
46.806,28.764
47.332,28.003
46.906,29.547
46.229,28.633
45.941,28.409
44.582,27.706
43.574,28.363
43.195,28.562
43.397,28.286
42.654,27.982
42.171,26.901
42.239,26.348
42.901,27.789
39.798,29.386
36.526,27.088
41.339,28.134
40.265,28.599
40.035,27.749
33.200,27.647
37.108,25.665
38.789,26.605
40.637,27.619
43.144,29.535
45.516,30.642
46.144,30.991
44.026,30.665
39.768,29.828
39.581,28.855
40.471,29.058
42.882,28.834
45.957,31.713
44.897,30.795
44.514,30.342
42.950,29.896
42.778,30.023
39.797,29.481
40.115,28.704
43.929,29.991
43.979,31.534
42.557,30.894
42.603,30.741
42.730,29.986
42.827,29.562
44.757,29.819
39.979,28.561
32.795,26.384
29.323,25.844
31.148,25.538
32.946,25.586
33.680,25.737
35.829,25.916
33.468,26.319
34.054,26.482
32.088,26.042
32.627,26.407
32.787,25.588
35.261,26.273
37.818,26.855
37.642,26.713
37.508,26.726
34.866,27.227
36.826,26.643
35.786,27.014
34.017,26.402
30.759,26.060
28.900,25.885
26.198,25.206
29.381,24.359
28.387,25.201
32.000,24.793
32.863,24.506
34.115,25.005
35.428,25.648
26.863,25.282
30.749,25.244
31.066,25.065
29.529,25.381
28.579,24.994
29.619,25.300
31.838,24.894
27.678,25.540
29.558,24.330
30.027,24.831
30.583,25.033
31.301,25.644
31.926,25.177
31.174,24.532
31.817,24.791
32.012,24.873
32.824,24.797
32.100,25.231
29.580,24.771
32.327,24.265
32.050,24.056
30.448,24.391
31.556,24.099
29.186,24.818
32.237,23.829
34.645,24.099
32.616,25.297
36.342,25.496
33.032,25.889
33.385,26.289
30.060,25.097
28.971,25.070
30.790,24.044
31.097,23.743
29.929,24.930
30.102,24.976
30.361,25.083
30.683,25.031
32.629,24.778
31.463,25.743
28.644,24.431
29.263,22.979
27.170,23.840
27.788,24.152
29.513,24.696
29.571,24.483
31.681,23.655
32.495,23.127
32.480,24.420
32.379,22.591
32.561,20.829
32.597,22.376
32.528,20.955
31.775,23.115
32.181,21.273
31.436,19.772
32.804,19.242
34.203,23.509
35.650,22.077
35.640,24.020
36.272,23.279
34.307,22.948
34.944,22.341
36.077,22.586
36.062,22.861
36.582,22.245
37.421,22.293
36.663,22.004
36.976,20.637
35.144,20.105
33.655,19.168
32.436,23.278
31.137,21.400
34.371,20.354
36.814,21.902
35.984,23.318
36.775,21.561
37.309,21.011
35.360,26.303
36.601,25.750
36.711,24.295
36.171,23.393
35.648,23.118
34.185,20.393
33.980,18.628
34.067,20.037
36.360,21.103
37.062,22.186
35.323,20.885
35.476,20.346
35.897,22.289
34.399,21.294
33.493,19.967
32.793,19.704
32.818,19.377
33.562,18.885
33.463,20.171
34.084,18.588
33.496,19.956
31.922,20.053
34.059,24.528
34.056,24.722
32.369,24.576
32.598,22.489
33.265,22.511
33.428,22.044
34.421,22.820
31.399,21.521
30.135,21.716
32.110,20.951
32.320,21.157
31.108,17.957
27.769,18.691
23.549,20.127
21.350,18.081
22.246,18.663
26.411,20.188
28.993,17.379
29.442,17.293
29.416,17.857
30.584,19.208
30.311,18.021
29.753,17.700
29.969,18.263
28.090,15.849
28.271,15.572
29.417,17.570
28.933,17.114
27.727,15.128
26.875,13.121
27.228,13.137
26.338,12.698
25.271,11.504
24.764,11.060
24.949,7.851
26.320,12.181
26.629,12.336
27.723,12.222
27.865,12.442
27.842,12.709
27.517,12.814
26.953,12.907
27.991,10.845
26.849,9.336
26.064,8.421
27.086,11.108
27.428,12.929
27.931,12.103
26.168,15.957
22.515,17.606
26.132,17.548
26.699,13.120
24.392,8.252
24.795,10.834
24.442,9.945
24.793,9.944
26.293,12.191
26.714,10.846
26.926,10.601
26.049,10.494
26.452,8.818
26.630,9.699
25.192,8.784
26.218,8.629
27.636,8.745
27.961,8.843
27.020,11.603
26.302,8.321
24.671,8.037
25.558,5.688
26.723,9.196
27.648,12.201
28.341,10.586
28.714,11.326
29.557,11.342
28.913,12.165
29.379,14.734
28.030,11.578
27.829,10.876
28.498,13.004
28.988,11.653
28.406,10.133
28.992,13.393
29.635,14.870
30.943,15.121
32.107,15.428
33.089,15.578
33.014,14.114
32.855,13.228
32.007,13.050
30.983,12.691
30.977,15.833
30.451,13.140
31.626,13.791
33.581,16.123
34.685,16.473
33.017,15.390
31.359,15.868
28.705,16.032
28.130,13.493
29.363,13.975
29.088,15.429
30.309,12.803
30.330,13.677
31.050,14.557
31.866,14.506
33.350,13.021
32.167,12.903
31.451,14.457
31.955,13.383
32.739,15.865
34.369,16.848
34.840,16.646
34.605,17.263
35.453,17.262
34.894,17.971
34.722,16.232
36.855,16.576
37.547,17.292
37.078,17.803
34.412,16.676
34.425,16.064
35.730,16.361
36.319,17.612
39.373,16.080
39.007,17.502
41.937,20.814
41.643,22.027
41.627,20.872
40.383,22.111
38.337,17.623
37.154,17.520
37.630,16.721
36.793,17.433
36.493,17.140
37.239,16.880
40.896,20.022
42.335,19.045
40.374,21.557
39.400,21.616
38.108,17.832
39.219,20.238
37.570,19.044
38.839,19.119
38.258,19.487
38.704,17.201
40.545,20.007
41.200,16.839
42.657,20.275
41.081,21.407
40.281,18.942
40.066,19.129
40.740,23.283
41.056,21.925
41.752,22.266
40.350,22.881
41.668,23.700
43.188,25.510
42.462,25.367
40.797,25.521
41.611,21.901
42.185,19.306
41.473,18.752
44.389,22.038
44.155,23.077
44.124,19.776
43.492,22.321
43.735,23.914
43.973,24.383
45.219,26.351
44.330,26.241
42.446,26.270
43.054,25.530
42.686,26.407
40.721,25.078
40.933,23.633
39.854,23.961
40.664,25.061
40.132,22.891
43.195,24.394
42.679,25.021
42.560,24.492
41.656,24.686
42.085,24.410
41.967,24.544
41.783,25.416
43.010,25.591
43.104,25.356
43.044,26.240
44.563,28.993
44.241,27.696
43.121,26.859
43.061,27.088
42.414,27.948
42.565,28.846
42.158,28.990
42.589,28.237
41.775,26.852
42.273,27.667
42.609,27.582
42.181,27.501
41.423,26.944
41.952,27.055
41.663,27.926
42.034,28.449
42.230,28.747
43.421,28.130
46.975,28.374
50.215,30.764
48.730,29.941
47.032,30.390
44.619,30.598
41.745,29.547
42.559,30.496
42.485,29.396
42.530,28.012
41.964,28.804
41.734,28.245
38.870,27.932
39.768,28.016
40.997,28.488
38.411,28.439
41.027,28.407
40.232,29.145
39.995,29.184
40.539,29.293
36.885,29.072
39.206,29.468
40.320,29.283
40.616,28.947
38.840,29.392
28.584,25.774
35.169,26.396
34.222,26.345
35.471,26.131
34.691,26.264
34.098,26.000
35.073,25.676
39.014,26.030
27.683,23.872
31.262,23.663
29.282,24.538
26.846,24.708
28.056,24.491
30.296,24.864
31.312,24.778
30.637,25.726
26.576,25.409
30.393,25.190
31.518,25.422
32.710,25.894
29.734,26.306
31.301,26.003
32.203,25.116
30.585,25.076
31.228,24.857
27.670,25.063
27.135,24.706
29.956,23.856
31.661,24.997
32.094,25.732
32.161,25.541
28.807,25.043
30.139,24.883
28.773,25.392
29.829,24.708
32.789,24.828
30.941,25.191
30.954,25.386
30.704,25.261
31.723,24.849
29.692,25.332
27.398,25.293
27.129,25.443
26.587,24.012
27.736,24.675
25.438,24.171
27.713,23.898
28.068,25.095
26.732,24.799
27.753,24.199
28.494,23.927
29.988,24.582
30.522,24.698
30.771,24.202
29.930,24.872
31.417,24.103
31.578,25.312
30.495,24.966
29.805,24.908
30.777,23.851
31.687,24.031
31.580,24.747
30.556,25.399
31.128,24.988
30.590,24.782
26.842,24.360
31.930,23.427
31.945,24.350
28.516,25.129
27.342,24.443
27.611,24.748
26.130,23.004
29.203,22.396
28.227,24.359
30.371,24.403
28.080,24.846
29.271,24.683
27.664,24.405
31.224,24.157
31.549,22.753
31.175,24.105
29.273,23.764
27.529,23.623
30.306,23.508
30.877,21.497
30.306,21.441
30.451,21.561
30.971,21.959
30.916,21.561
29.931,21.199
30.639,21.609
30.806,21.142
31.398,20.748
31.801,21.435
32.662,20.613
32.454,21.232
31.696,20.515
31.495,20.184
31.211,20.141
33.380,19.860
32.883,21.778
33.776,21.865
36.161,22.777
34.887,22.836
35.507,22.843
34.981,22.556
36.450,23.238
34.782,22.816
37.042,21.958
37.029,22.419
36.121,23.885
37.072,22.437
36.086,21.663
35.664,21.078
33.223,19.470
35.810,18.470
35.040,21.335
35.416,20.707
35.928,20.707
34.666,20.313
34.563,21.114
34.312,21.195
34.071,20.387
33.646,20.105
33.465,20.112
33.235,19.641
33.880,20.110
33.578,20.862
34.482,21.497
33.705,22.791
36.295,22.630
35.786,21.488
35.403,20.993
34.683,21.556
34.433,19.556
34.589,20.490
34.926,17.875
35.124,20.625
34.870,20.374
33.575,19.853
34.621,19.068
34.173,18.650
34.331,19.440
34.037,18.293
34.363,16.423
34.202,18.492
34.316,19.273
33.041,18.139
32.235,18.592
30.984,18.488
31.247,19.513
31.405,19.338
31.347,19.064
31.734,22.544
33.047,23.159
33.451,21.148
33.890,19.005
32.945,18.752
33.094,18.472
34.004,18.925
33.045,19.004
32.329,16.002
31.744,14.715
32.267,16.255
31.235,16.525
30.178,15.592
28.132,11.521
28.753,12.896
28.785,13.316
29.249,13.787
30.138,13.561
29.408,14.387
29.556,14.885
29.642,13.956
29.044,13.631
28.097,10.124
28.551,12.241
28.806,13.516
29.147,14.546
28.663,11.444
27.287,8.097
27.782,10.122
28.246,10.185
28.661,13.692
27.597,12.961
26.913,12.220
28.211,12.975
26.763,11.229
26.376,10.717
26.875,12.606
27.390,10.128
28.174,12.374
27.351,11.360
26.516,10.389
25.812,9.049
25.266,9.157
24.786,10.511
25.219,9.818
26.192,10.604
26.657,10.308
26.905,10.552
28.595,9.164
28.582,10.880
26.433,10.009
25.079,7.108
24.973,7.979
24.299,10.036
26.114,9.909
27.139,12.169
27.810,9.057
28.724,9.342
28.519,13.074
27.838,10.561
28.139,12.657
27.363,10.630
26.896,11.621
27.647,13.816
28.456,11.866
29.034,10.937
30.161,12.651
31.373,13.245
29.012,13.732
29.696,15.323
28.928,11.178
26.857,10.511
24.226,5.022
26.015,6.503
28.563,9.763
30.997,12.019
30.906,8.875
30.630,13.318
30.141,11.410
29.896,11.116
29.255,10.298
30.083,14.225
32.146,15.483
33.991,13.342
34.751,13.774
35.226,12.945
33.641,13.058
33.164,11.737
32.517,12.000
33.238,10.587
34.707,14.971
36.013,16.280
34.415,14.279
33.332,10.878
31.150,13.628
32.881,15.161
35.023,13.812
36.670,15.667
35.938,15.677
32.487,15.555
32.839,12.892
32.458,13.908
30.542,9.175
33.392,11.730
34.488,15.784
32.960,15.698
33.644,15.332
36.982,15.230
38.251,17.055
39.312,16.567
38.613,18.381
38.675,18.027
39.966,17.769
39.709,18.340
39.721,15.934
39.777,16.257
41.748,18.456
41.535,16.599
40.662,18.470
40.431,18.457
40.835,20.707
41.308,22.743
43.643,19.398
40.967,18.945
42.365,21.944
42.729,23.593
43.049,23.333
42.546,22.881
42.944,22.054
41.294,22.039
41.640,21.008
41.874,20.982
42.524,22.362
42.362,22.467
41.840,22.020
40.644,21.597
40.722,20.749
40.214,21.807
39.049,20.478
40.473,23.007
40.803,21.292
40.995,24.060
39.744,23.454
40.359,23.847
29.901,23.316
38.077,19.331
38.547,23.488
38.570,21.173
38.492,23.065
39.918,22.545
40.335,23.629
40.920,23.432
41.081,24.096
41.445,23.301
41.685,22.222
42.113,19.205
42.033,20.810
43.094,22.411
42.038,23.866
43.041,25.261
42.096,25.844
42.318,26.441
42.421,26.544
42.997,27.454
43.538,27.713
41.635,26.447
40.295,25.663
41.449,25.859
41.332,25.608
42.853,25.775
42.176,25.425
42.074,24.772
42.219,25.414
42.748,25.730
42.939,26.714
43.525,26.496
44.110,27.392
44.760,26.770
43.782,26.738
42.588,26.728
42.120,25.419
42.955,25.865
43.703,25.784
43.885,26.072
43.361,26.552
43.776,26.581
42.745,27.505
42.468,28.100
41.884,28.466
42.038,28.485
42.056,28.055
42.110,27.032
41.177,27.337
40.344,28.042
39.611,28.130
40.272,28.102
39.016,28.676
44.786,27.926
45.582,29.100
40.581,28.516
42.007,28.873
38.784,28.622
40.830,28.858
41.925,29.086
41.701,29.711
41.218,29.006
40.610,28.639
39.126,28.988
39.349,28.850
40.185,28.816
40.488,28.299
39.882,28.363
38.343,28.241
39.559,28.151
40.520,28.729
41.079,28.600
40.134,28.979
40.550,28.853
41.234,27.310
38.123,25.871
29.527,25.627
32.760,26.024
34.601,25.834
34.959,25.965
36.860,26.980
30.610,26.497
33.540,25.454
32.981,26.440
29.061,26.300
30.251,26.268
30.273,25.520
33.461,25.383
28.705,25.978
30.537,26.074
28.253,26.473
29.109,25.700
36.688,26.601
37.392,26.087
30.464,26.858
29.925,25.776
33.023,25.106
32.172,26.036
33.454,25.492
34.960,25.512
31.925,25.782
29.518,25.235
32.492,25.046
31.749,24.873
29.677,24.996
29.599,24.367
34.782,25.024
31.255,25.326
32.257,25.312
33.964,25.088
28.697,24.863
31.573,24.970
33.480,25.380
29.834,25.153
32.272,24.503
27.728,24.301
26.966,23.918
28.153,23.304
26.963,23.396
26.355,23.905
27.609,24.110
31.629,24.479
31.180,24.836
27.596,25.259
30.426,24.400
30.037,24.327
29.139,24.286
25.936,24.524
27.955,24.396
32.962,24.633
32.075,25.020
32.078,24.920
34.188,25.887
33.682,25.739
31.712,25.546
30.879,25.273
32.945,25.322
31.399,25.754
31.302,24.843
29.944,24.501
25.562,24.660
26.732,24.435
28.414,24.384
28.616,24.560
29.781,24.880
27.766,24.482
28.911,24.147
27.697,24.383
30.840,23.913
30.259,24.055
29.700,23.860
29.639,23.156
30.657,22.928
31.864,22.692
31.212,23.400
29.951,24.154
30.250,23.962
29.548,23.307
30.646,22.447
31.633,19.710
33.259,21.010
33.884,21.883
35.195,22.769
34.974,23.043
35.282,22.539
35.099,23.095
34.979,23.841
34.638,23.695
33.776,21.779
33.976,22.352
35.316,24.001
35.154,22.396
36.164,22.786
35.150,21.582
34.142,20.285
34.650,18.999
34.185,18.298
34.398,19.425
35.389,19.141
34.799,18.738
35.651,19.074
35.850,19.579
35.756,21.004
34.985,18.959
34.581,21.525
34.270,21.019
35.143,20.943
35.045,21.050
33.849,19.971
33.688,19.155
32.987,20.037
33.200,21.306
33.671,19.460
33.276,20.244
32.746,20.120
32.695,21.515
32.676,20.974
32.048,18.288
31.897,18.319
31.756,17.900
32.049,18.138
32.267,17.766
33.141,15.701
33.436,15.772
32.992,18.357
34.091,17.948
32.835,19.353
33.219,21.267
32.681,20.107
32.118,20.480
32.084,18.563
31.376,16.750
32.238,15.410
31.436,17.219
30.934,17.328
30.591,17.453
30.516,16.971
31.128,15.661
31.832,15.396
31.935,16.681
31.561,16.420
31.359,16.764
31.348,16.114
30.522,13.747
30.028,17.481
29.028,15.993
30.182,15.968
31.430,18.717
31.955,19.759
32.120,19.418
33.302,19.648
33.926,19.599
32.947,16.914
31.423,13.974
30.184,15.345
29.211,14.688
28.914,13.594
28.870,11.297
28.662,13.419
29.659,17.528
30.859,16.463
30.310,18.291
30.769,17.081
29.528,16.508
28.170,13.940
29.228,14.365
30.573,16.636
30.320,16.539
29.927,16.643
28.589,13.495
28.308,13.778
28.708,14.194
27.634,9.574
27.174,11.787
28.703,14.086
29.011,12.309
27.434,8.909
26.363,8.313
26.257,10.830
27.022,9.601
26.034,8.980
25.527,10.100
25.382,10.548
26.087,10.743
27.640,12.794
28.411,11.911
29.663,12.232
30.475,11.728
30.541,13.198
29.664,11.572
30.018,12.659
29.484,12.962
29.442,12.422
24.149,9.644
24.555,8.007
25.796,10.705
26.210,11.425
27.250,12.970
28.961,13.305
28.723,15.202
28.330,14.580
28.552,13.728
29.959,13.550
29.984,15.123
30.288,15.818
31.070,16.162
31.993,17.438
32.958,17.577
34.060,17.885
33.362,19.007
30.869,14.160
28.252,15.291
27.192,10.458
28.131,12.334
28.573,11.368
30.319,13.079
33.460,16.837
34.593,17.907
35.324,19.597
34.201,19.081
35.020,21.559
32.252,16.306
25.877,13.861
28.171,10.097
30.349,13.774
33.067,15.622
31.871,17.058
34.243,17.786
34.664,16.350
32.724,17.942
31.373,13.449
33.232,16.436
34.952,15.018
31.670,15.025
33.035,13.622
34.320,16.743
36.471,15.667
38.076,16.766
37.185,17.561
39.116,18.272
38.580,20.030
39.565,21.254
40.552,20.697
37.866,18.789
36.928,17.249
36.474,15.618
37.291,17.423
36.265,15.271
35.087,15.704
36.988,16.217
37.311,22.154
36.336,21.141
39.745,20.384
38.766,18.195
37.672,18.723
37.219,17.694
36.968,20.582
37.441,19.798
35.573,20.312
37.742,18.972
38.821,17.618
35.231,22.952
34.757,21.398
34.715,18.452
37.429,17.447
39.537,21.076
38.945,20.126
37.712,21.586
36.322,19.947
39.521,19.130
39.464,17.795
42.484,19.904
40.425,22.507
38.321,19.191
39.074,22.509
37.967,22.783
37.252,21.253
39.341,20.871
41.286,23.183
41.385,23.444
41.668,22.769
39.956,21.155
40.022,21.036
40.073,22.576
39.161,20.515
39.255,24.120
39.301,22.790
39.538,21.159
39.145,25.295
44.268,26.475
42.226,26.872
41.995,26.461
43.905,24.304
44.024,25.990
43.016,26.060
43.482,26.276
44.006,24.915
43.127,23.876
42.015,24.198
42.339,25.682
42.037,23.603
42.068,24.804
43.029,25.428
42.513,24.911
41.830,23.758
41.137,23.902
40.827,25.034
41.773,25.232
42.225,25.694
42.931,26.648
44.044,26.851
44.986,25.500
44.725,26.740
45.000,25.954
44.171,26.353
44.481,27.281
43.748,27.081
42.949,26.850
43.682,26.493
42.181,26.311
41.676,27.246
41.762,28.212
41.656,28.187
41.182,28.937
41.452,28.004
42.581,28.025
43.140,28.039
42.543,29.260
45.932,30.483
43.486,30.056
41.985,30.704
42.549,31.088
42.812,30.795
41.690,30.330
40.354,27.934
37.200,28.257
33.635,27.146
36.249,26.256
35.634,27.118
36.429,26.541
39.346,27.080
41.463,27.624
40.132,28.090
33.190,26.928
26.968,25.887
33.928,24.851
35.904,26.197
37.250,26.294
37.033,26.923
37.706,26.542
39.036,27.313
39.183,27.618
38.300,28.189
35.396,27.603
37.346,27.171
36.673,27.059
37.206,27.310
36.816,27.666
37.784,27.568
38.107,28.089
34.313,26.730
30.339,25.387
31.201,25.859
31.851,26.010
29.486,26.074
30.672,25.527
30.688,24.984
29.260,25.173
29.121,26.178
27.452,24.361
27.845,23.821
25.263,24.100
30.140,23.827
29.336,25.457
28.349,25.029
29.656,24.822
31.531,24.858
32.113,25.435
26.828,25.245
32.935,24.650
32.620,25.346
29.706,25.393
29.404,24.796
27.671,25.504
26.929,25.189
26.983,24.584
29.707,23.317
29.906,24.061
27.032,25.210
32.278,25.177
27.957,23.477
28.954,24.439
30.282,23.695
29.672,24.727
28.036,24.684
26.399,24.529
27.824,24.573
26.484,24.547
29.293,24.165
29.198,24.756
28.937,25.349
28.424,24.512
28.432,24.042
29.960,23.836
29.816,24.103
30.048,24.192
31.056,23.601
31.479,23.789
26.497,23.935
27.979,24.395
31.438,23.809
25.784,24.532
26.274,23.235
28.889,22.918
30.702,23.500
28.373,23.551
29.044,23.489
30.755,24.092
30.924,24.025
30.624,23.593
30.620,23.797
30.791,23.857
32.066,22.811
30.508,22.485
30.237,22.668
31.201,22.612
31.886,22.015
34.220,22.508
35.238,23.381
35.466,24.245
34.641,24.869
36.184,24.681
35.292,25.042
35.951,25.327
34.848,24.808
35.309,23.678
37.485,23.679
37.543,25.195
36.991,24.322
32.714,22.394
31.771,22.192
30.253,24.548
30.556,24.344
28.804,23.677
25.112,23.030
28.603,22.799
28.062,23.849
28.190,23.688
29.618,23.831
29.205,22.858
31.685,22.962
29.994,23.972
32.464,22.793
31.807,21.119
32.045,21.900
30.891,23.647
30.383,23.043
30.930,22.709
30.595,23.072
31.739,21.755
31.897,22.215
32.540,22.101
32.988,22.106
32.408,21.312
32.408,21.218
33.890,21.085
34.105,22.386
34.410,22.215
33.620,21.052
33.601,20.735
32.376,20.680
33.000,19.295
31.519,19.470
31.747,20.753
31.952,21.101
32.620,19.559
31.655,19.701
30.861,16.413
30.860,16.619
30.423,16.786
30.542,16.858
32.077,18.011
32.456,20.213
32.031,20.522
31.222,19.434
31.267,18.554
31.840,19.585
31.101,19.766
29.907,17.575
29.759,18.701
29.460,17.096
29.213,15.512
29.893,15.464
29.074,16.978
28.574,17.411
28.523,14.858
28.319,14.634
29.004,15.886
29.477,15.018
30.032,13.118
30.099,14.881
30.058,16.591
29.641,16.678
30.201,16.310
30.911,14.910
30.884,15.780
30.684,16.573
30.968,18.550
30.744,18.162
30.398,16.612
31.306,16.554
30.539,15.411
30.120,14.604
30.192,16.346
30.009,17.071
29.217,15.546
29.535,14.744
29.919,14.481
28.723,13.980
28.656,14.019
28.873,13.624
28.505,14.879
27.480,13.277
28.492,11.800
28.118,10.685
28.018,11.971
27.749,12.763
28.261,11.166
28.211,11.470
26.832,10.731
26.071,11.692
26.146,10.305
25.975,12.684
26.858,13.186
27.877,13.407
27.594,13.205
26.896,12.729
24.520,7.611
25.717,11.636
24.404,12.781
24.521,9.548
25.824,11.601
25.559,15.008
24.771,15.610
26.599,13.615
25.802,8.007
25.176,8.267
26.176,12.036
27.857,14.266
26.141,11.849
23.977,8.931
23.409,9.023
24.214,11.493
26.617,11.146
27.265,12.120
26.523,10.133
26.055,12.012
25.326,8.941
24.693,7.683
26.222,12.384
27.346,13.947
21.678,16.320
26.262,13.441
26.609,12.861
27.436,13.537
27.613,12.375
28.236,14.201
29.160,14.907
28.504,14.775
30.003,12.770
29.513,14.574
29.556,14.437
29.570,15.824
30.783,17.321
30.837,15.387
30.340,13.453
31.261,14.225
32.174,15.480
30.359,14.715
27.927,11.441
26.726,10.403
26.948,8.572
27.157,9.469
28.004,12.153
27.419,12.642
26.881,12.702
25.996,16.261
27.204,8.960
27.916,13.573
29.342,11.650
30.887,11.708
31.978,13.048
26.940,19.112
30.690,14.768
30.301,16.377
31.127,17.055
33.598,18.749
33.628,15.953
31.712,12.509
30.314,13.325
29.026,13.666
30.789,13.070
30.251,15.185
32.375,15.472
33.304,14.977
34.553,17.668
34.555,19.661
34.567,19.823
34.123,18.461
34.347,20.333
34.580,15.740
34.347,15.934
36.037,16.562
38.301,17.975
38.069,20.920
38.645,17.180
37.660,19.605
35.364,18.266
38.932,16.907
38.358,15.048
34.905,16.097
36.422,17.439
38.232,18.828
37.739,20.986
36.467,19.360
36.907,20.522
39.623,20.272
38.617,21.332
38.223,19.361
38.082,20.767
38.549,20.265
38.224,21.067
37.863,22.084
39.194,18.571
39.974,21.128
40.714,20.819
39.304,20.888
38.793,22.637
41.213,16.770
39.946,17.809
39.112,16.131
39.790,18.967
39.879,19.877
39.770,21.697
40.365,21.422
41.645,22.429
42.280,22.268
41.353,23.240
40.646,22.464
39.399,22.724
40.447,20.940
43.700,22.951
42.538,25.255
41.429,23.697
43.465,23.827
41.351,25.382
41.819,24.681
47.390,27.534
47.407,28.664
43.939,26.947
43.445,25.941
42.586,24.887
41.821,23.921
42.125,23.910
40.208,22.718
41.716,25.997
43.648,25.382
43.740,26.767
43.631,28.193
41.767,25.080
40.797,24.027
40.768,24.523
39.829,25.353
40.065,24.875
40.094,25.934
38.987,26.108
37.421,25.811
40.587,25.551
41.991,27.231
42.771,26.230
42.610,26.715
43.602,26.275
43.541,27.469
42.953,26.904
44.431,25.801
44.510,26.887
45.211,28.438
47.412,29.524
45.877,30.502
43.765,28.848
43.566,27.475
43.022,26.960
44.001,27.491
45.943,27.917
46.097,29.926
46.505,29.770
47.090,28.992
45.636,28.833
45.183,29.083
44.615,28.900
44.296,28.237
42.502,28.204
42.986,30.383
41.468,28.440
39.522,27.257
38.908,28.029
39.451,28.326
39.713,28.178
39.671,27.498
40.355,28.170
39.666,28.591
41.420,28.514
41.719,28.353
39.958,29.042
40.681,28.975
40.973,28.419
40.557,28.333
40.455,28.140
39.935,28.248
40.109,28.010
39.745,27.365
39.360,27.520
37.896,27.340
38.428,27.991
35.390,27.814
39.239,27.580
39.971,27.560
41.123,28.037
40.214,28.839
39.085,28.064
38.435,28.535
39.238,28.347
40.036,28.754
38.747,28.435
37.412,28.111
35.895,27.459
41.318,27.652
36.828,27.754
37.482,27.264
30.661,26.657
26.858,25.440
33.105,24.795
33.108,25.353
33.546,25.476
27.043,24.469
24.355,23.543
25.400,23.298
28.572,24.534
31.053,24.840
26.316,25.412
28.538,25.440
28.442,25.241
30.015,25.492
