20000101
30.762,12.894
29.932,12.962
30.445,11.761
29.794,9.967
30.077,8.882
29.677,10.235
30.353,10.661
31.589,8.002
32.117,7.524
33.046,12.137
33.737,9.168
30.934,10.952
28.297,11.118
26.451,7.423
25.543,9.065
25.736,8.873
28.161,10.722
31.580,13.517
33.262,12.512
31.973,9.104
28.552,10.566
29.595,11.140
30.675,9.293
30.515,11.304
32.465,10.121
32.003,9.262
28.939,14.530
28.355,12.099
29.954,10.698
32.668,10.648
31.100,9.693
29.300,13.479
29.207,10.842
29.337,9.148
28.785,11.095
26.759,13.577
26.635,9.715
27.748,11.148
29.714,11.686
29.486,11.691
29.842,8.356
27.342,7.916
26.663,8.525
28.015,10.320
27.878,11.496
30.861,10.725
32.007,11.698
30.597,10.752
31.428,10.593
30.941,12.537
32.837,10.900
32.491,15.882
32.322,16.364
31.542,17.609
28.759,21.280
33.521,17.033
32.693,12.203
34.876,9.582
36.205,15.515
37.582,12.817
38.174,17.365
36.746,17.519
36.329,15.645
33.998,13.839
35.228,11.568
33.731,12.859
31.507,9.807
33.128,15.137
36.635,13.352
35.650,10.886
36.883,15.857
34.842,15.726
32.603,15.104
36.565,12.538
34.265,13.114
35.174,13.812
35.493,14.638
38.254,10.959
37.169,13.766
37.773,16.587
37.702,14.616
36.486,15.569
35.327,16.389
35.599,17.842
36.735,17.885
38.909,18.453
39.196,18.684
39.433,17.831
42.015,18.120
41.450,17.043
41.542,18.741
42.194,20.402
42.682,24.105
44.878,17.843
42.727,15.526
42.505,15.155
43.932,16.082
42.072,17.205
41.438,23.050
44.557,17.601
42.495,17.260
44.101,18.110
43.746,19.025
43.914,19.319
41.927,20.855
42.597,21.531
42.676,20.827
42.950,21.782
42.630,20.134
43.786,21.162
43.236,22.275
41.892,23.945
41.839,26.748
42.346,24.711
41.738,23.681
43.198,24.623
44.169,25.361
43.625,24.986
43.655,25.599
43.411,25.934
43.413,26.340
43.850,23.911
44.697,23.577
44.829,23.930
43.971,24.074
44.563,23.151
44.409,28.317
44.303,26.046
42.663,26.739
42.691,25.346
42.509,25.767
42.130,26.746
39.142,28.216
37.398,25.137
40.207,25.421
40.450,26.176
40.462,26.188
40.426,24.995
42.720,26.283
39.832,26.307
34.296,27.374
40.764,25.846
41.753,27.748
41.511,27.726
41.521,27.994
41.771,28.276
41.697,28.314
42.579,28.431
42.351,27.584
41.724,29.785
39.395,28.160
38.438,27.994
42.122,28.700
43.022,28.664
46.447,29.547
45.562,30.026
46.388,28.852
45.219,28.680
44.405,30.705
44.411,28.758
43.291,27.948
42.939,28.986
42.320,28.071
41.176,28.421
40.407,28.738
40.924,28.986
40.727,27.920
42.181,28.081
42.002,27.877
42.777,27.119
43.102,27.733
40.714,29.574
40.956,28.133
39.197,28.211
40.513,27.631
39.426,27.343
40.065,27.359
40.072,27.129
40.304,28.270
40.264,27.424
42.702,28.179
40.825,28.975
38.037,27.734
31.468,26.216
38.884,25.345
34.710,26.785
37.771,26.433
39.893,27.148
38.156,27.830
30.594,27.588
31.611,26.895
33.829,25.780
32.449,26.213
31.677,26.323
32.436,26.208
27.169,24.522
25.985,24.147
28.515,23.771
30.509,23.753
31.893,24.700
31.266,25.041
31.821,24.592
27.537,24.227
31.119,23.826
32.909,23.937
34.705,23.758
34.069,24.258
35.790,24.336
36.581,24.918
37.283,24.520
31.066,26.413
31.068,26.057
35.126,25.420
35.852,25.515
35.485,25.637
32.518,24.856
35.407,24.652
36.764,25.120
37.143,25.733
37.901,25.115
37.706,27.566
36.669,26.744
38.015,27.346
32.455,25.083
32.878,26.282
30.499,25.142
29.353,23.952
29.092,24.051
29.407,23.229
27.867,24.417
30.409,24.723
27.516,23.574
27.002,23.856
26.894,23.596
30.944,23.591
36.427,25.561
36.196,25.451
37.068,27.654
34.654,26.556
32.492,24.529
31.852,24.753
33.585,24.738
31.895,24.769
27.682,24.782
29.670,24.273
30.612,25.000
33.902,24.602
29.799,24.700
25.457,23.814
33.301,23.445
31.004,23.567
34.003,21.689
33.705,22.637
33.914,22.857
33.969,22.141
34.241,21.635
34.926,21.412
35.926,21.341
32.737,24.183
33.115,21.319
35.237,21.374
33.674,20.999
35.000,21.308
36.446,20.539
39.381,24.017
39.107,22.740
37.207,24.088
38.159,23.544
38.055,24.968
39.825,23.299
39.003,21.307
39.252,25.168
39.429,20.459
38.697,20.941
40.114,21.450
39.646,20.078
40.012,23.217
40.471,19.005
39.797,18.776
40.119,19.167
39.285,18.150
39.775,22.363
38.974,20.044
41.141,20.589
38.210,21.105
39.010,22.730
38.322,22.698
37.813,26.544
39.785,20.943
38.951,19.968
38.664,19.278
39.353,18.203
39.572,19.110
39.762,16.966
39.465,18.517
37.971,16.023
36.546,15.856
35.832,16.691
38.408,17.859
38.871,18.041
37.232,20.183
38.614,18.294
37.729,16.193
37.648,16.071
38.266,17.579
36.174,16.508
35.896,18.326
35.261,17.719
35.969,18.026
36.448,16.952
35.034,16.502
35.317,15.505
36.275,17.126
37.075,17.708
37.938,19.441
36.906,19.405
35.107,17.100
35.358,13.725
36.174,18.568
35.618,18.558
35.091,17.163
35.405,15.593
34.863,14.280
33.563,12.651
32.384,13.949
34.224,13.468
33.910,14.485
33.932,12.360
35.661,16.470
33.458,16.707
33.458,15.643
32.452,13.042
31.147,16.450
29.969,14.760
30.281,13.407
29.055,12.735
29.220,11.413
30.025,11.701
31.977,11.610
33.000,10.878
33.343,13.177
33.167,14.893
33.951,13.510
33.578,12.007
32.389,12.199
31.715,12.292
31.577,12.283
32.720,10.632
32.367,12.501
32.306,12.880
32.447,12.493
32.293,13.164
32.755,12.402
30.764,14.440
31.284,12.800
30.907,12.935
32.638,12.904
32.347,11.727
32.391,12.819
32.723,12.106
31.915,13.299
31.231,12.412
30.798,11.212
31.381,12.046
25.685,13.314
25.719,13.086
25.954,5.627
25.685,7.433
27.026,10.755
27.050,10.241
27.613,10.481
30.066,10.695
28.694,12.742
26.445,8.920
26.550,9.753
28.554,11.007
30.062,12.669
30.101,7.451
29.290,11.720
29.905,11.807
31.072,13.577
30.840,14.806
32.349,15.545
32.344,14.157
33.059,13.014
33.555,12.966
30.951,10.408
29.517,11.785
28.603,9.083
28.542,10.035
29.752,9.058
30.570,9.636
31.889,11.845
32.807,12.712
32.920,9.325
31.146,10.897
31.636,16.668
33.647,14.480
30.896,13.538
31.573,11.605
30.876,9.213
30.730,6.111
31.698,8.367
32.592,8.803
34.138,11.772
34.122,12.485
33.074,9.779
32.519,10.645
35.355,9.293
36.920,16.495
32.004,10.186
29.855,10.522
31.985,13.034
34.411,13.578
34.874,15.408
34.940,16.169
36.547,16.428
35.755,14.660
35.567,14.337
37.249,14.582
36.398,16.237
34.950,14.990
34.928,14.025
34.320,11.726
33.359,10.682
33.382,17.925
33.774,17.695
34.656,17.069
35.110,16.873
34.821,16.251
36.525,15.557
37.329,10.835
35.615,15.069
36.171,16.838
37.558,17.200
36.478,13.105
35.825,18.676
35.251,14.839
36.101,12.439
39.640,19.208
40.112,19.278
39.083,16.387
39.244,16.154
39.491,17.966
37.451,19.029
37.163,15.624
37.164,19.194
36.866,22.266
38.368,18.913
38.544,19.999
38.628,20.477
39.007,17.248
37.383,20.534
35.144,15.799
35.303,15.604
38.033,12.456
37.905,20.251
42.487,19.459
40.247,19.568
40.771,14.716
42.016,14.295
43.424,14.167
42.943,22.422
41.341,20.414
40.227,20.363
40.267,18.197
39.978,19.283
39.082,21.511
41.201,18.260
40.937,19.217
36.734,25.105
38.994,19.055
36.886,22.380
37.342,18.942
37.948,24.103
43.345,19.541
40.780,18.944
41.971,17.133
45.876,19.890
46.084,24.838
44.280,24.814
43.933,22.095
42.803,23.103
42.705,22.971
43.855,22.093
44.411,23.723
45.889,24.969
44.583,24.391
44.512,24.321
44.930,24.124
45.386,24.119
45.085,25.054
44.380,25.123
42.850,24.125
41.799,25.298
43.023,26.371
42.845,25.181
43.909,25.329
44.081,25.231
42.472,24.667
42.228,25.240
41.991,27.083
41.434,26.710
40.163,26.534
39.075,26.535
40.495,27.261
41.596,27.450
42.152,28.296
47.385,29.292
44.926,29.547
43.309,28.517
40.570,27.836
41.616,26.847
41.003,27.206
37.475,26.333
33.876,26.118
35.875,25.909
37.412,26.768
34.992,26.849
34.041,27.107
37.091,26.157
37.537,26.869
37.933,26.623
42.035,27.185
41.201,27.870
40.461,27.319
38.721,27.964
38.636,27.177
39.622,27.213
37.209,27.080
32.967,26.974
34.446,26.061
30.272,24.816
31.444,24.497
34.792,25.514
37.248,26.189
38.583,26.520
38.747,26.634
38.939,26.290
40.151,26.971
40.207,28.372
40.604,27.611
39.575,28.121
39.521,27.164
39.400,27.194
38.656,27.563
37.611,27.878
34.593,28.304
32.123,26.585
31.674,25.316
25.881,24.493
29.472,24.702
33.576,24.138
35.896,24.812
33.000,25.976
32.484,25.987
33.268,24.934
29.278,24.608
30.147,24.681
29.862,24.476
32.474,24.378
27.322,25.005
28.095,25.232
26.845,24.765
27.900,24.991
30.477,25.460
26.447,24.748
27.354,24.400
31.055,24.457
26.502,24.431
33.379,24.167
30.890,24.720
30.517,24.466
31.969,24.581
32.843,25.213
30.704,24.744
31.842,24.863
33.378,24.913
33.950,24.910
34.530,25.469
34.552,23.816
38.847,24.949
33.927,25.302
33.216,24.423
32.312,25.626
31.183,25.728
31.834,25.285
32.870,25.105
31.063,25.701
32.067,24.996
30.368,24.890
32.746,24.794
32.768,25.002
25.820,24.674
24.537,23.347
29.902,24.019
32.549,22.652
32.849,23.864
33.609,24.245
32.883,23.986
32.234,23.643
31.521,24.101
31.254,24.237
32.622,23.073
33.639,23.015
33.781,23.485
32.071,24.010
31.369,22.491
33.983,22.517
35.685,24.065
34.993,23.750
35.381,23.934
35.450,25.480
35.303,24.375
34.186,23.388
34.432,23.086
33.126,22.116
35.683,21.790
34.699,22.716
34.664,22.684
36.187,22.175
35.659,23.075
35.519,22.358
38.991,21.465
39.702,21.108
35.871,23.589
36.677,23.904
37.757,22.917
34.801,25.868
37.166,25.722
38.426,26.927
35.000,24.185
39.348,21.897
40.110,26.504
40.648,23.754
38.706,19.981
40.333,18.807
42.578,21.554
41.008,22.286
39.829,23.258
36.607,23.459
37.263,22.702
35.558,23.345
37.068,22.634
39.374,21.955
38.679,23.211
39.248,24.809
38.087,25.284
34.701,24.093
30.982,24.095
25.878,22.867
34.659,21.845
36.044,22.847
36.741,27.376
36.707,23.671
37.261,21.969
36.594,19.846
38.144,17.887
38.324,16.253
38.143,17.755
38.120,17.955
37.219,18.944
38.908,20.089
38.551,19.031
38.606,16.516
39.729,17.472
39.873,19.719
38.326,19.431
38.283,18.286
37.477,17.266
38.423,18.404
37.484,16.872
36.901,18.565
35.934,15.279
34.953,15.931
35.820,15.473
36.262,19.686
34.471,19.425
32.930,17.908
32.909,15.581
33.398,15.061
33.066,16.079
33.848,16.440
33.469,15.137
33.660,15.680
35.681,16.608
36.069,17.932
35.921,19.867
35.167,18.408
35.295,17.249
34.872,15.550
33.232,15.104
34.058,14.692
32.960,13.884
31.792,13.903
30.549,13.274
30.208,13.265
30.161,13.715
30.161,12.476
31.014,12.426
31.186,13.617
31.819,14.065
31.840,13.682
32.097,9.883
32.028,11.844
33.164,13.560
33.845,13.763
34.138,13.880
34.010,13.871
33.462,13.260
33.173,12.924
32.636,11.987
31.409,15.166
31.053,14.716
32.043,13.091
31.928,14.238
31.859,14.989
32.501,14.632
32.307,16.121
30.557,15.637
29.398,14.170
28.647,12.030
28.506,11.192
29.005,11.143
30.649,11.627
30.761,10.959
31.669,13.143
29.691,14.257
29.572,13.796
30.147,13.203
29.205,12.912
29.581,12.078
29.062,11.901
28.541,11.888
28.093,11.323
27.954,11.240
29.411,13.138
28.832,12.827
28.707,12.735
28.145,11.901
29.722,12.329
30.576,12.824
32.709,12.590
33.335,10.311
31.917,11.487
31.501,13.278
28.320,11.580
27.456,6.387
25.261,10.016
26.757,9.004
25.917,10.101
26.230,10.180
27.621,10.396
28.526,9.731
28.543,9.258
28.111,10.665
27.580,11.222
25.420,9.593
24.638,8.252
25.754,8.951
25.811,9.115
27.883,9.158
30.502,10.187
30.058,11.379
29.597,12.580
31.213,14.416
32.953,13.658
30.493,9.034
28.020,8.254
26.478,6.427
27.396,9.804
25.448,13.300
27.583,14.224
29.504,11.099
31.361,12.365
33.438,14.055
35.156,14.638
35.047,15.269
31.950,16.318
34.693,17.261
34.991,20.580
34.923,16.939
36.268,15.943
36.325,12.765
34.229,13.974
34.474,13.517
33.671,12.522
34.453,16.138
36.444,16.951
36.003,15.185
38.335,16.846
34.538,18.599
34.341,16.825
35.137,16.058
36.162,15.813
38.042,17.079
35.680,13.395
34.586,14.939
33.982,16.645
36.896,18.390
36.935,21.553
28.213,21.011
35.223,18.368
29.268,18.872
35.924,14.596
36.615,15.622
41.243,15.422
41.836,19.925
40.883,18.829
40.142,16.202
38.937,19.398
39.244,15.551
39.886,14.850
38.145,19.535
36.990,18.031
38.663,15.723
38.934,15.799
40.066,19.453
39.758,20.539
40.643,17.202
41.673,17.234
42.212,21.969
42.194,18.842
42.543,14.627
40.919,15.303
42.157,18.387
42.473,23.497
34.970,23.398
40.163,20.657
38.766,24.035
39.449,20.522
40.000,19.307
41.496,20.853
41.696,21.536
41.072,23.100
39.494,22.712
39.328,21.575
40.500,21.910
41.627,23.958
43.355,24.010
41.240,27.643
42.076,22.821
42.291,23.203
41.898,24.374
41.622,24.688
40.583,22.724
43.630,18.657
44.244,18.889
45.123,24.050
45.267,22.075
45.434,22.700
45.067,23.331
46.035,25.053
46.833,25.259
48.242,26.296
47.463,25.344
46.153,26.290
44.871,25.169
43.533,24.587
43.652,26.415
43.957,29.391
43.439,29.457
44.108,26.965
44.515,28.220
44.835,28.458
44.539,28.433
44.566,27.917
42.971,30.460
44.611,28.561
42.709,27.353
42.433,26.962
43.131,27.252
44.145,28.456
44.149,28.234
43.839,28.220
43.580,28.249
41.846,26.983
41.311,26.283
41.958,27.203
42.805,28.553
42.637,28.216
43.351,28.363
42.116,29.883
43.048,27.722
44.143,28.354
43.362,28.038
43.449,28.427
42.599,27.990
43.353,29.470
43.878,28.548
43.634,29.023
44.795,29.512
45.155,31.467
45.182,31.234
44.734,29.223
42.200,31.247
42.214,29.444
42.721,29.210
38.516,28.363
39.264,28.480
39.260,28.919
40.174,28.654
36.599,28.721
41.078,27.678
42.732,28.040
41.698,29.475
39.636,29.480
38.576,28.753
35.967,27.443
32.772,26.648
26.818,24.516
29.408,24.708
36.509,25.149
37.591,25.798
38.210,26.569
37.494,27.454
40.285,27.322
39.014,27.678
37.977,27.481
39.502,27.417
39.218,27.157
37.439,27.977
39.462,26.894
41.279,27.372
37.820,27.997
37.099,26.962
30.403,27.487
30.541,26.090
32.095,26.156
30.208,25.948
29.963,25.347
27.052,25.317
33.921,24.922
27.945,26.160
28.421,26.062
28.444,25.879
28.097,26.054
28.318,25.610
35.561,25.833
37.421,24.943
38.596,25.986
39.268,25.710
39.804,25.412
37.815,26.932
39.493,26.437
39.135,27.941
35.737,26.540
28.127,24.699
27.032,24.225
30.107,24.144
29.036,23.630
26.108,24.230
32.441,24.169
29.640,24.775
26.211,24.767
25.959,24.521
25.925,24.620
27.031,24.844
29.267,23.808
29.832,24.477
32.529,24.254
32.078,25.385
34.078,24.308
32.399,24.515
35.221,24.000
35.790,24.193
31.807,24.450
29.910,24.650
26.669,23.606
30.022,22.209
33.035,22.483
33.836,23.382
27.290,24.049
29.786,23.472
31.674,24.049
32.414,24.605
30.386,24.908
30.564,24.136
32.945,24.855
32.866,24.327
33.200,22.286
33.325,23.949
32.416,22.897
34.684,21.425
30.125,22.117
34.974,23.990
35.506,22.757
34.490,19.792
34.703,21.355
34.131,21.679
33.621,21.434
34.361,21.528
35.566,19.640
37.126,21.451
39.914,23.032
37.405,22.617
38.333,25.233
36.565,26.650
37.177,22.225
37.189,21.929
35.609,24.198
40.638,20.203
39.122,24.861
40.741,24.371
40.924,18.606
39.656,20.760
38.958,20.063
39.556,20.228
39.229,18.439
39.660,18.939
40.653,19.067
41.710,18.391
40.531,19.124
39.800,19.272
38.841,20.380
39.288,24.756
38.796,20.001
39.516,20.223
37.959,21.882
38.209,22.588
38.870,19.871
38.886,16.775
37.975,18.112
37.442,18.689
37.426,19.283
38.277,23.056
37.612,18.508
38.362,18.503
37.609,18.416
36.907,17.927
38.008,14.965
36.554,12.571
36.716,13.857
36.249,15.420
37.705,15.245
37.845,16.792
37.593,17.776
37.548,15.345
37.203,13.841
37.142,13.198
35.310,17.839
33.073,17.038
34.769,19.931
35.371,19.230
34.584,19.362
33.670,17.613
33.094,19.132
33.802,17.350
34.271,19.511
33.937,16.408
35.400,15.913
34.292,14.619
35.048,16.641
34.914,17.575
35.843,15.399
36.145,17.526
35.049,16.661
34.414,15.717
34.091,15.226
34.841,14.656
35.694,15.156
34.743,14.101
33.224,14.750
33.317,14.121
33.423,14.338
32.320,15.041
32.462,15.802
33.023,14.517
32.210,11.099
32.399,13.584
32.496,14.950
33.449,16.481
33.990,18.586
33.296,16.680
31.972,15.038
32.461,10.830
32.584,9.438
33.470,14.439
34.092,16.296
34.539,16.425
34.971,16.411
34.379,12.412
33.618,11.984
32.228,13.661
31.731,12.865
31.393,12.742
31.809,10.555
32.342,13.011
29.820,12.845
28.647,12.469
28.490,10.658
30.116,12.914
28.861,12.396
28.471,9.985
28.795,9.254
26.362,13.571
24.475,8.943
24.753,9.576
23.331,13.834
26.915,13.283
29.627,12.176
31.184,12.594
30.656,15.577
28.872,12.591
31.202,14.550
30.771,18.078
30.367,14.828
32.105,16.358
30.587,16.184
29.760,12.536
30.745,12.282
30.255,12.316
29.435,11.755
29.912,11.458
30.819,11.907
32.062,15.945
32.657,14.298
32.437,14.465
32.510,13.310
32.605,9.965
34.216,10.137
34.808,16.403
34.640,16.449
31.705,15.761
30.572,13.615
31.524,11.177
31.881,16.587
29.219,16.027
30.245,15.289
29.898,15.294
29.282,15.353
30.844,14.414
33.056,14.140
33.566,12.580
31.878,13.626
32.089,14.448
31.994,15.504
31.906,17.389
31.708,16.103
32.711,13.753
32.990,15.570
34.680,15.817
35.652,15.104
33.367,19.148
27.518,19.446
29.706,16.718
30.925,14.450
32.643,16.145
34.412,17.079
35.050,18.287
35.552,17.644
35.410,19.668
36.241,18.658
36.664,20.034
37.125,19.495
37.907,20.506
35.834,20.537
32.601,15.453
30.006,8.412
30.778,12.803
35.545,14.356
35.998,15.594
36.591,16.436
37.137,16.021
37.076,17.762
35.669,15.681
35.050,16.829
37.709,16.921
38.576,19.107
37.441,14.099
36.652,15.950
37.017,21.738
36.733,17.618
36.915,18.467
39.521,17.415
39.382,17.446
39.875,15.735
40.234,19.294
40.179,19.622
42.054,24.181
42.850,24.005
40.457,22.193
40.365,21.373
39.075,20.695
38.233,21.021
40.687,18.950
41.016,21.587
41.829,18.940
41.085,21.978
40.180,23.573
39.425,19.611
40.797,23.911
44.872,20.086
41.297,19.594
41.576,19.906
40.487,23.987
44.512,22.902
40.354,28.059
39.601,21.305
39.506,20.764
40.138,22.462
40.232,22.538
41.888,23.404
40.878,24.980
38.359,24.048
39.468,18.826
44.116,20.184
45.864,19.483
44.267,21.190
42.572,22.773
42.125,21.913
42.735,22.939
42.266,21.928
44.653,18.920
47.346,20.308
45.600,22.717
44.769,22.589
42.564,22.557
40.489,23.643
40.813,20.084
40.992,21.137
41.019,21.994
41.182,22.725
42.180,20.390
47.232,22.868
47.633,24.876
45.372,26.672
45.495,28.112
45.178,24.269
45.240,26.327
47.974,22.777
45.111,28.093
44.498,27.359
43.303,28.048
42.589,26.649
42.813,26.562
42.665,26.292
41.422,25.946
42.038,27.170
43.611,26.280
41.683,27.146
39.740,24.913
41.284,26.888
42.513,25.537
43.811,27.467
44.132,27.534
43.946,27.165
43.115,25.312
44.106,28.055
44.115,28.272
44.834,27.528
43.963,27.700
43.575,28.908
42.767,29.259
42.909,29.067
43.737,29.081
43.095,28.807
43.147,28.044
43.610,29.775
43.666,28.600
40.102,28.070
42.023,29.097
36.165,28.182
34.787,27.119
31.201,25.891
29.895,25.318
31.638,25.700
38.352,26.054
40.382,27.374
39.916,27.097
39.698,28.762
35.463,28.659
35.757,27.203
37.280,27.139
37.150,26.965
36.972,26.437
37.275,26.218
37.986,27.036
36.725,28.175
36.911,27.047
35.021,27.108
27.728,26.586
31.593,25.848
33.279,25.833
31.944,25.417
30.763,25.555
33.949,25.114
30.189,25.392
32.345,25.653
33.904,25.388
35.607,26.098
34.085,26.239
29.430,25.417
32.015,25.602
32.931,25.859
33.899,25.407
31.514,26.041
31.517,25.566
29.766,25.150
30.961,25.407
29.250,25.249
27.577,24.743
29.227,24.114
30.562,24.631
27.658,25.111
27.517,24.555
28.557,24.117
30.081,24.348
29.909,24.325
29.535,24.277
29.253,23.684
29.186,23.909
30.502,24.493
34.631,24.513
34.708,24.571
31.921,25.669
31.584,26.118
31.132,24.992
27.938,24.844
31.458,24.364
32.202,25.206
32.708,24.049
33.071,24.310
31.836,25.068
32.867,25.282
32.016,24.345
32.126,24.350
33.966,23.860
35.122,24.189
38.568,25.303
30.897,25.945
30.487,24.477
24.873,23.775
25.536,23.444
28.229,23.769
30.415,24.337
31.657,23.394
25.842,24.048
27.847,23.745
26.607,23.983
29.208,23.454
30.523,24.435
31.581,24.385
31.875,24.287
29.208,22.642
30.497,22.989
32.379,22.477
31.515,23.779
33.010,23.609
32.000,24.121
32.283,21.963
32.523,22.434
32.652,21.483
31.694,22.959
31.903,24.288
32.878,23.091
31.814,24.141
31.260,23.697
34.201,23.868
34.815,21.859
34.274,23.112
31.406,22.855
30.548,22.858
30.063,23.581
34.917,23.847
35.384,24.194
35.310,24.752
36.782,21.988
35.556,24.835
35.126,23.249
37.460,25.887
35.922,26.588
36.489,21.804
35.470,18.178
33.390,18.547
35.439,21.456
36.200,23.836
36.258,26.219
36.253,20.092
34.673,19.288
35.190,17.685
35.741,16.851
37.233,18.505
37.310,17.727
35.657,18.841
36.552,19.562
36.723,19.385
35.758,18.799
36.881,19.551
34.905,15.840
34.895,17.279
35.768,16.730
34.092,15.734
35.478,15.241
34.222,13.628
35.617,18.076
33.918,18.508
34.361,19.697
34.922,19.478
33.943,17.337
35.083,16.764
35.339,17.047
35.150,19.602
34.544,20.540
35.120,22.179
34.847,20.022
34.169,18.061
34.041,18.050
35.101,19.439
34.431,20.336
34.419,16.895
33.656,16.598
32.968,16.863
31.894,16.245
32.206,14.648
32.749,13.659
32.535,17.713
33.728,17.496
32.599,17.729
32.681,16.861
32.727,16.811
32.869,15.872
32.404,11.301
33.149,15.995
33.913,19.302
33.040,18.598
33.431,16.611
32.690,15.310
32.823,16.474
32.627,15.108
33.458,15.947
32.588,13.431
31.698,13.780
31.888,13.074
32.247,12.158
33.295,14.342
32.964,14.687
33.278,15.173
32.923,12.877
31.836,14.424
32.263,16.849
32.077,14.127
32.033,13.212
31.300,15.301
30.869,16.800
27.322,13.530
26.899,11.729
27.520,12.594
27.911,12.838
28.632,13.844
28.767,12.619
28.701,13.002
28.746,9.856
28.358,11.215
28.192,12.029
28.406,11.199
26.434,6.384
25.146,10.696
26.487,10.429
27.699,10.807
29.319,11.072
28.386,6.761
27.430,10.069
28.806,11.482
28.310,13.643
28.584,15.034
27.797,14.006
25.989,13.441
28.430,15.279
28.672,13.144
29.895,11.997
31.021,13.023
31.571,12.389
31.909,10.342
32.369,11.711
32.597,13.307
33.540,14.089
30.820,10.449
28.954,9.613
28.545,10.359
29.376,11.810
27.481,11.703
26.917,9.452
24.611,12.061
26.171,10.678
25.967,11.402
27.195,11.303
27.391,11.862
28.812,11.386
29.555,12.982
27.689,9.634
26.487,13.609
24.712,10.270
25.988,10.511
28.427,10.051
30.948,11.217
29.168,7.585
29.511,10.718
31.257,10.647
31.910,11.205
32.057,7.648
30.587,14.504
31.249,10.828
33.057,13.989
33.844,16.991
33.649,15.545
33.976,14.996
34.928,14.176
34.880,11.282
32.746,12.974
35.048,11.495
35.551,11.057
34.969,13.797
35.629,13.174
37.046,14.691
38.559,16.434
38.109,16.674
37.380,16.402
36.393,14.252
36.255,15.149
35.694,12.123
36.867,16.381
37.886,17.647
38.170,17.516
38.315,18.404
38.640,18.877
38.770,17.897
39.523,14.447
39.731,16.847
40.910,17.734
41.029,14.405
39.702,16.923
41.532,15.512
41.335,16.744
41.016,20.102
43.820,16.441
44.533,18.551
42.494,19.854
42.504,21.361
42.112,21.951
41.176,15.018
41.280,15.402
41.592,18.511
40.965,20.507
38.822,19.053
36.838,16.336
36.050,12.768
39.210,12.003
42.431,19.270
40.400,18.939
40.628,15.738
39.440,17.112
39.328,19.883
39.865,18.665
39.756,19.990
41.101,21.149
41.270,21.416
40.424,17.136
40.522,17.641
40.685,23.031
40.591,20.870
40.461,17.718
42.270,19.799
41.857,20.503
42.991,19.920
42.176,22.057
41.874,22.087
41.467,20.473
39.457,21.945
39.439,22.391
39.466,20.212
41.748,21.455
42.251,20.721
42.050,22.295
42.549,22.640
42.557,19.790
43.290,20.054
44.093,20.876
43.226,22.332
43.210,23.116
42.373,23.149
41.411,23.671
44.146,16.397
44.774,18.058
48.036,22.796
48.170,25.091
47.635,25.633
46.115,21.218
41.036,29.772
39.920,30.239
45.706,29.887
34.752,27.655
38.482,25.737
39.408,27.725
36.340,27.329
39.995,27.695
41.098,28.208
41.803,27.264
43.097,29.264
43.462,28.818
43.592,27.276
42.774,27.733
41.988,27.665
42.244,27.940
41.892,27.442
41.537,27.073
41.943,27.398
41.576,27.166
42.811,26.991
42.607,26.331
44.059,26.994
44.299,27.050
43.574,28.358
44.126,28.927
44.632,28.278
43.379,28.625
43.380,28.026
43.275,28.359
43.527,28.022
41.478,28.178
41.384,29.486
38.564,29.762
41.274,28.888
40.089,28.367
43.681,29.091
42.827,27.886
44.711,28.378
36.342,27.316
34.303,27.464
35.411,26.652
35.155,26.466
39.266,25.844
39.099,27.286
40.104,27.319
40.162,27.331
39.309,27.365
35.947,27.340
34.007,26.811
32.126,26.949
34.765,25.721
33.911,25.879
32.830,25.553
30.360,25.727
36.477,25.325
35.969,26.033
40.300,27.008
38.143,27.310
36.000,28.059
34.205,26.745
30.811,26.161
31.844,25.987
32.677,25.451
35.467,24.927
30.611,25.170
36.522,25.399
37.344,25.294
38.328,26.101
39.414,26.978
41.060,28.002
40.596,27.447
36.467,26.623
36.245,25.390
36.014,26.059
38.683,25.681
37.370,26.242
40.211,25.479
40.508,26.062
39.879,27.513
37.093,27.146
32.560,26.872
34.653,26.900
33.498,26.846
35.418,25.762
33.172,25.153
32.009,24.635
27.537,24.686
33.963,24.473
38.017,26.096
32.893,27.087
31.819,25.823
27.548,25.208
27.219,23.852
29.930,24.240
29.185,23.907
25.475,24.558
25.644,23.245
29.248,22.876
24.992,23.750
30.685,23.968
25.196,23.535
29.119,23.336
31.267,24.069
31.157,23.588
29.490,23.938
30.980,23.787
32.689,24.723
28.054,24.114
29.750,23.794
32.086,24.144
32.496,23.145
32.113,22.927
33.046,22.472
33.085,22.704
33.145,22.399
32.831,22.196
32.268,21.759
32.250,21.807
32.304,21.979
31.874,23.798
33.995,21.216
36.953,21.915
37.232,22.890
36.720,23.730
34.687,23.819
33.953,23.273
34.662,24.798
34.327,21.628
34.190,20.865
34.225,22.402
32.977,21.992
30.289,22.365
34.098,22.229
35.447,22.556
30.306,24.236
35.964,23.448
38.448,24.963
37.044,22.745
38.052,25.576
37.908,24.328
36.029,23.405
34.013,24.039
37.275,23.836
37.994,23.650
38.659,26.096
33.186,24.289
35.923,24.004
28.681,22.522
31.651,21.707
32.262,23.762
32.579,24.303
34.668,23.145
34.420,23.274
34.763,25.119
33.721,22.422
31.105,21.141
33.119,21.174
34.193,15.795
34.125,18.735
35.340,18.994
34.576,18.740
34.209,16.833
34.078,16.116
34.291,16.356
34.279,16.867
33.472,18.116
35.553,17.410
34.372,17.941
34.358,16.574
34.239,16.758
34.503,19.570
33.657,18.558
34.661,16.811
34.416,20.900
34.681,19.902
33.642,16.686
32.608,18.259
33.056,19.437
34.232,18.851
32.468,18.883
32.349,19.070
32.080,18.382
31.431,18.333
31.739,19.529
33.153,18.019
33.065,17.661
34.957,20.555
33.265,19.404
33.934,17.802
34.739,18.622
34.629,17.752
35.013,18.572
34.523,18.758
34.952,17.915
34.506,21.842
34.812,18.961
34.578,18.504
34.604,15.505
34.346,15.932
34.050,15.601
33.103,17.259
32.568,15.341
33.087,16.232
33.372,17.689
31.970,17.710
31.671,16.129
30.611,12.888
29.581,11.726
29.978,15.674
30.962,15.667
30.342,15.353
30.933,14.683
31.481,16.162
31.203,15.976
31.784,16.352
32.011,17.172
32.378,15.833
32.307,16.267
31.036,15.609
31.258,15.746
31.517,15.245
31.605,15.628
32.554,14.774
32.283,14.598
31.989,14.164
30.631,9.803
28.259,13.280
28.133,11.445
28.577,11.523
28.225,8.960
27.475,12.732
28.235,14.694
26.467,12.361
29.065,12.512
31.259,15.081
31.508,15.868
31.425,16.341
27.497,17.672
24.757,5.852
25.984,7.842
26.891,8.579
28.120,11.768
30.550,13.733
28.774,12.017
27.947,12.797
29.127,12.185
28.946,11.398
28.025,8.769
26.228,10.749
27.682,10.704
29.094,10.909
30.161,11.465
30.144,12.443
27.348,11.796
25.686,10.352
24.199,8.804
25.673,10.019
27.074,10.657
27.766,11.884
28.023,7.634
27.197,10.578
27.950,11.347
29.015,13.842
28.236,11.602
25.909,13.420
27.864,11.664
27.701,10.813
26.702,12.371
27.474,13.620
27.258,12.928
28.001,11.251
29.337,10.664
28.766,8.749
30.572,12.955
31.668,11.716
30.333,12.141
31.697,13.228
34.172,16.534
36.766,18.129
34.179,13.717
34.168,11.556
34.404,16.553
34.953,14.243
33.884,15.881
31.070,16.382
28.234,12.796
27.140,6.047
25.426,1.946
26.383,6.138
26.921,10.078
27.997,11.332
31.809,11.030
33.670,12.558
34.490,15.027
35.400,16.123
38.507,17.064
37.496,17.393
37.121,15.900
36.650,22.009
36.885,16.430
36.228,21.541
34.886,14.800
35.611,15.737
32.952,20.918
34.067,13.019
33.185,19.438
32.187,13.578
33.374,12.368
36.885,16.408
36.542,17.338
38.902,14.124
39.245,15.354
39.355,15.799
40.037,17.456
39.586,16.658
39.215,16.509
38.893,18.168
37.726,18.074
34.851,17.253
35.202,14.213
36.429,10.604
39.801,15.033
39.566,19.994
36.968,18.367
39.120,17.109
38.704,15.627
37.521,15.322
37.250,20.007
39.944,20.969
42.369,17.440
42.317,19.483
44.718,20.841
42.864,20.352
42.509,16.273
40.489,17.691
37.729,16.924
36.878,14.099
36.556,13.182
37.825,16.750
40.077,18.322
41.663,19.611
41.098,17.182
40.813,18.900
40.385,21.866
41.481,18.699
44.396,18.291
42.712,19.613
46.630,19.002
42.884,25.104
40.615,22.683
40.133,25.204
41.226,22.246
40.369,21.634
41.495,21.656
41.077,21.283
40.899,20.937
40.165,20.415
38.629,22.132
42.096,25.666
40.131,24.703
39.881,23.763
38.978,23.388
38.774,24.597
40.001,25.755
41.586,26.776
41.157,26.041
40.042,24.666
40.996,23.953
39.381,21.009
40.925,22.094
41.924,22.251
42.428,22.636
42.764,23.109
43.769,24.785
41.766,25.796
42.466,24.749
44.380,27.001
45.039,26.222
44.791,27.198
42.892,26.442
43.096,26.491
43.561,27.474
43.360,26.565
42.013,26.574
43.218,26.329
43.788,26.790
41.313,26.751
44.723,27.526
46.092,25.493
43.333,30.743
43.344,28.935
42.610,26.634
43.845,28.219
44.792,27.570
44.277,27.657
42.270,27.074
42.031,28.068
43.912,28.473
44.199,27.483
43.929,28.990
42.211,28.159
40.578,28.224
41.569,27.710
42.507,29.075
42.336,29.711
41.683,29.254
41.739,28.452
34.090,29.078
40.452,28.568
39.778,28.586
40.816,27.562
39.919,27.309
39.191,26.940
37.539,27.502
35.001,26.937
36.757,26.152
34.083,26.202
36.370,26.061
35.313,26.213
31.934,25.852
30.024,25.572
30.593,25.087
31.755,25.720
34.498,25.878
36.659,25.627
33.088,26.203
36.133,26.470
31.778,26.643
28.642,26.299
35.789,25.665
27.731,25.939
32.027,24.994
32.310,25.661
32.611,25.963
28.929,25.975
30.737,26.291
35.450,25.417
36.638,26.201
36.957,26.048
36.372,26.011
37.622,25.943
38.259,25.694
31.402,26.338
37.349,26.881
36.547,26.743
31.901,25.200
27.062,24.570
26.974,23.571
27.702,24.715
36.966,24.342
32.949,26.602
30.051,25.088
30.764,24.798
29.246,24.426
29.667,24.776
26.476,24.589
27.653,24.727
28.774,24.843
29.610,24.143
30.454,23.496
29.977,23.579
31.043,24.128
32.779,23.899
32.372,24.854
31.664,23.268
29.708,24.018
31.810,24.685
32.569,23.670
32.610,23.532
32.059,23.784
31.733,22.974
32.263,23.604
32.361,23.104
31.902,23.406
30.285,22.295
29.858,24.327
33.843,23.413
34.018,23.020
34.543,22.426
33.862,22.725
34.686,21.419
37.604,22.251
39.352,25.290
37.963,25.121
41.473,25.270
40.149,25.508
36.799,27.050
37.837,25.377
38.662,26.009
37.127,24.843
34.263,24.983
35.914,24.245
30.977,25.133
33.052,25.111
30.967,24.738
28.096,24.101
30.051,24.002
28.720,23.752
26.450,23.972
31.020,23.687
31.930,23.441
35.418,25.612
34.615,24.922
29.664,24.444
24.280,23.126
30.034,22.727
30.472,23.001
30.678,22.528
31.771,21.542
32.611,20.706
32.919,20.130
31.903,23.261
34.387,20.296
32.977,22.052
33.458,19.158
35.151,19.945
34.875,19.483
34.214,21.495
35.321,19.429
35.353,19.349
33.449,21.736
33.052,22.468
34.847,21.329
34.618,21.474
34.313,21.952
34.131,21.199
33.480,20.133
34.619,20.143
33.928,21.660
31.195,21.369
35.298,18.923
34.682,17.956
33.100,18.959
32.390,17.328
32.164,18.773
32.479,20.555
33.424,20.414
33.512,19.133
33.808,17.848
34.444,16.949
33.038,16.196
32.717,13.835
32.376,14.173
32.068,14.932
32.052,16.867
33.073,16.483
32.291,18.391
31.704,16.678
32.913,15.953
32.002,16.435
30.721,16.246
31.053,14.046
31.511,16.103
32.984,16.442
33.385,15.197
32.842,14.328
33.417,16.030
32.734,15.003
33.812,16.749
32.728,16.559
33.363,16.129
33.227,17.001
33.632,15.928
32.873,15.811
32.052,14.697
31.519,15.766
31.253,16.494
31.543,14.620
31.091,15.160
31.738,13.114
30.758,14.150
29.615,14.541
28.840,14.456
29.538,16.133
28.981,17.383
29.546,16.691
29.722,14.110
30.477,13.310
30.681,13.969
29.989,13.440
28.645,12.231
28.643,13.827
27.989,13.011
28.321,13.004
27.968,11.996
28.349,12.628
28.242,12.867
28.799,13.580
27.774,12.192
27.490,12.452
27.577,11.646
27.895,11.636
28.251,12.036
27.647,12.474
26.567,11.884
25.820,12.352
25.816,10.164
26.762,10.607
28.236,11.193
29.090,8.197
29.563,13.449
27.788,11.678
28.253,11.354
29.063,10.853
27.779,9.929
25.957,8.653
27.082,11.850
26.891,13.528
27.937,14.368
28.007,13.435
28.190,12.483
29.549,12.122
30.876,11.909
29.893,12.658
30.338,9.059
30.472,11.031
30.932,13.262
32.012,12.689
33.627,12.459
31.527,13.490
29.819,12.846
29.717,14.711
27.194,15.087
27.757,11.470
27.424,10.597
26.387,7.419
26.520,11.124
26.647,10.638
28.056,10.682
29.467,11.819
30.703,12.776
31.693,12.428
32.927,14.407
34.550,14.890
34.087,16.107
33.860,16.881
33.776,17.350
33.583,16.159
33.345,12.890
33.417,13.734
32.618,10.204
32.660,11.129
33.807,14.438
34.337,15.615
34.520,14.462
35.102,15.303
36.207,15.689
36.253,15.457
33.794,13.965
34.282,13.206
35.066,13.979
37.562,16.036
37.856,19.753
38.021,18.527
38.615,17.695
38.323,17.925
37.541,14.177
38.036,18.107
38.434,17.712
35.436,22.726
31.122,21.459
33.815,22.030
34.813,19.616
36.697,16.981
36.405,16.195
35.467,12.939
35.310,10.613
34.916,14.083
36.908,16.064
35.418,14.565
25.282,17.747
28.253,15.207
31.008,13.614
33.253,14.155
33.827,14.568
33.043,22.054
30.213,21.875
34.252,15.344
35.826,15.504
35.432,19.044
35.180,18.820
38.033,19.781
38.429,17.652
37.112,18.222
38.454,18.630
37.604,18.567
37.141,19.008
37.386,16.975
36.779,15.879
38.881,15.400
39.915,20.220
39.154,18.057
39.757,19.023
38.199,17.639
38.799,19.662
38.615,17.689
39.336,19.039
40.566,18.895
41.489,19.629
41.398,20.919
41.062,18.961
40.471,20.030
39.891,20.122
40.314,17.412
39.253,17.319
40.319,14.997
40.494,18.483
40.384,20.516
40.502,22.261
38.739,23.781
38.941,15.328
40.155,18.451
40.887,19.827
41.778,24.012
41.614,23.107
39.912,22.393
40.686,21.841
42.933,22.134
41.583,22.073
41.414,22.813
41.247,22.873
42.796,23.906
44.157,25.934
43.406,23.926
43.074,22.722
43.646,24.220
47.398,24.698
46.017,24.616
45.816,25.976
43.887,22.851
44.000,24.158
44.207,24.041
43.753,24.979
44.426,25.967
43.908,25.217
43.221,24.553
42.788,25.334
42.860,25.810
43.039,26.300
43.501,26.844
44.736,27.724
40.692,27.475
39.729,26.634
40.737,27.543
42.071,28.225
41.541,28.871
42.336,28.878
43.807,28.459
44.013,28.236
44.979,28.787
45.262,29.123
44.223,28.726
44.900,29.521
43.224,29.496
40.322,27.781
29.097,25.961
37.194,24.782
38.214,26.509
39.158,26.961
38.511,26.581
39.949,27.108
40.028,27.518
41.200,27.387
41.980,27.638
41.129,27.581
39.743,26.636
39.074,27.063
39.695,27.911
41.239,27.708
41.111,27.458
40.819,26.698
41.985,27.674
41.021,29.458
42.801,29.361
46.443,29.642
44.982,30.454
47.182,31.805
44.746,31.079
40.183,29.400
38.734,29.524
40.125,27.871
34.859,27.823
36.528,26.722
35.828,26.977
40.195,26.225
37.787,26.503
37.922,27.228
40.737,28.839
42.857,30.538
30.436,25.897
30.003,25.675
29.958,25.907
30.498,25.420
29.262,25.327
32.848,25.353
33.098,25.706
35.151,26.675
35.713,26.320
38.170,27.290
37.953,26.568
34.848,26.534
34.970,27.318
29.796,26.275
28.705,25.337
28.317,25.306
32.915,25.028
29.177,24.619
29.599,24.930
32.183,25.373
34.434,24.594
29.457,24.841
28.194,24.181
25.707,24.632
31.821,24.498
28.041,24.618
24.575,23.708
26.718,23.266
30.343,23.501
27.935,24.035
31.375,24.616
31.765,25.554
30.008,24.923
28.342,24.513
26.522,24.873
27.539,24.591
26.761,24.385
29.919,24.468
29.952,24.423
32.042,24.353
30.727,23.436
31.741,24.921
28.556,24.411
29.659,23.434
25.193,23.427
25.375,24.344
26.955,24.001
26.424,23.897
29.295,23.805
28.678,23.467
26.152,22.988
28.528,23.062
28.538,22.780
29.073,23.693
28.758,23.139
31.920,22.297
24.819,22.633
27.560,22.878
30.810,23.525
32.256,23.904
32.564,23.377
34.478,23.235
28.707,24.760
26.960,23.205
30.245,23.309
31.517,23.348
33.259,22.158
31.094,23.216
33.013,23.921
33.452,22.297
30.323,24.732
34.533,23.866
33.996,24.032
36.285,24.808
35.467,23.213
33.837,23.509
34.411,24.591
33.169,23.778
31.669,24.052
32.124,24.331
31.216,24.582
32.236,24.135
32.567,23.621
32.143,24.405
33.744,24.408
35.603,24.010
36.692,22.791
36.474,25.250
35.414,24.553
37.413,23.282
37.348,21.872
35.730,21.863
34.638,22.397
33.682,20.693
34.740,19.533
34.197,18.910
35.802,19.663
34.994,19.533
34.435,18.410
33.914,17.891
35.211,25.638
34.129,25.294
36.909,22.117
35.597,19.653
36.185,21.013
36.011,19.177
34.764,20.399
35.010,18.347
35.304,19.092
35.954,19.302
35.269,23.605
36.186,20.001
35.190,18.324
35.002,20.666
34.307,20.935
33.877,19.171
33.712,18.945
34.009,19.688
34.135,19.378
33.302,19.093
33.199,19.074
32.900,19.138
34.897,19.526
34.739,19.182
30.355,20.982
31.192,19.281
34.118,17.634
35.121,16.809
32.609,18.084
32.114,17.893
32.478,18.120
32.636,17.287
32.464,18.189
32.294,17.849
32.666,18.644
32.363,17.169
32.417,14.124
32.356,16.296
31.769,17.470
32.057,17.000
31.436,15.103
30.849,16.752
29.491,13.917
29.066,13.414
29.058,12.669
29.874,13.718
24.135,16.410
30.109,15.179
30.410,14.806
29.901,14.974
31.544,16.077
32.150,15.730
30.196,13.966
31.148,18.181
30.038,16.295
29.585,13.789
30.341,15.745
29.393,11.483
28.641,12.724
27.729,12.995
29.359,13.126
30.613,14.905
31.533,15.119
31.466,15.637
31.624,17.057
30.656,13.973
30.787,14.064
30.339,13.388
30.455,13.176
29.694,14.409
30.618,15.460
31.474,16.622
28.374,15.903
30.419,13.935
29.559,16.583
28.989,14.064
29.964,14.159
30.338,14.192
29.143,9.843
27.954,12.490
27.252,11.250
26.789,9.641
27.489,9.711
27.216,12.353
28.142,12.548
27.549,12.219
29.080,13.509
30.190,13.570
29.378,13.302
28.913,14.149
28.623,12.658
28.275,13.008
28.343,12.313
28.807,11.238
29.573,12.226
28.010,12.296
29.603,13.177
30.990,12.618
28.573,10.390
28.521,10.988
28.787,12.362
29.921,13.244
31.623,14.325
32.579,15.331
33.489,15.180
32.828,15.089
34.882,17.119
35.192,22.105
32.229,17.029
33.577,16.915
33.469,16.053
33.702,15.525
33.333,15.222
32.799,11.776
33.689,14.260
31.607,12.202
32.930,17.176
32.161,16.742
34.447,17.084
30.251,18.855
30.498,15.218
28.872,10.843
27.638,14.727
29.252,13.942
29.576,12.515
29.942,15.669
30.070,12.418
31.132,11.624
33.743,16.478
34.197,17.207
35.060,16.638
35.287,17.846
35.056,20.415
30.640,22.213
33.554,14.638
34.176,15.010
35.201,12.701
34.587,14.570
32.838,18.152
32.355,17.192
32.842,15.122
36.037,17.392
36.022,18.759
34.632,17.359
35.725,16.198
34.906,15.589
34.612,12.858
34.366,15.551
37.156,18.350
35.649,17.342
32.992,17.353
33.705,17.010
33.500,16.794
38.648,17.251
38.578,18.116
39.763,17.218
39.451,20.815
37.631,20.786
36.111,20.843
36.954,16.008
38.852,16.837
38.337,19.562
38.179,19.426
42.202,20.332
43.629,22.409
43.859,19.326
42.410,20.484
43.160,21.056
43.545,20.383
39.103,19.080
40.710,17.465
41.484,19.891
42.903,21.280
44.174,21.288
46.372,20.116
43.015,21.884
40.894,21.094
42.070,18.951
45.365,19.102
42.798,21.673
41.723,20.868
41.765,18.329
42.450,17.985
42.571,23.158
45.245,25.911
47.796,24.813
46.337,26.124
43.935,24.567
43.334,25.483
41.890,26.588
42.012,22.127
41.572,21.896
41.992,22.146
43.083,22.274
44.875,22.605
43.905,22.591
43.206,23.458
42.261,26.357
43.810,27.595
46.287,24.915
45.470,27.753
45.561,27.004
44.834,25.425
45.840,24.694
40.137,26.045
43.226,25.963
43.857,26.253
44.693,24.992
44.524,25.112
43.994,26.065
43.173,26.399
42.843,25.395
42.531,25.878
41.785,25.316
42.344,26.225
42.798,26.446
43.223,26.157
42.615,26.851
40.617,27.170
38.375,26.849
41.413,25.118
41.820,24.161
42.065,26.592
41.364,24.071
41.955,25.856
41.920,25.612
42.074,26.691
37.886,27.759
40.843,24.788
42.438,27.041
45.695,30.090
43.713,27.468
32.500,28.877
35.342,27.293
34.921,26.444
37.378,27.907
42.982,29.938
43.731,29.662
43.241,29.560
43.087,28.254
42.924,28.769
43.254,29.102
43.460,29.728
40.405,29.842
38.603,29.681
38.639,28.037
40.019,28.790
39.358,27.993
40.669,28.411
41.069,27.904
41.018,27.093
40.786,29.013
41.048,31.615
33.012,28.253
28.910,26.351
31.211,24.933
33.168,26.205
36.330,25.185
34.540,26.929
35.964,27.505
37.131,28.109
31.703,27.481
27.723,25.820
27.504,24.107
30.970,24.915
29.144,25.520
29.712,25.650
32.453,25.838
31.156,25.304
26.400,24.175
29.282,24.795
32.428,24.614
31.054,25.467
31.119,25.328
32.334,25.719
32.214,25.806
29.955,25.024
34.456,24.728
34.359,25.408
34.538,24.870
35.007,24.868
35.528,24.945
34.064,25.359
31.021,25.528
28.969,25.277
33.083,24.717
35.824,25.503
32.251,25.860
33.088,25.364
31.821,24.991
32.749,25.090
32.157,24.905
31.436,25.424
27.899,25.644
27.273,25.037
29.068,24.689
31.462,24.354
31.445,25.679
34.223,24.867
26.758,24.695
30.133,24.671
29.731,24.123
28.155,23.819
26.991,24.350
26.137,24.319
27.909,24.194
28.524,24.473
26.704,24.751
28.945,24.258
32.511,23.551
31.549,23.503
26.056,24.588
30.230,24.161
29.506,23.804
32.141,23.867
33.880,23.244
32.908,25.600
33.225,24.898
34.642,25.466
30.675,24.819
30.511,24.412
29.263,24.734
32.187,25.107
31.361,24.892
30.941,25.442
30.668,25.665
31.247,25.363
26.891,24.979
28.982,24.602
31.576,24.082
31.317,24.502
31.705,23.836
31.082,22.907
32.850,22.103
32.262,22.638
33.186,21.983
32.902,22.685
33.619,23.163
36.497,22.385
34.921,26.833
36.098,23.572
36.767,25.978
35.246,25.666
33.745,24.821
32.404,24.611
28.798,23.953
33.460,23.798
34.342,23.439
32.147,24.464
35.280,23.318
32.887,24.332
35.298,23.126
33.289,24.585
33.502,21.598
34.666,17.899
33.768,17.757
33.649,17.614
33.760,17.334
33.509,15.611
29.022,18.226
34.141,19.364
33.693,20.090
35.214,19.893
35.860,25.088
36.517,19.111
35.208,17.397
35.695,16.254
35.301,16.995
35.826,16.089
35.928,16.165
35.923,15.614
34.748,15.364
34.110,14.440
35.582,15.257
35.658,18.345
34.995,17.961
34.549,21.040
34.417,20.091
35.062,19.594
35.757,17.994
35.132,18.087
34.262,19.570
34.004,19.777
35.421,21.940
35.332,21.982
35.408,20.249
36.451,21.931
37.104,22.780
36.099,16.148
36.107,17.667
35.859,18.132
35.572,18.937
34.908,18.641
35.333,16.096
33.792,16.199
33.992,18.769
33.564,16.717
33.309,16.338
34.191,16.690
33.079,16.423
31.442,14.985
31.792,15.279
31.977,16.162
32.181,12.711
32.777,14.610
33.636,15.244
32.926,15.154
32.003,14.271
31.903,15.141
31.097,13.815
31.537,11.533
31.029,13.741
30.891,16.358
30.160,18.808
29.914,16.945
30.016,17.398
29.570,16.298
29.337,15.221
29.316,16.547
29.232,15.553
28.695,13.574
28.977,12.834
30.236,13.455
29.324,13.199
28.295,16.794
27.880,13.012
26.845,14.384
27.397,14.673
27.785,13.208
27.491,13.906
29.760,13.623
28.835,12.774
31.012,14.185
32.641,15.599
32.134,14.867
33.681,17.704
32.245,15.848
31.142,17.732
30.306,15.558
29.707,12.694
28.037,14.906
27.841,8.520
28.250,10.685
28.723,12.549
27.276,11.840
27.497,11.439
27.917,12.760
28.649,12.898
30.181,14.471
31.439,14.032
32.173,16.349
31.385,11.255
31.220,10.759
29.501,11.710
27.021,12.190
29.195,13.514
28.682,12.971
30.025,14.503
30.411,14.577
32.427,14.435
32.289,12.618
28.587,10.981
26.863,9.083
26.732,9.150
25.890,10.007
26.404,9.708
26.607,8.055
24.809,8.769
26.406,7.708
24.189,4.434
25.329,8.895
26.833,8.477
28.470,10.418
25.318,8.747
25.631,10.355
26.225,7.992
28.925,8.575
25.564,13.584
24.117,3.907
24.235,5.795
24.128,5.150
22.066,4.299
23.438,4.282
24.357,7.629
26.344,7.773
28.114,9.254
28.730,9.945
28.832,10.151
31.038,11.497
33.590,12.858
34.012,13.490
34.000,11.676
35.689,13.229
34.684,14.469
34.190,14.252
34.881,13.656
34.636,11.243
33.498,12.258
32.441,9.612
33.189,14.174
34.080,14.837
35.150,15.532
37.416,14.720
39.540,14.738
37.094,12.924
36.825,11.580
36.236,11.515
37.011,12.342
37.496,12.875
38.284,12.514
38.151,14.150
37.718,14.390
38.993,17.675
38.664,20.546
36.646,21.775
37.417,23.619
36.073,22.242
37.809,20.779
38.409,20.147
40.917,20.627
39.514,15.484
40.109,14.462
38.278,16.375
39.976,13.975
40.314,16.004
40.942,17.911
41.686,16.611
39.513,16.897
38.307,21.490
40.955,16.991
40.776,24.313
39.936,18.259
41.619,16.118
33.264,19.212
37.995,16.157
37.829,17.383
37.853,18.230
36.492,20.308
34.732,18.050
35.777,17.140
39.306,19.438
35.083,22.626
40.162,22.384
42.926,19.764
41.564,26.321
41.668,22.500
42.403,21.503
41.603,22.792
40.349,22.116
41.570,21.104
40.224,20.860
44.322,19.514
44.198,21.314
42.135,19.410
41.946,20.361
41.774,21.929
43.547,27.102
43.445,22.670
44.576,25.581
44.810,23.968
45.390,25.917
43.487,23.346
43.864,23.104
42.290,21.612
42.670,22.072
41.514,23.268
42.123,22.162
42.779,22.892
41.510,22.524
41.210,23.213
40.997,24.109
41.147,25.264
42.375,24.988
39.425,26.541
40.827,24.090
42.418,24.612
42.476,24.057
42.745,24.679
42.921,26.234
42.188,25.290
41.497,25.545
42.087,26.037
41.453,26.271
41.678,25.787
41.567,26.169
41.216,25.559
41.505,26.693
42.628,26.052
42.625,25.582
43.677,24.095
42.873,25.208
43.204,27.643
43.397,26.822
42.701,26.673
42.155,25.842
42.914,26.980
42.329,27.007
42.834,28.335
42.812,28.526
42.757,28.883
40.681,29.384
35.662,27.906
39.857,26.943
41.224,27.816
34.400,27.924
35.259,26.879
39.679,26.788
29.359,25.241
34.928,24.365
32.372,25.994
36.261,25.141
38.264,26.902
33.669,28.150
39.790,27.058
34.784,27.684
32.183,27.890
36.498,26.988
40.684,27.870
40.326,28.061
40.547,28.719
36.934,28.873
35.429,28.247
32.517,27.489
37.820,26.046
35.257,27.178
32.022,27.000
31.577,26.308
34.502,25.371
30.815,26.086
33.643,25.464
36.585,25.947
37.558,26.601
31.144,26.967
32.999,26.876
27.146,25.649
31.679,25.162
26.547,24.318
31.021,23.347
30.191,25.066
30.231,24.983
34.440,25.156
35.321,26.116
36.213,25.123
35.395,26.422
35.535,26.671
35.773,26.866
36.564,27.098
35.794,27.172
36.654,26.438
37.253,26.369
36.485,27.134
31.490,25.999
29.869,25.116
27.131,24.249
37.866,22.940
33.214,25.463
31.832,25.077
30.608,24.935
25.725,24.813
30.628,24.157
32.911,24.352
30.600,25.055
30.722,24.799
27.948,24.140
27.286,24.355
28.522,24.631
31.088,24.896
31.884,24.990
26.646,24.629
29.183,23.986
25.398,24.284
30.352,23.883
28.394,24.390
30.344,24.199
27.605,23.097
31.052,23.107
31.397,23.199
31.625,22.928
30.631,21.250
32.207,22.250
34.965,23.468
31.837,23.847
34.609,25.075
26.823,24.393
32.781,23.138
32.275,23.112
33.448,22.356
33.260,22.181
35.394,21.818
37.376,24.092
37.151,23.912
35.280,25.271
34.590,25.390
31.477,23.844
33.155,23.672
36.828,21.933
34.434,21.689
35.665,23.896
33.225,25.933
31.846,25.270
34.667,24.613
30.058,25.161
31.426,23.169
31.429,22.955
31.262,23.946
29.739,24.870
33.698,24.621
34.328,23.613
33.596,24.402
31.568,23.784
32.558,22.247
33.457,23.241
33.312,21.612
32.885,21.186
32.674,21.284
32.614,21.196
32.791,19.369
32.914,19.107
34.374,21.968
35.074,22.492
37.841,23.590
36.028,26.783
36.387,24.813
35.371,21.074
34.018,22.421
34.304,21.436
35.334,20.582
35.689,22.485
38.650,23.015
38.091,21.541
39.106,19.448
37.690,21.132
36.585,18.737
36.103,22.907
37.435,25.030
37.598,23.579
36.195,20.408
36.034,18.928
36.591,17.614
36.799,19.480
35.388,19.721
37.310,18.829
36.202,15.765
36.214,18.490
35.966,17.115
35.364,15.674
34.758,16.436
34.462,16.453
34.646,18.985
34.708,18.706
35.670,18.732
36.032,15.402
34.831,17.167
34.963,14.939
35.124,17.870
34.693,16.036
35.754,16.482
34.774,16.337
34.443,17.174
33.608,17.606
32.445,15.136
33.018,15.029
33.569,15.928
33.141,17.504
33.662,18.983
32.664,17.907
24.932,21.817
26.608,19.904
32.239,17.897
30.561,17.000
30.464,16.040
30.520,15.018
30.354,14.426
31.195,14.163
31.476,13.887
31.964,15.768
30.222,16.441
31.133,16.775
31.155,18.610
23.219,17.917
31.921,19.203
32.890,19.366
33.585,19.553
34.308,20.222
33.819,19.916
33.339,20.387
32.783,18.018
32.932,16.992
32.727,18.124
32.478,17.328
31.112,16.366
31.408,17.122
32.162,16.831
32.590,17.389
32.864,17.775
32.738,16.953
32.886,19.673
30.039,20.432
30.401,18.596
30.307,16.526
30.448,16.257
30.658,14.731
29.594,11.427
30.396,10.100
30.371,9.384
28.738,8.314
28.194,7.998
29.276,10.004
29.531,9.760
29.943,13.716
28.675,13.271
28.962,12.006
30.237,12.797
29.150,10.152
24.500,12.485
26.582,11.583
26.742,12.173
25.944,13.192
25.671,14.485
28.314,14.846
29.332,15.041
30.408,16.781
30.678,16.967
30.424,17.434
29.788,17.519
32.819,18.192
31.520,18.696
31.378,14.067
30.519,16.439
31.496,17.235
29.989,17.270
33.313,15.725
33.345,16.042
33.229,16.937
32.576,13.436
29.868,11.834
29.994,9.198
31.695,12.684
32.012,12.086
32.280,11.669
31.437,12.677
32.571,11.845
33.095,12.368
31.998,8.689
32.261,11.910
30.870,10.910
30.642,11.257
31.254,14.402
33.594,14.246
33.499,10.652
29.932,12.433
29.368,10.343
30.004,11.792
31.416,9.975
31.940,12.481
31.488,15.820
32.807,15.315
34.596,14.885
35.225,16.791
34.590,16.935
36.472,17.347
38.437,19.077
37.168,18.658
36.239,15.834
35.743,14.862
36.818,16.549
37.770,15.522
37.712,15.018
37.556,15.285
39.373,17.306
40.515,17.654
39.928,16.886
38.484,15.732
37.883,16.274
37.028,13.275
34.998,13.885
35.905,12.707
38.136,14.493
37.453,16.116
40.865,18.353
41.383,19.530
38.998,18.826
39.272,16.214
38.127,16.914
37.704,13.708
39.081,18.279
37.814,16.618
39.226,17.381
38.321,17.903
37.398,17.846
37.736,14.573
39.059,20.251
40.547,21.139
38.690,17.114
40.823,19.613
37.245,16.682
37.846,18.668
39.420,22.165
39.855,20.067
41.436,21.072
41.477,22.458
41.703,20.851
42.457,22.506
41.846,22.036
40.086,21.784
39.400,22.789
38.328,21.718
35.952,19.062
39.890,19.802
39.001,21.828
43.852,21.272
45.270,18.955
43.183,22.079
42.097,22.148
39.439,23.331
41.272,23.148
44.677,20.838
44.920,18.262
48.377,18.434
43.262,21.852
41.416,21.822
41.441,20.700
41.670,16.146
41.330,21.935
43.792,22.084
46.144,23.525
45.578,17.823
45.310,23.543
46.176,24.658
45.306,24.262
43.956,22.492
44.176,22.976
43.586,22.403
42.511,23.065
41.449,21.572
42.180,23.982
42.800,27.628
43.358,23.203
43.352,22.810
43.272,23.660
42.609,24.462
44.128,26.175
44.932,26.669
45.491,27.442
45.047,27.055
44.898,27.240
46.241,27.376
44.951,27.727
45.071,28.177
43.856,26.831
45.494,26.989
46.085,28.971
43.987,27.758
44.155,26.330
44.016,26.046
43.856,25.899
43.940,27.301
44.820,27.988
44.164,28.276
43.484,28.091
43.659,29.187
41.980,28.921
41.879,28.049
42.202,28.231
42.088,28.172
41.313,27.409
42.515,27.285
42.095,26.462
42.225,26.502
42.403,27.679
43.207,28.308
43.164,27.461
42.753,27.702
42.744,27.817
43.457,28.528
42.270,27.707
43.158,28.599
42.092,29.301
42.403,30.066
42.206,28.663
43.086,30.789
41.759,28.374
37.212,28.417
42.088,26.755
35.188,28.312
39.959,27.141
39.787,27.987
40.671,28.430
32.683,26.688
38.640,26.319
38.084,27.606
36.756,27.991
29.806,27.278
37.932,26.514
36.329,27.099
40.268,26.512
41.139,28.986
43.274,28.633
43.651,29.753
33.672,26.031
28.049,25.083
33.055,25.534
35.376,25.800
31.257,25.882
28.694,25.503
33.250,25.538
33.689,26.702
32.575,26.208
28.001,25.294
29.899,24.589
32.441,24.694
28.375,25.353
31.909,25.374
31.303,24.942
26.551,24.663
27.130,24.241
26.200,24.523
28.177,25.101
27.708,24.783
27.562,25.391
32.079,25.252
28.154,24.906
28.257,24.857
28.562,25.217
34.309,24.562
34.215,24.523
32.436,24.576
32.059,24.671
28.033,24.461
33.836,24.898
33.359,25.307
33.379,25.076
32.904,24.770
29.397,24.108
30.661,23.763
31.518,23.962
30.262,24.104
30.995,24.137
33.959,23.619
34.875,25.279
35.370,25.089
35.355,25.525
35.722,24.992
36.215,25.590
35.819,25.122
38.053,24.725
35.713,25.026
30.479,25.951
32.324,24.491
29.081,23.828
27.621,24.169
26.034,24.354
29.598,24.098
30.716,23.521
30.919,25.374
32.702,24.911
33.269,25.139
32.174,25.334
32.453,24.209
34.194,24.299
35.818,24.589
35.102,25.681
32.346,23.745
33.548,24.051
34.067,23.045
35.023,22.836
34.252,23.349
33.666,22.401
33.412,20.916
34.788,19.700
35.935,21.513
36.190,23.896
36.383,22.411
36.540,22.080
36.670,21.639
38.032,22.918
36.226,22.718
36.171,23.042
35.351,22.634
36.194,23.255
39.357,23.891
39.503,23.622
38.979,25.482
40.022,23.271
38.774,25.375
37.726,26.468
35.753,24.676
35.778,24.455
35.043,21.883
35.342,22.596
33.871,20.476
33.928,21.018
34.010,18.904
34.419,17.715
33.066,22.328
34.578,20.632
34.980,19.470
33.956,17.703
35.176,17.800
35.739,19.152
31.775,17.678
34.571,15.423
34.359,15.147
34.478,15.869
36.325,17.328
36.697,16.970
35.606,14.827
34.774,14.365
36.137,15.662
34.672,16.000
34.699,14.847
35.306,19.352
36.045,17.948
37.300,17.434
36.751,16.332
37.170,15.550
35.271,17.169
34.842,16.885
33.868,17.264
34.954,19.056
34.447,18.045
34.706,19.381
35.811,19.085
34.094,22.881
28.283,22.713
24.850,19.318
30.918,17.519
32.495,18.442
32.947,18.038
32.426,19.378
31.975,18.084
30.914,15.907
30.047,15.547
30.308,15.905
30.382,14.607
29.169,13.804
29.560,14.008
30.532,14.487
32.078,12.790
30.757,15.318
30.916,14.508
30.996,15.090
30.631,14.367
29.703,13.659
28.898,13.028
29.133,14.686
29.456,15.181
31.109,15.038
30.649,12.415
30.378,13.860
30.156,13.267
30.069,14.505
30.904,10.060
30.271,10.847
30.929,12.053
32.187,14.019
30.818,12.918
31.029,16.327
31.352,13.296
31.094,15.886
29.995,15.090
29.445,15.698
29.640,15.990
29.390,16.987
27.651,15.681
28.559,14.666
28.782,16.302
29.700,15.184
28.813,12.193
27.826,10.094
28.753,11.062
28.793,12.381
21.107,15.057
27.921,10.925
28.036,12.292
28.862,11.970
29.841,14.137
27.075,17.092
27.807,14.059
27.913,11.008
27.294,11.011
28.021,11.303
28.884,11.507
28.432,11.269
29.330,10.646
31.024,13.826
31.049,16.164
26.602,9.765
26.439,11.013
27.391,9.892
28.579,12.029
28.811,12.521
30.032,11.782
30.039,12.297
29.983,11.643
30.462,12.773
30.298,12.115
30.084,11.039
30.241,6.975
30.945,11.912
30.896,13.373
31.167,11.019
30.618,13.976
30.507,11.399
31.260,13.126
31.219,10.517
30.387,10.188
31.146,12.610
30.863,13.227
31.408,16.968
31.992,16.276
34.020,15.803
34.420,14.304
34.314,15.879
30.374,16.831
30.632,12.691
30.832,14.668
31.669,14.150
32.265,11.605
30.996,11.248
31.117,10.868
32.062,9.454
31.642,12.633
32.667,12.923
33.678,13.179
35.473,13.193
35.855,14.174
35.619,18.458
32.045,14.078
31.832,11.533
32.772,9.660
36.253,13.506
36.977,14.372
37.628,14.479
37.054,13.217
37.630,16.131
35.833,20.283
34.285,16.813
33.664,15.501
34.275,22.638
33.303,16.236
37.230,16.838
36.894,18.810
38.096,19.865
40.751,20.318
39.649,18.406
40.360,15.976
39.619,14.663
39.904,16.082
39.679,16.511
42.382,16.899
44.859,23.615
43.986,23.779
44.551,21.642
43.301,18.441
41.208,18.685
39.666,16.867
38.654,16.869
39.355,16.006
39.775,17.275
40.234,16.992
40.931,14.600
41.034,19.902
40.007,18.169
39.163,20.336
38.874,17.586
39.262,19.380
38.686,17.097
40.406,15.105
43.407,16.498
44.307,20.709
47.092,20.902
44.631,25.008
40.614,28.136
41.380,23.092
40.966,18.902
41.972,20.725
44.979,20.284
46.245,17.476
46.599,22.696
45.758,24.099
44.623,21.699
42.826,21.564
42.372,23.203
41.441,23.528
41.158,22.219
41.006,21.947
42.392,22.664
42.368,22.888
42.607,22.164
42.643,22.765
43.608,23.239
43.682,24.554
43.441,24.169
42.598,23.756
42.642,22.751
44.065,23.527
43.743,24.792
43.692,25.806
43.144,25.808
43.009,23.967
42.558,25.958
42.946,26.778
43.446,27.636
42.374,26.096
43.783,23.926
44.812,25.468
45.236,24.274
44.410,25.793
44.611,24.023
44.791,25.181
44.622,25.442
45.255,26.042
45.797,27.485
49.780,27.459
47.541,26.149
47.070,28.885
46.438,28.330
45.829,27.777
44.743,27.280
43.840,27.723
43.443,27.975
43.371,27.492
42.521,27.430
41.960,26.171
42.112,25.847
42.878,26.397
39.890,28.521
36.396,27.118
41.189,28.194
40.304,28.131
39.898,27.679
34.438,27.763
37.534,25.593
39.025,26.610
41.091,28.581
44.769,29.898
48.756,30.830
49.180,31.803
44.783,31.295
39.821,28.507
37.897,27.467
40.321,27.782
44.216,28.492
48.447,31.017
44.022,29.807
44.175,30.176
42.695,29.818
42.594,30.047
39.188,29.395
41.532,27.938
44.009,29.165
44.253,30.738
42.045,30.340
40.886,30.212
42.475,29.180
42.146,29.318
43.997,29.110
39.061,28.903
31.332,25.992
29.100,25.562
31.071,24.962
33.282,25.096
33.766,25.345
35.616,25.533
33.358,26.110
33.922,26.581
30.086,25.762
31.862,25.564
33.972,25.290
35.132,25.799
37.067,26.725
36.928,25.942
36.691,26.320
35.022,26.750
37.428,26.261
36.620,26.786
34.714,26.092
30.238,25.760
26.593,25.336
25.782,24.810
30.273,23.811
27.457,24.835
31.452,24.625
32.959,24.197
34.168,24.781
33.514,25.212
27.030,24.634
29.479,24.702
31.159,24.571
29.145,25.003
28.691,24.543
30.557,24.976
32.292,24.617
27.211,24.905
28.981,24.114
30.096,24.481
30.838,24.749
31.707,25.371
32.053,25.107
31.254,24.436
32.266,24.601
32.198,24.494
32.777,24.913
32.201,24.760
29.410,24.695
32.159,24.511
32.134,24.008
31.036,24.065
32.260,24.457
30.395,24.413
32.373,24.042
35.021,24.354
34.275,24.836
36.742,25.438
33.173,25.565
33.314,26.269
29.777,24.499
28.548,24.752
30.145,24.088
31.517,23.883
29.872,24.738
29.926,24.339
29.805,24.954
30.500,24.796
32.844,24.421
30.778,25.126
28.413,24.064
27.835,22.959
26.767,23.505
27.748,24.046
29.178,24.442
29.514,24.516
31.915,23.883
33.128,22.332
32.732,23.527
32.983,22.310
32.847,21.179
32.808,22.061
32.477,21.617
31.988,21.984
32.827,22.109
32.030,20.352
33.571,20.724
34.178,22.139
35.766,21.712
34.871,23.950
35.960,24.168
34.221,21.704
34.782,21.173
35.450,22.031
35.870,22.060
37.599,21.583
37.353,22.900
35.431,21.650
37.276,20.176
35.157,18.154
33.489,19.022
32.498,22.761
30.927,20.660
34.041,20.305
36.365,21.497
36.263,23.217
36.785,19.157
36.299,22.248
34.680,25.074
34.950,25.379
36.141,23.658
35.624,22.333
35.385,22.005
34.266,21.089
34.064,18.202
34.604,19.674
35.799,22.693
36.945,21.500
35.735,20.305
35.404,19.385
35.682,20.629
33.858,21.524
33.292,19.325
32.512,18.794
32.368,18.533
32.799,18.066
33.090,19.196
33.379,18.030
32.955,18.708
31.630,19.534
34.047,24.021
33.886,24.269
33.912,23.543
32.146,23.323
32.508,22.250
33.186,22.372
34.607,22.689
31.358,22.136
30.194,21.105
31.548,20.586
32.054,20.981
30.573,18.882
27.054,18.890
22.831,19.430
20.005,17.378
21.301,17.857
26.959,19.680
28.337,17.682
27.920,18.332
29.076,18.141
30.074,18.419
29.471,18.033
29.216,18.044
29.734,19.045
27.594,15.128
27.959,15.510
28.958,16.849
28.466,16.307
26.748,14.374
26.571,13.125
27.275,13.894
25.834,13.498
25.232,11.842
24.657,10.748
24.822,7.640
25.852,11.560
26.244,11.568
27.325,11.275
27.279,11.600
27.526,11.289
27.155,12.141
26.445,11.976
27.557,10.482
27.245,9.230
25.980,8.777
26.402,10.944
27.250,12.280
27.610,12.116
28.826,15.500
21.299,17.067
23.213,17.214
26.525,16.715
24.185,9.390
24.248,10.878
23.919,10.172
23.604,9.829
25.152,11.701
26.274,11.312
25.756,9.808
25.477,10.322
26.581,10.248
26.049,11.685
24.656,9.819
25.991,10.489
27.687,9.919
28.358,10.728
27.251,11.958
26.687,10.594
24.266,10.066
25.730,9.325
26.955,10.727
27.263,13.080
27.648,12.040
28.888,12.579
29.539,13.046
28.969,13.569
29.604,15.508
28.161,13.881
27.363,11.284
27.564,13.274
28.420,14.280
28.451,12.854
29.075,14.354
28.915,14.704
29.891,15.176
31.341,15.425
32.214,15.603
32.477,15.376
32.779,13.298
32.446,12.997
30.360,13.207
30.446,14.739
30.734,15.042
30.612,14.281
33.118,15.884
34.238,15.610
33.105,15.455
31.349,16.189
29.042,15.411
27.975,13.789
28.642,14.547
28.586,14.918
29.545,14.306
29.539,14.950
29.409,14.665
31.196,14.918
33.028,14.314
31.972,12.479
31.390,15.199
32.348,13.410
32.490,16.878
33.095,17.018
34.676,17.021
34.529,18.464
35.197,18.481
34.628,15.406
34.722,16.337
36.591,18.299
37.073,19.054
36.978,16.301
33.765,18.325
34.107,17.154
34.057,17.336
35.381,17.314
38.986,16.576
38.380,15.611
39.613,22.050
40.501,20.801
41.085,18.034
40.227,22.337
38.070,18.490
36.720,15.751
37.405,15.278
36.608,15.359
36.534,14.062
39.194,14.126
40.446,17.301
41.888,20.047
39.965,20.342
39.099,22.102
37.807,16.072
38.709,19.876
37.017,18.481
38.370,17.902
38.258,17.142
38.399,15.828
39.506,19.298
40.949,17.985
40.561,20.558
40.508,20.458
39.634,15.784
42.048,17.576
41.146,20.349
40.771,19.337
41.570,20.260
40.018,21.867
42.231,22.098
44.042,22.920
42.021,23.938
40.895,24.435
41.135,22.196
41.374,18.551
40.662,18.329
41.639,23.900
41.957,23.864
45.549,17.860
43.788,18.907
43.592,22.644
44.412,23.823
47.332,25.603
45.335,24.716
42.907,25.290
42.877,25.085
43.081,25.335
40.627,25.068
40.792,22.363
39.298,22.322
40.094,24.092
40.068,22.572
41.716,22.636
42.357,23.494
42.212,23.524
41.502,23.491
42.438,23.125
41.887,22.908
41.686,23.866
42.737,23.317
42.726,23.850
43.009,25.282
43.866,27.842
43.918,26.247
42.731,25.720
42.684,25.431
41.451,26.641
41.460,27.634
41.318,27.388
42.298,27.721
41.458,26.404
41.584,27.403
42.484,27.109
42.206,26.923
41.517,26.513
41.694,26.594
41.165,26.833
41.016,27.833
41.465,28.202
43.573,27.915
43.357,28.730
46.946,30.061
50.486,29.796
46.260,29.515
43.770,28.810
40.881,28.340
42.024,28.863
41.892,27.668
42.101,26.692
41.146,27.888
40.900,27.497
38.668,27.303
38.647,27.540
38.706,27.572
36.897,27.480
39.065,27.563
38.968,27.930
38.851,28.182
39.015,28.447
36.398,28.420
31.335,27.845
39.048,27.290
39.368,27.736
35.459,26.632
26.260,25.034
32.275,25.533
32.179,25.032
33.086,24.997
32.945,25.152
32.272,24.810
31.902,24.893
33.422,25.064
26.841,23.878
32.255,23.282
30.434,24.218
26.467,24.310
27.122,24.103
29.655,24.272
31.780,24.249
31.267,25.320
27.213,25.001
29.289,24.531
28.279,24.858
31.255,25.229
28.913,25.621
28.917,25.380
31.682,24.548
30.171,24.656
30.747,24.619
25.827,24.629
27.384,24.286
28.910,23.917
31.785,24.653
31.949,25.234
31.794,25.057
28.133,24.742
30.331,24.465
28.994,24.952
28.868,24.267
32.552,24.537
27.296,24.826
29.501,24.802
30.535,24.752
30.976,24.589
28.336,24.768
25.437,24.426
25.927,24.812
26.601,23.732
26.900,24.371
25.584,23.729
27.888,23.480
29.058,24.475
25.512,24.301
26.038,23.896
28.611,23.506
29.973,23.839
30.424,24.355
30.311,24.481
29.432,24.559
31.278,24.125
31.161,25.130
29.694,24.700
28.640,24.385
30.160,23.486
30.602,24.041
30.568,24.251
29.433,24.972
29.986,24.936
30.546,24.344
26.883,24.421
31.596,23.858
31.164,24.153
26.559,24.468
26.158,23.395
27.010,24.103
26.012,22.984
27.867,21.851
26.485,23.801
30.299,23.659
27.414,24.421
28.338,24.090
29.641,23.931
31.107,22.984
30.707,23.044
30.615,23.429
27.761,23.653
26.398,22.958
30.023,22.951
29.916,22.090
30.288,21.320
28.991,21.029
31.012,21.124
30.496,20.655
28.731,20.497
29.305,20.795
30.066,20.383
31.037,20.336
31.256,20.897
32.275,19.980
32.201,20.976
31.434,20.612
31.009,19.741
31.035,19.162
33.174,18.342
33.457,22.337
34.463,21.578
35.812,23.191
35.892,22.811
34.847,22.226
34.923,24.837
36.050,23.203
33.348,22.108
36.303,21.253
36.973,22.786
36.111,24.313
36.615,20.666
36.180,21.332
35.240,20.525
33.559,18.324
35.056,17.278
34.479,20.923
34.671,19.159
35.373,19.535
34.006,20.140
33.867,20.555
33.554,20.436
33.368,19.623
32.935,19.676
33.051,19.133
32.620,18.945
32.876,19.345
32.949,20.067
33.721,21.532
33.855,21.332
35.717,22.165
35.718,21.388
34.311,20.794
33.768,20.364
34.011,20.082
33.856,18.914
34.286,19.030
34.583,20.293
33.794,20.220
33.022,18.802
34.064,17.845
32.914,17.570
33.869,18.248
33.489,17.588
34.013,17.374
33.442,17.586
33.689,18.762
32.418,17.492
31.467,17.348
30.461,17.486
30.554,18.390
30.698,18.289
30.794,18.407
30.834,20.736
32.166,21.503
32.865,19.901
32.521,18.261
31.633,17.918
32.606,18.148
33.285,19.730
32.851,19.359
32.173,14.842
31.541,14.049
32.019,16.483
30.857,15.217
30.053,16.744
27.706,12.449
27.815,13.052
28.222,13.160
28.676,14.025
29.374,14.430
28.721,14.295
28.855,14.366
29.201,13.722
28.692,13.401
27.985,11.295
28.009,13.081
28.482,14.731
28.438,14.739
28.848,13.413
27.732,10.527
28.063,10.762
27.878,12.155
28.011,13.604
26.976,13.209
26.431,12.485
27.672,14.273
26.892,13.006
25.749,11.500
26.039,11.872
27.374,11.521
28.042,12.658
28.015,10.662
26.508,10.100
26.032,10.739
25.135,10.847
24.190,10.477
24.706,9.795
25.483,10.696
26.092,9.591
26.641,10.214
28.865,8.660
27.719,10.817
26.633,10.378
25.225,8.706
24.819,8.797
23.558,9.316
25.844,10.134
27.092,11.519
27.787,10.143
28.412,11.892
28.324,12.414
27.651,13.936
27.402,13.865
26.619,12.245
25.796,12.082
27.159,13.393
27.735,12.444
28.192,11.228
29.292,12.233
30.763,13.844
29.347,12.481
28.348,16.082
29.572,13.325
28.137,11.744
24.363,4.323
25.323,7.817
27.784,9.532
30.051,11.626
31.268,11.670
30.457,13.183
29.789,12.060
30.151,13.190
27.535,11.364
29.329,14.238
31.146,15.679
34.155,14.967
35.144,11.290
34.840,14.011
34.055,12.723
33.422,10.245
32.662,10.410
33.343,13.052
33.872,15.816
35.637,16.028
33.823,11.579
33.074,10.558
31.472,12.364
32.879,12.905
34.754,11.874
36.457,14.265
35.959,16.267
32.866,14.205
32.874,11.654
32.118,12.129
30.827,7.657
32.161,12.041
34.105,12.223
33.905,12.607
33.156,14.170
35.990,16.189
37.855,17.716
39.350,17.159
38.372,16.851
38.937,18.664
40.450,16.864
39.333,17.982
39.827,16.802
39.202,17.643
41.449,18.876
42.689,17.080
40.330,15.365
40.441,16.510
40.804,17.908
40.929,20.718
43.967,21.798
40.545,18.560
42.427,19.102
42.791,22.353
43.051,24.066
42.526,22.557
42.725,21.366
41.280,20.873
41.159,19.840
41.786,18.964
42.435,21.600
41.904,19.691
41.440,21.822
40.083,20.435
40.105,19.637
39.449,19.334
38.796,18.515
40.011,21.845
40.858,19.800
41.187,22.970
40.117,22.204
40.849,23.634
30.036,21.536
37.951,18.454
38.422,21.773
38.764,18.616
38.314,21.910
39.604,21.566
40.300,22.871
40.459,22.616
40.802,23.702
40.816,22.674
41.089,21.739
40.953,17.605
41.665,18.959
42.674,19.843
41.701,23.014
41.809,23.902
41.679,23.991
41.937,25.434
36.925,24.157
42.493,25.181
43.284,27.447
41.635,25.970
40.162,25.104
40.331,25.561
40.782,24.979
42.392,24.379
41.689,24.636
41.637,23.900
41.966,24.789
42.611,24.855
42.871,26.007
42.998,25.724
43.502,26.647
44.410,25.997
43.630,25.921
42.740,25.825
41.758,24.478
42.246,24.621
43.461,25.069
43.611,25.512
42.869,26.278
43.023,26.142
42.317,26.544
41.952,26.846
41.059,27.433
41.278,27.022
41.646,26.633
41.538,25.885
40.591,26.436
39.002,26.909
39.065,27.030
39.395,27.231
38.696,26.779
43.176,26.110
44.029,27.440
39.759,27.780
40.085,27.953
39.445,27.458
39.847,27.810
41.206,28.326
40.984,28.883
40.652,28.057
40.081,27.703
38.719,28.283
38.880,28.002
38.655,28.019
40.037,27.104
38.464,27.535
37.398,27.311
38.967,27.203
40.917,27.928
40.886,27.735
37.863,28.233
40.346,27.226
41.266,27.126
36.017,25.533
28.086,24.902
31.746,25.208
33.250,25.058
32.918,25.113
31.940,25.711
27.364,25.204
30.255,24.583
30.964,25.015
28.215,25.331
28.631,25.442
29.913,24.871
32.025,24.825
31.604,25.547
29.890,25.558
28.953,25.643
28.939,25.233
33.685,26.128
33.888,25.519
29.068,25.155
27.935,24.580
31.982,24.237
29.801,24.786
31.941,24.735
30.954,24.836
28.243,24.580
28.312,24.250
28.880,23.904
29.152,23.782
27.190,23.951
28.391,22.777
32.413,24.270
30.270,24.382
30.868,24.541
32.114,24.563
26.624,24.365
28.163,24.396
30.770,24.253
27.482,24.602
30.293,24.183
27.264,23.373
25.572,23.139
25.934,22.855
25.139,22.698
25.434,23.354
27.772,23.232
31.776,23.717
30.045,24.244
25.902,24.603
29.223,23.850
27.693,23.624
27.016,23.792
25.157,23.756
27.648,23.869
31.944,23.700
30.123,24.459
31.639,23.682
33.728,24.187
32.205,24.926
30.071,24.892
30.556,24.401
32.627,24.477
31.598,25.367
30.263,24.267
29.191,24.003
25.169,24.164
26.208,23.562
28.431,23.263
28.408,23.958
29.818,23.794
26.482,23.585
28.733,23.031
25.648,23.824
30.200,23.787
30.284,23.362
29.505,23.383
28.591,22.704
30.794,22.567
31.048,21.696
31.310,23.340
30.629,24.320
30.283,23.425
28.779,22.870
29.629,22.511
30.864,18.858
32.443,20.984
32.993,21.258
33.763,22.570
34.062,22.264
34.462,22.527
34.171,23.439
34.350,21.493
34.187,22.449
33.393,20.999
34.070,21.447
34.346,23.333
34.502,21.879
36.068,22.120
35.681,21.634
33.523,19.920
33.662,18.036
33.734,17.224
34.138,17.745
34.477,18.842
34.821,19.070
35.097,20.285
35.109,19.738
35.463,20.503
34.235,19.252
34.091,21.097
33.747,21.818
34.532,21.467
34.544,19.810
33.816,19.808
32.833,18.841
32.524,18.706
32.776,19.769
32.813,18.821
32.477,19.115
32.136,19.527
31.720,20.308
31.672,20.501
31.286,18.085
31.006,17.540
30.902,16.975
31.224,17.159
31.279,17.070
32.049,14.318
32.520,14.872
32.043,16.652
33.179,18.802
32.671,18.952
33.088,22.796
31.843,19.641
31.247,19.187
31.137,17.218
30.505,16.524
32.081,15.846
30.597,16.928
30.119,17.069
29.554,16.461
29.702,16.367
30.649,15.896
30.717,15.994
31.073,15.709
30.736,16.139
30.412,15.497
31.276,14.920
30.125,11.839
29.309,16.388
28.462,15.831
29.906,16.115
30.856,17.701
31.185,18.015
31.339,17.935
32.160,18.687
33.373,18.635
32.757,18.111
31.243,13.296
29.825,13.150
28.877,12.989
28.439,14.291
28.384,12.793
28.233,12.851
29.024,15.639
30.209,16.742
29.503,17.335
30.129,16.309
28.961,16.111
27.576,13.508
28.443,13.750
29.696,15.414
29.386,15.455
29.083,15.531
27.986,12.879
27.480,12.901
28.022,11.869
27.655,10.852
26.939,12.988
27.986,14.017
27.950,14.368
27.863,12.249
25.918,10.193
25.569,10.621
26.380,10.982
25.324,9.955
24.718,10.552
24.671,9.944
24.739,9.677
26.841,11.699
27.671,12.840
28.896,12.453
30.549,10.019
30.841,14.628
29.304,13.837
30.613,11.420
29.604,13.022
29.856,12.811
24.481,11.002
24.067,8.951
24.952,10.264
25.239,10.370
26.305,12.025
27.795,12.409
27.665,13.721
27.299,13.567
27.547,12.632
28.811,13.159
29.048,13.555
29.353,14.650
30.449,15.334
31.079,17.759
32.458,16.786
33.701,17.725
32.653,17.591
30.777,16.507
27.776,14.291
28.080,10.560
27.332,12.569
27.749,12.153
29.587,12.211
33.241,15.841
33.701,17.352
34.615,18.609
33.778,17.835
34.441,18.673
31.505,15.528
24.981,13.476
27.440,9.196
29.329,11.456
32.001,15.856
31.016,15.806
33.584,16.850
34.504,14.264
32.345,17.928
30.330,14.691
32.537,15.998
35.157,16.364
31.835,15.160
32.320,12.152
33.388,16.630
35.385,15.642
36.736,15.427
36.987,14.921
37.975,17.894
37.130,17.807
38.622,18.494
38.988,18.826
37.512,13.324
36.844,18.112
36.406,14.540
37.199,14.561
36.135,13.814
34.669,13.869
35.965,17.879
38.408,21.398
35.453,19.661
37.520,19.269
37.817,18.479
37.671,16.069
37.106,16.237
36.601,15.686
37.194,18.162
35.770,19.893
37.408,18.408
38.603,20.052
35.034,22.331
34.978,20.082
34.344,18.083
38.438,16.484
38.892,21.706
38.920,17.247
37.871,19.123
36.242,16.721
40.099,16.074
39.415,16.588
42.439,18.470
40.699,19.513
39.150,16.645
39.392,20.023
38.211,21.834
37.384,20.556
38.750,18.213
41.430,19.976
41.268,20.290
41.326,20.575
39.562,20.549
39.641,20.176
39.243,21.168
39.206,19.367
36.448,22.567
38.167,20.949
39.780,19.686
38.224,23.093
41.233,25.524
41.558,24.579
41.459,25.432
45.496,23.583
46.117,24.353
42.785,23.140
43.535,25.553
43.700,23.499
42.736,20.944
41.516,22.484
41.853,24.485
41.801,23.167
42.066,23.702
43.192,22.813
42.504,22.979
41.525,23.139
40.868,23.087
40.469,22.692
41.068,23.918
43.213,24.100
43.097,25.447
44.130,24.574
44.800,24.281
44.306,26.172
44.788,24.641
44.236,25.228
44.567,26.826
43.832,27.091
42.748,26.269
43.403,25.141
42.093,24.722
41.237,26.035
41.182,26.466
41.988,26.919
40.979,28.420
41.344,26.967
42.419,27.020
42.539,26.830
43.045,29.109
41.849,29.493
43.263,28.720
40.871,29.672
42.301,28.814
42.506,29.552
40.454,28.369
39.147,27.452
35.384,27.654
32.105,26.453
35.778,25.629
34.682,26.504
36.298,25.699
39.472,26.444
40.611,26.802
40.233,27.077
32.239,25.768
25.608,24.828
32.975,24.315
35.107,25.455
35.631,25.720
35.276,25.979
36.105,25.696
36.093,26.075
37.891,26.782
33.052,26.947
33.553,26.341
34.934,25.919
34.173,25.599
36.053,26.105
34.843,26.455
36.097,26.613
34.152,27.009
32.513,25.769
27.965,24.618
31.148,25.149
29.943,25.023
29.766,25.191
29.219,24.745
29.165,24.447
27.806,24.616
30.681,25.567
25.948,24.027
27.650,23.731
24.832,23.924
28.971,23.200
29.342,25.111
26.040,24.746
29.198,24.483
30.779,24.505
30.975,24.724
26.019,24.448
32.336,24.004
32.497,25.129
28.258,25.634
28.955,24.688
27.286,24.858
26.291,24.412
25.881,24.123
29.945,22.942
30.063,23.740
27.461,24.691
31.215,24.337
28.717,23.051
29.364,23.922
29.599,23.367
29.317,24.169
25.244,24.492
26.522,24.212
26.913,24.311
25.680,23.983
28.127,23.628
27.780,24.195
27.847,24.795
27.959,24.091
27.729,23.835
29.393,23.793
29.433,23.759
29.835,24.131
30.692,23.415
31.393,23.487
24.764,23.441
25.386,23.208
28.690,23.214
26.830,24.216
24.810,23.024
26.931,22.597
29.786,23.473
28.754,23.399
29.642,23.011
31.037,23.870
30.428,23.677
30.519,23.607
29.645,23.342
30.123,23.400
31.004,22.485
30.060,22.041
30.137,22.633
29.838,22.118
30.634,21.536
33.536,21.918
35.443,23.365
36.842,24.208
34.399,24.900
35.555,24.529
35.652,24.092
36.717,24.948
34.386,24.595
36.914,23.315
37.291,22.804
38.723,23.684
38.157,23.139
28.290,22.882
29.197,22.578
30.004,24.561
30.227,24.031
25.412,22.852
24.232,22.258
29.302,22.017
27.596,23.189
26.145,23.056
28.462,23.414
28.996,22.702
31.224,23.105
28.617,23.204
31.935,22.042
31.378,22.017
30.676,22.283
30.010,22.711
29.642,22.188
29.234,22.222
30.413,22.992
30.656,22.361
31.592,21.176
32.113,21.667
32.788,21.622
32.103,21.838
32.409,21.846
33.260,21.332
34.565,21.402
34.776,21.250
34.517,21.130
33.865,20.665
32.025,19.510
32.347,19.240
30.568,19.577
31.147,20.721
31.581,21.386
31.998,19.526
31.677,19.287
30.742,17.601
30.669,15.353
29.997,16.434
30.605,17.155
31.561,18.087
31.706,19.711
31.834,19.628
30.608,19.127
30.951,19.351
30.167,18.799
30.638,19.372
30.193,17.591
29.683,18.040
29.125,16.610
29.562,16.088
29.678,16.681
28.777,17.176
28.009,16.893
27.675,14.438
27.612,14.308
28.538,15.573
29.072,15.375
30.165,13.618
29.876,14.803
29.504,16.480
29.012,16.807
29.964,16.191
30.639,15.733
30.437,16.091
30.333,17.044
30.327,18.263
29.453,17.584
29.767,16.175
30.902,16.011
30.529,16.504
29.972,15.894
29.891,17.106
29.595,16.678
28.633,14.608
29.113,13.897
29.651,14.362
27.745,14.334
27.916,14.087
28.633,14.095
27.921,13.014
26.916,13.195
28.281,11.769
28.178,10.493
27.653,11.856
27.499,12.666
27.441,10.558
27.953,11.294
26.193,11.520
25.577,11.574
25.406,11.139
25.409,12.807
26.277,14.413
27.937,14.374
27.224,14.834
27.437,15.684
24.690,10.661
25.123,11.981
22.043,13.930
24.894,11.079
24.972,12.243
24.109,15.152
24.837,14.319
26.287,13.611
25.844,9.548
24.973,10.093
25.736,11.772
28.275,13.763
26.905,10.732
24.428,10.525
22.832,10.216
23.970,11.269
26.331,11.948
27.507,13.844
26.351,9.653
25.454,11.768
25.514,11.667
24.619,7.481
25.489,11.614
27.286,13.127
18.479,15.774
24.662,16.107
25.265,13.557
26.039,14.733
26.124,14.147
26.783,13.992
28.005,14.529
26.981,13.780
28.715,13.653
28.110,13.239
28.165,13.843
28.271,14.680
29.861,16.102
29.917,14.801
29.758,14.082
30.622,14.366
31.848,15.892
29.849,15.606
27.497,12.080
26.174,10.634
26.321,10.450
25.805,10.036
27.070,12.820
26.587,12.747
26.576,12.444
24.792,14.884
26.486,10.040
26.619,12.858
28.344,12.377
30.055,11.916
31.805,13.363
26.677,19.253
29.981,13.895
29.174,16.351
30.047,15.932
33.030,17.873
32.373,15.843
31.216,12.886
29.845,11.764
28.127,13.178
29.064,13.383
29.307,13.155
31.401,14.938
31.719,14.401
33.743,17.843
34.126,19.091
33.678,19.609
33.820,17.585
33.093,17.820
33.766,15.519
34.428,16.629
34.983,18.635
37.671,19.320
37.979,20.698
38.278,18.629
37.219,19.443
35.635,18.953
38.498,17.434
37.751,17.395
34.632,16.808
36.209,17.132
37.802,18.125
37.385,20.234
36.250,18.671
36.846,20.211
39.301,18.559
38.369,20.231
38.042,18.912
38.341,20.679
38.412,17.456
38.304,20.823
37.426,21.059
39.011,17.735
39.805,20.456
40.753,19.714
38.981,21.118
38.220,22.849
40.449,16.706
39.124,15.358
38.623,14.861
39.636,16.102
40.350,16.771
39.581,20.338
40.365,20.353
41.460,19.595
42.301,20.652
41.035,22.638
40.373,20.554
38.607,18.904
40.340,20.565
42.879,22.041
41.108,25.148
40.733,23.575
42.861,22.284
41.385,25.156
41.446,24.736
46.982,27.143
46.989,25.031
43.578,26.053
42.556,25.376
42.142,25.836
41.272,24.035
40.984,23.329
39.159,23.126
40.128,25.128
41.888,23.223
43.281,28.071
43.399,28.640
41.263,26.735
39.993,23.685
39.458,24.062
39.446,24.644
39.268,23.769
39.684,24.911
37.751,25.331
36.864,24.772
38.978,25.418
41.599,25.571
42.448,25.055
42.709,25.629
43.487,26.502
43.186,26.783
42.682,26.469
44.195,25.315
43.972,26.629
46.300,27.583
47.931,28.147
44.291,31.269
43.926,28.666
43.316,27.243
42.692,26.321
44.032,26.694
45.949,28.386
45.888,30.063
45.783,29.280
45.381,28.657
45.174,28.036
44.957,28.912
44.229,28.365
43.711,27.776
42.228,27.900
42.459,28.279
40.285,27.073
38.692,25.634
37.488,26.745
38.087,26.469
39.668,26.167
38.538,26.207
39.864,26.574
36.695,27.104
40.334,27.477
40.408,27.371
39.157,27.786
39.880,27.816
40.536,27.542
39.868,27.512
39.646,27.378
39.568,27.898
39.765,27.680
39.183,26.682
39.030,26.743
38.424,26.695
38.099,27.085
35.219,27.006
38.864,26.816
39.171,26.966
40.603,27.623
40.025,28.441
37.958,27.585
36.571,28.177
36.348,27.401
38.362,26.992
38.253,27.390
36.970,26.455
34.455,26.506
37.443,26.736
33.574,26.811
35.177,26.375
30.197,26.132
27.383,24.725
31.093,24.373
32.027,24.545
32.968,24.584
26.234,23.809
23.474,22.527
24.518,22.759
27.708,23.933
31.284,24.201
25.691,23.943
27.101,24.404
30.534,24.685
30.006,25.104
