20000101
30.973,13.599
30.176,14.019
30.825,12.820
29.980,11.645
30.171,10.035
29.859,11.688
30.461,12.187
31.628,9.029
32.015,8.340
33.112,12.727
33.566,10.772
30.629,11.358
27.895,11.864
26.650,8.751
25.996,9.161
26.038,9.367
28.564,11.470
31.951,14.332
33.012,12.221
32.098,9.380
28.466,11.269
29.694,11.326
30.858,9.787
30.792,11.562
32.512,10.824
32.107,9.913
29.162,15.192
28.717,12.640
30.487,11.709
32.795,11.881
30.976,9.476
29.624,13.281
29.465,12.456
29.161,9.004
28.613,11.534
26.333,13.921
26.935,10.322
28.053,11.839
30.230,12.481
30.055,12.681
29.733,9.241
27.200,9.143
26.831,9.431
28.401,10.818
28.163,11.990
30.568,11.389
32.220,12.500
30.773,11.312
30.920,11.014
31.111,12.799
32.610,12.086
32.330,16.664
33.051,16.666
31.823,18.277
29.499,21.670
33.056,17.574
32.230,13.324
34.366,10.226
36.154,15.923
37.461,13.550
38.028,18.029
36.523,18.136
36.325,16.901
33.942,14.269
34.944,13.121
33.735,14.181
31.173,11.944
33.239,15.947
36.380,14.379
35.589,13.488
36.980,16.005
34.818,16.110
32.623,15.647
36.334,15.454
34.309,14.523
34.942,14.853
35.370,15.306
38.129,12.060
36.755,15.111
37.738,17.116
37.641,16.663
36.389,16.969
35.633,17.440
35.830,18.803
37.013,18.879
39.819,19.424
40.053,20.330
40.123,18.960
41.235,19.863
41.282,19.258
41.387,20.544
42.163,24.043
42.725,24.732
44.325,17.092
42.538,16.340
42.356,16.495
43.536,16.971
41.792,18.893
41.094,23.472
42.876,19.960
42.456,18.627
43.281,19.520
43.728,21.224
43.759,21.103
41.845,21.255
42.476,21.598
42.380,20.754
42.752,22.334
42.601,21.337
43.489,22.459
42.837,22.886
41.746,24.202
41.710,26.248
42.164,24.748
41.697,24.041
43.090,24.576
43.964,25.218
43.633,24.982
43.507,25.659
43.384,26.012
43.058,26.475
43.182,24.228
44.535,23.794
44.480,24.184
43.717,24.105
44.448,23.517
44.472,28.666
44.512,26.235
42.829,26.735
42.656,25.977
42.632,26.224
42.076,27.371
39.705,28.294
37.651,25.050
40.267,25.267
40.426,26.480
40.455,26.358
40.354,25.388
42.175,26.303
40.078,26.352
36.573,27.735
41.653,26.422
42.237,28.112
41.865,28.047
41.835,28.258
41.990,28.249
41.846,28.148
42.763,28.169
42.425,27.569
41.625,30.027
39.577,28.742
38.420,28.082
42.265,28.752
42.643,28.440
46.445,29.313
45.080,30.428
45.357,29.070
46.322,29.327
45.796,31.004
45.051,29.215
43.882,28.573
43.025,28.720
42.398,28.039
42.135,28.337
40.677,28.760
41.018,28.834
40.881,27.959
42.220,28.114
42.194,27.732
42.949,26.930
43.163,27.664
41.446,28.924
41.144,28.363
39.365,28.029
40.378,27.805
39.459,27.221
40.137,27.291
40.070,27.042
40.164,28.006
40.282,27.854
41.977,28.126
41.157,28.901
38.438,27.778
30.782,26.169
38.415,25.396
34.130,27.098
37.747,26.379
39.686,27.184
37.504,27.891
31.169,27.473
30.244,27.279
33.979,25.839
31.891,26.407
32.384,26.548
33.395,26.595
27.353,24.617
25.950,24.256
28.628,23.950
30.835,23.676
32.804,24.725
31.682,25.086
33.097,24.620
28.025,24.499
31.544,24.124
33.411,24.083
35.233,23.920
34.293,24.334
36.327,24.404
37.245,25.084
37.745,24.875
32.161,26.669
30.853,26.428
35.816,25.416
36.360,26.081
36.016,25.942
32.847,25.121
35.347,24.827
37.032,25.143
37.484,25.875
38.063,25.306
37.747,27.170
37.063,26.961
38.277,27.356
32.276,25.525
33.280,26.597
30.800,25.098
30.017,24.032
29.121,24.178
30.237,23.378
27.441,24.535
31.500,24.776
28.643,23.498
26.162,23.822
26.926,23.493
31.055,23.551
37.472,25.271
37.263,25.580
37.556,27.645
34.789,26.880
33.312,24.787
32.073,25.044
34.042,25.009
32.208,25.029
27.674,25.057
28.817,24.367
31.123,25.157
34.620,24.698
30.416,24.627
27.211,24.159
33.776,23.005
30.366,23.639
34.387,21.172
34.332,22.677
34.609,23.080
34.313,22.104
34.634,21.452
35.065,21.858
36.266,21.999
33.505,24.296
33.589,21.701
35.514,21.367
34.083,20.919
35.241,21.757
36.150,20.904
40.250,23.941
39.656,23.065
37.197,24.620
38.341,24.636
38.661,24.292
39.507,23.303
39.036,21.887
40.424,24.733
39.136,20.943
39.199,20.708
40.815,22.164
39.959,22.426
40.336,24.234
40.768,20.295
40.693,21.039
39.986,20.285
39.356,19.622
38.984,24.639
38.466,20.151
41.309,20.893
39.401,21.970
38.299,23.437
38.404,23.205
37.927,25.833
39.320,21.317
39.613,20.166
39.670,20.124
40.042,19.770
39.807,19.929
40.321,17.665
39.506,19.188
37.985,16.529
36.679,15.628
35.902,16.578
37.596,18.251
38.400,18.832
37.673,20.692
38.672,19.432
37.517,18.216
37.857,17.737
37.928,17.604
36.647,17.852
36.060,18.798
35.375,18.617
36.704,18.872
36.849,18.228
35.105,16.750
34.916,15.777
36.255,17.299
36.581,19.680
38.297,20.665
37.166,20.120
35.223,18.572
35.446,15.042
36.002,20.210
35.774,19.257
35.311,19.097
35.051,17.377
34.789,16.256
33.302,13.266
32.646,14.292
34.111,14.397
33.932,15.834
34.042,12.548
35.152,17.191
33.658,17.357
33.421,16.645
32.251,14.786
31.305,17.247
30.070,15.549
30.382,13.987
29.317,13.696
29.558,12.715
30.244,12.610
32.245,13.098
32.758,12.028
33.595,14.509
33.339,15.831
33.949,15.543
33.731,13.722
32.451,13.752
31.854,13.179
31.671,12.857
32.390,11.704
32.378,14.065
32.351,14.659
32.509,14.334
32.332,14.444
32.488,13.585
31.135,15.190
31.362,13.498
31.315,13.641
32.933,13.789
32.219,13.184
32.722,13.841
32.823,12.828
32.189,14.247
31.692,12.978
30.790,11.869
31.536,13.199
23.969,13.273
26.045,12.931
26.015,6.336
26.179,8.196
27.319,11.497
27.410,11.057
27.993,11.496
30.381,11.838
28.776,13.250
26.731,9.489
26.703,10.402
28.745,11.685
30.060,13.100
30.037,8.318
29.569,12.099
30.135,12.487
30.545,13.799
31.016,15.169
32.511,16.515
32.539,14.535
33.217,12.963
33.256,13.870
30.439,12.394
29.189,12.127
29.006,9.982
29.173,10.658
30.262,9.927
31.016,10.864
32.132,12.578
33.035,13.773
32.734,10.517
30.937,12.865
31.677,14.766
33.037,13.458
30.987,13.515
31.168,11.472
30.431,9.186
30.742,6.475
31.452,9.363
32.335,10.165
34.265,12.499
34.234,13.498
32.928,11.683
32.736,10.984
35.459,11.027
36.750,17.550
31.451,11.309
29.917,11.514
32.614,13.581
34.217,14.424
35.180,16.249
35.471,16.839
36.504,17.339
35.495,15.674
35.693,15.035
37.145,16.566
36.056,17.044
34.955,15.423
34.364,15.116
34.431,12.547
33.631,11.965
33.546,18.616
33.835,18.445
34.868,17.601
36.268,20.414
34.763,17.262
36.248,16.762
37.243,12.343
36.263,15.743
36.608,18.164
38.224,18.647
36.579,15.102
35.560,20.207
35.421,15.772
36.320,14.342
38.700,19.583
39.583,19.348
38.694,17.765
39.619,16.793
39.634,21.026
37.208,20.381
37.003,16.304
37.096,20.899
37.548,23.614
38.113,19.132
38.468,20.356
38.384,21.512
38.960,20.115
37.154,21.714
35.065,16.379
35.281,16.463
36.935,15.657
38.374,20.925
42.562,21.301
40.321,22.277
40.675,16.009
42.075,15.299
42.694,15.184
41.564,22.103
40.943,21.578
40.151,20.589
40.140,18.240
39.795,20.090
38.963,21.724
41.156,20.781
39.269,21.362
37.079,25.770
38.814,20.715
36.284,24.321
37.338,20.387
37.813,24.079
41.775,20.143
40.551,20.497
41.898,18.303
45.522,21.679
44.585,24.634
44.096,25.832
43.613,23.324
42.383,23.504
42.449,23.434
43.630,22.575
44.313,24.156
45.713,25.414
44.231,25.313
44.540,24.651
44.910,24.399
45.288,24.590
45.033,25.210
44.237,25.148
42.850,24.139
41.785,25.680
42.906,26.371
42.716,25.187
43.813,25.397
43.999,25.243
42.599,24.790
42.164,25.486
41.944,27.184
41.328,26.745
40.043,26.676
39.155,26.594
40.716,27.128
41.833,27.362
42.207,28.183
45.391,28.821
44.973,29.635
43.426,28.831
40.312,27.998
41.643,26.997
40.966,27.419
36.883,26.583
33.874,26.305
35.530,25.901
37.045,26.668
35.691,26.813
34.856,27.487
37.238,26.688
37.950,27.316
38.266,26.873
41.895,27.423
41.553,28.263
40.804,27.530
39.836,28.308
37.732,27.486
38.893,26.902
38.358,26.937
32.994,26.931
34.315,26.060
31.453,25.312
32.761,24.665
36.010,25.857
38.737,26.610
39.110,26.891
39.261,26.851
39.570,26.398
40.809,27.263
40.472,28.320
40.492,27.558
39.630,28.061
39.630,27.144
39.392,27.112
38.752,27.479
38.373,27.818
36.013,28.484
32.588,27.026
33.178,25.928
26.033,24.655
29.820,24.832
33.819,24.312
35.578,24.944
34.016,26.032
32.295,26.047
33.514,24.950
30.015,24.562
30.563,24.679
30.394,24.558
32.617,24.460
27.677,25.156
27.989,25.357
26.974,24.853
27.359,25.055
29.898,25.443
26.481,25.100
28.350,24.325
31.746,24.539
27.248,24.788
33.372,23.995
31.187,24.774
30.511,24.550
32.492,24.673
32.943,25.242
31.399,25.028
31.471,25.087
33.802,24.981
34.900,25.160
34.478,25.333
34.777,23.816
40.465,25.053
33.719,25.598
33.589,24.464
31.709,25.851
30.166,25.730
31.240,25.160
32.606,25.087
31.200,25.994
32.269,25.022
30.561,25.041
33.458,24.856
32.619,25.144
26.538,24.792
24.587,23.418
31.960,23.852
33.109,22.693
33.181,23.872
34.247,24.093
32.750,24.272
33.727,23.826
32.736,24.259
31.998,24.231
32.876,23.239
34.184,23.165
34.372,23.488
33.048,24.170
32.703,22.669
34.715,22.675
36.091,24.321
35.372,23.900
35.922,24.026
36.097,25.176
35.774,24.453
34.643,23.685
35.035,23.049
34.101,22.230
36.083,21.888
35.095,23.091
35.369,23.123
35.896,22.313
36.007,23.257
36.111,22.288
38.844,21.628
39.332,21.745
35.592,24.437
36.318,25.406
37.771,23.053
36.065,25.550
36.609,25.911
38.827,28.111
35.049,24.043
39.903,23.821
40.311,27.193
39.726,24.961
39.267,23.642
40.964,19.873
42.219,22.226
42.058,23.134
40.387,22.379
37.187,22.389
37.507,23.076
36.502,23.527
38.124,23.040
39.556,22.783
38.796,24.391
39.248,25.686
38.451,26.294
35.056,24.540
29.966,24.240
25.655,22.852
33.349,22.308
35.866,23.105
35.425,27.192
36.388,24.210
38.134,22.767
36.900,20.965
38.792,19.747
38.419,16.987
38.071,17.372
38.321,17.898
37.837,20.180
39.155,20.979
38.867,20.777
38.055,16.803
39.235,18.671
39.750,19.678
39.056,20.010
38.318,19.893
37.516,19.365
38.145,18.037
37.470,17.989
37.034,19.204
35.960,15.363
35.123,16.228
35.888,16.065
35.983,20.210
34.634,19.921
33.258,18.611
33.165,16.206
33.808,16.118
33.275,17.063
34.084,17.202
33.899,15.917
34.124,16.473
35.831,17.338
36.188,18.643
36.585,20.735
35.575,19.170
35.693,18.702
35.456,18.175
33.670,17.290
34.187,16.388
33.398,15.390
32.320,15.051
30.789,14.044
30.765,14.120
30.561,14.359
30.542,13.506
31.221,13.666
31.432,14.445
31.882,14.813
31.750,14.212
31.900,11.076
31.987,12.413
33.381,14.905
33.825,15.244
34.257,14.977
34.182,14.560
33.318,14.721
33.119,14.131
32.717,13.569
31.437,15.383
31.315,15.208
31.642,13.845
31.898,14.736
32.330,15.862
32.540,15.575
32.717,16.653
30.846,15.994
29.698,15.164
29.082,13.075
28.828,11.987
29.435,11.808
30.497,12.170
30.912,12.248
31.605,13.973
29.843,14.941
30.021,14.443
30.448,13.955
29.869,13.662
29.848,12.924
29.734,12.961
28.903,12.888
28.476,12.421
28.177,12.203
29.692,13.718
29.060,13.356
28.931,13.585
28.530,12.995
30.140,13.220
31.141,13.705
32.639,13.754
33.247,11.460
31.868,12.069
31.464,13.670
28.187,11.662
27.534,7.631
25.801,10.163
26.642,9.764
26.044,10.446
26.377,10.672
27.390,10.696
28.955,10.093
28.624,10.200
27.986,11.736
27.777,9.677
25.697,9.835
24.763,9.000
25.985,9.769
26.135,10.113
28.122,10.111
30.095,10.726
30.316,11.750
30.048,13.097
31.481,14.867
32.765,14.227
30.640,11.046
27.713,9.655
26.347,7.175
27.837,10.045
24.796,13.914
27.988,13.519
29.774,11.681
31.828,13.382
33.889,14.867
35.277,15.236
35.183,16.144
32.165,17.477
34.397,18.166
34.782,20.377
34.725,17.336
35.595,16.050
35.862,14.521
33.885,16.624
34.166,14.568
33.746,13.278
34.631,17.134
36.239,18.108
36.234,15.911
37.982,18.923
34.081,18.555
34.724,17.161
34.783,16.642
35.496,16.905
37.292,17.148
35.780,14.481
34.525,15.810
33.798,16.692
36.953,19.222
36.926,21.810
28.846,22.722
36.535,19.177
30.428,20.350
35.747,15.750
36.763,15.556
41.192,15.910
43.051,20.347
41.928,20.195
40.229,17.657
38.847,20.769
39.394,16.754
39.976,15.856
37.999,20.060
37.231,18.732
38.932,16.348
38.850,17.906
39.677,20.213
40.018,21.406
40.712,17.806
41.693,19.112
42.198,22.129
42.322,20.390
42.855,17.041
41.009,16.301
42.081,19.744
42.367,24.976
36.308,23.251
38.919,23.350
38.500,24.842
39.637,21.245
40.094,20.241
41.580,21.533
41.193,21.884
40.793,23.187
39.347,22.712
39.129,21.254
40.203,21.670
41.268,23.958
42.822,24.428
41.596,28.187
42.059,23.230
42.086,23.426
41.923,24.224
41.477,24.523
40.553,22.861
43.070,19.929
44.339,20.881
45.019,24.380
45.253,23.274
45.422,23.136
44.977,23.850
45.571,25.864
46.785,26.099
47.295,27.228
47.215,26.235
46.147,26.763
44.685,25.212
43.512,24.639
43.171,26.667
43.813,29.381
43.211,29.408
44.130,26.989
44.509,28.218
44.667,28.420
43.988,28.383
44.144,27.793
42.541,30.212
44.544,28.322
42.892,27.095
42.633,27.130
43.388,27.500
44.112,28.630
44.153,28.378
43.743,28.342
43.478,28.065
41.835,26.735
41.375,26.219
41.874,27.181
42.436,28.449
42.736,28.195
43.451,28.185
42.255,29.422
42.849,27.783
43.509,28.340
43.233,28.014
43.349,28.291
42.593,28.023
43.178,29.530
43.679,28.650
43.273,29.066
44.603,29.557
44.370,31.107
44.264,31.146
44.603,30.098
42.583,31.191
41.466,29.819
41.977,29.256
38.071,28.233
39.197,28.852
39.211,28.975
39.845,28.863
36.305,28.809
41.625,27.608
42.857,28.504
41.668,29.366
40.487,29.314
38.215,28.493
36.097,27.685
33.688,26.492
26.510,24.347
29.395,24.744
36.536,24.933
37.708,25.716
38.291,26.606
37.831,27.569
40.613,27.480
39.174,27.740
38.092,27.626
39.487,27.644
39.252,27.247
37.934,28.327
40.169,26.892
41.308,27.341
37.734,27.881
36.923,26.964
29.918,27.125
30.411,26.176
30.472,26.240
30.210,25.860
29.327,25.275
26.800,24.985
34.194,24.982
28.014,26.228
28.444,26.121
28.465,26.077
28.426,26.222
28.185,25.739
36.589,25.918
37.612,24.998
38.811,26.109
39.432,25.655
40.299,25.603
38.622,27.084
38.667,26.892
38.923,28.350
35.590,26.249
27.196,24.682
26.854,24.231
29.931,24.017
30.733,23.531
25.419,24.243
33.191,23.911
29.315,25.046
26.537,25.015
26.246,24.739
25.972,24.743
27.442,24.930
31.213,23.785
28.474,24.860
33.113,24.195
31.568,25.473
34.359,24.038
33.324,24.269
35.999,24.303
36.195,24.664
32.842,24.593
30.744,25.001
26.795,23.826
31.639,22.343
33.375,22.548
34.138,23.511
27.483,24.182
30.094,23.713
32.090,24.137
32.410,24.441
30.021,24.809
31.478,24.138
33.511,24.991
33.840,24.399
33.965,22.094
33.879,23.871
33.114,22.485
35.266,21.307
30.104,22.511
35.687,24.439
36.088,22.725
34.853,19.831
35.322,21.717
34.742,21.899
34.084,21.426
35.128,21.889
36.612,20.038
37.040,21.601
40.486,23.442
37.834,22.832
38.583,25.955
37.170,26.896
37.041,22.492
37.357,22.421
36.147,24.499
40.823,20.787
39.248,24.562
40.309,24.377
41.311,19.959
39.824,20.959
39.112,20.651
39.712,21.035
39.354,20.074
40.146,20.361
41.905,19.567
42.236,18.145
40.794,19.987
39.257,20.367
38.920,21.281
39.622,22.276
39.242,20.488
39.266,22.678
38.244,23.356
39.248,23.605
38.903,21.025
39.148,16.925
38.106,18.354
37.573,18.470
37.446,19.860
37.765,22.544
36.954,17.842
38.848,18.001
37.939,19.655
37.171,19.319
38.546,17.793
36.697,13.259
36.880,14.571
36.321,16.645
36.925,15.851
38.302,18.077
37.773,18.380
37.526,17.528
37.018,14.530
36.429,13.757
34.281,18.279
30.625,18.169
34.972,19.739
35.829,20.963
34.860,21.417
33.216,20.081
32.707,18.581
34.263,17.749
33.754,19.945
33.836,17.158
35.533,16.772
34.532,16.055
35.561,17.379
35.102,18.476
35.956,16.574
36.373,18.526
35.641,18.035
34.753,16.686
33.205,16.827
34.872,14.432
35.778,15.783
34.581,14.999
33.017,15.481
33.487,15.605
32.987,14.871
32.457,15.615
32.673,16.192
33.070,15.348
32.206,12.294
32.200,14.246
32.717,15.860
33.472,17.041
33.915,18.344
33.310,17.223
31.982,15.556
32.299,11.621
32.349,10.494
33.856,15.096
34.496,17.478
34.766,17.499
35.108,18.372
34.518,14.152
33.423,13.187
31.970,14.310
31.625,13.233
31.348,14.093
31.801,10.911
32.486,14.074
29.541,14.763
28.421,12.885
28.775,11.336
30.208,13.383
29.003,13.190
28.654,10.750
29.322,11.819
26.173,13.118
24.940,9.606
25.197,10.366
24.415,14.577
27.224,14.000
30.100,13.112
31.340,13.096
30.684,15.747
29.110,13.143
31.139,15.197
30.945,18.810
30.748,15.756
32.031,16.889
30.775,16.712
30.019,13.356
31.108,13.012
30.673,13.473
29.802,13.083
30.132,12.716
31.296,12.827
31.994,18.117
32.522,15.249
32.458,14.988
32.649,13.780
32.808,10.477
34.142,10.653
35.080,17.298
35.022,17.648
31.681,15.911
30.878,13.844
31.567,11.640
31.115,16.759
29.003,15.993
30.323,15.701
30.113,15.680
29.544,15.821
31.102,14.881
33.093,14.683
33.285,13.220
32.001,13.839
32.233,15.151
32.373,16.202
32.168,18.047
32.038,16.861
32.522,14.542
33.410,16.423
34.912,16.977
35.687,15.856
33.591,19.476
27.879,19.505
29.809,16.574
31.081,13.893
33.261,16.820
34.591,17.624
35.200,18.213
35.097,17.776
35.390,19.547
36.290,18.560
36.691,19.749
37.248,19.915
38.092,20.706
35.666,21.475
32.124,15.473
30.192,8.421
31.395,13.352
35.818,15.051
36.654,16.246
36.661,17.522
37.293,17.093
37.059,18.594
35.401,15.595
35.242,16.806
38.012,17.913
38.646,19.945
37.371,14.235
36.654,16.224
36.573,23.459
36.770,18.911
36.995,19.266
39.398,17.203
39.583,18.077
39.842,17.008
40.116,20.034
40.507,21.034
41.810,24.386
41.663,23.576
40.579,20.719
40.345,21.994
38.980,21.166
38.174,21.302
40.738,21.437
40.983,22.761
41.987,21.091
41.069,21.979
40.198,23.794
39.481,20.402
41.370,24.708
44.337,20.959
41.263,20.180
41.660,21.752
42.277,25.347
43.360,24.031
40.485,27.564
39.209,21.678
39.352,20.969
40.083,22.735
40.030,23.499
41.609,23.744
40.632,25.398
38.259,23.996
39.288,19.281
43.470,20.262
45.661,20.653
44.201,22.338
42.000,23.377
42.067,22.260
42.660,23.148
42.343,22.569
43.252,19.855
45.762,21.886
45.452,24.242
44.550,24.150
42.562,22.041
40.272,24.105
40.746,20.184
40.906,21.059
40.824,22.352
41.094,23.046
41.588,21.224
46.359,23.304
47.150,25.277
45.402,26.969
45.351,28.255
44.665,25.277
44.769,27.000
45.708,24.794
44.594,29.009
44.345,27.681
43.321,28.382
42.503,26.849
42.710,26.548
42.437,26.281
41.469,26.034
42.116,27.112
43.280,26.310
41.594,27.121
39.811,25.168
41.191,26.940
42.517,25.621
43.587,27.400
43.692,27.651
43.727,27.263
43.039,25.630
44.034,28.525
43.837,28.502
44.788,27.479
43.867,27.786
43.637,28.834
42.928,29.217
42.901,29.109
43.675,29.183
43.041,28.793
43.157,28.174
43.280,29.627
43.713,28.790
38.345,28.258
41.361,28.866
35.080,27.830
34.994,27.086
31.800,25.909
30.448,25.314
32.332,26.214
39.311,26.268
40.862,27.614
40.435,27.161
40.045,28.954
36.116,28.783
36.417,27.527
37.513,27.454
37.620,27.203
37.431,26.643
37.381,26.384
37.783,27.122
37.570,28.437
36.726,26.887
35.123,27.026
28.352,26.383
31.860,26.014
33.775,25.981
32.380,25.541
30.818,25.616
33.429,25.060
30.322,25.386
32.450,25.751
33.830,25.492
35.223,26.270
34.019,26.372
29.333,25.515
31.716,25.617
32.393,25.849
33.712,25.323
31.703,26.016
31.922,25.484
30.233,25.136
30.738,25.432
29.072,25.325
27.706,24.878
29.959,24.146
30.400,24.895
27.906,25.193
28.478,24.635
28.534,24.073
29.833,24.214
30.008,24.231
29.647,24.297
29.534,23.643
29.253,23.927
30.475,24.635
34.469,24.370
34.177,24.528
32.056,25.687
31.510,26.175
31.193,25.049
28.216,24.865
31.007,24.398
32.653,25.146
32.547,24.013
33.368,24.267
32.011,24.888
33.033,25.124
32.570,24.253
32.374,24.381
34.395,23.971
35.456,24.275
38.081,25.027
31.371,26.148
31.274,24.329
25.064,23.809
25.532,23.583
28.641,23.708
30.435,24.306
31.386,23.318
25.830,24.251
27.712,23.745
26.598,23.864
28.634,23.380
30.529,24.375
31.552,24.258
31.455,23.940
28.989,22.453
29.366,22.831
31.986,22.436
32.101,23.031
32.860,23.457
31.803,24.272
32.323,21.867
32.508,22.280
32.715,21.403
32.036,22.911
31.116,24.594
33.230,23.159
32.361,24.235
31.048,23.689
33.501,23.759
34.257,22.066
34.385,22.966
31.246,22.901
31.849,22.811
31.873,24.509
34.371,23.961
35.657,25.046
35.398,24.297
36.821,22.415
35.765,24.921
35.296,23.366
37.417,26.280
36.383,26.463
37.032,22.179
35.970,19.172
33.601,19.594
36.123,21.758
36.681,24.881
36.450,25.125
36.506,21.342
34.738,18.757
35.204,18.661
35.766,17.587
37.101,19.602
37.240,17.676
35.626,19.439
36.554,20.228
36.989,20.284
35.938,18.916
36.354,19.883
34.969,16.524
34.801,18.580
35.243,18.465
34.209,17.523
35.031,16.989
34.452,14.368
36.069,18.850
34.216,19.092
34.539,20.226
35.293,19.879
33.760,18.349
35.068,16.735
35.393,17.502
35.089,19.791
34.642,20.982
35.243,22.340
34.841,19.133
34.074,19.746
34.012,18.292
35.046,19.834
34.673,21.168
34.224,17.529
33.531,17.078
32.796,17.615
31.740,17.077
32.297,14.780
32.729,14.762
32.465,19.135
33.624,17.921
32.556,18.087
32.390,16.870
32.561,16.725
32.556,15.741
32.066,12.367
33.110,15.400
33.981,20.171
32.610,18.856
33.302,16.670
32.577,15.615
32.305,17.259
32.484,15.350
33.316,16.267
32.500,13.890
31.614,14.407
31.857,14.353
32.234,13.384
33.305,15.025
32.877,15.558
33.163,16.408
32.593,13.059
32.024,15.428
32.173,17.366
31.758,14.592
31.650,13.571
31.091,15.524
30.707,16.675
27.090,13.835
26.915,11.697
27.764,13.029
28.042,13.328
28.925,14.473
29.009,13.258
28.776,13.590
28.465,9.983
28.420,11.801
27.756,12.449
27.993,10.891
26.042,7.599
25.388,11.146
26.745,11.390
27.945,11.723
29.343,11.529
28.403,7.679
27.264,10.630
28.364,11.864
28.469,14.326
28.764,15.800
27.846,14.790
26.418,14.074
28.592,15.510
28.951,13.987
30.258,12.982
31.306,13.915
31.726,14.098
31.806,11.030
32.434,12.457
32.431,13.706
33.458,14.829
30.408,10.658
28.985,10.266
28.527,11.193
29.288,12.763
26.969,10.953
26.606,9.849
25.217,14.014
26.622,11.594
26.165,12.279
27.720,11.747
27.649,12.677
29.058,12.085
29.547,13.365
25.739,9.966
26.589,13.500
24.997,11.177
26.223,11.183
28.695,10.844
30.464,11.839
29.402,7.762
30.190,11.349
31.755,11.639
32.305,13.387
31.764,8.204
30.701,14.912
31.042,11.125
33.479,14.337
34.112,17.594
33.661,16.041
33.756,15.678
34.727,15.236
34.921,11.523
32.564,13.199
34.606,12.573
35.512,12.846
34.969,13.927
35.230,14.927
36.636,15.531
38.200,17.081
37.547,17.824
37.203,16.363
36.203,15.336
36.116,16.190
35.291,13.732
36.874,16.901
37.875,18.149
37.857,18.365
38.219,18.859
38.667,19.331
38.971,18.725
39.117,16.142
39.895,18.724
41.392,19.968
40.683,16.170
39.784,16.802
40.319,18.199
41.276,18.699
40.825,20.221
42.889,18.976
44.438,19.307
42.486,21.179
42.309,24.181
41.955,22.869
41.071,16.677
41.084,16.480
41.204,19.300
40.789,21.172
38.699,20.100
36.469,17.072
35.960,13.975
39.030,12.669
41.957,20.296
40.398,20.429
40.349,17.949
39.295,19.924
38.764,21.118
39.617,19.588
39.612,21.174
40.990,22.212
41.100,22.547
40.414,18.911
40.549,18.962
40.673,23.236
40.587,20.880
40.422,18.530
42.050,21.416
41.413,20.977
42.935,20.184
42.122,22.073
41.729,22.185
41.385,20.394
39.232,22.275
39.449,22.361
39.605,20.564
41.674,21.756
42.054,21.615
41.893,22.760
42.754,22.880
42.517,20.733
42.996,21.876
44.120,22.552
42.851,23.535
43.181,23.192
42.078,23.204
41.525,24.018
42.987,16.929
45.530,20.266
46.985,23.638
47.550,25.665
47.365,26.087
46.159,22.363
40.457,29.544
38.698,31.024
44.468,29.513
33.380,27.448
38.259,25.522
38.691,27.071
36.580,27.204
40.142,27.451
40.901,27.167
41.558,26.832
42.830,28.983
43.260,28.537
43.613,26.922
42.858,27.607
41.982,27.409
42.186,27.736
42.103,27.428
41.621,27.143
42.050,27.662
41.570,27.336
42.651,26.869
42.519,26.536
43.969,27.250
44.337,27.506
43.479,28.208
43.907,28.699
44.513,28.321
43.296,28.637
43.223,28.100
43.355,28.508
43.458,27.956
41.511,28.434
42.515,29.588
39.275,29.710
41.699,29.067
40.513,28.496
42.449,29.171
43.384,28.056
43.834,28.740
34.510,27.306
33.887,27.134
36.071,26.986
34.833,26.812
39.492,26.072
39.808,27.522
40.253,27.600
40.341,27.413
39.456,27.369
35.638,27.542
33.616,26.957
32.105,26.912
34.623,25.807
35.025,26.065
34.031,25.587
30.345,25.697
36.512,25.335
35.844,26.289
40.311,27.068
38.878,27.712
36.859,27.864
34.167,26.727
31.977,26.155
32.623,26.045
32.072,25.457
35.678,24.969
30.040,25.461
36.434,25.281
37.259,25.251
37.927,26.081
39.454,26.927
40.519,28.156
40.297,27.823
37.101,27.043
36.654,25.718
36.971,26.461
38.963,25.817
36.674,26.370
40.094,25.796
40.402,26.072
39.956,27.599
37.704,27.062
34.112,27.068
34.950,27.404
34.088,27.279
36.159,26.096
32.129,25.676
32.713,24.832
26.364,24.806
33.440,24.499
37.789,25.878
34.562,27.058
33.075,25.746
27.136,25.377
27.805,23.994
30.244,24.151
29.253,23.961
26.020,24.644
25.138,23.080
29.018,23.106
25.147,23.732
30.374,24.002
25.910,23.685
28.949,23.454
31.511,24.217
31.581,23.610
29.539,23.672
30.689,23.703
32.991,24.506
29.036,24.228
29.760,23.866
32.600,23.896
33.039,23.196
32.701,22.908
33.816,22.507
33.900,22.800
33.959,22.465
33.452,22.055
32.473,21.628
33.002,21.911
32.782,22.938
32.829,24.196
34.379,21.618
36.847,21.984
37.287,23.378
37.021,24.248
35.177,24.221
34.580,23.337
35.033,25.740
34.893,21.790
34.534,21.164
34.328,22.673
33.160,22.457
30.347,22.738
34.766,22.511
35.827,22.976
30.175,24.279
35.840,23.247
39.079,24.012
37.736,23.194
38.583,26.239
38.603,23.958
37.027,23.772
34.699,24.275
37.463,24.027
38.168,24.427
38.621,26.543
33.086,24.315
35.751,24.104
28.583,22.830
30.754,21.959
32.032,23.387
32.546,23.848
34.305,22.990
34.652,22.598
35.003,24.466
33.712,22.156
30.642,21.502
33.213,20.779
34.480,16.737
34.219,18.800
35.391,19.275
34.947,19.025
34.553,16.681
34.332,15.618
34.979,16.835
34.247,16.967
33.744,19.090
36.020,18.313
34.696,19.128
35.246,18.518
34.807,18.223
35.036,19.904
33.958,19.185
34.837,18.264
34.010,20.990
35.074,21.337
34.284,17.529
32.719,18.798
33.427,19.892
34.360,18.568
32.565,18.920
32.562,19.699
32.442,19.419
31.749,19.569
32.012,18.812
33.635,18.455
33.243,18.266
35.102,20.823
33.449,19.712
34.024,17.724
35.050,19.946
34.668,19.094
35.113,19.668
34.781,19.111
34.930,18.763
34.916,23.122
35.140,19.380
34.480,18.987
34.659,15.484
34.410,16.831
34.200,17.443
33.216,18.279
33.115,16.183
33.300,17.414
33.579,18.338
32.612,18.334
31.901,16.781
30.728,12.326
28.899,12.881
30.091,15.902
31.406,17.202
30.649,16.547
31.129,16.244
31.725,16.761
31.494,16.581
32.028,17.008
32.487,18.019
32.757,16.826
32.622,17.198
31.468,16.699
31.729,16.636
32.150,15.986
32.100,16.163
32.728,15.554
32.590,15.509
32.169,14.986
30.770,10.405
28.427,13.935
28.383,12.619
28.328,11.332
28.191,9.120
27.785,13.325
28.392,15.250
26.810,12.877
29.182,13.145
31.288,15.554
31.681,16.640
31.599,18.080
28.048,16.894
24.686,5.981
25.920,8.205
27.155,8.726
28.321,12.223
30.374,14.046
29.184,12.011
28.138,13.256
29.658,12.810
28.931,12.203
28.123,9.073
26.454,10.624
27.919,10.576
29.406,11.575
30.340,12.372
30.212,13.240
27.602,12.130
25.320,10.764
24.544,9.409
25.859,10.378
27.373,11.470
27.555,12.438
27.832,7.677
26.990,11.014
28.510,11.964
29.234,14.471
28.350,12.039
26.765,13.279
27.323,12.103
28.152,10.793
26.936,12.884
27.186,13.669
27.514,13.704
28.636,11.849
29.423,11.535
28.463,9.569
30.734,12.894
31.459,11.249
30.265,12.532
31.790,13.672
33.981,17.190
36.391,18.869
34.218,13.197
34.025,12.699
34.560,16.912
34.805,15.114
33.894,16.178
30.878,16.259
28.142,12.861
27.270,6.758
25.027,3.181
26.793,6.591
26.993,9.920
28.323,11.602
31.835,11.780
33.019,13.778
34.859,15.656
35.406,16.920
38.418,18.295
37.553,19.580
36.815,16.631
37.132,22.214
36.791,17.128
36.099,22.272
34.487,15.099
35.337,15.809
32.804,20.963
34.120,13.878
33.015,20.514
32.402,15.063
33.515,13.563
36.400,17.742
37.520,18.369
38.576,16.821
39.288,16.868
39.021,17.806
39.855,18.440
39.398,18.021
38.977,17.907
38.672,18.977
37.289,18.627
34.816,18.023
35.065,15.424
35.647,12.058
39.000,15.736
39.455,21.281
36.716,19.330
39.275,17.929
38.589,16.173
37.640,17.420
37.459,20.738
40.430,21.391
42.435,18.607
43.204,20.341
44.179,22.159
42.621,22.030
42.664,18.117
40.442,18.347
37.477,16.788
36.730,14.480
35.965,14.977
38.855,17.214
40.974,18.755
41.273,20.582
40.928,18.707
40.664,20.193
40.667,22.753
41.591,20.240
43.049,19.324
41.953,20.783
46.011,20.806
42.599,25.413
41.353,23.671
40.703,24.122
41.142,22.900
40.394,22.198
41.747,22.951
41.038,21.962
40.926,20.999
39.888,21.868
38.758,22.380
40.979,26.297
40.248,24.916
40.253,23.940
38.838,24.280
39.003,24.513
40.283,25.443
41.728,26.250
41.226,25.773
40.043,24.230
40.901,23.346
39.539,20.280
41.075,22.140
42.006,22.419
42.370,22.438
42.512,22.978
43.732,24.535
41.792,25.716
42.596,24.527
44.391,26.641
44.904,26.116
44.641,27.153
42.673,26.315
43.034,26.647
43.284,27.511
43.317,27.032
41.972,26.990
42.800,26.683
43.402,27.200
40.912,26.866
42.759,27.085
45.493,26.648
42.758,31.046
42.998,29.325
42.423,26.464
43.831,28.261
44.860,27.324
44.224,27.523
42.420,27.328
42.040,28.189
43.806,28.479
44.039,27.513
43.832,29.021
42.595,28.183
40.313,27.267
41.645,27.524
42.524,29.046
42.346,29.375
41.712,28.998
41.342,28.116
34.178,28.716
38.957,28.912
39.612,28.522
40.972,27.605
40.332,27.569
39.142,26.994
37.335,27.512
34.892,26.966
36.667,26.052
34.578,26.190
36.887,26.361
35.689,26.393
31.172,26.055
30.143,25.556
30.583,25.077
32.110,25.790
35.434,25.788
37.136,25.693
34.252,26.332
36.315,26.764
33.772,26.993
29.534,26.751
36.312,26.300
28.201,26.065
31.709,25.062
32.257,25.963
32.924,25.941
28.753,26.041
30.408,26.488
36.022,25.630
36.655,26.390
37.100,26.238
36.089,26.167
37.755,26.193
38.336,25.864
33.912,26.317
38.294,26.817
36.297,27.183
30.737,25.106
26.495,24.837
26.129,23.703
27.718,24.707
36.701,24.350
33.218,26.606
29.890,25.190
30.512,24.792
28.549,24.380
30.072,24.758
26.563,24.623
27.522,24.799
29.313,24.807
30.005,23.968
30.194,23.538
29.762,24.034
30.525,24.656
32.162,23.669
32.436,24.772
31.436,23.318
30.913,24.068
32.012,24.633
32.350,23.662
32.679,23.477
31.831,23.750
32.030,22.949
32.468,23.311
32.910,23.134
32.020,23.430
29.548,21.879
29.438,24.313
34.195,23.253
34.307,22.680
34.977,22.795
34.208,22.858
34.779,21.657
37.579,21.989
38.561,25.027
38.474,25.529
42.080,26.990
40.754,25.588
37.184,26.862
37.957,25.555
39.804,25.882
38.029,24.794
34.425,24.964
36.041,24.354
30.897,25.176
33.446,25.488
31.412,24.431
28.548,24.191
30.477,23.979
28.535,24.012
26.798,24.054
31.304,23.746
32.323,23.767
35.480,25.510
35.471,25.724
30.406,24.487
24.411,23.207
29.979,22.372
30.543,22.825
30.838,22.466
31.917,21.368
32.648,20.639
32.966,20.292
31.245,23.043
34.016,20.115
33.197,20.410
33.280,19.160
35.176,20.229
34.975,20.663
34.306,21.245
35.470,20.446
35.406,19.742
33.656,20.767
33.220,21.972
35.087,21.051
34.741,21.913
34.343,22.356
34.293,21.818
33.662,20.477
34.824,20.806
34.037,21.893
31.543,21.375
35.327,19.118
34.997,18.514
32.762,19.149
33.334,17.858
32.363,18.933
32.405,20.813
30.663,20.914
33.553,19.320
33.912,19.094
34.811,17.927
33.297,17.224
32.981,14.110
32.559,14.559
31.932,14.738
32.629,16.992
33.011,16.405
32.360,18.910
31.920,17.404
33.167,16.344
32.383,16.810
31.217,17.029
31.192,15.382
31.470,16.556
32.904,16.435
33.104,15.817
33.009,15.146
33.600,16.883
32.850,15.823
33.889,17.267
32.525,17.053
33.328,16.722
33.250,17.556
33.804,17.352
32.756,16.490
32.171,15.148
31.586,16.463
31.343,16.420
31.574,14.928
30.808,15.568
31.802,13.571
30.631,13.595
29.515,14.045
28.851,14.405
29.706,16.432
28.896,17.498
29.610,16.992
29.900,14.311
30.538,14.146
30.737,14.627
29.956,13.885
28.716,12.526
28.761,14.148
28.173,13.480
28.441,13.465
28.071,12.222
28.336,13.006
28.233,13.102
28.973,13.888
27.893,12.600
27.830,12.937
27.513,11.933
27.933,11.805
28.347,12.276
27.840,12.433
26.739,12.005
26.007,12.668
25.983,10.666
26.785,11.310
28.256,11.930
29.037,8.748
29.507,14.303
27.888,12.054
28.323,11.557
29.007,11.191
27.543,10.618
25.592,8.843
27.159,12.125
27.018,13.600
27.806,14.561
28.221,13.933
28.373,12.993
29.795,12.706
30.978,13.056
29.874,12.998
30.029,8.906
30.431,11.222
31.122,13.750
32.143,13.978
33.498,13.863
31.345,12.504
29.519,13.284
29.231,15.562
26.590,15.497
27.736,11.255
27.231,10.558
26.285,6.775
26.768,11.778
26.942,11.172
28.343,11.406
29.821,12.645
30.814,13.206
32.028,13.756
33.097,15.497
34.655,15.941
34.144,17.200
34.128,17.930
34.092,18.146
33.907,17.072
33.596,13.816
33.417,13.406
32.747,10.847
32.810,11.674
34.356,15.359
35.035,16.380
34.891,15.482
35.221,16.782
35.766,16.291
36.225,16.763
33.880,14.664
34.204,13.235
35.018,14.414
36.879,17.179
37.329,20.251
38.137,18.191
38.601,18.019
38.403,18.202
37.533,14.736
38.026,18.503
38.578,18.540
34.219,23.200
30.725,20.076
34.155,21.599
35.774,18.843
36.521,17.958
36.532,17.488
35.473,13.580
34.971,12.188
35.084,16.351
37.462,16.779
35.540,16.931
27.728,18.570
27.897,15.377
31.432,13.671
33.755,14.782
34.038,15.562
33.586,22.336
31.650,22.814
34.365,14.864
36.654,16.102
35.852,19.658
36.520,18.601
37.754,19.217
38.635,18.539
37.315,17.711
38.724,19.499
37.309,18.393
36.834,20.073
36.300,17.457
36.409,15.433
39.424,15.260
40.127,20.649
39.002,18.822
39.507,19.918
38.357,17.840
38.639,19.902
38.648,18.277
39.385,20.228
40.533,20.102
41.459,20.707
41.473,21.822
41.114,18.902
40.511,20.079
39.690,20.552
40.209,17.777
39.421,17.223
40.215,16.085
40.545,18.808
40.009,22.098
40.596,22.128
38.880,22.350
38.560,15.869
40.134,19.051
40.800,20.542
41.630,24.223
41.599,23.462
39.701,22.649
40.399,22.275
41.825,22.489
41.565,22.346
41.302,23.506
41.160,23.313
42.981,24.268
43.946,25.898
43.484,24.135
42.863,23.111
43.647,24.821
45.535,25.682
45.801,26.142
45.425,26.599
43.934,22.761
43.935,24.109
44.131,24.037
43.796,24.909
44.122,25.973
43.787,25.375
43.187,24.783
42.714,25.326
42.888,25.958
43.012,26.263
43.591,26.930
44.560,27.607
40.996,27.266
39.461,26.593
40.905,27.367
42.157,27.992
41.486,28.873
42.428,28.601
43.713,28.176
43.899,27.927
44.989,28.478
45.232,28.947
44.448,28.497
44.916,29.173
43.349,29.262
39.643,26.884
29.151,25.689
37.317,24.450
38.260,26.376
39.193,26.617
38.569,26.919
39.967,27.128
40.001,27.284
41.483,27.215
41.889,27.315
41.160,27.223
39.868,26.528
39.168,27.028
40.122,27.425
40.999,27.466
41.046,27.142
40.676,26.672
41.370,27.893
40.943,29.341
42.814,29.327
47.289,29.806
45.900,31.078
47.303,32.261
44.334,31.034
40.444,29.910
38.160,29.665
40.610,27.924
35.853,27.977
36.498,27.018
36.134,27.182
39.723,26.378
39.410,26.549
36.998,27.254
40.476,29.354
41.355,30.850
31.071,25.989
30.008,25.672
30.422,25.945
30.418,25.480
29.765,25.378
33.162,25.410
33.540,25.976
35.776,26.822
35.382,26.330
38.497,27.513
37.738,26.523
36.159,26.706
35.360,27.766
30.117,26.586
29.736,25.421
28.806,25.526
33.343,25.155
29.333,24.783
30.011,25.056
32.480,25.398
34.799,24.708
30.036,24.885
27.372,24.234
25.367,24.570
31.868,24.590
27.968,24.697
24.839,23.852
26.987,23.402
30.675,23.543
28.992,23.999
30.689,24.850
31.139,25.426
30.072,24.919
28.781,24.509
26.621,24.971
28.648,24.584
27.072,24.311
29.958,24.810
29.648,24.583
31.676,24.537
30.714,23.640
31.806,25.029
27.394,24.303
29.964,23.299
25.341,23.688
25.412,24.350
26.586,24.010
25.948,24.015
28.826,23.834
27.950,23.559
25.968,22.947
28.028,23.056
29.034,22.727
29.241,23.607
28.834,23.172
31.512,21.947
25.188,22.351
29.072,22.997
30.877,23.402
32.230,24.080
32.649,23.429
33.488,23.304
28.453,24.148
27.141,23.096
30.316,23.311
31.466,23.496
33.074,22.522
31.250,23.308
32.791,23.188
33.247,22.395
27.923,24.628
35.265,23.993
34.322,24.225
36.919,24.944
35.989,24.043
33.593,23.285
33.948,24.527
33.400,23.433
31.728,24.466
31.845,24.533
31.410,24.670
32.265,24.111
32.261,24.114
31.348,24.050
33.123,23.995
35.552,24.297
36.697,23.145
36.954,25.661
36.619,24.262
37.915,23.262
36.803,21.555
35.621,21.248
34.779,22.079
33.846,20.066
34.652,20.217
34.380,19.514
36.243,19.840
34.922,19.641
34.513,18.229
34.078,19.047
35.240,23.492
34.004,23.789
36.834,21.955
35.550,20.075
36.118,20.257
36.279,19.011
34.727,20.255
35.119,18.777
35.629,19.621
36.157,19.999
35.197,24.098
36.315,21.013
35.209,19.345
35.063,21.114
34.547,21.552
34.031,19.773
33.894,19.705
34.265,20.375
34.331,19.962
33.421,19.872
33.367,19.834
33.033,19.787
34.864,19.383
34.414,19.436
29.091,20.106
31.577,19.029
34.227,17.575
35.015,17.057
32.904,18.685
32.177,18.512
32.890,18.450
32.761,17.897
32.402,18.476
32.319,18.467
32.275,19.003
32.416,17.581
32.321,14.833
32.099,16.888
31.689,17.244
31.882,16.760
31.572,15.679
30.675,16.484
29.440,13.759
29.375,13.618
28.831,13.220
29.772,14.487
25.129,15.653
30.367,14.786
30.502,15.209
29.469,14.898
31.361,15.743
32.012,16.586
28.208,15.884
30.501,18.713
29.455,15.772
29.423,13.016
29.790,15.278
28.934,11.296
28.418,13.234
27.717,13.388
29.431,13.544
30.768,15.394
31.487,15.609
31.700,16.287
31.844,17.538
30.850,14.616
30.933,14.865
30.427,14.085
30.463,14.431
29.772,14.803
30.708,15.829
31.497,17.098
28.528,16.837
30.613,15.137
29.546,17.294
29.239,14.829
30.091,14.917
30.149,14.659
28.424,9.964
27.773,13.253
27.256,11.203
26.692,9.510
27.280,9.664
26.995,12.537
27.888,12.256
27.606,12.786
29.040,14.101
29.977,13.814
29.236,13.366
28.747,14.698
28.289,12.662
28.275,13.075
28.458,12.672
28.686,11.697
29.441,12.813
28.151,12.679
29.937,13.819
30.974,13.760
28.252,10.292
28.634,11.405
28.994,12.886
30.051,13.576
31.869,15.149
32.823,16.280
33.373,16.092
32.757,15.484
34.604,17.066
34.963,21.927
33.424,18.392
33.318,17.927
32.989,16.807
33.693,15.818
32.956,14.915
32.410,12.907
33.552,14.414
31.512,13.413
33.156,17.291
32.399,17.523
34.082,18.351
30.896,19.344
30.166,14.919
28.780,11.003
27.665,13.548
28.967,14.397
29.715,11.449
30.212,15.251
30.016,11.734
31.299,12.419
33.995,16.341
34.126,17.955
35.250,17.147
35.506,18.104
35.115,19.042
32.262,21.549
33.589,15.482
34.071,16.125
35.183,12.951
34.587,14.963
32.814,18.424
33.060,17.406
32.880,15.687
36.285,18.015
36.193,19.380
34.577,17.921
35.782,16.927
35.019,15.044
34.807,13.854
34.218,15.854
37.246,18.754
35.680,18.319
32.906,17.625
33.947,16.998
34.131,17.665
38.694,18.491
38.637,19.239
39.783,16.890
39.467,22.321
37.478,21.109
35.711,20.855
36.644,17.293
38.154,16.933
37.641,19.724
38.246,20.460
42.222,20.576
43.344,22.974
43.629,18.631
42.552,20.148
42.581,21.552
42.369,21.045
39.436,20.895
40.458,17.795
41.024,20.329
42.614,21.858
43.698,21.669
45.061,20.962
42.917,22.665
40.603,21.606
41.253,20.343
44.126,20.914
42.265,22.513
41.631,21.503
41.853,19.079
42.483,18.563
43.975,24.790
45.143,27.417
46.556,26.038
47.216,27.294
42.577,25.592
42.842,26.631
41.714,26.481
42.012,22.312
41.583,21.530
41.967,22.492
43.054,22.706
43.913,23.843
43.802,22.777
43.597,24.775
43.014,26.771
43.500,27.230
45.634,25.468
45.508,28.003
45.318,27.452
44.664,25.489
45.151,25.157
38.939,27.373
43.182,26.525
43.957,26.544
44.662,25.660
44.467,25.689
43.857,26.344
43.080,26.421
42.739,25.534
42.352,25.976
41.667,25.390
42.316,26.241
42.376,26.480
43.095,26.262
42.553,26.871
40.490,26.986
38.453,26.903
41.432,25.209
41.812,24.419
42.180,26.664
41.517,24.438
41.941,25.931
41.953,25.569
41.818,27.293
37.972,29.083
40.298,25.518
42.107,28.233
43.560,30.039
43.614,27.693
32.501,28.925
34.886,27.483
35.410,26.664
36.318,28.245
42.491,30.024
43.526,29.602
43.118,29.454
42.997,28.205
42.832,28.763
43.194,29.132
43.347,29.590
40.612,29.694
39.410,29.936
38.485,28.010
39.783,28.866
38.599,28.146
40.554,28.610
42.048,27.251
40.959,26.667
41.213,28.953
41.687,31.535
33.619,28.185
29.196,26.423
31.242,25.054
32.785,26.021
36.263,25.146
33.933,27.120
36.306,27.499
37.046,28.092
31.073,27.547
28.125,25.886
28.183,24.275
30.726,24.951
29.800,25.694
30.336,25.808
32.644,26.065
31.154,25.255
26.887,24.294
29.352,24.889
32.049,24.782
31.022,25.518
31.627,25.400
32.683,25.723
32.206,26.107
29.535,25.222
34.242,24.925
34.205,25.582
34.858,25.082
35.459,25.042
35.881,25.555
34.013,25.713
32.199,25.624
28.867,25.119
33.958,24.655
35.922,25.822
32.335,26.046
32.867,25.374
31.790,25.024
32.425,25.168
32.034,25.003
30.955,25.598
29.009,25.634
27.246,24.949
29.106,24.831
32.099,24.545
30.547,25.745
33.766,24.651
26.844,24.709
29.539,24.733
29.583,23.984
28.055,23.827
26.991,24.390
26.072,24.423
27.765,24.160
28.691,24.571
26.760,24.837
28.902,24.258
31.792,23.544
31.253,23.173
26.195,24.615
30.316,24.204
29.532,24.040
31.998,24.086
33.587,22.869
32.680,25.682
32.930,24.646
33.759,25.349
30.665,24.674
30.904,24.621
29.463,24.927
32.158,25.163
31.571,25.003
30.579,25.448
30.823,25.779
31.303,25.599
26.592,25.133
29.980,24.543
31.770,24.008
31.196,24.479
31.844,23.672
31.135,22.878
32.822,22.025
32.197,22.662
33.070,21.911
32.705,22.402
33.622,23.347
36.257,23.520
33.948,27.023
35.881,23.552
36.193,26.139
35.365,25.861
33.836,25.324
32.500,24.676
29.396,24.265
33.507,23.724
34.928,23.349
32.528,24.518
35.232,23.306
33.484,24.167
35.103,23.756
33.313,24.581
33.227,21.253
34.744,17.725
33.598,17.642
33.740,17.518
33.834,17.391
33.620,15.617
27.630,18.087
33.950,19.632
33.730,20.562
34.343,20.116
35.284,25.446
34.990,18.992
35.864,17.495
35.859,16.654
34.810,17.564
35.476,15.723
35.750,16.366
35.499,16.072
34.780,15.780
34.205,14.764
35.056,15.587
35.992,18.487
35.285,17.856
34.725,21.241
34.554,20.327
35.097,20.205
35.853,19.127
35.285,19.040
34.478,20.269
34.045,20.719
35.419,22.296
35.467,22.499
35.687,20.709
35.690,21.622
36.722,21.997
36.007,16.484
36.257,17.973
35.839,18.436
35.558,19.105
34.771,18.139
35.294,16.323
33.747,16.176
33.907,18.459
33.254,17.565
33.504,16.904
33.722,17.709
33.479,16.667
31.657,15.925
31.844,16.195
32.100,16.580
32.183,13.543
32.885,15.022
33.576,16.001
32.958,16.126
32.032,15.265
31.960,15.881
31.054,15.258
31.350,11.876
30.895,14.628
30.739,16.911
30.162,19.417
29.932,16.707
30.147,17.427
29.557,16.679
29.538,15.703
29.301,17.074
29.364,15.933
28.882,14.068
28.866,13.320
30.117,14.238
29.240,12.863
28.191,15.229
27.775,12.917
26.921,14.388
27.238,14.279
27.852,13.505
27.614,14.531
29.920,14.221
29.060,13.479
31.080,15.107
32.872,16.185
32.327,15.607
33.552,19.271
32.030,16.435
31.062,16.966
30.206,15.199
29.608,13.129
28.046,13.375
27.829,9.803
28.212,10.761
28.596,12.672
27.251,12.254
27.728,12.035
28.083,13.307
28.725,13.250
29.911,14.815
31.256,14.334
32.095,16.576
31.256,11.728
31.128,10.857
29.052,13.443
27.088,12.713
29.423,13.973
28.791,13.302
30.383,15.197
30.691,15.165
32.800,15.183
32.312,14.747
28.070,11.667
26.996,9.371
26.839,9.081
26.002,10.425
26.726,12.102
26.329,8.612
25.123,9.306
26.036,7.523
24.333,6.005
25.094,8.959
26.812,9.247
28.179,11.064
25.544,9.181
25.844,10.162
26.537,8.990
28.970,9.786
25.310,13.422
24.176,4.392
23.859,6.336
23.726,6.472
22.109,6.428
23.467,4.483
24.543,7.801
26.514,8.126
28.247,9.758
29.021,10.429
29.020,10.811
31.175,12.143
33.620,13.188
34.038,14.332
34.170,12.773
35.314,13.034
34.591,14.912
34.712,15.091
34.926,15.105
34.497,13.282
33.445,12.772
32.096,10.247
33.912,14.597
34.891,15.686
35.433,16.572
38.116,15.728
38.980,17.232
37.082,13.467
36.887,13.775
36.319,13.617
37.007,13.254
37.504,13.196
38.284,13.317
37.983,15.191
37.769,16.534
38.652,18.780
39.051,21.470
36.874,21.938
37.415,24.432
36.921,21.961
38.258,20.682
38.125,21.063
41.302,20.662
39.571,17.484
39.902,16.640
38.001,17.539
38.993,14.725
40.804,16.535
40.745,20.284
40.452,17.840
40.851,19.172
37.592,23.273
39.616,17.724
39.226,22.571
40.144,18.763
41.104,18.592
34.680,21.157
37.929,17.307
38.071,18.331
37.886,17.806
36.510,20.509
35.107,19.416
35.651,17.511
39.884,19.746
34.838,23.353
39.508,23.138
41.311,21.653
41.606,28.020
41.663,23.795
42.364,22.495
41.476,22.617
40.236,22.223
41.423,21.211
40.226,21.407
43.822,20.050
43.744,22.047
41.932,20.517
41.401,22.014
41.723,22.831
43.126,27.139
43.335,24.129
44.459,25.501
44.693,26.371
45.044,26.476
43.313,24.865
43.802,23.379
42.026,22.002
42.512,22.098
41.320,23.704
42.192,22.553
42.814,22.878
41.791,22.634
41.218,23.420
40.928,24.308
41.309,25.030
42.380,25.058
39.132,26.699
40.833,24.223
42.118,24.706
42.197,24.225
42.813,24.863
42.706,26.295
42.122,25.398
41.478,25.444
42.037,25.955
41.606,26.149
41.901,25.907
41.600,26.284
41.380,25.475
41.644,26.687
42.477,25.948
42.484,25.449
43.617,24.185
42.780,25.764
42.763,27.613
43.150,26.922
42.573,26.694
42.225,26.166
42.867,27.003
42.382,27.085
42.853,28.411
42.535,28.533
42.422,29.309
40.431,29.588
35.555,28.111
40.096,26.913
39.933,27.801
35.907,28.022
35.484,27.305
39.814,27.109
30.752,25.265
34.810,24.415
32.706,26.041
36.683,25.123
38.869,26.968
33.944,28.447
39.996,27.107
36.083,27.596
31.758,28.157
36.791,27.180
40.473,27.958
40.475,27.880
41.018,28.519
38.174,28.669
36.322,28.299
32.898,28.075
37.939,26.134
35.736,27.296
31.936,27.243
31.934,26.468
34.851,25.482
33.077,26.024
34.203,25.722
37.385,26.373
37.993,26.903
32.136,27.049
33.428,27.192
27.425,25.737
32.212,25.260
26.593,24.564
31.601,23.599
30.813,25.353
30.990,25.189
34.799,25.406
35.176,26.174
36.508,25.125
35.747,26.654
35.657,27.190
36.392,27.356
36.887,27.546
36.623,27.834
36.648,26.868
38.948,26.667
36.776,27.716
31.165,26.149
30.575,25.244
27.581,24.059
38.272,22.838
33.564,25.745
31.832,25.359
30.790,25.115
25.869,24.792
30.682,24.192
33.052,24.256
31.186,24.956
30.412,24.690
27.481,24.222
27.177,24.433
28.574,24.688
30.462,24.925
31.436,25.146
26.640,24.597
28.832,24.146
25.463,24.322
30.594,23.989
28.496,24.236
29.359,23.954
27.462,22.498
31.105,22.856
31.202,22.787
31.452,22.877
30.389,21.124
31.914,22.494
34.842,23.404
32.123,24.039
34.945,24.909
27.390,24.059
32.963,22.720
32.601,23.596
33.695,22.540
33.434,22.210
35.038,22.008
36.788,24.054
36.013,24.230
35.701,25.078
35.295,25.168
32.179,23.857
33.907,23.647
38.091,22.331
35.649,22.236
37.452,23.715
33.708,26.019
32.245,25.593
34.257,24.435
30.685,25.046
30.791,23.507
31.973,22.988
30.081,24.190
30.051,24.816
33.837,24.606
34.623,23.624
33.574,23.725
31.980,22.989
32.638,22.054
33.416,22.989
33.369,21.440
32.941,20.859
32.758,20.714
32.760,20.725
32.853,19.181
32.949,19.463
34.339,23.403
35.183,22.666
37.744,23.926
36.191,27.013
36.541,24.874
35.453,21.772
33.918,22.667
34.333,21.024
34.951,20.750
35.399,22.558
38.662,23.905
38.476,21.930
38.998,20.472
37.554,22.599
36.747,18.933
36.433,22.173
36.663,24.324
37.727,24.272
35.955,21.301
36.563,20.514
36.611,18.038
36.969,19.804
35.413,20.003
37.315,19.540
36.021,16.425
36.120,19.727
35.837,17.549
35.151,16.703
34.707,17.190
34.485,16.969
34.667,19.034
34.806,19.245
35.289,19.191
35.976,15.468
34.795,17.077
34.432,15.435
35.065,18.063
34.644,17.577
35.829,18.059
34.824,17.989
34.703,18.374
34.045,18.263
32.634,15.566
32.934,15.748
33.315,14.904
33.054,17.609
32.766,19.079
32.832,18.365
25.872,22.714
28.581,20.608
32.431,18.244
30.776,17.218
30.884,16.660
31.031,15.534
30.916,14.811
31.129,14.954
31.539,14.908
32.145,16.483
30.560,17.242
31.618,17.527
31.389,19.643
24.346,18.224
31.913,19.882
33.302,20.147
33.813,20.922
34.445,20.913
33.901,21.101
33.458,21.133
32.899,18.500
32.613,17.547
32.730,18.104
32.077,17.387
31.344,16.327
31.107,17.136
32.129,16.499
32.709,17.827
32.917,18.435
32.726,17.662
32.895,20.593
29.743,21.121
31.354,19.206
30.873,16.451
30.600,16.671
30.671,15.371
29.531,11.544
30.251,10.987
30.224,9.878
28.791,9.377
28.094,8.608
29.294,10.997
29.550,11.041
30.207,14.081
28.997,13.776
29.057,12.359
30.314,13.264
29.052,11.436
23.224,13.631
26.387,11.628
27.454,12.488
26.733,13.709
25.943,14.901
28.441,15.002
29.518,15.137
29.908,17.080
30.975,17.157
30.045,18.412
30.139,18.429
32.954,18.672
30.684,19.902
30.975,14.817
30.732,16.775
31.586,17.798
30.347,17.651
33.280,15.926
33.538,16.915
33.756,17.648
32.016,13.233
29.352,12.014
29.927,9.419
31.738,13.282
31.999,12.037
31.844,12.116
31.599,12.529
32.952,12.648
33.232,13.940
31.896,9.498
32.234,12.604
30.784,11.730
30.652,12.093
31.697,14.781
33.590,14.686
33.047,10.925
29.721,13.500
29.477,11.163
30.484,12.718
31.370,10.504
31.799,13.362
32.048,16.312
33.223,16.186
34.495,15.458
35.229,17.117
34.875,17.720
37.109,18.240
38.472,19.794
37.273,19.359
36.131,16.602
35.583,16.053
36.951,17.313
37.740,15.944
37.712,16.403
37.810,17.059
39.379,16.841
40.412,19.629
39.838,19.279
37.946,17.212
37.781,17.223
36.479,14.842
34.606,14.844
35.881,14.123
36.941,15.646
37.419,16.724
40.685,19.347
41.510,20.710
39.095,19.535
38.638,17.285
38.324,18.414
37.802,14.769
37.975,19.574
37.666,18.357
39.076,18.658
38.291,18.464
37.619,19.018
37.601,15.858
39.098,20.413
39.668,21.291
38.510,19.157
40.598,20.164
37.573,18.073
37.662,19.445
39.202,22.930
39.932,21.266
41.091,21.843
41.661,23.023
41.699,23.631
42.168,24.250
41.627,23.176
39.276,24.091
39.260,22.383
37.963,22.058
35.645,19.609
40.270,20.722
39.523,22.559
42.921,22.063
44.618,18.613
42.771,23.019
42.076,22.425
37.755,23.171
40.932,23.044
44.811,21.122
44.498,21.192
47.235,19.784
43.113,23.242
41.357,21.878
41.523,20.659
41.850,18.835
41.250,22.466
44.563,23.187
46.724,25.107
45.234,19.189
45.068,24.500
46.133,25.537
45.059,24.764
43.812,23.884
44.122,23.447
43.586,22.771
42.413,23.154
41.441,21.778
41.723,24.199
42.816,28.081
43.352,23.340
43.067,23.626
43.176,23.953
42.560,24.561
44.171,26.208
44.624,26.574
45.512,27.538
44.992,27.342
44.915,27.248
46.075,27.567
45.058,27.650
44.645,29.018
43.819,27.067
44.908,27.539
45.799,30.039
43.938,27.894
44.125,26.100
44.135,26.178
43.987,25.743
43.850,27.333
44.881,27.974
44.187,28.245
43.439,28.057
43.533,29.261
41.920,28.817
41.750,27.967
42.186,28.127
41.996,28.094
41.207,27.345
42.509,27.107
42.201,26.474
42.190,26.518
42.543,27.723
43.342,28.322
43.151,27.525
42.741,27.744
42.877,27.725
43.539,28.425
42.296,27.699
43.188,28.720
42.161,29.583
43.104,30.580
42.636,28.829
43.059,30.315
42.005,28.094
36.462,28.565
41.819,26.341
35.047,28.039
40.336,27.314
39.966,28.042
40.874,28.328
33.923,27.140
38.546,26.722
37.979,27.766
37.110,28.175
30.357,27.454
37.469,26.480
36.642,27.289
39.929,26.852
41.508,29.782
43.557,28.683
44.014,29.741
33.692,26.273
27.670,24.763
33.053,25.459
35.390,25.770
31.111,25.899
29.390,25.757
33.498,25.762
34.004,27.000
32.848,26.308
28.075,25.438
29.651,24.741
32.041,24.626
28.453,25.339
31.972,25.439
31.518,25.140
26.596,24.761
27.464,24.375
26.966,24.560
28.435,25.197
27.796,24.672
27.707,25.369
32.025,25.312
28.529,24.898
27.983,24.899
29.234,25.186
34.180,24.370
34.291,24.362
32.832,24.532
33.189,24.733
30.045,24.629
34.994,25.298
33.575,25.635
34.347,25.216
33.090,25.022
30.682,24.600
32.493,24.230
32.717,24.112
29.887,24.381
30.249,24.479
34.424,23.859
35.373,25.443
35.820,25.390
35.638,25.795
36.052,25.457
36.653,25.742
36.096,25.717
38.176,25.026
36.834,25.208
32.084,25.897
33.035,25.005
28.288,23.850
27.895,24.317
25.024,24.398
28.867,24.123
30.431,23.662
31.585,24.923
32.788,24.800
33.394,25.176
32.336,25.210
32.273,24.023
33.938,24.128
35.568,24.551
34.924,25.663
33.202,23.032
33.864,23.354
34.045,22.731
34.949,23.119
34.350,23.290
33.732,22.364
33.442,20.629
34.882,19.989
35.990,21.548
36.417,23.300
36.479,22.093
36.775,22.135
36.755,21.443
37.926,23.044
36.580,23.347
36.325,23.612
35.486,22.984
36.196,23.798
39.342,24.317
40.464,25.170
39.102,24.671
40.360,23.176
39.364,25.750
38.609,26.765
37.296,25.567
35.471,24.417
35.551,22.753
35.691,22.568
34.183,20.237
34.086,21.469
34.248,19.930
34.591,18.146
33.361,22.813
34.874,20.581
34.973,19.267
34.640,17.713
35.385,18.137
35.879,19.278
31.209,18.434
34.709,16.414
34.361,15.660
34.500,15.937
36.053,16.919
36.523,17.347
35.706,15.577
34.649,15.317
36.020,14.996
34.902,17.392
34.909,15.941
35.445,20.211
36.138,19.407
37.292,18.238
36.079,16.598
37.207,15.780
35.091,19.087
34.769,17.717
34.277,18.032
35.606,19.442
35.008,18.160
34.838,19.579
35.942,19.941
34.237,23.615
28.787,23.161
27.092,19.656
31.018,16.989
32.520,18.931
32.906,18.406
32.229,17.552
32.289,17.741
31.249,16.231
30.547,15.034
31.005,16.086
30.835,14.970
29.446,14.232
30.019,14.859
30.696,15.141
31.750,13.345
31.530,15.740
31.127,15.113
31.095,14.617
31.018,15.526
30.182,14.764
29.314,13.895
29.578,15.009
29.743,15.643
31.265,15.571
30.612,13.072
30.343,14.249
29.763,13.392
29.998,14.210
30.729,10.447
29.989,11.398
30.852,12.475
32.181,14.558
30.815,13.357
31.128,16.577
31.323,13.462
31.129,16.224
30.302,15.617
29.730,16.348
29.780,16.566
30.099,17.774
28.479,17.091
27.926,15.633
28.692,16.467
29.503,15.727
28.835,12.646
27.938,10.197
28.540,11.627
28.961,13.129
23.306,14.608
28.209,10.298
28.349,12.669
29.079,12.794
30.087,14.906
26.864,18.341
27.906,13.881
28.233,11.788
27.782,12.077
28.366,12.040
29.105,12.171
28.601,12.045
29.418,10.993
31.272,14.134
30.941,15.921
26.718,10.421
26.818,11.189
27.770,10.431
28.909,12.869
29.174,12.865
30.586,12.237
30.520,13.319
30.286,12.446
30.729,13.291
30.460,13.066
30.202,11.821
30.344,7.909
30.564,12.725
31.125,13.877
31.309,11.930
30.786,14.477
30.393,10.874
31.133,13.846
31.257,11.252
30.138,10.639
30.789,13.186
31.089,13.809
31.695,17.372
32.255,16.504
34.026,16.211
34.596,15.615
34.082,16.936
29.952,17.011
30.863,12.849
31.458,15.283
30.940,14.301
32.239,12.703
31.080,11.829
31.094,12.413
31.872,10.782
31.572,12.562
32.598,13.445
33.740,13.498
35.516,15.217
35.747,15.501
35.826,19.027
31.730,14.963
31.949,12.657
32.940,10.569
36.040,14.883
37.134,15.717
37.569,16.954
36.895,15.138
37.440,18.302
35.786,20.719
34.300,16.920
33.576,16.940
34.014,22.533
33.264,17.027
36.452,17.271
37.265,19.371
38.613,20.709
39.874,20.781
39.668,19.297
39.536,16.130
39.641,15.698
39.806,16.779
39.700,17.314
41.266,19.329
44.902,24.373
45.117,24.104
45.573,22.990
42.049,20.091
40.867,20.384
39.201,16.734
38.326,16.497
39.099,17.449
39.460,18.037
39.829,18.115
40.729,16.323
40.677,21.301
39.860,18.323
39.228,20.428
38.948,17.820
39.380,19.876
38.734,17.404
40.203,16.750
41.507,18.114
45.235,21.930
46.878,22.025
45.678,25.241
40.481,28.878
41.234,23.337
40.891,19.111
41.840,20.990
43.852,20.989
44.428,17.953
45.681,24.145
45.711,25.202
44.377,22.807
42.953,21.378
42.386,23.529
41.419,23.778
41.035,22.544
40.901,22.636
41.997,23.766
42.103,24.015
42.496,22.689
42.408,23.085
43.573,24.493
43.530,25.095
43.407,24.902
42.365,24.731
42.502,23.135
43.747,24.296
43.746,25.274
43.622,25.904
42.995,25.954
42.902,25.176
42.376,26.518
42.729,27.251
43.200,28.282
42.216,26.420
43.695,24.754
44.718,25.866
45.169,24.988
44.637,25.968
44.574,24.449
44.785,25.200
44.512,25.454
44.828,26.546
45.607,28.070
47.419,28.198
47.414,26.817
46.809,29.165
45.962,28.421
45.726,27.905
44.543,27.300
43.612,27.862
43.250,28.109
43.291,27.700
42.466,27.588
41.970,26.297
42.024,25.999
42.610,26.985
39.769,28.936
36.028,26.982
41.142,27.984
40.128,28.185
39.779,27.515
33.698,27.631
36.896,25.459
38.769,26.495
40.657,28.063
43.517,29.641
47.146,30.678
47.120,31.319
44.170,30.851
39.995,29.114
38.774,28.053
40.285,28.432
43.080,28.594
46.736,31.281
44.187,30.201
44.292,30.215
42.693,29.740
42.598,29.871
39.160,29.297
41.076,28.194
43.670,29.483
43.872,31.076
42.160,30.534
41.535,30.421
42.249,29.530
42.277,29.360
44.263,29.390
38.781,28.571
31.327,25.894
28.946,25.578
30.789,25.136
32.862,25.218
33.364,25.417
35.548,25.627
33.149,26.104
33.740,26.361
30.920,25.723
32.187,25.763
33.302,25.332
34.628,25.899
37.024,26.619
36.887,26.188
36.807,26.388
34.673,26.836
36.941,26.307
35.936,26.784
34.064,26.112
30.158,25.808
27.530,25.466
25.870,24.922
29.654,23.903
27.485,24.919
31.424,24.609
32.605,24.237
33.816,24.781
33.975,25.302
26.497,24.848
29.797,24.870
30.975,24.701
29.079,25.151
28.327,24.627
29.949,25.060
31.952,24.759
27.158,25.223
29.136,24.130
29.861,24.563
30.463,24.799
31.097,25.432
31.813,25.067
31.042,24.412
31.870,24.621
31.918,24.550
32.590,24.847
32.002,24.903
29.232,24.657
32.058,24.329
31.937,23.938
30.596,24.161
31.764,24.021
29.662,24.484
32.174,23.946
34.637,24.121
33.642,24.875
36.461,25.356
32.435,25.639
33.068,26.149
29.583,24.687
28.467,24.854
30.222,24.040
31.175,23.771
29.759,24.766
29.780,24.614
29.922,24.946
30.582,24.859
32.250,24.577
31.270,25.397
28.398,24.138
28.462,22.935
26.515,23.691
27.321,24.056
29.127,24.492
29.326,24.581
31.622,23.635
32.657,22.818
32.472,24.185
32.312,22.562
32.487,21.064
32.567,22.108
32.325,21.135
31.664,22.027
32.306,22.105
31.461,20.038
32.806,19.988
34.086,22.812
35.594,21.825
35.357,23.985
36.389,23.672
34.149,22.313
34.759,21.848
35.639,22.293
35.772,22.472
36.466,21.835
37.373,22.836
35.786,21.933
37.015,20.238
34.897,19.154
33.259,19.051
32.232,23.169
30.542,20.949
33.857,20.004
36.654,21.902
35.957,23.498
36.687,20.120
36.787,21.834
34.811,25.877
35.687,25.471
36.293,23.783
35.523,22.817
35.373,22.630
34.148,20.854
33.939,18.288
34.054,19.859
36.151,21.718
36.885,21.770
35.362,20.662
35.273,19.780
35.543,21.354
33.944,21.512
33.264,19.651
32.547,19.262
32.482,18.973
33.131,18.519
33.125,19.778
33.584,18.297
33.105,19.406
31.636,19.899
33.905,24.263
33.796,24.410
33.022,24.033
32.123,22.967
32.842,22.273
33.245,22.094
34.267,22.722
31.165,21.826
30.286,21.222
31.817,20.773
32.298,21.168
30.789,18.551
27.215,18.758
23.410,19.773
20.708,17.692
21.564,18.278
27.202,20.166
28.766,17.480
28.426,17.875
29.199,18.168
30.240,18.794
29.873,18.185
29.358,17.671
29.828,18.545
27.735,15.466
28.066,15.560
29.105,17.245
28.620,16.680
27.176,14.814
26.636,13.244
27.225,13.601
26.051,13.336
25.203,11.913
24.665,11.268
24.789,7.490
25.978,11.929
26.343,11.968
27.512,11.765
27.468,12.089
27.539,12.260
27.241,12.529
26.629,12.560
27.751,10.847
26.999,9.346
25.954,8.550
26.721,11.038
27.317,12.743
27.696,12.120
27.371,15.837
21.276,17.036
24.779,17.304
26.685,14.993
24.274,8.974
24.873,11.384
24.495,10.656
24.616,10.401
26.101,12.611
26.988,11.963
26.788,10.685
26.053,11.033
26.821,10.417
26.674,11.661
25.342,10.153
26.470,10.713
28.095,9.480
28.334,9.761
27.276,12.154
26.736,9.292
24.942,10.130
25.896,8.123
27.145,9.760
27.896,13.299
28.507,12.232
29.169,12.749
29.801,12.532
29.132,13.483
29.854,15.486
28.565,13.670
27.999,11.501
28.496,13.907
29.059,14.358
28.734,12.645
29.103,13.983
29.552,15.403
30.777,15.900
32.023,16.047
32.977,16.145
33.051,15.606
33.174,13.271
32.512,12.862
30.833,12.252
30.993,15.208
30.859,15.000
31.517,14.835
33.604,16.447
34.711,16.533
33.314,15.566
31.726,15.864
29.006,15.526
28.251,13.339
29.465,15.162
29.181,15.582
30.121,14.472
30.273,14.892
30.635,14.843
31.801,15.379
33.528,13.799
32.337,12.512
31.441,15.100
32.745,12.871
33.143,16.990
34.166,17.446
34.988,17.453
34.766,18.920
35.529,18.412
35.034,16.588
34.989,15.728
37.162,17.895
37.628,19.284
37.273,16.793
34.365,17.051
34.471,16.789
35.340,17.340
36.362,17.956
39.658,16.787
38.882,15.871
40.814,21.660
41.917,21.680
41.640,19.741
40.440,22.402
38.459,17.229
37.134,16.010
37.720,15.112
36.828,15.648
36.688,14.947
37.979,14.921
41.114,17.780
42.489,20.510
40.422,20.821
39.452,22.000
38.127,16.394
38.982,19.935
37.352,18.356
38.796,18.365
38.092,17.761
38.972,16.361
40.830,19.424
41.466,17.317
41.698,20.753
41.004,20.274
40.199,16.977
40.130,18.045
40.865,21.959
41.149,20.224
41.930,21.372
40.336,22.178
41.537,22.878
43.538,24.182
42.513,24.854
41.051,24.695
41.154,21.673
41.740,19.446
41.355,18.303
44.582,24.064
44.182,24.415
44.526,18.829
43.460,19.571
44.010,23.664
43.975,24.129
47.260,26.238
44.456,25.819
43.238,25.907
43.264,25.296
43.233,25.991
40.881,25.173
41.075,22.799
39.706,22.742
40.757,24.399
40.828,22.689
42.173,23.513
42.687,24.166
42.525,23.887
41.750,23.799
42.235,23.595
42.124,23.503
41.957,24.409
43.030,24.171
43.155,24.262
43.235,25.777
44.552,28.219
44.135,26.995
43.127,26.255
43.243,26.121
42.101,27.389
42.157,28.331
41.932,28.287
42.644,27.911
41.822,26.461
42.445,27.410
42.714,27.363
42.396,27.277
41.622,26.765
42.032,26.838
41.618,27.226
41.704,28.159
42.076,28.448
46.701,28.110
44.637,28.208
49.807,30.425
50.839,30.124
46.411,30.093
44.307,29.863
41.192,28.846
42.293,29.888
42.148,28.623
42.287,27.456
41.501,28.418
41.137,28.012
38.906,27.661
39.432,27.942
40.382,28.150
38.044,28.058
40.488,28.122
40.079,28.736
39.736,28.826
40.342,29.025
36.812,28.848
35.547,29.058
40.181,28.702
40.347,28.648
37.906,27.975
27.349,25.303
33.820,25.944
33.007,25.624
34.434,25.528
34.334,25.830
33.631,25.363
33.499,25.281
36.717,25.595
27.255,23.859
31.399,23.534
29.934,24.448
26.668,24.585
27.747,24.376
30.141,24.620
31.616,24.567
30.959,25.618
27.355,25.331
29.905,24.979
30.344,25.280
33.105,25.680
29.083,26.099
30.157,25.779
32.141,24.926
30.097,24.998
31.058,24.826
26.537,24.961
27.383,24.690
29.701,24.102
31.959,24.901
32.527,25.615
32.194,25.403
28.522,25.010
30.095,24.767
29.189,25.300
29.512,24.599
32.798,24.803
28.939,25.111
30.704,25.215
30.800,25.095
31.593,24.802
29.154,25.157
26.353,24.949
26.108,25.211
27.294,23.953
27.523,24.701
26.049,24.071
28.130,23.785
29.187,24.908
26.307,24.666
27.087,24.078
28.576,23.750
30.449,24.292
30.893,24.739
30.752,24.485
29.870,24.883
31.139,24.240
31.809,25.297
30.261,24.921
29.281,24.778
30.508,23.787
31.705,24.246
31.291,24.571
30.591,25.333
30.671,25.106
30.712,24.594
26.436,24.444
32.045,23.478
31.931,24.358
27.553,24.937
26.965,24.037
27.332,24.713
26.110,23.035
28.660,22.232
27.509,24.205
30.947,24.242
27.868,24.821
29.046,24.482
29.520,24.294
31.560,23.722
31.545,22.769
31.284,23.864
28.834,23.768
27.296,23.455
30.349,23.241
30.613,21.505
30.436,21.306
29.904,21.233
31.022,21.505
30.867,21.083
29.622,20.796
30.405,21.273
30.764,20.812
31.402,20.437
31.779,21.140
32.711,20.131
32.607,21.135
31.717,20.525
31.382,19.948
31.191,19.938
33.516,19.453
33.244,22.185
34.055,22.103
36.444,23.230
36.085,22.994
35.384,22.849
35.133,24.675
36.737,23.847
34.439,22.727
37.118,22.085
37.430,23.159
36.270,24.596
37.154,21.619
36.147,21.713
36.089,21.058
33.485,19.447
35.898,17.599
35.083,21.429
35.422,20.178
35.922,20.570
34.558,20.919
34.400,21.276
34.109,21.141
33.856,20.362
33.483,20.063
33.760,19.952
33.276,19.837
33.731,20.179
33.469,20.966
34.213,21.962
34.002,21.984
36.259,22.837
35.607,21.689
34.809,21.298
34.135,21.220
34.548,20.064
34.415,20.026
34.801,18.674
35.089,20.787
34.924,20.706
33.444,19.595
34.558,19.009
33.586,19.074
34.324,19.094
34.074,18.502
34.148,17.438
34.274,18.393
34.210,19.344
32.957,18.229
32.098,18.256
30.994,18.416
31.044,19.367
31.224,19.209
31.316,19.171
31.502,22.406
32.830,22.815
33.518,20.987
33.804,19.079
32.857,18.869
33.077,18.830
33.871,19.834
33.183,19.666
32.460,15.777
31.834,14.406
32.329,16.931
31.218,15.787
30.457,16.799
28.259,12.766
28.727,13.663
28.867,13.849
29.202,13.833
30.032,13.739
29.332,14.449
29.466,15.022
29.706,14.344
29.143,13.979
28.246,11.349
28.582,13.388
28.972,14.800
29.065,14.863
29.220,13.405
27.604,9.577
28.311,10.605
28.410,11.905
28.648,14.399
27.610,13.912
26.909,13.224
28.449,14.719
27.179,11.840
26.482,11.609
26.721,12.438
27.598,11.794
28.189,12.429
27.874,11.031
26.772,10.574
26.403,10.723
25.458,11.163
24.764,11.089
25.190,10.212
26.145,11.525
26.688,10.480
27.048,10.917
28.919,9.392
28.309,10.186
26.742,9.790
25.387,8.620
25.317,9.115
24.214,10.188
26.243,11.091
27.355,12.488
28.205,9.989
29.025,11.491
28.851,13.233
28.043,12.326
28.054,14.116
27.230,11.519
26.593,12.369
27.615,14.181
28.362,12.825
28.935,11.853
30.025,13.065
31.295,14.467
29.478,12.959
29.504,15.707
29.665,12.764
27.713,10.660
24.500,4.501
25.991,7.979
28.515,10.172
30.856,12.368
31.319,10.109
30.898,12.964
30.271,11.384
30.235,12.555
28.818,11.047
29.944,14.758
31.941,16.290
34.681,15.053
35.238,12.599
35.469,12.859
34.000,12.582
33.702,10.866
32.871,10.942
33.533,12.329
34.470,16.909
36.252,16.793
34.289,12.372
33.447,9.867
31.490,12.977
33.176,13.352
35.099,12.456
36.748,14.663
36.141,15.283
32.950,14.314
33.056,11.941
32.362,12.602
30.743,8.727
33.345,13.535
34.435,14.924
33.938,13.891
33.654,14.555
37.146,16.374
38.316,17.212
39.566,17.362
38.893,17.535
38.955,18.250
40.401,16.827
39.515,18.008
40.112,16.216
39.802,17.788
42.097,19.546
42.414,17.664
40.807,16.025
40.628,17.612
41.095,19.217
41.459,22.302
44.127,19.668
40.991,18.126
42.579,20.305
42.986,23.226
43.262,23.679
42.866,22.578
43.010,21.329
41.560,21.389
41.810,20.047
41.995,19.640
42.740,22.005
42.200,20.869
41.680,21.838
40.535,20.544
40.484,19.419
40.122,20.182
39.042,18.994
40.575,21.949
41.124,20.042
41.236,23.594
40.139,22.919
40.742,23.745
29.671,22.675
38.271,19.103
38.652,22.847
38.902,19.921
38.543,22.615
40.004,21.943
40.454,23.174
40.934,22.972
41.079,23.919
41.177,23.043
41.599,21.557
41.326,17.871
42.136,19.881
43.132,20.822
41.871,23.125
42.457,24.410
42.087,25.040
42.328,25.869
39.146,24.726
42.856,27.467
43.394,27.633
41.795,26.312
40.324,25.448
41.357,25.727
41.262,25.391
42.757,25.076
42.094,25.023
42.045,24.127
42.340,25.156
42.883,25.355
43.049,26.487
43.443,26.252
43.842,27.158
44.726,26.457
43.880,26.281
42.810,26.258
42.118,24.714
43.074,25.055
43.727,25.364
43.898,25.779
43.100,26.491
43.801,26.398
42.768,27.097
42.425,27.497
41.575,28.046
41.884,27.850
42.007,27.389
41.909,26.504
41.060,27.063
39.910,27.689
39.388,27.657
40.128,27.786
38.929,27.885
43.383,26.893
45.310,27.948
40.836,28.274
42.068,28.518
39.693,28.167
41.124,28.509
41.847,28.779
41.658,29.428
41.144,28.637
40.555,28.291
39.032,28.754
39.312,28.543
39.167,28.560
40.461,27.889
39.050,28.070
38.218,27.928
39.258,27.858
40.596,28.501
41.431,28.247
39.046,28.733
40.615,28.096
41.642,27.322
37.014,25.812
29.256,25.390
32.395,25.665
34.169,25.553
34.463,25.703
33.607,26.435
28.915,25.884
31.966,25.079
32.171,25.735
28.865,25.934
29.587,25.961
30.691,25.268
33.228,25.153
30.678,25.866
30.351,25.957
28.693,26.176
28.978,25.579
35.088,26.495
36.275,25.988
30.197,26.102
29.284,25.308
32.763,24.772
31.204,25.486
32.816,25.201
33.557,25.268
30.255,25.274
28.910,24.819
31.173,24.581
30.538,24.443
28.732,24.644
28.487,23.649
33.780,24.713
31.024,24.882
31.741,25.111
33.152,24.887
27.814,24.682
29.866,24.747
32.252,24.785
28.056,24.932
31.527,24.437
28.410,23.928
26.468,23.573
27.034,23.133
26.078,23.131
26.107,23.716
27.618,23.744
32.114,24.133
30.812,24.664
26.473,25.076
29.953,24.191
29.007,24.057
28.125,24.170
25.543,24.149
28.166,24.226
32.695,24.264
31.412,24.969
32.537,24.362
34.632,25.228
33.748,25.133
31.173,25.310
30.804,24.870
33.115,25.090
32.253,25.737
30.257,24.694
29.815,24.388
25.466,24.519
26.441,24.122
28.691,23.943
28.442,24.444
30.420,24.339
27.127,24.158
29.136,23.762
26.777,24.207
30.686,24.094
30.438,23.903
29.827,23.766
29.380,23.005
31.056,22.903
31.743,22.289
31.867,23.410
30.818,24.402
30.502,23.745
29.566,23.264
30.387,22.868
31.276,19.218
33.462,21.240
33.777,22.202
34.992,23.029
34.862,22.983
35.212,22.840
35.073,23.626
34.836,22.255
34.723,23.119
33.919,21.742
34.320,22.125
34.813,24.122
35.086,22.172
36.476,22.247
35.258,22.250
33.980,20.029
34.168,18.659
34.138,17.874
34.833,18.554
34.776,18.832
34.834,18.644
35.386,19.359
35.521,20.126
35.894,21.120
35.388,19.522
34.538,21.316
34.166,21.755
35.032,21.699
34.593,20.902
34.263,20.295
33.747,19.501
33.057,19.858
33.243,20.927
33.424,19.644
33.081,20.156
32.689,20.300
32.472,21.310
32.368,21.325
31.823,18.706
31.670,18.413
31.480,17.789
31.820,18.097
32.136,18.137
32.891,15.982
33.281,15.782
32.767,18.083
33.980,19.253
33.036,19.677
33.397,22.222
32.361,20.236
31.884,20.378
31.762,18.268
31.144,16.555
32.259,16.129
31.178,17.600
30.711,17.658
30.257,17.381
30.366,16.436
31.094,16.208
31.719,16.501
31.709,16.578
31.332,16.396
31.063,16.735
31.532,15.645
30.453,12.376
29.924,17.283
29.009,16.681
30.332,16.703
31.397,18.781
31.799,19.325
31.979,19.097
33.050,19.785
33.947,20.000
33.015,18.133
31.505,13.794
30.093,14.211
29.153,13.878
28.900,14.389
28.776,12.516
28.559,12.763
29.550,16.987
30.820,17.124
30.128,17.500
30.867,17.202
29.514,16.898
28.148,14.419
29.142,14.726
30.417,16.611
30.133,16.615
29.790,16.816
28.607,13.903
28.150,13.944
28.694,12.744
27.786,11.095
27.311,12.910
28.697,14.939
28.846,13.908
27.906,11.856
26.437,9.443
26.263,11.463
27.243,11.510
26.268,10.527
25.419,11.724
25.360,10.985
25.714,10.746
27.587,12.914
28.286,12.469
29.646,12.874
30.770,11.504
30.796,13.780
29.754,12.771
30.533,11.901
29.780,13.237
30.000,11.893
24.440,10.259
24.623,8.839
25.683,11.170
26.065,11.614
27.064,13.312
28.694,13.680
28.456,15.138
28.109,14.758
28.307,13.929
29.668,14.103
29.767,14.932
30.024,15.972
31.013,16.654
31.851,18.710
33.081,17.726
34.379,18.495
33.276,18.827
31.141,14.273
28.161,15.216
27.760,10.603
27.986,13.286
28.464,12.765
30.173,13.358
33.538,16.975
34.393,18.272
35.309,19.320
34.324,18.806
34.895,20.695
32.025,15.515
25.637,13.437
28.141,9.847
30.103,11.763
33.020,16.592
31.623,16.832
34.133,17.915
34.844,15.500
32.919,18.280
31.059,14.410
33.140,17.057
35.371,16.709
31.893,14.741
33.179,13.047
34.138,17.379
36.590,16.254
38.018,16.947
37.331,16.755
39.213,18.728
38.214,18.280
39.344,19.588
40.007,20.064
37.790,14.824
37.005,17.331
36.638,15.269
37.414,15.788
36.306,13.886
35.158,14.283
36.572,16.252
38.262,22.049
36.066,20.743
38.780,20.066
38.471,19.692
37.934,16.747
37.442,16.809
37.015,17.930
37.781,19.378
35.796,20.238
37.789,19.205
38.909,19.620
35.502,22.692
35.074,21.095
34.650,18.087
37.610,16.720
39.119,20.990
38.973,18.405
38.089,20.895
36.461,18.332
39.898,17.373
39.109,16.992
43.378,17.472
41.123,20.586
38.998,17.367
39.347,21.181
38.258,22.617
37.408,20.997
39.028,19.660
41.471,22.011
41.558,21.985
41.495,21.058
39.919,20.419
39.906,20.473
39.762,21.787
39.351,19.667
38.197,23.196
38.638,21.814
39.358,20.026
39.180,23.912
44.250,25.969
42.234,26.083
41.847,26.123
44.500,23.909
45.425,24.986
43.047,24.359
43.683,25.992
43.975,24.337
43.011,22.212
41.848,23.019
42.403,24.981
41.943,23.163
42.160,24.266
43.238,23.645
42.697,24.053
41.775,23.235
41.192,22.994
40.798,23.501
41.547,24.395
42.266,24.772
43.046,25.980
44.200,25.818
45.046,24.752
44.712,26.396
45.073,25.218
44.446,25.720
44.698,27.092
43.986,26.938
43.022,26.560
43.729,25.663
42.319,25.298
41.613,26.600
41.647,27.263
41.908,27.429
41.237,28.734
41.629,27.616
42.733,27.668
43.348,27.509
42.875,29.453
42.988,30.143
44.297,29.613
41.328,30.297
42.695,30.161
42.820,30.780
41.368,29.713
39.877,27.661
36.081,28.039
33.365,26.937
36.274,26.121
35.755,27.008
36.990,26.267
40.210,26.926
41.000,27.380
39.854,27.553
33.178,26.430
26.333,25.577
33.587,24.695
35.658,25.939
36.750,26.154
36.386,26.528
37.020,26.237
38.524,26.835
38.877,27.417
37.577,27.736
34.775,27.161
36.742,26.710
35.861,26.524
36.947,26.839
35.929,27.176
37.249,27.230
36.185,27.673
34.201,26.394
29.292,25.118
31.665,25.641
31.263,25.603
29.903,25.768
30.110,25.333
30.669,24.841
28.580,24.970
30.582,25.977
27.161,24.351
27.914,23.880
25.273,24.133
29.781,23.571
29.506,25.431
27.019,24.940
29.467,24.726
31.476,24.766
31.633,25.113
26.541,24.876
32.852,24.467
32.866,25.328
29.374,25.682
29.585,24.817
27.618,25.475
26.644,24.937
26.530,24.451
30.094,23.134
30.037,24.065
27.457,25.097
32.149,24.865
28.621,23.335
29.653,24.322
29.500,23.628
29.504,24.547
26.737,24.770
26.581,24.476
27.570,24.510
26.244,24.350
28.924,23.977
28.797,24.592
28.616,25.271
28.325,24.412
28.274,24.050
29.837,23.946
29.814,23.978
29.948,24.306
30.980,23.622
31.651,23.778
25.591,23.767
26.930,23.844
30.180,23.835
26.324,24.558
25.462,23.223
27.940,22.921
30.342,23.578
28.218,23.782
29.798,23.313
30.864,24.133
31.057,23.974
30.976,23.848
30.505,23.803
30.846,23.791
31.900,22.747
30.510,22.278
30.483,22.759
30.670,22.410
31.315,21.648
34.028,22.264
35.887,23.566
36.896,24.466
35.022,25.109
36.487,24.707
35.518,24.717
36.127,25.255
34.548,24.859
35.672,23.676
37.727,23.080
38.083,24.594
37.266,23.724
31.337,22.591
30.111,22.356
30.107,24.602
30.069,24.326
27.184,23.474
24.679,22.762
29.114,22.527
28.094,23.749
27.233,23.386
29.157,23.720
29.297,22.831
31.775,22.919
29.301,23.691
32.400,22.556
31.886,21.263
31.359,21.885
30.529,23.462
30.215,22.596
30.576,22.619
30.673,23.248
31.207,21.986
31.844,21.770
32.595,22.089
32.799,21.790
32.265,21.804
32.422,21.924
33.835,21.664
34.236,22.197
34.915,22.162
34.052,21.218
34.078,20.911
32.470,20.541
33.189,19.285
31.365,19.966
31.768,21.034
31.957,21.619
32.677,20.079
31.709,19.931
30.835,16.751
30.985,15.898
30.269,16.717
30.718,17.421
32.196,18.282
32.587,20.297
32.143,20.493
31.102,19.666
31.263,19.085
31.257,19.102
30.568,19.592
30.643,17.901
30.247,18.714
29.488,17.311
29.507,16.239
30.010,16.526
29.285,17.780
28.486,17.524
28.486,14.973
28.171,14.834
28.991,16.130
29.477,15.742
30.327,13.642
30.185,15.295
29.951,16.849
29.490,16.995
30.507,16.722
30.991,15.631
31.023,16.520
30.712,17.272
30.868,18.849
30.299,18.293
30.309,16.788
31.312,16.722
30.674,16.825
30.231,15.647
30.379,17.203
30.185,17.354
29.156,15.539
29.598,14.965
30.013,15.043
28.346,14.856
28.498,14.462
29.028,14.255
28.445,14.385
27.355,13.808
28.590,11.947
28.295,11.153
27.944,12.540
27.876,12.875
28.013,11.172
28.216,11.546
26.904,11.645
26.101,12.060
26.122,11.484
25.964,13.291
26.807,14.713
28.174,14.833
27.600,15.236
27.470,15.172
24.956,9.388
25.676,12.528
23.418,14.203
24.955,10.428
25.840,12.946
25.267,15.794
25.035,14.913
26.681,14.228
25.948,8.987
25.424,9.497
26.215,12.403
28.213,14.734
26.673,11.056
24.358,10.611
23.428,9.822
24.377,11.982
26.675,12.466
27.601,14.174
27.040,9.682
26.110,11.166
25.670,10.441
25.117,7.743
26.157,12.698
27.462,14.168
18.815,16.635
25.801,14.828
26.183,13.570
27.063,15.440
27.128,13.874
27.757,14.658
28.889,15.295
27.987,14.784
29.555,14.065
28.993,14.412
29.068,14.986
29.150,15.787
30.554,17.262
30.513,15.587
30.277,13.867
31.169,14.063
32.155,15.571
30.353,15.112
27.860,11.287
26.601,10.483
26.874,10.012
26.809,9.547
27.709,12.926
27.157,13.044
26.721,12.473
25.700,15.680
26.814,9.678
27.478,13.601
29.105,12.535
30.748,11.603
32.115,13.202
26.835,19.157
30.563,14.541
29.952,17.003
30.852,16.986
33.487,18.767
33.199,15.972
31.540,12.296
30.269,12.731
28.835,13.176
30.035,13.053
29.993,13.975
32.367,15.538
32.697,15.064
34.706,18.069
34.934,19.843
34.255,19.435
34.596,18.357
33.869,19.544
34.330,15.613
34.298,16.635
35.822,18.088
38.287,19.317
38.151,21.489
38.668,18.207
37.909,19.423
35.641,18.545
39.096,17.507
38.274,16.016
34.932,16.124
36.502,16.995
38.185,18.107
37.989,20.755
36.514,18.640
36.987,20.621
39.715,19.482
38.867,20.467
38.555,18.742
38.287,20.726
38.633,18.238
38.468,20.954
38.171,21.699
39.119,17.932
40.123,19.817
40.863,20.310
39.274,20.940
38.599,22.505
40.793,16.134
40.054,16.278
39.112,14.688
39.972,16.682
40.050,17.656
39.886,20.994
40.607,20.675
41.732,20.374
42.485,20.697
41.341,22.771
40.677,20.955
39.043,20.318
40.771,20.963
43.176,22.869
42.176,25.710
41.225,23.984
43.184,22.913
41.544,25.361
41.752,24.794
47.653,27.626
47.565,27.382
43.945,26.586
43.208,25.763
42.556,25.604
41.709,24.029
41.957,23.578
39.715,22.753
41.273,25.849
42.558,24.012
43.811,27.835
43.633,28.586
41.697,26.328
40.566,23.787
40.227,24.187
39.825,25.048
39.835,24.314
40.059,25.442
38.525,25.795
37.022,25.309
40.331,25.396
42.027,26.538
42.851,25.695
42.844,26.354
43.772,26.689
43.252,27.403
43.014,26.619
44.464,25.483
44.502,26.770
45.557,28.198
49.060,29.116
45.705,31.207
44.010,28.723
43.616,27.406
43.022,26.559
44.223,27.169
45.783,28.290
45.446,30.260
46.256,29.641
46.574,28.895
45.732,28.450
45.277,29.098
44.610,28.728
44.052,27.972
42.255,28.116
42.811,29.429
40.953,27.823
39.241,26.286
38.748,27.444
38.691,27.399
40.090,27.253
39.857,26.811
40.401,27.390
38.207,28.010
41.111,28.133
41.272,27.968
39.764,28.538
40.368,28.504
41.043,28.104
40.395,28.024
40.199,27.857
39.959,28.167
40.134,27.928
39.673,27.068
39.417,27.188
38.320,27.031
38.484,27.559
35.645,27.479
39.231,27.238
39.689,27.328
41.181,27.924
40.345,28.767
38.288,27.911
38.074,28.509
37.205,26.970
39.466,27.975
38.366,28.056
37.476,27.291
35.688,27.143
40.242,27.346
35.495,27.420
36.849,26.910
30.049,26.534
27.335,25.159
32.154,24.647
32.730,25.018
33.935,25.154
26.916,24.229
23.940,23.193
25.056,23.156
28.358,24.382
31.499,24.643
26.119,24.847
28.301,25.041
30.153,24.986
30.461,25.536
