20000101
29.987,12.101
29.196,12.054
29.800,10.877
28.790,8.373
29.488,8.270
28.978,9.644
29.765,9.266
31.329,7.808
31.902,7.528
32.618,11.933
33.134,8.713
30.846,11.200
28.165,10.848
26.100,6.324
24.842,9.077
24.888,8.234
27.218,9.605
30.678,12.255
32.879,11.729
31.703,8.833
28.900,9.672
29.122,11.021
30.266,9.895
30.026,12.563
31.942,9.951
31.380,10.497
28.365,14.176
27.580,11.093
29.524,9.346
32.147,9.948
31.068,9.929
29.042,12.107
28.820,9.185
29.408,8.793
29.107,10.645
26.904,13.206
26.250,9.141
27.282,10.577
29.160,10.891
28.402,10.881
29.342,7.876
27.018,9.051
26.003,8.120
27.007,10.084
26.986,10.671
30.023,9.776
32.290,12.034
30.050,10.703
30.676,10.671
30.202,11.812
32.415,14.154
32.663,15.300
31.244,15.989
30.954,16.642
27.511,19.919
32.827,14.824
31.377,11.551
33.997,10.064
35.203,15.193
37.375,12.731
38.049,17.638
36.722,14.597
35.835,13.379
33.395,13.963
34.028,9.771
33.372,13.806
31.566,7.768
32.579,16.012
36.200,13.727
35.568,10.408
36.439,15.530
34.449,15.673
32.662,14.611
35.905,9.935
33.860,13.877
35.223,10.797
35.423,14.304
36.940,10.441
37.520,14.490
36.822,15.952
37.292,14.458
36.014,14.733
35.850,15.885
34.740,17.373
36.016,17.076
37.753,18.486
38.033,16.959
38.728,16.306
40.716,17.083
41.372,19.030
41.428,20.958
42.282,21.334
42.338,23.700
44.697,19.414
42.706,17.766
42.507,15.778
45.023,17.422
42.043,16.879
41.467,23.538
44.645,17.087
42.302,16.363
42.980,18.102
43.718,20.134
43.925,20.362
41.837,20.581
42.513,21.653
42.322,21.311
43.071,21.871
42.097,18.775
43.798,23.453
43.147,22.648
41.861,24.673
41.631,26.664
41.459,24.541
41.675,23.738
43.309,24.867
44.294,25.612
43.510,25.211
43.743,26.206
43.472,26.362
44.121,26.340
44.166,24.591
45.035,24.181
45.362,24.362
44.432,24.803
44.599,24.056
43.859,28.325
42.930,25.993
42.445,26.764
42.629,25.383
42.074,26.015
42.156,26.641
39.555,27.925
37.119,24.946
39.883,25.796
39.973,26.146
40.986,26.498
40.274,25.038
43.486,26.339
39.718,26.178
36.043,27.579
41.680,25.418
42.844,27.760
41.974,27.636
41.983,27.769
41.850,28.202
41.879,28.141
42.587,28.365
42.480,27.514
42.326,29.068
39.459,27.785
39.215,28.230
42.281,28.663
43.553,28.854
45.719,29.764
45.498,29.989
44.794,28.973
44.488,29.231
45.930,30.554
43.346,28.617
43.039,27.704
43.292,28.908
43.105,27.913
41.793,28.280
41.453,28.463
41.295,28.754
40.617,27.664
42.263,27.913
42.008,27.682
42.861,26.906
43.241,27.580
41.571,29.937
40.481,27.800
39.454,28.062
40.196,27.145
40.289,27.037
40.049,27.169
40.122,26.787
40.728,28.008
40.574,27.240
43.958,28.321
40.718,29.237
37.335,27.714
32.967,26.634
39.239,25.429
34.926,26.511
38.087,26.662
39.828,27.606
38.968,27.781
30.600,27.701
34.371,26.665
35.260,25.993
34.190,26.458
33.074,26.290
32.456,26.181
27.365,24.734
25.525,24.181
28.958,23.657
30.490,23.813
33.244,24.719
30.612,25.020
31.702,24.346
26.849,23.961
30.049,23.435
32.336,23.903
34.473,23.467
34.514,23.930
35.726,24.055
36.668,24.582
37.587,24.186
29.858,26.112
32.538,25.668
35.357,25.418
35.335,25.275
35.460,25.399
32.777,24.525
35.677,24.218
36.487,24.643
37.071,25.426
38.256,24.861
37.528,28.029
38.024,26.572
36.748,27.332
34.366,25.019
33.978,26.550
29.823,25.434
27.531,23.796
30.177,23.862
29.672,23.120
28.324,24.464
30.848,24.331
27.719,23.602
28.442,23.740
27.502,23.631
31.205,23.649
36.740,25.283
34.780,25.238
37.013,27.487
35.791,26.136
32.701,24.430
33.088,24.606
33.919,24.605
31.925,24.949
26.854,24.495
30.499,24.076
32.318,24.627
34.501,24.487
31.682,24.412
25.112,23.399
33.762,23.454
32.778,23.056
34.413,21.669
33.797,22.518
33.824,22.203
34.071,21.738
34.599,21.192
35.782,20.776
36.551,20.972
35.612,21.614
34.732,20.906
36.446,21.078
34.705,21.118
35.682,20.447
36.564,20.543
37.770,23.169
38.788,21.875
39.016,22.231
38.021,22.849
37.229,25.577
39.613,23.410
38.566,20.651
39.174,25.023
39.184,21.336
39.219,21.072
39.561,20.106
39.871,18.758
40.106,22.371
39.932,18.624
39.709,18.289
39.468,17.916
39.250,17.716
38.734,21.115
38.906,20.391
41.294,20.337
38.194,21.899
39.206,22.854
39.687,21.442
38.025,25.954
40.455,20.127
38.539,20.078
38.459,18.520
39.353,16.091
39.494,17.468
39.510,16.751
39.789,17.989
38.098,16.459
36.569,15.733
35.894,16.518
38.258,17.338
38.062,17.964
36.802,20.030
38.514,18.663
37.508,15.548
36.668,15.803
38.408,17.905
35.645,16.012
35.502,17.531
34.941,17.170
35.415,16.316
35.706,15.960
34.810,16.730
34.662,15.515
35.330,17.602
37.457,17.301
36.774,19.688
35.732,18.995
35.059,17.197
35.136,14.364
35.383,19.187
34.760,18.103
34.643,14.861
34.178,13.306
34.740,13.143
33.110,13.625
31.999,14.291
33.969,12.669
33.545,13.949
33.436,12.768
35.409,17.082
33.109,17.222
32.892,14.592
32.229,12.599
30.613,15.877
29.424,14.012
29.746,13.009
28.520,11.487
28.615,9.784
29.538,9.698
31.495,9.334
32.938,11.657
32.809,13.065
32.564,14.528
33.018,10.775
32.698,11.849
31.916,11.267
31.528,12.374
31.370,12.691
32.491,11.638
32.177,13.524
31.911,13.729
31.925,12.480
31.744,13.328
32.367,13.003
30.105,14.148
30.317,12.275
30.297,12.490
32.249,11.705
31.525,10.330
31.706,12.350
32.280,11.951
31.148,12.653
30.420,11.835
30.234,10.412
30.668,11.236
24.590,13.242
25.182,11.868
25.525,5.551
25.175,7.261
26.248,9.843
26.330,8.975
26.650,9.242
29.332,8.838
28.359,12.185
25.912,9.152
25.822,9.365
27.738,9.970
29.029,11.798
29.820,8.326
28.685,11.564
29.319,10.581
30.926,13.264
30.251,14.588
31.579,15.021
31.627,14.158
32.647,12.705
33.141,13.018
30.703,10.416
29.374,11.119
28.499,8.634
27.911,9.678
29.284,7.528
30.049,8.913
31.173,11.196
32.035,11.865
32.643,8.459
31.216,10.385
31.667,17.188
33.022,14.322
30.095,12.677
30.864,11.021
31.438,10.055
30.386,9.227
30.944,9.954
32.060,9.282
33.790,12.985
33.574,12.368
32.976,9.969
32.617,12.348
35.357,12.197
36.774,15.933
32.076,10.197
30.024,11.426
31.075,12.487
32.963,13.184
33.681,15.437
34.164,15.911
36.241,16.116
35.149,15.086
35.106,14.454
37.126,15.349
36.539,15.524
35.328,14.812
34.594,16.447
33.984,15.574
32.994,12.900
32.720,17.296
33.050,16.717
33.950,16.392
33.508,17.401
35.181,15.260
34.469,15.285
36.675,13.584
35.408,15.180
35.538,16.703
37.259,16.675
36.343,16.109
34.232,16.191
34.376,13.330
35.939,12.428
39.355,20.219
39.005,21.920
39.019,19.818
38.293,16.854
39.359,16.952
37.699,17.943
36.863,14.376
36.717,16.884
36.661,20.659
38.342,18.734
38.399,18.002
38.440,18.840
38.763,16.115
37.084,19.862
34.679,15.435
35.029,14.211
37.240,11.935
36.944,19.720
41.696,19.467
39.622,18.470
40.649,14.263
41.755,17.465
42.588,13.811
43.696,22.808
41.636,21.940
40.018,20.458
39.957,18.065
39.724,17.764
39.019,21.917
41.377,20.901
39.545,20.680
36.739,24.120
38.658,21.156
37.012,22.851
37.008,18.592
37.522,21.722
43.288,21.145
40.306,18.612
41.906,19.295
44.241,19.508
46.704,23.579
44.270,25.037
44.412,22.466
43.348,23.703
42.849,23.520
44.216,22.364
44.421,23.670
45.799,24.920
44.690,24.502
44.588,24.950
45.019,25.143
45.265,24.379
44.938,25.278
44.183,25.373
42.481,24.250
41.695,25.041
43.143,26.572
43.245,25.505
43.830,25.387
44.108,25.513
42.320,25.142
42.056,25.354
41.957,26.673
41.626,26.583
40.294,26.208
39.609,26.055
40.431,27.368
41.415,27.429
41.886,28.470
48.463,29.301
45.014,29.102
43.101,28.316
41.760,27.588
41.424,27.059
41.373,27.650
39.344,25.902
35.368,25.736
37.260,26.638
38.015,26.832
35.749,26.768
35.913,26.707
37.954,25.645
38.293,26.636
37.706,26.763
41.027,27.133
41.265,27.506
40.630,27.569
38.810,28.089
39.998,27.195
39.759,27.580
37.954,26.582
33.984,27.048
33.849,26.070
30.488,24.392
30.940,24.077
35.589,25.286
37.900,25.950
38.411,26.256
38.530,26.293
38.847,26.036
39.898,26.638
40.201,28.220
39.672,27.402
39.699,27.629
39.609,26.988
39.310,27.032
37.920,27.526
35.997,27.781
31.458,27.848
32.365,25.925
32.270,24.857
25.987,24.392
29.374,24.600
34.388,24.010
36.614,24.752
33.281,26.177
33.577,26.033
33.111,25.076
27.343,24.511
29.705,24.523
29.395,24.398
32.133,24.248
27.672,24.937
28.030,25.082
26.989,24.574
29.049,24.799
32.338,25.124
27.116,25.246
27.825,24.714
31.393,24.481
29.072,24.828
33.374,24.443
31.658,24.641
30.938,24.519
33.237,24.400
33.234,25.197
30.276,24.550
31.893,24.626
34.071,25.027
34.092,24.762
35.221,25.595
34.921,23.548
37.433,24.982
34.190,25.296
33.615,24.380
33.475,25.505
33.197,25.544
33.690,25.322
33.091,25.075
31.641,25.323
32.131,24.966
30.613,24.910
32.756,25.032
34.084,25.014
26.144,24.950
24.747,23.332
27.296,23.874
32.325,22.297
32.859,24.150
33.499,24.030
32.174,23.742
31.835,23.547
32.463,24.047
32.589,24.493
33.494,22.909
33.842,22.733
33.667,22.987
31.951,23.365
30.209,22.213
33.881,22.019
36.072,23.567
35.479,23.375
35.451,23.400
35.594,24.461
35.147,24.176
34.622,22.935
34.228,24.042
33.353,21.936
35.526,21.876
34.828,22.113
34.975,22.002
35.896,21.830
35.980,22.706
35.440,22.712
38.717,21.889
39.164,20.768
36.026,24.188
37.759,21.432
37.849,22.743
34.477,25.693
38.457,25.111
38.879,27.468
36.443,25.789
37.974,22.132
39.253,26.432
40.044,21.692
38.923,20.174
40.031,18.601
42.502,23.084
40.111,21.928
39.325,24.228
35.704,24.377
36.961,22.977
36.385,22.537
38.301,22.472
39.245,21.426
38.455,22.637
39.369,23.563
38.246,24.130
35.499,23.169
31.984,23.599
26.460,22.957
35.290,20.976
36.634,22.433
38.227,26.643
38.055,22.724
36.771,21.373
36.475,17.877
37.454,15.907
37.604,15.956
37.069,17.952
37.871,18.812
37.116,19.348
38.729,19.899
38.062,17.533
37.923,16.695
40.244,17.923
39.885,20.743
37.451,19.189
37.874,17.028
36.812,16.209
37.763,18.785
37.202,17.270
36.875,18.778
35.899,15.634
34.759,16.857
35.846,15.215
36.783,19.778
33.971,19.200
32.506,17.234
32.520,15.027
33.128,14.599
32.701,15.389
33.489,15.954
33.252,14.716
33.081,14.394
35.212,16.002
35.128,17.495
35.259,18.709
34.583,17.645
34.857,15.563
33.756,13.567
32.730,13.671
33.536,12.627
31.764,13.095
31.316,12.836
29.998,12.542
29.407,12.331
29.477,12.730
29.536,11.676
30.461,11.274
30.729,12.771
31.226,13.824
31.279,14.034
31.738,11.305
31.423,13.057
32.461,14.049
33.290,13.720
33.933,14.362
33.663,16.004
33.144,12.557
33.087,13.057
32.001,13.286
30.880,15.163
30.364,14.370
31.738,12.593
31.524,14.406
31.191,14.469
31.536,13.956
31.514,15.957
29.628,14.908
28.616,12.883
27.887,10.724
27.771,10.039
28.345,10.369
29.643,11.232
30.118,10.711
31.220,13.131
29.017,13.468
29.340,12.730
29.635,12.174
28.516,11.858
28.930,10.916
28.258,10.677
27.713,10.882
27.396,10.597
27.175,10.553
28.534,11.888
28.179,12.180
27.851,11.891
27.218,10.923
29.120,11.113
30.035,12.848
32.262,11.646
32.948,10.107
31.622,11.786
31.324,13.039
28.308,12.394
27.142,7.977
23.653,11.499
26.134,8.781
25.478,10.132
25.726,9.698
27.215,9.874
27.686,9.652
28.574,9.456
27.906,9.495
27.161,13.712
24.835,9.853
23.964,8.097
25.063,8.328
25.063,8.221
27.016,8.423
30.598,9.528
29.574,11.452
28.964,12.531
30.365,12.946
32.724,13.504
30.289,12.116
27.659,10.415
26.130,7.685
26.978,9.614
23.650,11.853
26.415,14.558
28.826,10.533
30.344,11.640
32.668,12.698
34.719,13.832
34.463,14.755
32.997,17.420
35.625,17.209
35.512,20.439
34.957,17.371
35.562,17.273
36.137,13.151
34.596,14.007
34.369,13.185
33.102,14.768
33.598,15.638
35.229,15.035
35.533,15.650
38.087,17.272
34.390,18.806
32.782,16.230
35.533,15.789
35.556,15.479
37.354,17.185
35.163,16.581
34.455,14.010
33.714,16.587
36.580,17.780
36.824,21.141
30.375,20.144
33.906,18.165
28.944,18.637
34.541,13.340
36.338,16.398
40.429,15.359
39.506,18.314
39.869,17.039
39.706,16.204
38.630,19.644
38.533,16.444
39.689,14.914
38.231,19.304
36.940,16.818
37.847,15.331
38.003,15.582
39.406,20.199
39.237,19.785
40.267,17.056
41.532,19.482
42.189,21.295
41.772,17.814
41.453,14.305
40.719,14.584
42.018,17.881
42.201,23.240
34.172,22.659
36.513,19.035
39.003,20.456
40.120,18.718
40.114,19.225
41.860,20.140
41.726,20.525
41.367,23.398
39.548,22.104
39.969,20.565
40.848,21.424
41.790,23.441
43.827,22.698
41.225,25.409
41.978,22.087
42.761,22.592
42.282,23.824
41.567,24.441
40.869,21.995
43.275,16.142
44.240,18.030
45.127,24.579
45.271,20.243
45.249,20.405
45.051,23.034
46.681,24.532
46.786,26.628
48.603,25.193
48.551,25.803
46.082,27.042
44.953,24.255
43.563,23.792
44.413,25.515
44.119,29.567
44.162,29.340
44.216,26.871
44.735,27.936
44.888,28.552
44.621,28.499
45.148,28.195
43.629,31.290
44.764,28.736
42.576,27.114
42.509,26.617
43.695,26.994
44.213,28.422
44.147,27.868
44.054,27.886
43.506,28.291
41.877,26.847
41.401,25.925
41.958,26.803
42.518,28.149
41.534,28.307
43.364,28.402
42.197,30.129
43.026,27.652
44.524,28.252
43.322,28.036
43.597,28.381
42.679,27.672
43.625,29.257
44.086,28.195
44.167,29.068
45.219,29.621
44.027,32.035
46.313,31.354
44.625,28.848
43.233,31.494
43.257,29.479
43.432,29.407
39.182,28.371
39.504,28.137
40.205,28.989
40.706,28.463
38.499,28.490
40.732,27.994
42.939,27.924
42.922,29.624
40.988,29.705
37.961,30.051
36.431,27.505
32.848,27.304
28.265,25.051
30.030,24.512
36.669,25.651
37.675,25.833
38.314,26.388
37.396,27.195
40.116,27.062
38.893,27.420
38.924,27.200
39.848,27.189
39.621,27.032
36.734,27.637
38.198,26.571
41.788,27.072
38.738,27.745
37.421,27.112
31.805,27.677
31.103,25.969
35.508,25.330
32.472,26.280
33.153,25.793
29.985,25.577
33.972,25.129
27.784,25.926
28.356,25.937
29.272,25.797
27.923,25.960
29.791,25.397
34.842,25.347
37.810,24.691
39.037,25.792
39.671,25.677
40.094,25.035
39.376,26.374
40.289,26.536
39.316,27.631
35.865,26.741
28.442,24.590
29.153,23.990
30.741,24.070
26.761,23.784
30.419,23.870
32.350,24.633
31.458,24.527
26.410,24.635
25.758,24.249
26.193,24.438
27.394,24.682
28.287,23.828
32.138,23.878
33.108,24.254
33.417,24.654
35.209,24.334
31.299,24.384
35.652,23.369
35.679,23.737
32.057,24.573
28.960,24.522
27.784,23.324
28.787,22.299
33.131,22.318
34.045,23.214
27.917,23.763
30.549,22.827
32.138,23.774
35.206,24.792
33.038,24.951
30.872,24.452
33.380,24.929
33.391,24.849
33.245,22.358
34.027,23.051
33.181,23.346
35.422,21.143
31.225,21.879
36.044,22.862
36.049,22.620
34.980,19.470
35.132,20.561
34.266,21.331
33.337,21.000
34.492,20.684
35.603,19.748
36.956,20.753
39.111,21.932
37.109,22.494
38.745,24.774
36.521,25.867
37.015,21.352
37.550,21.033
36.712,24.596
40.380,21.233
38.378,23.436
41.217,23.184
40.135,18.766
39.939,22.147
39.161,20.463
39.912,20.400
39.593,19.537
39.827,20.111
40.274,18.739
40.471,19.406
39.883,18.155
39.091,18.643
38.535,18.708
38.945,25.033
38.560,20.046
38.850,19.129
37.598,20.552
37.707,21.760
37.597,19.181
38.675,16.892
37.948,17.706
37.485,18.515
37.573,18.795
38.099,19.148
37.430,17.707
37.811,19.255
37.250,17.465
36.677,17.874
37.299,13.963
36.443,13.206
36.686,13.692
36.159,15.496
37.744,16.282
37.742,18.784
36.851,18.216
36.546,15.122
36.332,13.864
36.558,13.897
34.269,17.557
35.765,15.468
34.279,19.126
34.654,16.832
34.128,18.148
34.803,15.969
32.421,19.130
32.558,16.827
32.887,18.662
33.379,15.935
35.290,16.112
33.978,13.865
34.557,16.623
34.281,16.784
35.003,14.907
35.629,17.257
34.828,16.131
33.605,15.127
33.646,14.794
34.736,15.812
35.374,15.849
34.579,15.212
33.001,14.164
33.204,13.853
33.556,14.957
31.802,15.223
31.761,14.920
32.439,14.195
31.977,10.714
31.557,14.152
31.627,15.189
32.710,16.211
33.515,18.730
32.944,16.162
31.646,14.953
32.131,11.336
32.894,11.840
33.247,14.418
33.493,14.988
33.934,15.223
34.568,15.117
34.072,12.316
33.341,12.410
32.104,13.835
31.561,13.579
31.180,13.205
30.563,12.832
31.722,12.673
29.921,12.400
27.550,12.710
27.990,11.672
29.730,12.965
27.240,11.628
28.017,10.524
28.103,9.356
25.735,12.593
23.917,8.174
24.097,8.629
24.007,12.408
26.074,12.180
28.276,10.795
30.592,10.484
30.408,15.376
27.960,11.378
29.976,13.253
29.925,17.511
29.404,13.652
31.291,15.067
29.810,15.200
28.984,10.935
30.188,11.225
29.550,11.238
28.738,10.145
29.314,10.581
29.391,11.061
31.097,14.207
31.719,13.528
31.847,14.115
32.231,13.407
32.222,11.704
33.134,12.209
33.854,15.804
34.560,15.300
31.283,15.583
30.044,13.852
31.114,11.345
30.873,16.601
28.270,15.273
28.934,14.524
29.133,14.297
28.552,14.183
30.137,13.375
31.922,13.259
33.556,12.189
31.177,13.410
31.643,14.069
31.295,14.780
31.205,16.287
31.179,14.847
32.786,12.963
32.197,14.920
33.787,15.165
35.044,14.229
32.788,18.404
26.657,19.032
29.251,16.097
30.359,14.423
32.076,15.154
33.937,16.357
34.603,18.316
35.685,18.118
34.456,19.362
35.296,17.861
36.561,19.001
36.674,19.425
37.600,20.145
35.546,19.993
32.404,14.582
29.623,8.542
30.516,11.699
35.424,13.979
35.311,15.236
35.124,15.432
36.711,16.261
36.559,16.985
34.352,17.460
35.148,16.968
37.161,16.612
37.600,19.109
37.264,15.056
36.439,15.169
36.404,20.232
36.550,16.597
36.618,19.598
38.427,19.298
39.016,20.084
39.613,16.420
39.968,19.484
39.831,20.112
41.326,24.734
43.233,25.093
40.025,23.832
40.109,21.326
39.090,20.552
38.559,21.095
40.404,18.050
40.832,22.876
41.430,18.059
40.974,21.044
39.806,22.536
39.648,19.414
39.739,21.891
43.556,21.185
40.851,17.579
41.285,16.828
40.581,22.071
44.971,22.486
39.756,27.971
39.711,21.414
39.281,20.504
40.242,22.017
40.130,21.557
43.477,23.064
40.964,24.843
38.391,24.636
39.084,19.189
41.866,19.475
46.104,22.459
43.907,23.006
42.787,22.543
41.960,21.987
42.623,23.076
42.492,21.154
44.709,18.730
46.773,22.634
46.674,23.260
44.863,24.959
42.279,23.305
40.245,23.785
40.674,18.596
41.027,20.942
41.142,21.899
41.644,22.467
42.621,19.253
46.152,20.959
46.285,24.444
45.060,27.412
45.359,28.665
45.253,25.732
45.459,25.606
48.279,21.913
45.471,27.150
44.648,27.858
43.274,28.340
42.601,26.668
42.753,26.638
42.747,26.600
41.145,25.846
42.024,26.980
43.890,26.773
41.798,27.322
39.999,24.872
41.445,27.261
42.456,25.713
42.770,27.713
44.034,27.518
44.201,27.199
43.347,26.100
43.726,28.435
44.642,28.487
44.961,27.827
43.820,27.702
43.411,28.530
42.617,28.897
42.665,28.659
43.792,28.623
43.051,28.733
43.306,27.740
44.054,29.493
43.183,28.530
42.785,27.840
44.660,29.231
39.503,28.241
35.555,27.217
30.759,26.190
30.592,25.302
31.448,25.460
38.727,26.148
40.826,27.456
40.332,27.194
39.506,28.627
35.577,28.274
36.157,26.996
37.370,26.916
37.659,26.479
37.820,26.377
38.071,26.240
37.882,27.039
38.296,27.748
37.521,27.260
35.849,27.335
28.221,26.698
31.989,25.873
33.358,25.854
33.367,25.481
31.544,25.622
34.007,25.240
30.709,25.537
34.192,25.634
35.240,25.417
36.746,26.125
35.624,26.180
29.919,25.604
33.866,25.660
34.837,25.974
35.189,25.929
32.207,26.285
31.517,25.771
29.206,25.156
31.881,25.594
28.531,25.177
28.171,24.558
29.560,24.254
32.511,24.741
27.271,25.081
27.713,24.287
28.466,24.162
30.310,24.702
30.145,24.522
30.428,24.136
29.998,23.623
30.032,23.892
30.977,24.385
35.007,24.509
35.312,24.916
32.700,25.863
32.340,25.880
31.777,25.074
28.028,24.867
33.206,24.478
32.700,25.310
33.436,24.041
33.527,24.695
32.002,25.194
34.177,25.401
31.904,24.462
32.261,24.158
34.751,23.776
35.796,24.124
39.276,25.271
35.938,26.192
31.340,25.178
26.353,24.077
25.972,23.464
28.565,23.898
31.431,24.400
32.713,23.443
25.882,23.888
29.152,23.850
26.707,23.941
29.917,23.630
30.357,24.449
32.417,24.338
32.483,24.000
30.417,22.039
30.220,22.920
33.660,22.315
33.167,24.135
34.283,23.687
33.000,23.920
33.232,21.765
33.359,22.434
33.271,21.315
32.209,22.821
34.028,24.010
32.124,22.782
32.572,23.963
33.698,23.576
38.364,24.097
38.121,22.175
35.904,23.177
32.795,23.054
31.777,23.676
30.829,22.700
35.644,24.023
36.069,22.882
35.589,24.728
36.838,21.414
37.173,24.237
35.835,22.462
37.824,25.067
35.686,24.190
37.171,20.639
36.354,16.656
33.866,18.041
35.760,20.919
36.202,23.084
36.876,25.494
37.018,20.073
35.548,19.190
35.825,17.622
36.313,17.410
36.789,18.427
36.832,16.139
35.761,17.263
36.771,18.253
36.569,18.096
36.170,18.563
36.705,19.785
35.108,14.957
35.037,14.879
35.457,14.281
34.371,14.533
36.548,14.085
34.333,14.021
35.639,16.842
34.205,18.275
34.439,18.977
34.428,19.191
34.089,17.164
35.238,17.326
35.067,17.973
35.207,19.463
34.043,17.735
35.167,18.837
34.958,21.276
34.300,17.530
34.156,17.265
34.493,19.443
34.992,19.502
34.612,16.174
33.223,16.039
32.599,15.882
31.449,15.313
32.110,15.001
32.850,13.075
32.760,17.582
33.804,16.662
31.818,17.175
32.648,16.189
32.533,16.127
33.080,16.577
32.804,11.766
33.188,16.372
33.953,19.224
32.478,17.889
33.398,16.918
32.627,14.911
32.511,15.927
32.058,14.875
32.706,15.420
32.506,13.067
31.840,14.052
31.944,12.904
32.351,12.322
33.430,14.371
33.086,14.170
33.393,14.806
33.064,14.270
31.039,16.004
31.798,15.972
32.069,13.851
32.189,13.464
31.232,15.584
30.660,16.807
27.492,13.825
26.677,11.497
27.240,11.740
27.460,12.037
28.103,12.716
27.995,11.984
28.170,12.301
28.496,10.432
27.547,11.426
27.127,11.430
28.333,11.561
26.415,7.529
24.769,10.163
25.840,9.193
27.078,9.713
29.317,10.697
28.379,6.847
27.147,10.327
28.669,11.046
27.712,12.617
27.639,13.940
26.991,13.026
24.358,12.818
27.740,14.345
27.989,11.876
29.254,10.031
30.248,11.546
31.103,10.768
31.735,10.094
31.598,12.634
32.486,13.500
33.329,13.620
30.647,11.170
28.616,8.314
28.084,10.401
28.722,12.591
27.588,13.010
26.460,9.616
23.906,10.237
25.605,9.807
26.191,10.370
26.494,10.846
26.765,10.917
27.875,10.472
29.012,12.291
27.288,9.937
26.331,14.016
24.050,9.532
25.192,9.564
27.836,8.879
30.649,10.145
29.552,8.169
28.753,10.144
30.210,9.217
31.384,10.266
31.803,7.573
30.571,14.174
30.849,10.610
32.654,13.456
33.008,15.576
33.022,15.666
33.724,14.598
34.014,13.504
34.472,12.444
32.750,12.820
35.073,11.956
34.333,12.695
34.621,14.576
35.568,14.215
36.569,16.771
37.742,16.958
38.334,16.207
37.279,18.693
36.291,14.853
36.235,14.673
36.799,12.217
36.444,17.622
37.755,17.340
37.920,17.180
38.028,18.794
38.054,19.196
38.258,18.039
39.418,16.045
39.174,15.275
39.084,17.040
40.395,13.438
39.444,19.249
41.770,15.861
41.132,17.989
40.844,21.115
43.920,16.943
43.176,18.565
42.305,20.358
42.549,22.800
41.929,20.672
40.848,15.768
40.692,16.359
41.428,17.570
40.985,19.964
38.664,18.881
37.000,15.719
35.590,12.927
39.126,12.517
41.964,19.212
40.216,16.853
40.626,15.899
39.389,16.217
39.572,19.192
39.834,17.981
39.782,19.642
40.808,21.142
41.073,22.291
40.396,16.736
40.484,17.776
40.610,22.166
40.325,20.681
40.275,17.570
42.321,19.174
42.244,20.388
43.052,20.000
42.244,22.632
42.038,22.603
41.560,20.633
39.375,22.127
39.193,22.135
39.029,19.734
41.610,20.928
42.752,20.246
42.110,21.658
42.241,22.183
42.374,20.415
43.591,19.666
43.753,20.397
43.889,22.194
43.141,23.350
42.281,23.364
41.034,23.868
42.939,18.901
42.411,21.613
45.918,22.374
46.108,25.477
46.535,23.810
45.342,18.908
42.392,29.929
40.351,29.659
40.846,29.375
37.529,27.280
39.115,26.707
38.977,28.127
35.459,27.369
37.257,27.371
41.114,28.144
41.864,27.287
42.731,29.024
43.923,28.810
43.412,27.516
42.747,27.370
42.074,27.379
42.352,27.614
41.968,27.244
41.517,27.149
41.822,27.204
41.465,26.708
43.102,27.003
43.098,26.127
44.251,26.778
44.274,26.442
43.727,28.078
44.372,28.847
44.634,28.429
43.378,28.354
43.127,28.026
43.269,28.155
43.656,27.669
41.816,27.762
39.312,29.678
40.459,29.754
41.654,27.528
40.808,27.617
45.544,29.325
42.253,28.214
44.658,28.038
37.385,28.346
34.529,28.692
36.251,26.955
32.452,26.442
39.126,25.518
39.124,26.930
39.960,27.020
39.947,27.147
39.271,27.103
36.232,27.164
35.476,26.631
34.630,27.006
36.821,25.659
34.100,25.875
34.214,25.433
33.776,25.607
38.137,25.784
36.732,26.049
40.835,27.017
36.031,27.124
37.952,28.249
35.161,26.874
33.432,26.177
33.228,25.979
33.706,25.635
36.653,24.923
33.657,25.090
37.270,25.677
37.862,25.269
39.093,26.132
39.587,27.101
42.771,27.510
39.066,27.439
35.961,26.319
36.643,25.420
36.852,25.786
38.801,25.491
37.878,26.138
40.086,25.071
41.467,26.042
39.921,27.525
36.358,27.267
31.632,26.500
37.023,26.781
33.739,27.049
34.560,25.789
34.135,25.383
33.511,24.745
30.851,24.880
34.520,24.826
36.678,26.592
32.335,27.831
32.467,26.330
27.896,25.009
26.186,23.725
30.083,24.312
30.105,23.861
25.996,24.564
27.753,23.499
30.475,22.396
25.013,23.844
32.494,23.902
25.217,23.419
29.691,23.114
31.152,23.787
31.915,23.901
31.287,24.050
32.683,23.927
33.297,24.590
28.706,24.122
30.867,23.734
33.155,23.840
33.032,23.026
32.718,22.714
33.115,22.169
33.226,22.402
33.595,22.168
33.427,22.020
34.022,21.650
34.586,21.436
33.802,22.272
32.085,24.391
34.952,21.026
39.783,22.382
39.812,23.374
37.955,23.500
35.521,23.122
34.338,22.945
35.545,23.114
34.985,20.714
35.132,20.180
35.227,21.677
33.685,21.123
31.488,21.376
35.594,21.946
36.546,22.568
33.156,23.859
38.145,23.343
37.905,25.625
36.592,22.196
37.257,25.067
38.262,24.354
36.155,23.127
34.310,24.048
37.509,23.738
38.599,23.833
39.317,26.817
33.572,24.141
35.845,23.879
30.933,23.578
32.866,21.721
32.745,23.744
33.169,23.770
36.940,23.158
34.646,22.815
35.083,24.798
34.264,22.643
32.107,21.826
33.577,20.851
34.773,16.225
34.523,19.054
35.650,19.115
34.309,18.234
33.526,16.981
34.057,15.432
34.991,15.649
34.597,16.317
33.603,17.350
35.298,16.244
34.542,16.716
34.325,16.115
34.132,16.286
34.406,19.185
33.585,17.883
35.050,15.932
34.770,19.046
32.940,19.176
34.183,16.498
32.327,17.394
32.865,18.318
34.284,18.463
32.498,18.547
32.120,17.861
31.850,16.736
31.224,17.455
31.855,19.752
32.923,17.267
32.924,16.631
33.991,18.655
33.636,19.533
32.930,17.424
34.966,17.190
34.482,16.463
35.247,17.564
34.398,18.195
34.760,17.774
34.752,22.146
34.083,19.029
33.865,18.153
34.575,15.827
34.291,15.057
33.687,14.597
32.517,17.003
32.029,15.595
31.974,15.701
33.237,17.392
31.478,17.267
31.329,15.523
30.419,11.644
28.952,11.625
29.710,15.572
30.685,15.128
29.983,15.006
30.592,14.224
31.115,15.572
30.874,15.722
31.471,15.679
32.067,16.439
32.689,14.777
31.768,15.552
30.589,15.613
31.081,14.910
31.431,14.345
31.582,15.054
32.667,13.972
31.847,14.303
31.695,13.105
30.419,9.809
28.260,12.260
27.967,12.150
28.809,11.109
28.193,8.843
26.828,12.632
27.722,14.074
25.982,11.512
28.430,11.405
30.472,14.230
30.441,15.441
30.937,16.138
27.085,17.761
24.883,6.270
25.853,7.969
26.517,10.304
27.343,10.859
29.997,12.972
28.393,12.127
27.574,11.725
28.916,11.490
29.100,10.906
27.631,10.446
25.906,10.424
27.124,9.985
28.258,10.104
29.469,11.201
29.103,12.177
26.893,11.959
25.891,9.292
23.681,8.781
25.099,9.577
26.303,9.415
26.629,10.745
27.820,7.559
26.855,10.395
27.585,10.724
27.811,12.854
27.695,10.737
24.859,13.134
27.632,11.339
26.419,11.041
26.161,11.738
27.161,13.386
26.604,11.641
27.070,10.104
28.652,9.738
28.723,7.972
29.916,12.730
31.478,11.723
29.966,11.713
31.140,12.891
33.600,16.103
36.202,17.939
33.812,14.322
33.886,12.062
32.987,16.887
34.889,15.131
33.478,16.084
31.226,16.318
27.782,12.638
27.208,5.276
25.390,2.280
25.629,6.315
26.380,10.242
27.614,10.521
31.044,10.258
32.283,11.851
33.572,15.148
35.384,15.605
36.476,17.025
36.944,17.828
36.336,16.043
36.179,20.951
36.780,16.831
36.030,20.955
34.831,14.192
35.419,17.462
32.886,18.884
33.339,13.415
32.453,16.938
31.784,11.979
32.939,13.966
36.510,16.060
35.796,16.627
37.630,13.569
38.899,16.686
39.562,15.136
39.976,18.010
39.671,16.275
39.155,16.692
38.760,18.770
37.658,17.520
34.533,16.790
35.362,12.870
35.363,11.286
37.625,16.086
39.353,18.454
37.076,17.430
38.679,15.551
38.290,14.599
36.840,19.064
36.752,20.005
39.477,20.383
41.810,17.994
42.432,19.241
43.315,20.587
41.868,19.057
42.097,16.640
40.049,18.025
37.658,16.585
36.833,13.543
37.001,13.551
36.311,17.324
39.003,18.365
40.920,18.891
40.987,17.022
40.700,18.273
39.979,20.280
41.570,18.148
41.904,18.487
42.837,19.561
46.179,21.328
43.331,26.702
40.498,22.751
40.502,26.255
41.189,21.689
40.060,20.390
41.261,21.902
40.960,21.380
40.561,21.124
38.456,20.748
38.250,22.439
40.724,25.404
39.601,24.414
38.402,23.556
38.105,23.751
38.112,24.013
39.197,26.107
41.283,27.145
40.802,26.084
40.142,24.439
41.201,23.808
39.243,21.245
40.750,22.036
41.744,22.579
42.396,23.118
43.182,23.866
43.824,25.172
41.808,26.276
42.407,24.901
44.442,28.043
45.223,27.642
45.062,27.384
42.818,26.858
42.910,27.068
43.512,27.748
43.235,27.495
41.876,26.387
41.580,26.034
43.740,26.835
41.875,26.796
45.594,27.977
46.178,25.049
43.283,29.614
43.840,29.303
43.245,26.774
43.763,28.257
44.669,27.654
44.453,27.781
41.993,26.767
41.769,27.950
43.955,28.557
44.220,27.409
44.186,28.914
43.058,28.153
39.650,29.196
41.448,27.080
42.081,28.655
42.346,29.531
41.602,29.382
41.790,28.212
36.861,30.342
40.217,28.754
40.168,28.793
40.288,27.675
39.791,27.167
39.410,26.809
37.264,27.428
35.898,27.068
37.657,26.332
35.734,26.456
36.602,26.229
36.749,26.180
33.892,26.049
31.864,25.900
31.534,25.193
33.249,25.737
34.082,25.880
37.067,25.732
32.203,26.199
36.915,26.270
33.797,26.621
29.660,26.122
36.456,25.417
28.011,25.847
34.164,25.144
33.851,25.569
34.375,26.135
28.736,26.121
30.505,26.352
35.454,25.280
37.191,26.199
37.270,25.949
36.929,25.863
38.133,25.775
38.757,25.528
30.441,26.430
38.808,26.981
37.534,26.511
33.710,25.612
29.769,24.904
28.703,23.689
29.526,24.847
37.328,24.414
34.267,26.508
31.971,25.424
31.406,24.860
30.629,24.671
29.871,24.892
26.447,24.640
27.883,24.609
28.649,24.403
29.854,23.581
31.840,23.080
31.367,22.961
32.665,23.440
33.529,23.535
33.809,24.652
33.184,23.070
29.588,23.820
31.162,24.610
33.742,23.660
33.516,23.485
33.548,23.768
32.756,23.007
33.835,23.454
33.629,23.118
32.412,23.189
32.214,22.281
31.699,23.200
34.804,22.683
35.141,22.635
35.590,22.613
34.688,22.526
35.748,21.345
36.626,22.303
40.554,24.864
39.373,24.779
40.526,23.889
39.132,25.323
37.379,26.602
39.339,25.094
37.058,25.306
35.959,25.113
34.530,25.495
35.215,24.161
31.658,24.844
33.188,24.603
30.234,24.894
28.247,24.262
29.975,23.961
29.625,23.531
26.968,24.106
31.317,23.726
32.449,23.705
35.353,25.173
34.557,24.523
31.154,24.692
24.334,23.082
30.421,22.433
30.650,22.668
30.897,22.550
32.050,21.674
33.630,20.840
33.106,20.065
32.165,22.839
34.910,20.433
33.426,20.750
33.710,19.019
34.874,19.332
34.218,18.893
34.485,21.512
34.734,19.444
34.450,19.249
34.017,21.486
33.659,21.003
35.277,21.516
34.778,21.160
34.520,21.274
34.388,20.838
33.753,19.168
35.025,19.237
33.990,21.393
30.986,20.922
35.409,18.263
34.901,17.944
33.606,18.957
32.522,17.077
32.421,18.372
33.965,19.762
34.917,20.048
33.786,19.025
33.959,16.408
34.856,17.226
33.346,15.046
32.787,13.829
32.432,14.421
32.087,15.162
32.482,16.717
32.421,16.897
32.248,17.994
31.698,15.996
32.706,15.592
32.116,15.996
30.799,15.809
31.244,12.698
31.599,15.416
32.625,15.507
33.739,15.123
32.748,15.238
33.282,15.450
32.797,15.255
34.169,16.788
32.388,16.225
33.121,14.601
33.309,16.616
33.648,13.498
32.840,14.766
32.005,13.711
31.539,15.717
31.190,16.182
31.398,14.391
30.504,14.258
31.677,12.707
30.809,14.568
29.119,14.608
28.931,14.487
29.284,15.694
28.542,16.846
29.026,15.558
29.621,13.497
30.391,12.753
30.474,13.285
29.905,13.295
28.427,11.667
28.341,13.195
27.554,12.218
27.972,12.159
27.821,11.624
28.156,12.226
28.104,12.623
28.549,13.109
27.651,11.385
27.058,12.251
27.276,11.290
27.835,11.616
28.329,12.481
27.366,12.724
26.446,12.407
25.382,11.682
25.568,9.745
26.337,9.078
28.014,10.096
28.996,8.332
29.417,13.510
28.010,12.060
27.907,11.199
28.630,10.860
28.020,10.770
25.963,9.513
26.639,10.785
26.463,12.649
27.646,13.432
27.388,12.505
27.713,11.819
29.332,11.538
30.706,10.831
29.721,12.449
30.463,10.549
30.229,12.720
30.495,13.036
31.831,10.967
33.304,10.738
31.027,13.590
29.958,12.278
28.957,14.184
27.336,14.502
27.464,12.087
27.063,10.683
26.266,9.189
25.815,10.509
26.153,10.077
27.493,9.766
28.846,10.449
30.119,12.135
30.792,10.959
32.390,13.208
33.843,13.888
33.679,15.202
33.132,15.881
33.317,16.604
33.149,15.377
32.991,12.644
33.350,13.992
32.280,11.199
32.138,11.050
33.031,15.016
33.505,14.575
33.742,13.693
34.557,13.537
35.295,14.173
35.977,14.918
33.614,14.449
34.105,13.301
35.127,13.770
37.066,16.327
37.475,19.903
37.575,19.873
38.138,19.281
38.030,19.765
37.396,15.808
38.173,18.499
38.069,18.460
35.497,22.571
31.510,21.725
33.573,21.949
34.216,18.478
35.810,17.845
35.633,16.411
35.198,12.523
34.663,11.211
34.705,14.195
35.473,16.221
35.141,16.366
23.010,16.787
27.882,14.734
29.911,13.060
32.715,14.972
33.357,14.204
32.363,20.914
31.887,21.062
33.812,16.169
34.406,16.168
34.782,18.634
33.951,21.136
37.732,19.320
37.829,19.195
36.637,18.845
38.071,18.778
37.383,18.657
36.967,18.583
37.898,17.305
35.744,17.543
36.715,16.555
39.064,19.809
38.103,17.897
39.827,18.308
37.830,17.730
38.885,19.513
38.614,18.113
39.274,18.357
40.443,18.904
40.793,19.719
41.469,21.863
41.155,19.543
40.297,19.856
39.766,19.988
39.902,17.057
38.974,15.692
39.711,17.507
40.111,19.065
39.810,21.446
40.206,23.132
38.673,25.279
39.591,15.489
39.837,18.228
40.379,19.958
41.975,24.092
41.013,23.767
39.959,22.701
40.519,21.370
43.794,22.204
41.409,21.915
41.328,22.334
41.304,22.387
43.009,23.631
44.353,26.143
43.362,23.756
43.408,22.820
44.107,24.310
48.753,24.042
45.993,24.896
45.683,26.730
43.839,23.084
43.922,24.211
44.160,23.877
43.665,25.138
44.782,27.106
43.871,25.299
43.840,24.539
42.726,25.566
42.690,26.082
43.025,26.202
43.382,26.942
44.656,27.769
40.290,28.138
39.975,26.513
40.407,27.433
42.046,28.375
41.738,27.967
42.504,28.910
44.209,28.608
44.724,28.261
45.297,29.214
45.944,29.177
44.899,28.829
44.631,30.341
43.443,29.494
39.941,28.759
29.498,26.282
37.112,25.280
38.118,26.339
39.279,27.327
38.597,26.514
39.493,27.034
40.294,27.556
40.566,27.318
41.971,27.964
41.120,27.583
39.562,26.500
38.967,26.789
39.316,28.039
41.176,27.591
41.220,27.470
40.840,26.616
41.915,27.375
40.839,29.352
43.475,28.533
47.504,29.074
43.344,30.464
44.780,31.403
44.281,31.028
41.173,29.420
39.181,29.546
40.580,28.133
32.983,27.522
37.244,26.500
36.778,26.946
39.940,26.363
38.834,26.663
39.821,27.385
41.250,29.259
41.708,31.216
31.908,25.957
30.771,25.657
29.630,25.955
31.802,25.379
28.873,25.352
32.313,25.463
32.279,25.452
35.657,26.394
36.318,26.088
38.108,26.898
37.416,26.453
35.604,26.428
35.583,26.976
29.814,25.513
27.055,25.023
28.647,24.852
34.784,24.967
30.286,24.605
30.154,24.902
32.427,25.236
34.895,24.572
29.670,24.853
30.155,24.169
27.316,24.429
30.862,24.490
28.691,24.637
24.515,23.722
26.300,23.252
30.364,23.557
27.658,24.213
34.169,24.090
33.376,25.564
27.970,24.852
28.688,24.721
26.052,24.861
27.488,24.845
27.147,24.319
32.425,23.942
30.320,24.439
32.732,24.039
30.453,23.680
32.172,24.693
29.401,24.542
29.739,23.660
24.993,23.491
25.365,23.998
27.588,23.900
26.190,23.704
29.704,23.643
29.808,23.272
26.557,22.775
27.976,23.127
27.206,22.805
28.097,23.296
29.737,22.415
32.951,23.169
24.855,22.881
28.310,22.599
30.844,23.293
33.351,23.786
33.983,23.183
34.861,23.579
29.506,24.906
27.235,23.285
29.890,22.926
31.425,23.283
33.654,21.658
31.802,22.794
32.968,23.837
34.535,21.942
33.312,24.693
34.484,23.807
34.117,24.526
35.988,24.242
35.570,22.811
36.026,23.559
35.741,24.263
34.592,24.097
31.997,23.616
32.521,23.565
31.612,24.464
32.646,24.323
33.180,22.417
33.497,24.016
34.939,24.445
34.922,24.021
36.496,22.764
36.184,24.958
35.635,24.297
37.351,22.874
38.582,21.139
36.580,22.273
34.824,21.530
34.333,20.763
34.394,19.779
34.156,19.000
35.170,18.897
35.287,18.580
34.584,18.539
33.780,16.961
35.827,25.437
34.787,25.519
37.156,21.697
36.774,20.245
36.207,20.913
36.171,20.125
34.979,20.100
35.041,18.627
34.405,18.862
36.295,21.204
34.777,23.576
36.317,18.718
35.264,17.463
35.153,20.059
34.430,20.267
34.023,19.034
33.757,18.547
33.997,18.743
34.170,19.169
33.067,18.304
33.173,18.012
32.742,18.261
34.797,18.669
34.578,16.950
32.238,17.950
31.655,19.435
34.139,18.735
35.051,16.719
32.437,17.918
31.917,17.258
32.082,17.769
31.968,15.883
31.904,17.529
31.641,16.513
32.090,17.334
32.158,16.138
31.761,13.485
31.847,16.154
31.484,17.129
32.059,16.861
31.257,14.443
30.777,16.707
29.055,14.263
28.732,13.383
29.003,12.438
29.524,13.352
24.035,15.293
29.789,15.343
30.041,14.828
29.059,15.156
31.332,16.348
31.955,15.050
30.368,13.584
31.142,18.409
29.974,16.225
29.675,14.406
29.728,15.790
29.938,11.819
28.567,12.523
27.150,12.373
28.768,12.359
30.086,14.120
31.508,14.377
31.192,15.271
31.378,16.956
30.270,12.596
30.222,13.359
29.656,13.319
30.191,12.724
29.110,14.014
29.857,14.853
30.880,15.889
29.241,15.255
30.353,13.821
29.122,15.866
28.119,13.044
29.297,13.030
29.987,13.131
28.803,10.755
27.921,12.375
26.901,12.330
26.588,11.420
27.336,10.568
27.733,12.285
27.523,12.151
26.647,11.177
28.212,12.370
29.817,12.753
28.822,13.197
28.210,13.211
28.346,12.306
27.650,12.732
27.574,11.510
28.430,11.527
28.935,12.433
27.324,11.740
28.986,12.454
30.154,11.340
28.252,11.784
28.103,11.090
28.147,12.052
29.124,12.814
30.865,13.229
31.917,14.171
32.989,13.865
32.450,14.966
33.509,17.687
34.645,21.297
32.144,18.072
33.090,15.986
32.626,15.299
33.212,15.244
33.300,15.691
33.016,12.399
33.004,15.057
31.346,11.856
32.193,13.933
31.661,16.050
33.959,15.832
29.861,17.495
30.041,14.942
28.667,10.851
27.147,15.230
27.890,10.926
28.348,14.133
29.296,11.951
29.066,13.689
30.339,13.571
32.821,16.503
32.919,16.129
34.421,16.644
34.545,17.924
34.013,20.755
31.239,21.244
33.161,14.613
33.075,16.656
34.697,13.102
34.405,15.062
32.049,16.611
30.622,16.699
32.038,14.591
35.401,16.947
34.582,17.946
34.343,17.292
34.458,16.452
34.189,16.292
34.098,12.674
34.003,17.085
36.523,18.372
34.983,17.221
32.679,17.513
33.049,16.873
33.016,16.161
36.521,16.224
38.347,18.147
39.431,19.374
38.799,20.309
37.741,20.689
35.996,20.761
36.698,15.572
38.113,19.454
38.460,20.078
37.612,18.948
41.359,19.978
42.104,21.939
42.373,21.730
42.951,22.488
44.573,23.829
43.273,22.534
38.389,20.346
40.886,20.742
40.881,21.520
43.733,22.048
42.575,21.614
45.270,22.800
43.011,20.581
40.921,20.879
41.849,19.308
42.796,17.803
42.460,21.347
41.793,21.521
41.631,19.286
42.351,19.022
42.305,25.722
44.721,25.734
47.603,23.444
44.930,25.105
43.378,22.686
44.892,28.116
42.484,26.457
41.930,22.576
41.154,22.433
41.979,21.810
42.995,23.243
45.797,23.646
43.576,23.388
44.436,25.437
43.341,26.564
43.905,28.476
48.675,25.510
45.830,28.079
45.777,27.383
45.098,26.318
46.949,24.587
43.328,26.428
43.323,26.499
43.675,26.638
44.781,24.881
44.838,25.029
44.072,26.034
43.261,26.954
43.016,25.743
42.535,26.066
42.087,25.484
42.265,26.130
42.702,26.622
43.341,26.233
42.592,26.773
40.800,27.736
38.437,26.978
41.401,25.297
41.687,24.430
41.827,26.598
41.177,24.606
41.892,25.668
42.143,27.520
41.996,26.289
37.770,26.229
41.009,24.321
42.331,27.498
45.509,30.026
43.666,27.810
34.883,28.841
35.348,26.651
33.455,25.717
39.672,27.198
43.426,29.261
44.063,29.736
43.346,29.604
43.105,28.071
42.865,28.295
43.410,28.808
43.861,29.566
41.047,29.922
38.548,29.755
39.641,27.955
40.674,28.968
39.917,27.855
41.133,28.444
40.403,28.826
40.161,27.653
40.561,29.004
40.236,31.205
33.066,28.552
29.259,26.021
31.856,24.635
34.172,26.422
36.367,25.281
34.532,26.927
36.374,27.635
37.803,28.853
34.417,27.281
27.567,25.674
26.958,23.989
30.218,24.837
28.865,25.453
31.256,25.324
32.248,25.971
31.297,25.587
26.322,24.583
30.925,24.744
32.724,24.608
31.987,25.535
32.765,25.348
33.582,25.478
32.655,25.738
30.995,25.054
35.575,24.798
35.755,25.446
35.140,24.818
35.583,24.912
36.433,24.725
34.507,25.301
33.802,25.646
31.978,25.923
33.298,24.867
37.068,25.220
33.026,25.700
34.620,25.323
32.948,25.091
33.841,25.198
33.315,24.977
32.987,25.477
27.586,25.568
29.485,24.944
29.111,24.695
33.290,24.134
32.835,25.654
33.432,25.719
26.480,24.741
29.376,24.538
29.449,24.326
27.520,24.033
26.745,24.290
25.953,24.149
27.724,24.194
29.037,24.332
27.054,24.919
29.709,24.264
34.852,23.307
32.818,23.921
26.308,24.186
30.594,23.950
30.027,23.726
32.543,23.257
34.143,23.357
33.305,25.954
33.514,25.204
35.355,25.269
31.806,24.587
31.055,24.646
29.741,24.966
32.652,25.306
32.445,25.048
31.968,25.657
30.775,25.829
31.725,25.263
29.425,24.771
27.812,24.252
32.085,24.130
30.546,24.227
31.884,23.541
31.926,22.907
33.164,22.101
33.286,22.197
33.873,21.840
33.967,22.786
34.787,22.892
36.552,22.036
35.978,25.806
36.734,23.924
38.682,25.889
35.532,25.976
35.348,24.893
32.732,23.008
30.088,23.233
33.829,23.560
34.535,23.160
33.934,24.731
35.059,22.831
34.027,24.211
36.624,21.487
35.137,22.788
35.332,20.718
35.316,18.151
34.383,18.519
36.192,19.313
34.633,18.830
34.349,15.791
32.400,19.427
33.956,20.289
34.542,19.969
32.896,18.934
35.494,24.563
36.429,19.459
34.534,17.155
35.613,15.731
36.349,17.007
36.589,16.257
36.763,16.032
35.546,14.538
35.300,15.459
34.643,14.665
35.925,15.089
35.138,18.700
35.037,17.614
34.701,19.339
34.595,20.640
35.466,19.037
35.847,17.758
35.100,18.343
34.207,19.258
34.023,19.094
35.460,21.591
35.055,19.997
34.965,19.040
36.590,21.796
37.954,21.833
36.489,17.787
36.207,17.239
36.347,18.802
35.912,23.481
34.955,19.340
35.003,16.305
34.062,17.429
34.509,17.705
33.569,18.266
33.006,15.480
34.487,16.288
32.751,16.386
31.208,14.067
31.661,13.725
31.831,15.654
32.513,12.736
32.857,14.707
33.906,15.003
32.884,14.665
32.091,13.882
31.954,15.033
30.679,11.391
31.324,11.154
30.869,13.456
30.835,15.741
29.369,17.190
29.703,16.387
29.596,17.623
29.268,15.607
28.829,14.404
28.724,15.444
28.960,14.812
28.447,12.750
28.448,11.968
29.889,12.602
29.270,12.539
27.931,16.643
27.820,13.014
26.405,13.732
26.709,13.997
27.285,12.485
26.975,12.919
29.074,12.690
28.302,12.076
30.660,13.761
32.170,14.973
32.315,14.504
33.669,17.021
32.247,15.247
30.859,19.429
30.060,15.740
29.906,14.424
27.919,13.936
27.751,9.345
27.768,10.780
28.221,12.485
26.758,11.610
26.763,11.742
27.477,11.975
28.082,12.172
29.714,13.686
30.978,13.897
31.528,15.714
30.944,11.773
30.933,10.612
29.515,11.706
26.610,12.395
28.460,12.500
28.076,12.202
29.272,13.479
29.579,13.952
31.392,13.168
31.302,10.847
28.783,10.196
26.455,8.775
26.484,9.248
25.084,9.101
25.589,11.802
25.979,9.059
23.993,8.253
26.115,7.284
24.286,5.509
24.501,8.885
26.308,8.309
28.029,11.169
25.935,8.179
24.867,9.678
25.311,6.519
28.227,7.343
25.738,14.028
23.899,5.108
24.214,6.097
23.919,5.310
21.990,4.475
23.313,6.560
23.906,7.631
25.922,7.497
27.530,8.586
27.986,9.476
28.024,9.268
30.218,10.536
32.378,12.694
33.189,13.172
34.455,13.479
35.420,14.799
35.127,14.744
33.442,14.031
34.048,12.399
34.550,11.163
33.326,11.623
33.347,10.992
32.615,14.533
33.475,14.590
34.341,14.943
37.254,13.480
38.275,14.050
36.864,13.014
36.512,11.447
35.928,11.625
36.730,13.129
37.295,13.418
37.688,12.537
37.942,14.706
37.411,15.062
38.243,17.874
37.910,20.409
35.658,23.606
36.986,22.153
35.032,21.715
37.710,20.313
38.899,19.756
38.788,21.117
39.116,18.617
40.138,14.250
38.668,15.848
40.613,14.553
39.516,20.482
41.481,19.118
42.048,21.207
40.154,19.680
39.430,20.357
39.456,18.489
40.397,25.061
40.084,20.511
41.139,15.899
37.129,19.318
37.735,16.921
37.353,16.233
37.753,18.992
36.080,17.585
34.775,17.304
35.099,16.540
38.433,18.107
36.711,21.997
39.615,21.554
41.057,18.309
40.957,24.505
41.807,23.139
42.096,21.438
41.817,22.974
40.696,22.110
41.216,20.627
40.870,20.753
42.996,20.497
44.225,23.629
41.926,17.365
41.788,19.865
41.490,21.952
44.371,28.196
43.290,22.819
44.471,26.638
44.775,23.412
44.825,25.072
43.792,23.289
43.809,22.678
43.068,21.842
42.596,22.365
41.389,23.934
42.377,22.941
42.954,23.236
41.943,22.476
41.430,22.885
40.538,23.933
41.141,25.478
42.365,25.806
40.408,26.640
40.666,24.588
42.177,24.964
42.400,24.473
42.577,24.927
42.966,26.659
42.111,25.727
41.304,25.701
41.992,26.312
41.289,26.198
41.479,25.834
41.395,26.294
40.770,25.688
41.087,26.648
42.762,26.622
42.722,26.283
43.636,24.703
42.897,25.546
43.510,28.083
43.380,27.200
43.118,26.673
41.907,26.184
42.875,27.150
42.087,27.009
42.389,28.475
42.348,28.699
42.671,29.005
40.820,29.183
37.074,27.449
40.185,26.799
40.978,27.832
35.683,27.838
36.073,26.558
38.824,26.783
28.311,25.189
35.224,24.242
32.859,25.836
36.297,25.147
37.457,26.834
34.675,27.925
39.842,26.939
34.247,27.552
32.969,27.823
37.642,26.613
40.346,27.618
40.148,28.009
40.432,28.828
35.645,28.979
37.662,28.286
33.495,27.082
37.337,26.146
35.800,27.177
31.705,26.509
33.700,26.195
35.963,25.476
32.491,26.164
34.775,25.434
36.723,25.663
37.526,26.477
30.156,26.912
33.523,26.704
27.439,25.671
31.712,25.172
28.830,24.664
29.724,23.537
29.821,24.502
31.147,25.079
34.912,24.930
35.699,25.688
36.280,24.957
35.623,26.178
35.744,26.186
35.712,26.962
36.675,26.340
36.031,26.463
36.419,26.042
32.068,25.899
36.223,26.432
34.040,25.881
29.559,24.942
29.066,24.771
37.537,23.264
33.318,25.325
32.022,25.097
31.274,24.899
27.288,24.530
31.737,24.168
32.665,24.606
30.951,25.175
31.086,24.762
29.023,23.902
28.070,24.491
29.037,24.735
32.699,24.808
33.081,24.766
26.886,24.717
29.451,23.801
26.041,24.260
30.735,23.817
30.021,24.387
31.762,24.308
28.059,22.927
31.479,23.306
31.821,23.078
32.192,22.750
32.022,21.010
33.289,21.337
34.967,23.404
33.084,23.789
32.106,25.293
26.615,24.467
33.424,23.042
32.650,23.018
33.763,22.202
33.512,21.823
35.079,21.458
38.161,23.674
36.547,25.022
35.821,24.828
35.434,24.857
32.016,23.715
33.823,23.323
35.980,22.114
34.440,22.255
35.245,24.054
33.417,25.349
32.319,24.983
34.599,25.281
30.827,24.985
31.572,22.984
32.231,22.928
31.784,23.556
30.686,24.578
34.036,24.005
35.845,22.439
34.058,24.269
32.717,22.761
33.393,22.240
34.540,23.614
34.156,21.739
33.743,21.217
33.474,20.940
33.254,20.932
33.562,19.133
33.707,18.582
34.706,20.378
35.918,22.315
38.181,23.137
37.159,26.829
39.605,24.652
36.197,20.510
34.641,22.249
34.392,20.788
35.656,20.623
37.537,24.132
38.253,24.997
37.910,20.973
39.410,19.027
39.044,20.701
36.699,19.034
36.118,22.721
38.276,23.068
37.493,22.567
36.021,20.694
35.495,17.501
36.937,16.159
37.069,19.070
35.737,19.372
37.526,18.202
35.830,15.601
36.800,18.404
36.325,16.437
36.209,15.496
35.033,16.393
34.637,16.723
34.819,19.092
35.220,18.132
36.473,18.052
35.931,15.511
35.323,17.288
35.518,15.872
35.139,17.937
34.923,15.383
35.819,15.703
34.852,15.778
34.441,15.239
33.198,16.824
32.387,14.935
32.884,15.168
33.641,17.933
33.157,17.654
34.045,18.870
32.564,17.429
24.120,21.901
24.630,19.614
32.034,17.537
30.290,16.513
29.937,14.775
30.180,14.352
30.184,13.784
31.062,12.748
31.344,13.430
31.825,15.333
30.298,15.611
30.813,15.992
31.250,18.227
24.147,19.071
30.981,18.036
32.493,18.298
33.274,17.400
33.982,18.634
33.603,18.322
33.016,20.153
32.424,17.881
32.629,16.909
32.404,17.997
32.377,17.226
30.836,16.233
31.458,17.015
31.633,17.054
32.041,16.817
32.411,16.591
32.349,16.824
32.403,18.538
29.914,19.750
30.178,18.125
30.161,16.451
29.793,16.233
29.641,14.418
29.506,12.573
30.376,10.678
30.355,9.916
28.810,8.607
28.235,7.998
29.118,10.625
29.599,10.744
29.396,13.909
28.202,12.267
28.397,11.949
29.877,12.127
29.125,10.477
25.127,13.270
26.710,12.133
26.724,12.357
25.358,12.706
24.371,14.161
27.490,14.319
28.520,14.150
29.018,16.117
29.197,16.231
30.088,17.256
29.432,16.993
32.222,17.414
31.311,17.089
31.348,14.075
30.011,15.670
30.971,16.409
29.396,16.884
33.007,15.285
32.845,15.061
32.508,16.089
32.410,12.870
30.221,11.155
29.861,10.112
31.376,12.405
31.780,12.513
32.073,11.036
30.886,13.409
32.112,11.292
32.562,11.423
31.957,9.807
32.040,11.928
30.646,10.776
30.334,11.113
30.647,14.474
32.538,13.982
33.507,12.825
29.655,12.263
28.555,11.165
29.219,11.900
31.143,10.218
31.835,11.641
30.464,15.777
31.545,14.681
34.695,14.489
34.328,16.514
33.948,16.417
35.400,16.808
37.109,18.595
36.578,18.415
36.059,15.186
35.819,15.397
36.598,16.010
37.527,15.180
37.374,15.663
37.505,15.395
39.283,18.335
40.275,17.457
39.731,17.832
38.314,16.097
38.101,16.198
36.930,13.728
35.164,13.032
35.463,14.158
37.712,17.677
36.976,16.318
39.972,18.326
40.793,18.655
38.426,18.545
38.994,17.020
37.775,15.964
37.337,16.118
39.923,20.402
37.609,17.533
39.068,16.457
38.159,17.624
37.304,16.164
37.078,15.969
37.456,18.855
40.896,20.920
38.889,17.360
40.305,19.942
36.361,16.186
38.027,18.588
39.359,20.901
39.321,20.751
41.382,21.650
41.077,22.574
41.291,20.324
42.342,23.500
41.532,20.668
39.776,22.133
39.043,23.102
38.238,21.020
35.739,18.261
39.722,19.900
38.244,21.391
43.219,21.046
44.678,21.714
44.362,21.370
42.529,23.579
40.275,22.917
41.710,24.842
42.564,23.459
45.557,21.626
46.396,20.126
43.301,22.524
41.023,22.193
41.212,20.051
41.295,16.109
41.541,23.437
41.881,23.021
43.583,23.965
44.756,21.243
45.794,23.021
46.257,25.809
45.812,25.235
44.099,23.386
44.214,23.628
43.839,22.977
42.533,23.151
41.163,21.871
42.063,24.336
42.400,27.623
43.201,24.649
43.307,23.818
43.789,23.984
42.786,24.799
44.171,26.421
45.094,27.017
45.667,27.364
45.080,27.307
45.592,27.386
46.423,27.481
45.341,27.805
44.679,27.519
45.036,26.815
46.035,26.803
46.301,28.309
44.080,27.682
44.087,26.622
44.143,26.148
43.827,25.978
44.664,27.318
44.887,28.372
44.221,28.229
43.667,27.891
43.852,28.925
42.191,28.611
41.805,27.941
42.298,27.967
42.145,28.092
41.621,27.279
42.706,27.283
41.933,26.918
42.122,26.712
42.419,27.569
43.187,28.060
43.343,27.351
42.521,27.580
41.990,27.783
42.877,28.364
41.976,27.611
42.611,28.506
40.214,28.857
40.621,29.351
41.736,28.026
42.473,30.967
42.609,28.624
35.874,28.629
41.565,27.063
35.463,28.178
39.677,26.875
39.480,27.913
40.254,27.766
32.994,25.956
38.439,25.630
38.574,27.316
37.952,27.729
30.832,27.424
39.558,26.396
39.030,26.963
42.669,26.507
43.031,28.956
43.743,28.659
43.953,29.777
33.882,25.309
29.616,25.873
33.049,25.553
35.069,25.819
32.593,25.977
29.587,25.429
34.914,25.584
34.784,26.824
33.269,26.170
28.168,25.230
28.807,24.434
33.305,24.858
28.783,25.455
32.604,25.411
30.969,24.884
25.902,24.431
26.766,24.054
26.554,24.737
28.172,25.071
27.400,24.607
27.248,25.193
31.623,25.172
28.584,24.705
29.203,24.501
28.187,25.208
34.502,24.488
34.278,24.456
32.147,24.536
31.983,24.575
29.293,24.600
32.830,24.752
33.872,25.039
33.665,24.782
34.348,24.510
31.598,24.368
29.943,23.669
30.744,23.972
30.924,23.840
31.282,24.141
33.781,23.393
34.705,24.879
35.086,24.701
35.537,25.017
35.655,24.397
35.895,25.400
36.566,24.507
38.334,24.424
35.814,24.719
30.162,25.462
32.457,24.581
31.112,23.818
28.870,24.424
26.646,24.348
29.999,23.963
31.452,23.342
30.855,25.466
32.854,24.356
34.775,24.837
33.403,25.291
33.617,23.814
36.603,24.228
37.069,24.383
36.832,24.725
31.952,24.143
34.280,23.889
34.954,22.731
36.154,22.484
35.002,23.261
34.172,21.624
33.879,20.275
35.540,19.491
36.668,21.993
37.018,24.415
37.502,22.276
37.788,21.961
37.791,21.773
38.942,23.256
37.107,22.413
36.858,22.292
35.958,22.310
37.505,22.743
38.881,24.006
39.736,23.569
39.380,26.419
40.303,22.977
38.469,25.053
37.501,25.955
35.470,24.315
36.326,24.185
35.106,21.801
35.702,21.945
33.847,20.015
33.870,19.807
34.041,18.070
34.375,18.277
33.228,22.372
34.685,21.384
35.832,21.464
34.339,18.644
35.243,18.202
35.385,20.305
35.527,19.469
34.743,16.427
34.599,16.442
34.828,17.214
36.155,17.418
37.048,17.263
35.161,15.571
34.583,13.621
35.252,14.400
34.494,14.679
34.702,14.306
35.222,18.078
36.002,15.789
36.323,17.303
37.153,16.049
37.432,15.343
34.771,15.532
34.558,15.152
33.411,16.946
34.231,18.677
33.734,18.264
34.102,19.127
35.016,17.685
33.604,20.115
27.998,22.554
23.649,19.193
30.809,18.351
32.169,18.653
32.846,18.159
31.667,18.747
31.716,18.284
30.145,16.366
29.752,16.563
29.997,15.467
30.001,14.158
28.892,13.255
29.199,13.207
29.805,13.500
31.936,12.591
30.832,15.170
30.600,14.857
30.490,15.061
30.574,13.772
29.326,13.610
28.511,12.211
28.715,14.335
28.960,14.632
29.990,14.774
30.414,12.583
30.167,14.155
29.869,13.984
29.916,14.985
30.813,11.529
30.237,11.298
30.878,14.032
31.886,14.636
30.580,13.986
30.544,16.230
31.104,14.685
30.678,15.765
28.954,14.636
28.753,15.112
28.989,15.023
28.526,15.795
27.000,15.099
29.761,14.267
28.565,17.296
29.329,14.733
28.395,11.949
27.529,10.269
27.908,11.162
28.373,12.455
22.174,16.032
27.333,12.345
27.327,12.165
27.995,11.323
28.908,13.047
27.726,17.113
27.410,14.238
27.323,9.862
26.542,9.894
27.151,10.459
28.460,10.746
27.891,10.625
28.846,11.240
29.897,13.341
30.383,15.671
26.504,9.710
25.648,10.551
26.610,9.289
27.942,10.933
28.299,11.781
29.194,11.179
29.359,11.787
29.296,10.762
29.763,12.187
29.745,10.971
29.512,9.337
29.801,7.141
30.761,11.750
30.232,13.258
30.579,10.701
30.055,13.579
30.367,11.657
30.073,13.313
30.734,11.095
29.327,10.757
30.731,13.132
30.310,12.768
30.636,15.744
31.158,15.594
33.346,15.563
33.780,14.060
33.845,15.586
30.340,16.617
29.677,12.814
29.217,13.154
31.610,14.082
31.564,13.165
30.633,13.972
30.729,12.866
31.327,10.212
31.503,13.814
31.482,12.447
32.662,13.285
34.430,12.612
35.080,14.706
35.042,18.326
32.041,14.633
31.643,11.206
32.472,9.440
35.254,16.258
36.657,15.467
37.473,15.536
36.692,14.683
37.446,15.877
35.610,21.188
33.835,16.844
33.406,15.829
34.057,21.812
33.233,15.745
36.716,17.777
36.603,18.793
37.356,19.211
40.610,19.494
39.075,19.834
39.825,16.832
39.354,15.331
39.861,16.670
39.726,17.662
40.999,17.891
43.741,23.080
43.497,24.205
43.124,22.769
43.971,19.458
41.339,19.531
39.330,17.504
38.908,17.138
39.416,15.143
39.863,17.377
40.421,15.922
40.966,15.713
41.252,20.758
39.860,18.284
38.876,20.252
38.702,17.738
38.778,18.599
38.488,17.060
40.096,14.859
43.895,17.485
43.698,22.527
46.302,22.490
43.600,25.526
41.402,29.188
41.207,22.850
41.077,18.935
42.316,21.137
44.011,19.663
46.358,17.531
47.241,22.895
45.692,23.743
45.092,22.699
42.359,22.434
42.015,23.216
41.179,23.774
40.789,22.764
40.838,22.509
42.496,22.477
42.271,22.556
42.715,22.019
42.529,22.849
43.531,23.032
43.721,24.497
43.213,24.226
42.832,24.020
42.615,23.005
45.047,23.396
43.586,24.444
43.848,25.822
43.657,26.062
42.847,23.594
42.472,26.059
42.930,26.804
43.544,27.628
42.290,26.158
43.707,24.184
44.816,25.912
45.189,24.372
44.143,25.603
44.521,24.628
44.597,25.552
44.555,25.832
45.312,25.919
45.524,28.036
51.682,28.006
48.778,25.427
47.598,27.535
47.102,28.470
46.156,28.301
44.862,27.588
43.858,27.372
43.342,27.523
43.188,26.984
42.343,27.098
42.112,26.173
42.037,26.595
43.337,25.493
39.960,28.526
36.127,27.095
41.042,28.026
40.376,27.975
40.351,27.457
33.928,27.030
38.178,25.093
39.207,26.499
43.337,28.543
47.779,29.958
46.662,30.556
48.178,32.101
44.630,31.545
37.876,28.342
37.664,27.039
39.525,26.862
45.156,28.164
46.689,30.583
44.056,29.459
44.040,30.145
42.758,29.654
42.808,29.951
39.634,29.319
41.824,27.748
42.112,29.123
42.700,30.904
42.336,30.190
41.501,30.132
42.772,28.834
42.162,29.120
44.284,28.622
39.784,29.544
34.845,26.168
29.643,25.864
32.501,25.024
34.889,25.290
35.295,25.307
36.606,25.707
35.036,26.704
35.079,26.929
31.430,26.249
34.039,25.755
35.968,25.390
37.417,25.899
38.254,27.293
39.162,26.330
37.227,26.702
35.475,27.006
37.726,26.379
37.458,26.938
36.185,26.142
31.385,25.738
26.374,25.297
26.649,25.002
31.260,24.001
27.549,24.675
31.905,24.411
33.741,24.471
34.908,24.797
33.830,25.268
27.191,24.518
29.608,24.500
31.454,24.502
29.445,24.827
29.623,24.677
30.965,25.053
32.362,24.421
28.910,24.805
29.071,24.122
30.713,24.463
31.677,24.663
32.582,25.149
32.445,25.163
30.971,24.481
32.223,24.491
32.477,24.273
32.917,24.767
32.739,24.756
30.106,24.899
32.355,24.419
32.384,23.990
31.522,23.845
32.824,24.175
31.436,24.015
32.866,23.859
35.819,23.978
33.896,24.912
36.890,25.304
33.752,25.783
34.227,26.325
30.273,24.741
29.568,24.672
30.737,24.384
32.091,23.829
31.196,24.762
30.346,24.093
30.117,24.950
31.034,24.736
34.143,24.362
30.580,24.829
28.221,24.491
27.665,23.061
28.058,23.581
28.637,23.936
29.584,24.312
30.386,23.817
33.431,23.039
35.190,21.726
33.550,23.078
33.384,21.911
33.540,21.204
33.319,20.934
32.813,20.873
32.490,21.600
33.370,21.556
33.526,20.042
33.239,20.926
34.168,22.376
35.451,20.765
34.416,23.581
35.356,24.782
34.324,20.905
35.032,20.143
35.545,21.494
35.862,20.917
38.714,21.700
37.040,22.218
35.405,21.396
36.497,20.068
36.106,19.001
33.935,19.248
32.783,19.933
31.928,20.232
34.015,20.881
35.839,21.505
37.395,23.170
37.170,20.186
35.844,22.463
34.342,23.826
33.991,24.531
35.070,23.517
36.146,20.754
35.412,20.481
34.609,20.637
34.218,18.552
35.182,19.791
35.132,19.798
36.965,21.684
36.220,19.562
35.431,18.834
34.485,20.365
33.726,21.026
33.202,19.174
32.396,18.296
32.247,18.012
32.269,17.611
32.836,18.116
33.405,17.166
32.744,18.033
31.492,18.737
34.131,23.212
34.195,24.267
33.395,23.187
32.773,23.114
32.101,22.562
32.727,22.401
33.867,22.345
31.641,21.779
29.589,21.136
31.241,20.267
31.755,20.872
29.795,18.533
27.352,18.428
22.636,18.959
19.032,17.046
20.713,16.749
27.118,19.397
28.053,17.725
27.991,18.086
28.719,17.570
29.486,17.689
29.049,17.250
28.612,16.696
29.203,17.564
27.069,14.259
27.723,14.820
28.142,15.796
27.856,15.380
26.588,13.523
26.426,12.674
26.771,13.599
25.483,13.360
25.287,11.643
24.543,9.908
24.924,8.244
25.629,11.523
26.022,11.060
27.071,11.166
27.169,11.231
27.063,10.652
26.634,11.835
25.996,11.144
27.397,9.169
27.575,9.771
25.826,8.448
26.479,11.257
26.770,11.837
27.356,11.880
29.035,14.494
21.725,15.405
25.746,16.707
26.491,16.764
23.874,9.744
23.322,9.611
23.110,8.801
22.297,8.067
24.120,9.707
25.401,9.361
24.863,8.164
24.694,8.560
25.989,7.666
25.142,10.091
23.883,8.053
25.325,9.136
26.771,8.833
28.088,10.372
26.849,11.449
25.943,10.012
23.333,8.599
25.279,7.173
27.063,9.957
26.371,11.291
26.840,10.370
27.719,10.507
29.108,11.322
28.572,12.829
28.597,14.693
27.345,13.076
26.576,10.216
26.279,11.387
27.190,12.899
27.751,12.127
27.995,12.782
27.915,13.447
28.883,13.307
30.191,13.565
31.288,13.526
31.529,13.353
32.066,12.086
32.085,12.712
29.868,13.484
29.610,14.596
29.445,14.401
29.671,13.477
32.167,14.281
33.369,13.216
32.590,15.093
30.883,16.011
28.531,13.899
27.176,13.389
26.771,13.347
27.004,13.256
28.012,12.936
28.476,13.599
28.198,14.100
29.916,13.644
32.088,12.560
31.222,13.020
30.631,14.637
30.846,14.098
30.472,15.779
31.183,15.619
33.634,16.318
33.772,17.087
33.914,17.201
33.591,14.893
33.692,17.437
35.408,17.568
36.069,18.167
36.154,16.868
33.621,18.398
32.704,16.974
32.942,16.754
34.168,16.067
37.289,15.832
37.773,16.443
38.335,20.750
38.796,19.062
40.761,17.654
39.430,21.341
37.353,18.891
36.257,17.124
36.945,16.106
36.092,16.011
36.061,15.177
37.470,15.277
38.622,18.620
39.194,18.789
39.122,19.360
38.441,21.350
37.489,16.642
38.262,19.322
36.538,18.476
37.729,16.666
38.049,17.749
36.677,18.320
36.211,19.928
38.439,17.526
39.354,19.431
39.971,21.942
39.429,17.356
41.280,19.320
41.421,20.502
39.550,20.183
40.624,20.456
39.174,23.033
40.108,23.387
43.119,23.474
41.183,26.220
40.497,23.771
39.073,23.891
39.750,19.624
40.182,21.114
39.811,24.402
41.230,23.327
43.669,21.698
43.505,20.814
44.238,22.223
45.674,23.241
46.078,25.253
46.163,25.858
42.767,24.628
41.802,24.614
41.587,26.079
40.207,25.640
40.189,23.162
38.647,22.690
39.989,24.083
39.988,22.978
41.847,22.402
41.796,23.982
42.113,24.227
41.459,23.805
42.094,23.488
41.594,23.501
41.670,23.935
42.099,23.925
42.138,24.557
42.846,25.683
44.382,27.965
43.897,26.753
42.366,25.825
41.944,25.533
40.985,26.262
41.008,27.206
40.940,27.431
42.118,27.303
41.525,26.156
41.947,27.095
42.277,26.912
42.120,26.734
42.019,26.552
41.487,26.311
40.792,26.364
40.622,27.058
40.673,27.675
42.286,27.327
42.657,28.976
44.605,29.236
46.878,29.406
47.702,29.151
43.657,28.322
41.194,28.005
42.113,28.617
42.483,27.164
42.689,26.362
41.400,27.740
40.766,27.116
38.880,26.866
38.498,27.077
38.747,27.162
37.087,26.941
38.703,26.796
39.095,27.408
38.767,27.768
38.907,27.996
36.095,27.496
29.705,27.067
38.546,26.056
38.986,26.761
31.506,25.524
26.412,25.024
30.967,25.009
31.757,24.368
32.728,24.485
33.060,24.513
32.031,24.271
32.635,24.562
33.573,24.984
27.359,24.669
34.085,23.405
31.536,24.234
27.609,24.126
25.625,23.941
30.591,23.923
32.869,23.991
32.740,25.195
28.682,24.900
26.696,24.133
27.928,24.398
30.312,25.014
31.052,25.219
30.240,25.083
31.334,24.258
30.646,24.141
31.328,24.519
25.478,24.089
28.527,23.872
28.013,23.864
31.382,23.973
31.570,24.775
32.056,24.801
28.539,24.774
30.757,24.166
30.007,24.516
28.776,24.075
32.462,24.227
25.417,24.476
29.516,24.129
31.107,24.535
31.309,24.665
29.980,24.375
25.704,23.959
27.206,24.429
25.641,23.392
26.232,23.904
25.009,23.391
27.847,23.164
27.361,23.829
26.592,24.014
24.939,23.658
29.305,23.289
29.682,23.283
30.503,23.716
31.980,24.211
31.434,23.864
31.547,24.324
31.571,25.009
30.259,24.386
30.714,24.258
30.761,23.392
29.252,23.361
30.436,23.913
29.677,23.980
29.065,24.434
30.172,24.334
28.242,24.518
30.325,23.608
29.895,23.514
25.867,24.121
25.242,22.943
26.435,23.363
25.727,22.955
27.896,21.299
26.880,23.314
28.875,23.443
27.223,23.954
27.840,23.812
28.573,23.520
31.306,22.707
30.947,22.298
29.839,23.299
27.199,23.391
26.832,22.168
29.522,22.461
29.709,21.997
30.391,20.713
29.354,20.613
31.192,21.528
30.928,20.381
28.874,20.120
28.688,19.906
30.976,19.375
31.129,20.086
31.832,20.155
32.525,19.723
32.408,20.726
31.703,20.003
31.147,19.254
31.381,17.875
33.244,17.106
33.697,21.837
34.795,20.873
35.316,22.443
34.411,22.154
34.340,21.238
34.426,22.782
34.839,21.265
32.842,20.723
35.384,19.931
36.001,21.511
35.557,22.477
34.976,20.062
35.754,21.539
33.922,19.203
33.632,16.144
34.011,18.175
34.185,18.975
33.851,17.028
34.680,17.328
33.607,18.052
33.375,19.219
33.132,19.324
32.909,18.284
32.380,17.816
32.069,17.252
31.933,16.473
32.476,17.591
32.490,18.426
33.223,19.801
31.963,21.021
34.951,20.534
35.513,20.050
34.356,19.817
34.551,19.675
33.103,18.888
33.479,16.460
34.611,18.133
34.187,19.299
32.979,19.294
32.436,17.472
32.683,15.456
32.645,14.551
33.131,16.916
32.834,14.906
33.847,15.561
32.786,16.154
33.265,17.460
31.963,15.664
30.597,15.957
29.820,15.852
29.753,16.660
29.952,16.588
29.964,16.843
30.921,19.084
31.420,19.493
32.076,17.634
31.886,15.267
31.225,16.053
32.245,15.996
32.586,18.396
32.387,17.644
31.710,14.584
31.164,13.609
31.609,15.243
29.921,15.133
29.296,15.322
26.978,10.775
27.159,11.167
27.457,11.473
27.727,12.057
28.601,13.185
27.848,12.394
27.868,12.522
28.201,11.799
27.940,12.085
27.487,9.355
27.051,11.657
27.496,13.348
27.331,13.014
27.729,12.370
27.590,9.494
27.127,10.543
27.109,11.045
27.005,11.747
25.946,11.039
25.501,10.714
26.568,12.623
26.110,12.764
24.529,10.649
24.998,10.108
26.649,9.402
27.780,11.759
27.179,10.891
25.809,9.834
24.716,9.735
24.196,9.413
23.109,8.895
23.796,8.281
24.491,9.143
25.149,7.984
25.600,6.858
28.330,7.828
26.791,11.153
25.976,10.300
24.212,8.145
23.150,8.064
22.404,7.615
24.432,8.368
25.979,9.537
27.074,10.616
26.732,10.837
27.162,11.223
27.450,12.558
26.157,12.187
25.799,11.615
24.597,11.613
26.053,11.582
26.505,11.008
26.976,9.834
28.009,10.522
29.435,12.055
29.008,12.729
27.030,15.572
28.660,12.536
27.592,11.959
23.943,4.595
24.007,5.995
26.622,8.282
28.659,10.413
30.545,11.549
30.114,12.904
29.274,12.478
29.423,12.915
26.413,11.702
28.062,12.719
29.820,13.923
32.532,14.237
34.505,11.323
34.164,14.884
33.195,13.783
33.014,11.063
31.966,12.119
32.580,12.989
32.161,15.410
34.322,14.590
33.561,13.222
32.082,9.892
31.390,10.944
32.785,12.737
34.088,12.531
36.021,15.507
35.408,16.988
32.297,14.713
32.339,10.876
31.882,10.244
30.079,7.240
30.526,12.832
32.835,13.092
33.471,14.292
32.008,13.639
34.273,15.056
36.938,15.979
38.496,15.333
38.414,16.123
38.658,18.646
40.187,17.027
39.228,18.213
37.466,16.759
37.495,16.227
39.301,17.567
40.719,15.142
39.529,16.259
41.382,14.809
39.826,19.022
42.517,18.810
41.454,23.365
40.217,19.748
41.489,18.904
41.867,21.947
42.250,24.650
42.443,23.469
41.807,21.261
40.851,20.547
40.963,21.028
41.222,19.622
42.356,21.235
41.712,20.410
41.357,22.447
39.886,20.226
39.640,20.872
39.116,19.690
38.721,20.221
39.684,21.755
39.975,21.071
40.640,22.595
39.502,21.411
40.368,22.745
29.007,22.046
37.174,18.104
37.843,21.343
38.256,18.885
37.580,21.233
40.653,21.678
39.716,22.992
40.041,23.112
40.325,22.839
40.366,22.457
40.448,22.431
41.139,18.224
41.226,19.763
41.983,20.497
41.226,23.046
41.234,23.521
41.107,23.710
41.595,25.086
37.337,24.169
42.930,25.955
42.611,27.338
41.588,26.048
39.932,25.206
40.154,25.582
40.833,24.858
41.769,24.531
41.642,24.863
41.520,24.241
42.278,24.908
42.150,24.837
42.654,25.972
42.552,25.898
43.090,26.609
43.754,25.873
43.786,26.603
42.760,26.307
41.444,25.085
42.422,25.447
43.114,25.727
43.424,26.028
43.306,26.472
43.325,26.355
41.819,26.171
41.438,26.969
40.473,27.056
40.872,26.612
41.776,26.561
41.108,25.900
39.582,26.028
38.567,26.032
38.993,26.831
39.458,26.905
38.638,26.226
43.385,26.323
42.986,27.278
39.101,27.395
36.727,27.592
38.773,26.764
39.562,27.503
40.737,27.887
41.089,28.273
40.046,27.549
39.649,27.047
38.992,27.522
39.295,27.594
39.281,27.492
39.754,26.455
38.820,27.230
37.216,26.848
39.928,26.719
41.139,27.555
41.065,27.419
38.529,28.448
41.644,26.875
41.001,26.845
38.757,26.025
26.905,25.122
33.278,25.032
33.902,24.810
33.275,24.918
32.005,25.443
27.479,24.980
29.249,24.203
30.866,24.638
27.772,24.950
27.480,25.057
30.146,24.598
31.437,24.625
31.924,24.598
31.534,25.012
28.505,25.580
29.572,25.034
33.842,26.063
33.669,25.253
28.920,25.028
27.772,24.351
31.724,24.116
30.713,24.579
32.757,24.530
28.417,24.875
29.073,23.955
28.482,23.821
27.592,23.456
27.956,23.167
25.389,23.609
27.311,21.473
32.028,23.399
31.332,24.149
32.224,23.988
31.805,24.534
27.744,24.317
29.087,24.321
32.171,24.039
29.773,24.508
28.947,23.942
26.951,23.127
26.326,22.830
24.965,22.769
25.202,22.451
25.491,22.742
29.022,22.500
32.671,23.379
30.617,24.014
25.748,24.275
29.203,23.852
27.113,23.255
26.419,23.473
24.829,23.657
28.420,23.451
31.628,22.928
30.837,23.750
31.881,23.008
33.490,23.345
31.609,24.852
29.757,24.417
30.851,24.807
32.551,23.924
31.276,24.459
30.980,23.354
28.921,23.112
24.636,23.637
25.540,22.870
28.116,22.745
29.462,23.188
30.340,22.718
25.755,22.744
28.233,22.519
25.200,23.294
30.162,23.335
30.343,22.856
29.322,22.401
28.794,21.788
30.448,21.143
31.005,20.690
31.164,22.482
30.805,23.548
30.350,22.983
29.877,22.736
30.279,21.652
31.118,18.554
31.760,20.525
32.463,19.782
33.220,21.443
33.682,21.063
34.179,21.650
34.122,22.593
34.485,20.763
32.734,21.800
34.583,20.019
33.984,20.410
34.144,21.980
34.222,21.365
34.946,21.358
35.746,19.886
33.132,18.695
33.507,17.575
33.494,17.273
34.016,17.093
34.424,19.056
34.421,19.621
34.823,19.398
34.245,17.552
34.920,18.601
33.196,18.149
33.692,21.264
33.376,20.544
33.792,19.510
33.935,19.195
33.148,17.887
31.677,17.054
31.875,16.720
32.229,17.737
32.288,16.181
32.087,17.467
31.543,18.234
31.113,18.271
31.032,18.589
30.772,15.964
30.641,15.773
30.488,15.508
30.714,15.032
30.542,15.434
31.209,12.049
31.444,13.987
31.211,13.626
31.714,16.388
31.358,16.431
32.014,20.528
31.222,17.949
30.509,17.190
30.346,15.468
30.023,14.606
31.552,12.889
30.058,15.284
29.392,15.706
28.807,15.148
29.083,14.921
30.178,14.171
29.881,14.935
30.014,15.345
30.285,15.301
29.715,15.330
30.243,14.452
29.941,11.519
28.625,15.141
27.727,13.737
29.227,14.587
30.094,15.743
30.406,16.064
30.608,16.176
31.527,16.767
32.351,17.262
32.378,16.809
31.081,13.138
29.622,12.869
28.617,12.524
27.832,12.907
27.727,10.572
27.862,12.439
28.227,14.738
29.346,15.662
28.507,15.227
29.121,13.811
28.276,14.301
26.689,10.979
27.377,11.550
28.524,13.074
28.136,13.150
27.938,13.116
27.095,11.071
26.367,10.550
26.886,10.807
27.249,8.740
26.126,11.555
26.773,12.160
26.942,12.553
27.480,10.782
25.146,9.772
24.444,8.398
25.380,8.559
24.270,8.234
23.617,8.355
23.585,7.743
24.014,7.597
25.658,9.300
26.748,10.419
28.027,9.245
30.186,8.327
30.625,13.817
28.305,12.591
30.359,10.403
28.667,12.932
29.666,11.241
23.907,10.545
23.092,7.303
23.816,8.045
23.981,7.868
24.939,9.738
26.534,9.971
26.368,11.241
25.997,11.211
26.340,10.085
27.514,10.372
27.810,11.106
28.146,11.933
28.969,13.027
29.714,15.945
30.215,15.140
31.685,16.231
31.147,15.659
30.039,16.547
27.166,14.005
27.094,9.419
26.140,10.789
26.452,10.066
28.075,10.209
31.743,13.397
32.067,15.204
32.213,16.583
32.227,16.186
33.070,16.323
30.712,16.517
24.352,13.443
26.342,9.046
28.091,12.733
30.070,14.159
29.672,14.023
32.196,14.804
33.582,14.178
31.544,16.803
29.098,13.572
30.716,13.980
34.200,14.875
31.476,14.974
31.488,12.451
32.411,14.557
33.926,13.826
35.184,15.221
35.174,14.857
35.633,15.048
35.746,16.959
37.271,16.397
37.411,18.193
36.757,13.926
35.965,18.583
35.593,14.472
36.373,14.915
35.682,14.525
34.131,14.353
34.029,17.877
34.719,19.656
34.375,18.249
36.378,17.216
36.763,18.861
36.753,17.743
37.167,15.350
35.455,16.110
37.185,17.355
35.270,19.697
36.354,16.970
37.669,18.857
35.313,20.284
34.414,19.263
33.738,17.903
37.176,18.537
37.655,20.945
38.187,18.653
38.200,16.942
35.629,15.594
38.695,16.677
39.898,17.529
40.375,20.798
39.788,19.258
39.147,16.934
38.763,18.218
37.672,20.146
37.017,19.743
39.000,17.260
40.669,19.470
40.741,19.979
40.899,20.144
39.220,21.196
39.306,20.372
38.477,20.350
38.486,19.589
36.174,22.257
37.872,22.077
37.973,20.547
36.592,24.328
38.887,25.649
42.385,24.649
41.143,24.799
44.465,24.171
44.937,24.759
42.639,23.881
42.743,25.586
43.221,24.622
42.086,22.906
41.094,23.051
41.347,24.702
41.394,24.171
41.779,24.369
42.805,24.099
42.111,24.487
41.199,24.147
40.258,24.302
39.695,23.718
40.385,24.199
44.209,23.599
43.125,24.847
45.246,25.456
44.242,25.031
43.932,26.506
44.321,25.286
44.668,25.223
44.255,27.197
43.509,27.756
42.348,26.533
42.959,25.753
41.878,25.335
40.783,26.178
40.632,26.312
41.570,26.940
41.082,28.064
41.161,26.426
41.976,26.461
42.425,26.758
44.307,28.589
43.830,28.891
43.488,28.199
40.893,30.028
42.464,28.439
42.552,26.009
39.517,26.711
37.453,26.886
33.101,26.869
33.230,25.953
36.568,25.231
33.774,26.055
35.866,25.396
37.469,26.213
41.681,26.556
40.312,26.850
32.769,26.242
25.830,24.954
34.630,24.193
35.839,25.326
35.863,25.460
36.312,25.800
36.663,25.885
36.951,25.780
38.200,26.725
30.699,26.728
34.802,25.686
36.047,25.595
34.246,25.725
36.223,25.925
35.557,26.268
36.823,26.662
34.503,27.244
34.403,26.383
31.504,24.856
32.549,25.166
29.888,25.004
31.137,25.018
29.553,24.930
29.678,24.271
27.826,24.550
31.484,25.257
26.580,23.851
28.462,23.588
24.689,23.742
30.515,23.267
28.801,25.046
27.265,24.893
29.899,24.559
32.023,24.458
31.478,24.583
27.012,24.405
31.018,23.845
32.941,24.813
29.303,25.398
29.664,24.602
28.595,24.568
27.213,24.111
25.473,23.830
28.751,22.870
30.598,23.063
28.737,24.384
31.299,24.366
26.893,22.983
28.675,23.516
29.974,23.066
30.194,23.921
25.933,24.206
26.415,23.976
27.414,23.839
25.651,23.846
28.396,23.356
27.832,23.971
27.491,24.282
27.202,23.832
27.264,23.470
30.089,23.605
29.783,23.742
30.624,24.041
30.962,23.109
31.516,23.244
24.487,23.110
25.695,22.704
29.827,22.960
27.849,24.290
28.166,23.544
28.273,22.776
30.037,22.989
30.322,22.835
30.373,23.116
32.174,23.491
30.912,23.048
30.717,23.145
29.800,22.539
30.454,23.263
30.855,22.010
30.904,21.676
30.877,22.121
30.604,21.278
31.806,21.056
32.641,21.389
34.648,22.506
35.518,23.400
34.419,23.553
35.114,24.015
37.036,23.133
37.324,23.878
36.681,23.913
36.035,23.323
35.679,23.636
37.455,22.594
37.725,21.901
25.507,23.122
30.456,22.711
30.487,24.005
29.489,23.372
24.527,22.140
23.816,21.772
29.694,20.994
26.783,22.501
25.504,22.180
28.736,22.451
29.381,22.133
30.628,22.478
27.941,22.220
32.142,21.046
31.593,20.662
30.897,22.820
30.633,22.180
30.148,22.088
28.836,21.871
30.790,22.215
32.764,21.880
32.028,20.752
32.531,20.607
32.878,20.834
32.439,20.746
33.049,20.823
33.158,20.012
34.778,20.468
34.453,19.828
34.296,19.852
32.826,19.044
31.784,17.096
31.620,17.605
30.005,18.444
30.516,19.651
31.032,20.037
31.269,18.280
32.023,17.634
31.083,17.257
30.834,15.664
30.155,15.391
30.795,16.159
31.193,17.554
30.745,18.504
30.758,17.604
29.872,17.631
30.694,17.562
29.381,19.169
29.684,17.715
28.914,16.909
28.290,16.780
28.414,14.975
29.060,14.977
28.988,15.452
27.897,15.450
27.201,15.113
27.240,13.180
27.093,13.039
27.967,13.682
28.623,12.639
29.995,11.704
29.452,12.242
28.949,13.612
28.324,14.905
29.474,13.759
30.024,13.272
29.933,13.286
29.696,14.244
29.616,15.700
28.826,15.998
29.242,14.154
30.203,12.820
30.213,13.852
29.358,15.116
28.998,15.553
28.817,14.739
28.190,12.405
28.855,10.537
29.384,11.536
27.329,12.910
27.244,11.679
28.223,10.926
27.580,11.461
26.490,10.763
28.172,10.846
28.254,9.291
27.653,10.612
27.126,11.155
27.386,10.357
27.777,11.089
25.420,10.583
24.677,10.393
24.900,10.121
24.608,11.498
25.558,12.721
26.941,12.376
26.470,13.194
27.138,15.340
24.141,9.999
24.191,10.118
21.101,12.309
25.168,10.696
24.222,10.927
24.052,13.535
23.790,13.782
26.610,13.134
26.008,10.153
24.314,10.019
24.768,10.196
27.508,11.555
26.839,10.244
24.370,9.742
22.127,10.168
22.996,9.335
25.532,9.735
27.214,12.424
25.758,9.508
24.753,10.245
25.124,10.133
24.291,7.192
24.354,9.862
26.275,11.215
17.738,15.018
23.627,15.060
24.269,12.154
24.899,13.203
25.085,12.700
25.761,12.139
26.930,12.316
25.989,11.941
27.504,10.854
27.014,10.623
26.982,11.927
27.117,12.808
28.682,13.966
29.148,12.839
28.902,13.861
30.101,13.850
31.188,15.089
29.224,15.887
27.372,12.014
25.221,9.653
25.571,9.319
24.881,9.565
25.959,11.072
26.053,11.314
25.625,11.385
23.372,11.789
25.528,9.711
25.785,11.738
27.533,9.990
29.016,10.090
31.176,12.935
25.778,18.961
29.281,14.358
27.899,14.736
28.786,13.897
32.087,16.302
31.071,15.568
30.683,13.157
29.236,11.583
27.379,13.250
27.957,12.567
28.430,11.787
29.914,13.202
30.400,13.500
31.491,16.425
32.156,17.661
32.567,17.797
31.934,15.497
32.177,16.575
33.246,15.501
33.690,15.738
34.021,16.969
36.218,17.715
37.003,18.538
37.543,18.115
36.828,19.343
35.598,18.776
37.166,17.040
36.653,16.509
34.487,17.290
35.948,17.300
37.331,18.170
37.329,19.288
35.682,17.741
36.385,19.676
38.703,18.725
37.963,20.143
37.961,18.316
38.228,20.175
37.763,18.236
38.058,20.098
37.045,20.467
38.289,18.481
39.494,22.053
40.294,19.483
38.540,21.589
37.830,22.454
39.006,19.101
38.221,17.319
38.031,15.652
39.058,16.813
40.622,17.260
39.315,20.533
39.988,21.265
41.021,21.132
41.905,21.414
40.695,22.756
39.865,21.058
38.047,18.911
38.183,21.518
40.949,20.735
39.981,24.126
40.137,22.792
40.887,23.138
41.109,24.124
41.466,24.199
44.708,26.809
45.722,24.191
43.378,25.174
43.005,25.562
41.711,26.131
40.867,23.845
40.727,23.445
39.036,23.046
39.753,24.308
41.870,23.632
44.849,27.993
42.793,28.109
40.973,27.069
39.459,23.892
38.971,23.771
39.013,24.050
38.687,23.463
38.997,24.885
38.271,25.081
36.257,24.820
38.908,25.331
41.294,25.141
42.524,24.904
42.259,25.422
44.193,26.109
43.108,26.828
42.699,26.674
43.783,25.688
44.467,26.414
46.802,27.772
46.111,28.502
44.477,31.550
43.851,28.715
43.017,27.436
42.584,26.591
43.696,26.745
46.966,27.825
47.946,29.166
45.137,29.534
45.197,28.657
45.726,28.063
44.875,28.930
44.010,28.807
43.544,27.521
42.228,27.673
42.270,27.707
40.548,26.468
38.734,25.590
37.789,26.492
38.299,26.086
40.395,25.833
39.104,25.877
38.753,26.137
37.022,26.544
40.133,27.240
40.402,27.170
39.390,27.361
39.841,27.334
40.163,27.048
39.334,26.893
39.299,26.966
39.717,27.412
39.795,27.385
39.010,26.191
38.694,26.165
38.639,26.051
37.207,26.476
35.041,26.501
38.577,26.180
39.217,26.458
40.463,27.262
39.867,27.911
38.978,27.058
36.630,27.699
35.104,26.850
39.392,26.289
39.050,27.527
35.656,26.082
34.791,25.969
37.296,26.065
34.576,26.540
35.296,26.092
32.527,26.055
28.737,24.502
32.208,24.346
32.909,24.365
33.488,24.691
26.220,23.932
23.686,22.226
23.998,22.461
28.051,23.558
31.149,24.022
26.086,24.455
25.554,23.838
31.479,23.845
29.086,24.780
