20000101
29.838,12.552
29.074,12.519
29.818,11.386
28.546,9.535
28.746,8.949
28.852,10.831
29.593,9.621
31.070,7.660
31.548,7.376
32.386,11.940
32.736,9.196
30.180,11.477
27.438,11.082
25.681,6.540
25.313,8.850
24.796,8.473
27.200,10.084
30.582,12.939
32.602,10.555
31.412,8.370
27.814,10.510
28.866,10.992
29.985,9.766
29.872,11.751
31.662,9.637
31.193,10.186
28.115,14.606
27.570,11.187
30.073,10.080
31.948,10.722
30.429,9.295
29.044,11.246
28.609,9.724
28.923,7.234
28.468,10.893
25.770,12.829
26.554,9.145
27.137,10.847
29.209,11.327
28.381,11.347
28.733,7.737
26.501,9.332
25.825,8.107
27.276,10.287
26.833,10.912
29.318,10.053
31.355,12.070
29.871,10.461
29.801,10.454
29.956,12.390
32.065,13.822
32.416,15.509
31.672,15.879
30.653,17.082
27.612,19.010
31.345,14.707
31.152,11.354
33.602,9.320
34.824,14.978
36.959,12.306
37.456,18.330
36.013,15.959
35.256,14.332
32.778,13.863
34.605,10.191
33.082,13.876
30.972,9.828
32.357,15.984
35.754,13.930
35.027,12.205
35.925,15.446
33.892,15.282
32.392,14.377
35.508,11.435
33.643,14.918
34.739,11.410
34.675,14.771
36.234,10.164
36.011,14.053
36.701,16.839
36.757,16.108
35.693,14.998
34.615,16.151
34.640,17.574
35.905,17.533
38.527,18.765
39.532,18.449
38.392,17.772
40.034,18.390
40.782,20.754
40.960,22.079
41.404,24.188
42.139,23.845
43.804,17.916
42.390,17.214
42.259,15.596
43.423,18.057
41.292,17.211
40.647,23.784
42.637,18.191
41.943,16.666
42.652,18.633
43.345,21.220
43.468,21.728
41.366,20.714
42.146,21.022
41.765,20.879
42.545,22.545
41.810,19.540
43.431,23.660
42.623,23.015
41.219,24.294
40.971,25.361
41.455,23.947
41.121,23.463
42.692,24.097
43.619,24.745
42.979,24.310
43.100,25.347
42.886,25.514
43.068,25.905
43.459,24.380
44.418,23.786
44.532,23.946
43.744,24.154
44.222,23.841
43.346,28.240
42.891,25.274
42.242,26.217
42.189,24.817
41.838,25.495
41.535,26.703
38.675,27.568
36.686,24.286
38.674,25.079
40.006,25.836
40.529,26.358
39.768,24.579
43.123,25.813
39.765,25.743
35.684,26.984
40.974,25.338
42.180,27.418
41.408,27.359
41.187,27.551
41.309,27.581
41.289,27.430
42.070,27.563
41.882,27.162
41.761,28.888
38.983,27.856
38.047,27.853
41.769,28.215
42.339,28.098
44.334,29.049
44.287,29.782
44.744,28.781
44.455,29.249
44.846,30.572
43.585,28.207
43.047,27.538
42.739,28.138
42.119,27.271
41.682,27.557
40.720,27.895
40.490,28.183
40.227,27.110
41.706,27.374
41.512,26.935
42.469,26.164
42.716,26.901
41.292,28.930
40.415,27.490
38.882,27.316
40.073,26.845
39.741,26.339
39.559,26.495
39.587,26.097
40.146,27.170
40.072,27.061
42.180,27.696
40.194,28.803
36.578,27.222
32.079,26.132
38.380,25.009
34.134,26.287
37.450,26.207
39.074,27.006
38.433,27.299
30.326,27.057
32.965,26.527
34.860,25.520
33.106,26.102
33.074,26.171
31.725,25.942
26.982,24.361
25.067,23.815
28.482,23.431
30.065,23.551
32.951,24.284
31.032,24.645
32.668,24.014
26.595,23.811
30.523,23.216
32.035,23.694
34.235,23.170
33.897,23.518
35.433,23.619
36.264,24.172
36.816,23.936
29.587,26.012
32.248,25.463
35.066,24.917
35.204,25.152
35.140,25.135
32.255,24.033
34.859,23.833
36.044,24.183
36.466,25.012
37.723,24.445
36.993,27.371
37.403,26.203
36.227,26.977
32.706,24.503
33.046,26.521
29.556,25.036
28.062,23.536
29.058,23.690
29.881,22.819
27.240,24.115
30.809,24.007
26.873,23.064
26.813,23.614
26.715,23.369
31.035,23.263
36.994,25.113
34.847,24.940
36.876,27.084
35.230,26.009
32.447,24.144
32.099,24.352
33.277,24.205
31.702,24.720
26.783,24.362
29.093,23.656
31.550,24.301
34.177,23.999
30.371,23.955
24.516,23.200
33.346,22.659
31.881,22.806
33.823,21.181
33.453,21.995
33.660,21.984
33.628,21.332
34.036,20.661
35.009,20.693
36.168,21.048
34.909,21.739
33.554,21.178
35.666,20.542
34.007,20.812
35.111,20.771
35.968,20.803
38.639,23.155
38.330,21.795
37.612,22.958
36.829,23.095
36.919,24.890
38.299,22.924
38.083,20.531
39.115,23.957
38.380,20.498
38.797,20.091
39.866,20.885
39.523,20.720
39.936,23.199
39.745,18.946
39.528,20.055
39.062,18.191
38.738,17.703
37.973,21.934
37.254,19.510
40.171,19.745
37.739,21.362
38.142,21.720
38.257,21.821
37.479,24.567
39.748,19.190
39.029,20.226
38.726,19.348
39.378,16.408
39.156,18.880
39.266,17.437
39.377,18.679
37.645,16.477
35.936,15.073
35.550,15.877
37.679,17.287
38.080,17.568
36.490,19.740
38.016,18.233
36.692,16.855
36.506,17.153
38.086,17.854
35.420,17.229
35.262,17.679
34.668,17.621
35.624,17.428
35.322,16.634
34.423,16.242
34.135,14.812
34.859,17.130
36.231,19.245
37.292,19.191
35.902,18.363
34.531,17.670
34.864,15.126
35.031,18.116
34.479,17.722
34.479,16.267
33.795,14.357
34.324,13.590
32.880,13.125
32.138,14.373
33.338,13.124
33.260,13.595
33.110,11.772
34.907,17.174
33.318,17.260
32.605,15.369
31.769,13.251
30.373,16.365
29.117,14.271
29.556,12.935
28.381,12.040
28.558,10.696
29.384,10.532
31.682,11.059
32.674,11.429
33.186,13.149
32.476,14.097
32.746,11.408
32.608,12.681
31.672,10.974
31.070,11.345
31.003,12.580
32.259,11.634
31.916,13.475
31.640,13.213
31.707,12.722
31.568,13.830
31.857,12.954
30.369,14.229
30.375,12.345
30.295,12.701
32.439,12.345
31.207,11.014
31.589,12.429
32.337,12.020
31.046,13.164
30.502,11.648
29.991,10.541
30.436,11.873
22.115,12.679
25.113,11.740
25.253,5.105
25.257,7.108
26.287,10.269
26.259,9.487
26.617,9.981
29.281,9.930
27.914,12.171
25.878,9.000
25.759,9.660
27.497,10.298
28.755,11.991
29.478,8.658
28.782,11.750
29.331,11.096
30.666,13.202
30.161,14.758
31.337,13.802
31.496,13.650
32.428,11.881
32.494,13.052
29.916,11.758
28.757,11.140
28.707,8.679
28.313,9.908
29.405,8.550
30.494,9.681
31.104,11.666
31.914,12.660
32.217,9.141
30.673,11.264
31.216,14.825
32.612,13.664
29.999,12.636
29.985,10.771
30.489,9.635
30.117,9.279
30.661,10.572
31.722,9.167
33.781,12.858
33.497,12.561
32.596,10.611
31.818,11.715
35.219,13.197
36.125,16.657
31.109,9.856
29.134,11.336
31.051,12.460
32.602,13.389
33.504,15.671
34.422,16.165
35.907,16.366
35.354,14.625
34.906,14.573
36.672,16.875
35.740,16.626
34.617,15.216
33.926,16.171
33.495,15.673
32.785,12.428
32.572,17.525
32.708,16.928
33.880,16.478
34.592,18.067
34.960,15.758
33.928,15.908
36.552,12.425
36.278,15.473
35.940,17.432
37.449,17.372
36.040,17.021
33.734,15.975
34.099,12.489
35.717,12.642
37.882,19.840
38.500,22.218
38.348,20.365
38.279,15.770
38.966,19.012
37.025,19.641
36.451,13.909
36.432,17.604
36.556,21.481
37.039,18.743
37.919,18.378
37.986,20.239
38.347,18.076
36.434,20.349
34.110,14.896
34.670,14.516
35.552,12.140
36.774,20.322
41.447,19.338
39.264,18.870
40.388,13.796
41.542,16.278
41.462,14.165
41.617,23.136
41.218,21.923
39.442,20.952
39.439,17.305
39.148,17.762
38.556,21.527
40.844,21.021
39.670,20.863
36.811,24.378
38.074,21.270
35.920,23.456
36.402,18.514
37.115,21.782
41.646,21.282
40.022,18.405
41.306,18.041
44.817,19.279
44.487,23.006
43.835,25.791
43.451,23.168
42.234,23.750
42.054,23.370
43.620,22.198
43.983,23.043
45.348,24.723
43.891,24.867
44.206,24.663
44.620,23.711
44.769,23.309
44.372,24.429
43.608,24.678
42.020,23.408
41.141,24.668
42.516,25.851
42.565,24.685
43.330,24.518
43.462,24.853
41.915,24.273
41.486,24.307
41.360,25.960
40.706,25.915
39.694,25.545
39.126,25.639
39.966,26.774
41.147,26.743
41.511,27.802
46.319,28.387
44.605,28.557
42.667,28.062
41.147,27.164
40.532,26.523
40.632,27.106
38.032,25.453
34.071,25.356
36.110,25.940
37.660,26.305
35.885,26.275
35.620,26.527
37.358,25.661
37.947,26.394
37.128,26.406
40.100,26.747
40.102,27.291
40.233,27.083
38.971,27.874
38.953,26.951
37.919,26.703
38.122,26.064
32.855,26.668
33.349,25.759
31.260,24.287
31.450,23.946
35.565,25.033
38.347,25.798
38.224,26.022
38.368,25.961
38.679,25.611
39.781,26.435
39.809,27.720
39.287,26.800
39.210,27.117
39.364,26.424
38.620,26.408
37.453,26.879
35.731,27.066
31.073,27.766
32.047,25.853
32.682,24.808
25.903,24.288
28.928,24.410
34.077,23.750
36.108,24.470
32.165,25.838
32.660,25.807
32.947,24.802
27.348,24.097
29.403,24.245
28.644,24.110
31.781,23.860
26.941,24.580
27.269,24.720
25.999,24.195
28.002,24.390
30.426,24.890
26.841,24.845
27.102,24.134
30.866,24.139
29.439,24.670
32.826,23.978
30.859,24.352
30.194,24.171
32.573,24.013
32.224,24.826
30.188,24.260
31.028,24.264
33.520,24.487
33.603,24.439
34.551,25.097
34.515,23.188
37.903,24.457
33.008,25.044
33.333,24.070
32.059,25.355
31.339,25.325
31.990,24.934
32.705,24.561
30.600,25.333
31.669,24.582
30.061,24.726
32.402,24.733
33.062,24.790
26.333,24.486
24.183,23.048
28.550,23.502
32.123,21.879
32.566,23.672
33.396,23.489
32.268,23.344
31.458,23.034
31.900,23.727
31.609,23.999
32.888,22.438
33.547,22.362
33.529,22.644
32.037,23.002
30.869,21.815
33.719,21.609
35.357,23.288
34.887,23.019
35.000,23.160
35.198,23.974
34.818,23.616
34.233,22.400
34.130,23.070
32.521,21.232
35.204,21.288
34.396,21.843
34.615,21.836
35.488,21.179
35.538,22.378
34.924,22.651
38.217,21.063
38.613,20.708
35.402,24.323
37.288,21.278
37.115,22.167
33.313,25.088
37.734,24.353
38.181,28.004
35.618,24.535
37.336,22.680
38.442,26.428
39.650,23.002
38.874,22.862
39.740,18.265
41.682,22.952
40.718,22.136
39.549,23.512
35.601,23.725
35.222,22.077
35.877,21.931
38.197,22.163
38.308,21.172
38.056,23.567
39.133,24.136
38.128,24.981
34.894,22.784
30.582,23.328
25.688,22.320
33.927,21.019
35.665,22.538
37.680,26.949
37.172,23.224
36.790,21.703
36.268,19.410
37.255,16.307
37.011,15.922
36.786,17.855
37.674,19.189
37.194,19.741
38.914,20.391
37.875,18.984
37.161,16.537
39.670,18.458
39.756,20.694
38.064,19.332
37.382,17.669
36.348,16.683
37.078,18.142
36.805,17.760
36.542,19.059
35.516,14.978
34.392,15.294
35.082,14.699
36.041,19.770
33.751,19.257
32.399,17.541
32.381,15.396
33.122,15.071
32.545,15.960
33.342,16.376
33.258,15.311
33.072,15.426
35.142,16.422
34.940,17.593
35.403,19.212
34.814,17.817
34.867,16.067
33.864,14.880
32.602,15.190
33.544,13.780
32.175,13.496
31.443,13.487
29.836,12.841
29.661,13.083
29.512,13.324
29.589,12.095
30.309,12.084
30.567,13.278
30.940,13.542
31.028,13.190
31.441,11.371
31.167,12.928
32.397,13.539
32.872,14.140
33.748,14.067
33.520,15.432
32.794,12.946
32.794,12.836
31.984,14.002
30.573,14.989
30.278,13.163
31.224,12.211
31.475,14.385
31.092,14.805
31.403,14.410
31.602,15.780
29.520,15.014
28.542,13.305
27.938,11.376
27.931,10.625
28.456,10.773
29.280,11.344
29.897,10.709
31.142,13.520
28.749,13.740
29.611,12.894
29.407,12.514
28.854,12.135
28.690,11.463
28.383,11.360
27.748,11.478
27.413,11.265
27.009,10.894
28.520,12.241
28.213,12.038
27.607,12.212
27.124,11.395
28.953,11.650
30.305,12.309
31.994,11.859
32.654,10.491
31.260,11.700
30.777,12.678
27.714,12.074
26.878,8.035
24.329,11.024
26.099,8.935
25.198,10.239
25.457,9.870
26.703,9.851
28.076,9.678
28.187,9.709
27.257,9.981
26.592,12.398
24.650,9.696
23.761,8.346
24.846,8.687
24.949,8.625
26.827,8.718
29.992,9.793
29.410,11.455
29.343,12.644
30.352,13.141
32.318,13.508
29.890,13.241
27.110,10.155
25.660,7.296
26.773,9.675
22.173,12.000
26.640,13.792
28.789,10.533
30.474,12.050
32.869,13.104
34.133,13.855
34.283,14.526
32.770,16.750
34.719,17.137
35.237,19.793
34.076,17.292
34.760,16.433
35.461,13.235
33.477,15.343
33.943,13.390
33.022,13.988
33.553,16.068
34.831,15.878
35.400,15.196
37.309,17.966
33.413,18.404
33.448,15.894
35.218,16.091
34.750,15.731
36.208,17.202
35.010,17.136
33.949,14.246
33.154,16.003
36.088,18.479
36.801,20.982
29.950,20.142
34.168,17.640
29.332,18.327
34.234,13.147
36.111,15.697
40.271,14.542
40.309,17.775
39.535,17.775
39.407,15.693
38.281,20.713
38.414,18.163
39.335,14.301
37.587,19.691
36.770,17.101
38.118,15.241
37.784,15.801
39.476,20.343
39.051,20.385
40.031,16.813
41.206,20.159
41.802,21.344
41.662,18.887
41.224,14.151
40.506,14.950
41.661,18.582
41.760,24.365
33.099,21.841
35.425,19.313
38.135,20.869
38.918,20.061
39.466,19.784
41.197,20.746
41.189,21.554
40.457,23.412
38.804,21.888
38.944,20.768
39.980,21.267
40.911,23.546
42.843,23.903
40.848,26.862
41.283,22.601
41.682,22.867
41.261,23.856
40.776,24.664
40.063,22.261
42.229,17.679
43.951,20.149
44.394,24.929
44.673,22.050
45.039,22.252
44.385,24.165
45.614,25.846
46.326,26.997
46.728,26.390
46.959,27.499
45.455,27.247
44.032,24.300
42.940,23.905
43.345,25.460
43.395,28.922
43.109,28.699
43.698,26.253
44.289,27.326
44.252,27.856
44.009,27.787
44.153,27.603
42.420,30.232
44.133,27.910
42.158,26.138
42.115,26.076
42.945,26.609
43.747,27.977
43.612,27.390
43.440,27.426
42.847,27.457
41.311,25.947
40.899,25.203
41.365,26.017
41.899,27.323
41.428,27.724
42.833,27.763
41.974,29.065
42.411,27.063
43.417,27.644
42.851,27.378
43.168,27.651
42.203,27.031
42.998,28.560
43.459,27.400
43.413,28.204
44.638,28.852
43.525,31.055
45.410,30.246
44.355,28.917
42.515,30.923
42.692,29.465
42.545,28.743
38.282,27.748
38.793,27.908
39.555,28.530
40.009,28.117
37.538,28.043
41.023,27.450
42.695,27.720
42.627,29.051
39.690,29.113
38.053,29.315
35.203,27.279
32.921,26.814
26.816,24.401
30.113,24.210
36.120,25.097
37.134,25.263
37.918,25.903
37.072,26.826
39.736,26.711
38.432,26.932
38.495,26.792
39.180,26.841
39.021,26.467
37.008,27.540
38.511,26.060
41.265,26.484
38.090,27.081
36.952,26.528
30.207,26.793
30.013,25.701
33.583,24.921
30.263,25.524
30.786,25.257
28.237,24.821
33.779,24.622
27.216,25.406
27.612,25.459
28.352,25.351
27.480,25.497
28.875,24.926
35.325,24.909
37.290,24.236
38.479,25.362
39.208,25.091
39.863,24.611
38.104,25.932
39.623,26.089
38.283,26.930
35.123,26.134
27.008,24.131
28.413,23.710
29.828,23.621
27.727,23.240
27.673,23.530
32.807,23.960
30.997,24.300
25.839,24.257
25.263,23.940
25.409,24.137
26.689,24.328
29.994,23.197
30.158,23.729
32.941,23.709
32.314,24.697
34.902,23.634
31.918,23.763
35.420,23.148
35.308,23.608
31.944,24.231
29.039,24.434
26.614,23.084
29.811,21.852
32.826,21.995
33.557,22.903
27.534,23.457
29.843,22.829
31.527,23.457
33.387,24.232
31.575,24.582
30.773,24.042
33.511,24.409
33.473,24.335
33.229,21.916
33.547,22.865
32.691,22.774
34.965,20.841
30.389,21.923
35.552,22.985
35.631,22.083
34.454,18.915
34.695,20.501
33.932,21.057
33.007,20.514
34.185,20.573
34.929,19.026
35.743,20.419
38.810,22.382
36.459,22.559
38.050,25.030
36.036,25.539
36.410,21.348
36.974,21.216
36.003,24.531
39.308,20.387
37.855,23.492
39.854,23.173
40.272,19.282
39.435,22.951
38.715,21.168
39.431,20.785
39.140,20.945
39.491,20.681
40.690,18.934
40.040,18.000
39.587,18.394
38.234,18.486
38.181,18.867
38.824,23.684
38.293,19.782
38.251,19.604
37.498,22.364
38.537,22.444
36.911,19.761
38.253,16.396
37.595,16.874
37.059,18.048
36.864,18.727
37.199,19.202
36.102,16.818
38.024,18.876
37.109,18.252
36.444,18.257
37.659,15.836
36.130,13.081
36.424,13.532
35.798,15.876
36.433,16.345
37.873,19.009
36.412,18.085
36.140,16.280
35.947,13.770
35.779,12.989
33.536,16.892
33.626,16.067
34.109,19.132
34.618,17.560
33.792,18.849
33.093,18.113
32.009,17.782
32.737,16.995
32.586,18.759
33.142,15.595
35.238,15.956
34.025,14.893
34.620,16.941
34.107,17.521
34.728,14.932
35.588,17.497
35.049,16.416
33.543,15.600
32.398,15.211
34.244,14.254
35.319,14.820
34.138,15.314
32.464,14.344
32.668,14.920
32.847,14.799
31.650,15.447
31.666,15.128
32.207,14.329
31.721,11.231
31.057,14.035
31.457,15.053
32.492,16.034
33.212,17.981
32.718,15.883
31.509,14.544
31.766,10.678
32.252,11.363
33.448,14.535
33.596,16.011
33.856,16.212
34.363,16.288
33.936,12.771
32.950,12.113
31.530,13.830
31.084,13.239
30.805,13.136
30.180,11.834
31.541,12.374
29.164,13.638
26.965,12.217
27.937,11.078
29.685,12.799
27.005,11.722
27.830,10.111
28.433,9.530
25.440,12.829
23.935,8.287
24.175,8.918
24.356,12.131
26.056,12.494
28.227,11.458
30.368,10.274
30.023,15.173
27.799,11.618
29.458,13.660
29.747,17.386
29.361,14.127
31.295,15.465
29.636,15.628
29.039,11.518
30.143,11.721
29.517,11.891
28.658,11.188
29.087,11.228
29.284,11.581
30.610,15.283
30.972,13.991
31.611,14.199
31.909,13.425
32.066,10.905
32.863,11.856
33.625,16.427
34.255,16.090
30.990,15.280
30.038,13.434
30.821,11.025
29.957,16.386
27.901,14.347
28.798,14.348
28.896,14.284
28.368,14.353
30.194,13.500
31.625,13.454
32.961,12.103
30.778,13.496
31.460,14.377
31.418,15.026
30.965,16.562
31.143,15.242
32.121,13.373
32.169,15.445
33.656,16.085
34.800,14.992
32.439,18.754
26.012,18.691
28.616,15.634
30.042,13.673
31.991,15.367
33.654,16.623
34.349,18.511
35.081,18.448
33.942,19.608
35.298,17.996
36.174,19.749
36.504,20.210
36.997,20.694
34.812,19.965
31.574,14.606
29.375,7.960
31.201,11.938
35.014,14.212
35.313,15.615
34.792,16.065
36.510,16.704
36.241,18.092
33.943,16.925
34.513,16.581
37.104,16.831
37.299,19.604
36.894,14.890
36.083,15.757
35.441,21.982
36.093,16.618
36.405,19.781
37.853,18.986
38.927,20.239
39.262,16.192
39.571,20.216
39.771,21.309
41.425,25.306
41.954,25.115
39.812,23.107
39.728,22.415
38.510,20.853
38.106,21.017
40.093,19.876
40.465,23.626
41.268,18.134
40.261,20.933
39.471,22.112
39.174,18.758
39.415,20.480
43.946,20.974
40.449,18.028
40.986,16.557
40.231,23.138
43.393,21.498
39.674,27.811
38.922,21.303
38.682,20.219
39.380,21.806
39.614,22.143
42.502,23.160
40.290,24.464
37.762,23.790
38.741,18.512
41.587,18.813
45.093,22.306
43.612,22.129
41.931,23.008
41.305,21.788
42.065,22.764
41.815,21.333
42.926,18.355
44.861,22.340
44.954,23.446
44.218,26.269
41.691,22.379
39.520,23.307
40.272,17.569
40.661,19.933
40.224,21.344
40.888,22.010
41.521,18.808
46.775,21.061
46.925,25.119
44.683,27.084
44.902,28.352
44.704,25.886
44.736,25.673
46.388,22.571
44.578,28.755
44.013,27.742
42.804,27.840
42.083,25.985
42.171,25.862
42.030,25.772
40.717,25.154
41.465,26.125
43.114,25.624
41.140,26.582
39.521,24.125
40.933,26.501
42.099,24.943
42.422,26.713
43.642,27.016
43.294,26.657
42.369,25.494
43.339,27.907
43.876,27.631
44.401,26.620
43.246,26.766
42.926,27.740
42.201,28.127
42.153,27.917
43.210,27.939
42.470,27.811
42.635,26.898
43.227,28.655
42.685,27.668
41.981,26.928
42.689,28.677
37.699,27.877
35.774,26.791
29.749,25.583
30.000,24.898
31.582,25.586
38.557,26.080
40.203,27.230
40.200,26.688
39.297,28.399
33.757,28.072
35.069,26.818
37.060,26.674
37.544,26.209
37.678,26.053
37.525,25.812
36.974,26.606
38.122,27.320
36.585,26.503
34.827,26.780
27.354,26.252
31.350,25.670
32.759,25.506
32.589,25.117
30.423,25.217
32.611,24.805
30.363,25.096
32.987,25.365
34.648,25.009
35.926,25.862
34.253,25.919
28.647,25.017
32.292,25.334
33.866,25.594
33.914,25.411
31.737,25.771
31.255,25.248
28.604,24.678
30.897,25.229
28.133,24.917
27.309,24.349
30.135,23.950
31.732,24.631
26.433,24.680
27.362,24.055
27.806,23.886
29.594,24.174
29.615,24.034
29.621,23.773
29.078,23.211
29.116,23.556
30.381,24.189
34.284,24.205
34.466,24.407
31.876,25.469
31.477,25.655
31.089,24.687
27.631,24.543
32.495,24.162
32.358,24.945
32.598,23.525
33.241,24.439
30.855,24.632
33.365,24.753
31.539,23.947
31.656,23.703
34.347,23.307
35.509,23.638
38.058,24.827
34.188,25.908
30.813,24.635
25.867,23.735
25.437,23.217
28.294,23.471
31.181,24.099
31.921,23.159
25.550,23.718
28.458,23.530
26.203,23.577
29.210,23.242
29.802,24.109
31.771,23.940
31.834,23.238
29.156,21.627
29.577,22.435
32.800,21.852
32.726,23.240
33.323,23.321
32.344,23.649
32.514,21.357
32.685,22.008
32.439,20.815
31.495,22.293
32.820,23.680
31.792,22.225
31.704,23.606
31.790,23.039
36.612,23.267
36.229,21.835
35.008,22.776
32.430,22.577
31.320,22.903
31.313,23.108
34.558,23.600
35.720,23.136
34.619,24.441
36.249,21.611
35.564,24.595
35.190,22.499
37.057,25.130
35.118,24.075
37.217,21.105
35.979,17.207
33.614,18.668
35.762,20.952
36.415,23.624
36.217,25.094
36.307,20.348
34.521,18.339
35.251,17.966
35.833,18.013
36.890,20.122
36.281,16.350
35.306,17.679
36.185,18.954
36.152,18.915
35.438,18.893
35.910,19.641
34.792,15.532
34.645,15.818
34.490,15.342
34.109,15.685
35.259,14.364
34.259,15.368
35.971,17.775
33.982,18.469
34.154,19.328
34.773,19.512
33.553,17.345
34.730,17.270
34.403,17.652
34.830,19.383
33.712,17.985
34.891,19.563
34.573,19.319
33.827,16.373
33.701,16.683
33.789,19.494
34.115,19.893
34.169,16.186
32.750,16.238
32.050,16.429
31.037,15.835
31.749,13.560
32.372,12.973
32.293,18.375
33.353,16.457
31.517,17.202
31.939,15.905
32.198,15.776
32.562,15.935
32.243,12.186
32.963,15.919
33.524,19.372
32.072,17.741
33.091,16.463
32.299,14.591
32.099,15.946
31.652,14.477
32.186,15.197
32.213,12.788
31.565,14.085
31.692,13.486
32.048,12.409
33.257,14.178
32.762,14.168
33.003,15.052
32.218,13.702
30.855,16.131
31.481,16.165
31.514,13.554
31.642,13.015
30.750,14.889
30.322,16.477
26.691,13.477
26.694,11.251
27.393,11.713
27.243,12.152
28.229,12.868
27.903,11.962
27.944,12.293
28.017,9.715
27.332,11.276
26.858,11.100
27.712,10.359
25.770,7.375
24.712,10.349
25.751,9.704
26.998,10.340
29.243,10.467
27.912,6.966
26.868,9.942
28.400,11.108
27.530,13.034
27.436,14.212
26.885,13.286
24.520,13.135
27.596,14.183
27.870,12.368
29.477,10.860
30.179,12.116
30.981,11.794
31.415,9.705
31.547,12.402
32.064,13.290
33.036,13.575
29.666,10.117
28.471,7.967
27.746,10.375
28.363,12.589
26.666,12.525
25.951,9.267
24.109,11.098
26.057,10.116
25.972,10.642
26.816,10.965
26.736,11.182
27.584,10.642
28.695,11.717
25.445,9.261
26.058,13.537
24.149,9.901
25.172,9.931
28.199,9.207
29.928,10.237
28.685,7.659
29.308,10.402
30.360,10.268
31.281,11.222
31.189,7.134
29.671,13.996
30.456,10.041
32.684,13.352
32.908,15.829
32.731,15.578
33.292,14.748
33.713,14.286
34.183,11.048
32.387,12.603
34.784,12.370
34.378,12.875
34.348,14.066
34.897,14.715
36.585,16.781
38.106,17.083
37.113,16.740
36.824,17.990
35.659,15.615
35.757,15.167
35.643,13.211
36.265,17.174
37.231,17.428
37.277,17.348
37.705,18.704
37.662,19.295
38.120,18.236
38.648,16.847
39.045,16.997
39.111,17.257
40.238,14.262
39.124,18.263
40.153,18.000
40.876,19.819
40.409,20.834
42.353,18.005
43.207,18.379
41.904,20.356
41.645,24.931
41.614,21.798
40.497,16.384
40.417,15.667
40.706,18.031
40.465,20.441
38.035,19.301
36.200,15.738
35.142,12.712
38.323,12.283
40.550,18.960
39.861,18.160
40.093,16.701
38.950,18.463
38.529,20.743
39.240,18.649
39.315,20.613
40.449,21.929
40.634,22.705
40.053,17.822
40.035,18.759
40.185,21.605
39.948,19.376
39.896,17.099
41.833,20.099
41.281,20.128
42.216,19.160
41.637,21.510
41.335,21.992
40.867,19.131
38.687,21.451
38.750,21.242
38.826,18.744
41.213,19.812
41.795,20.039
41.466,21.349
41.965,21.185
41.838,19.738
42.340,19.330
43.395,20.442
42.832,23.219
42.681,22.450
41.635,22.336
40.560,22.671
42.568,17.791
43.022,21.371
45.116,22.825
45.095,25.321
46.451,24.419
44.879,18.910
41.646,28.550
38.758,29.889
38.764,29.069
34.812,26.536
38.199,26.041
38.273,27.143
35.167,26.710
36.733,26.748
40.345,26.712
41.326,26.441
42.238,28.436
43.173,28.134
42.942,26.620
42.274,26.642
41.478,26.528
41.705,26.806
41.583,26.584
41.090,26.589
41.460,26.838
41.004,26.278
42.425,26.315
42.125,25.922
43.690,26.582
43.882,26.548
43.094,27.668
43.614,28.275
44.323,28.014
42.737,27.932
42.664,27.403
42.851,27.549
43.042,26.934
41.373,27.407
40.019,28.852
39.011,29.206
42.678,26.994
40.949,27.197
43.535,28.841
39.636,27.638
44.100,27.708
36.973,27.660
33.719,27.968
35.923,26.732
32.178,26.232
38.808,25.216
39.009,26.654
39.497,26.672
39.560,26.671
38.805,26.541
34.980,26.774
34.243,26.201
32.645,26.557
36.034,25.237
33.520,25.519
34.547,25.025
32.879,25.299
37.581,25.268
35.630,25.717
40.292,26.586
35.376,26.766
36.993,27.815
34.641,26.395
33.237,25.837
33.223,25.573
32.446,25.182
36.220,24.389
31.460,24.729
36.530,24.991
37.407,24.669
38.538,25.616
38.892,26.585
41.161,27.112
38.208,27.245
35.617,25.999
36.339,24.972
36.756,25.489
38.371,25.093
37.081,25.652
39.223,24.745
40.471,25.464
38.878,27.061
36.490,26.537
31.550,26.222
36.620,26.718
33.670,26.854
34.756,25.406
31.883,25.171
32.617,24.317
27.515,24.404
33.375,24.084
35.686,25.998
33.341,27.480
32.436,25.721
27.325,24.768
26.193,23.501
29.933,23.996
29.198,23.601
25.656,24.332
25.585,22.805
29.270,22.270
24.661,23.492
31.410,23.592
25.982,23.139
29.004,22.912
30.931,23.685
31.499,23.575
30.375,23.538
31.466,23.480
32.740,24.219
29.030,23.821
29.836,23.326
32.932,23.208
32.689,22.518
32.406,22.181
33.087,21.624
33.071,21.978
33.323,21.708
32.966,21.485
33.319,21.212
33.051,21.100
32.815,21.620
31.657,24.147
34.043,20.572
37.968,21.900
37.708,23.005
37.025,23.623
34.849,23.292
33.957,22.472
34.769,24.098
34.290,20.188
34.591,19.881
34.377,21.591
32.877,20.970
30.156,21.069
34.510,21.194
36.062,22.118
32.143,23.675
36.602,23.297
38.305,24.021
36.072,22.163
36.091,25.315
37.820,23.568
35.797,23.041
34.286,23.361
36.613,23.422
37.663,24.114
38.285,26.389
32.723,23.829
35.068,23.201
30.037,23.242
31.340,21.284
31.786,23.141
32.245,23.582
35.422,22.580
34.175,22.547
34.656,24.271
33.817,22.123
31.127,20.844
33.067,20.148
34.144,16.286
33.555,18.788
35.164,19.039
33.539,18.507
33.030,17.083
33.520,14.702
34.721,15.376
33.767,16.488
33.273,18.385
35.079,16.572
34.405,17.390
34.104,17.592
33.800,17.452
34.259,18.939
33.335,18.156
34.550,16.407
34.018,21.004
32.934,18.924
33.745,16.570
31.737,17.386
32.617,17.794
33.780,17.699
31.877,18.531
31.823,18.269
31.744,17.459
30.929,17.973
31.620,18.206
33.005,17.341
32.637,16.903
33.520,18.802
32.953,19.572
32.543,16.553
34.292,17.592
33.585,16.682
34.253,18.508
34.220,18.098
33.994,17.874
34.072,22.725
33.755,18.914
33.365,18.178
33.912,15.634
33.679,15.731
33.392,15.525
32.269,17.577
32.012,15.917
31.517,15.586
33.114,17.103
31.825,17.513
30.958,15.898
30.181,11.012
28.118,11.441
29.437,15.160
30.605,15.926
29.754,14.912
30.344,14.961
30.885,15.660
30.710,15.649
31.334,15.858
32.206,16.814
32.495,15.554
31.639,15.954
30.603,15.925
31.446,15.314
31.826,14.925
31.730,15.197
32.247,14.474
31.779,14.889
31.300,13.849
30.190,9.376
27.977,11.629
27.821,12.331
28.420,10.564
27.975,8.261
26.506,12.689
27.433,14.231
26.430,11.533
28.229,11.625
30.222,14.216
30.250,15.956
30.699,16.988
27.077,16.638
24.430,5.622
25.460,7.424
26.377,9.845
27.147,11.010
29.599,12.845
28.172,11.890
27.439,11.988
29.343,11.859
28.406,11.111
27.427,9.591
25.732,10.257
26.989,10.342
28.268,10.436
29.391,11.606
28.812,12.517
26.717,11.410
25.111,10.002
23.984,8.681
24.874,9.620
26.158,9.851
26.131,11.022
27.279,7.052
26.224,10.268
27.829,10.960
27.425,13.094
27.516,10.965
25.017,12.093
26.721,11.228
26.258,10.698
25.899,11.500
26.695,13.056
26.391,11.963
27.556,10.455
28.414,10.215
28.069,8.016
29.772,12.149
30.995,11.065
29.519,11.858
30.909,13.223
33.100,16.206
35.811,18.193
33.187,12.609
33.455,11.408
32.884,16.695
34.361,14.670
32.927,16.076
30.623,15.405
27.128,11.843
26.523,4.731
24.648,2.950
25.834,5.839
26.017,9.889
27.870,10.799
30.952,10.610
32.032,12.366
34.053,15.137
35.314,15.506
36.306,16.994
36.571,17.709
35.920,15.435
35.953,21.060
36.362,16.571
35.583,21.248
34.222,13.896
34.918,16.655
32.427,19.818
33.573,12.923
32.359,17.993
31.181,12.010
32.747,14.036
35.722,16.263
36.505,17.262
37.347,14.724
38.592,16.958
38.773,16.437
39.513,18.565
38.853,17.169
38.510,17.190
38.141,18.455
36.715,17.188
34.136,16.665
34.977,13.135
34.471,12.132
36.707,15.394
38.539,19.175
36.259,17.303
38.603,15.838
38.102,13.996
36.596,18.966
36.510,20.146
39.457,20.551
41.513,18.143
42.424,19.688
42.044,21.384
41.582,20.817
41.877,16.984
39.469,17.767
37.026,15.356
36.382,12.847
35.620,13.702
37.116,17.359
39.495,18.484
40.145,19.520
40.617,18.491
40.043,18.773
39.940,21.286
40.902,18.683
41.428,18.037
41.458,20.448
45.716,21.381
42.749,26.647
40.422,23.314
40.223,24.612
40.773,21.857
39.734,19.843
41.011,21.812
40.435,21.046
40.115,20.156
38.501,19.981
37.707,21.923
39.157,25.379
39.027,24.541
37.713,23.950
37.068,24.278
37.753,24.028
39.064,25.359
40.802,26.256
40.261,25.691
39.529,24.267
40.725,23.349
38.885,20.856
40.408,22.082
41.263,22.563
41.797,22.602
42.321,23.544
43.245,24.633
41.220,25.780
42.136,24.173
43.616,26.769
44.655,26.508
44.545,27.155
42.085,26.206
42.561,26.517
42.827,27.232
42.370,27.433
41.457,26.481
40.752,25.833
42.701,26.669
40.582,26.191
44.098,27.624
45.228,25.079
42.275,29.820
42.852,29.329
42.625,25.910
42.972,27.757
44.271,26.918
43.670,26.979
41.635,26.296
41.447,27.128
43.587,27.891
43.672,26.781
43.599,28.302
42.183,27.473
39.295,26.942
40.967,26.172
41.764,28.183
41.865,28.691
41.068,28.564
40.935,27.488
36.015,29.551
38.627,28.328
39.490,28.022
40.046,27.189
39.628,26.869
38.857,26.342
37.276,27.060
34.777,26.669
36.952,25.840
34.249,26.016
36.532,26.001
36.292,25.917
32.825,25.775
31.442,25.515
30.896,24.921
32.569,25.321
34.533,25.421
36.901,25.289
33.115,25.845
36.292,25.970
34.032,26.497
28.509,26.047
36.121,25.163
27.457,25.283
33.506,24.634
32.576,25.180
33.844,25.597
28.122,25.807
29.992,26.037
35.272,25.046
36.720,25.906
36.817,25.648
35.997,25.460
37.592,25.438
38.181,25.120
31.849,25.711
38.076,26.399
37.241,26.294
32.628,25.278
28.077,24.663
27.538,23.367
28.348,24.569
36.611,24.270
32.949,26.406
31.025,24.990
31.103,24.552
29.903,24.294
29.623,24.616
26.022,24.332
27.294,24.266
28.303,24.177
29.244,23.089
31.035,22.908
30.420,22.581
31.616,23.206
32.533,22.953
32.932,24.102
32.442,22.692
29.852,23.466
31.357,24.314
32.820,23.252
32.457,22.975
32.788,23.250
32.197,22.488
32.886,22.864
33.043,22.645
32.232,22.812
31.021,21.484
30.720,23.063
34.441,22.132
34.799,21.862
35.027,21.996
34.143,22.121
35.150,20.792
36.124,21.661
39.011,24.406
38.070,24.955
41.122,24.908
38.952,24.372
36.910,25.934
37.970,24.649
37.385,24.937
35.971,24.404
34.009,24.485
34.635,23.850
30.916,24.600
33.018,24.705
29.566,24.710
28.020,24.121
29.825,23.676
28.681,23.414
26.366,23.839
31.018,23.371
31.813,23.404
35.223,25.284
34.858,24.525
30.380,24.331
24.043,22.788
29.925,21.790
30.027,22.192
30.565,22.188
31.535,21.174
32.765,20.289
32.755,19.657
32.139,22.612
33.905,20.415
33.186,19.892
33.083,18.353
34.133,19.229
33.716,19.079
34.093,21.309
33.767,19.075
34.073,19.001
33.480,20.288
33.153,20.142
34.650,21.067
34.493,21.369
34.078,21.340
34.050,21.400
33.484,19.541
34.510,19.671
33.615,21.321
29.643,19.959
34.608,18.374
34.555,18.301
33.060,18.873
32.615,16.457
32.132,18.204
32.813,19.852
33.448,20.304
33.374,19.049
33.512,17.002
34.672,17.677
33.143,15.685
32.547,13.466
32.192,14.079
31.676,14.174
31.904,16.062
32.001,16.533
31.955,18.096
31.426,15.703
32.048,15.026
31.883,15.787
30.883,16.160
30.907,13.354
31.170,15.789
32.094,15.507
33.127,15.362
32.420,15.624
33.044,15.706
32.230,15.098
33.725,16.810
31.876,16.107
32.755,15.172
32.934,16.860
33.137,13.842
32.486,14.830
31.700,14.062
31.216,15.774
30.901,16.064
31.065,13.670
30.094,13.654
31.334,12.289
30.401,14.105
28.802,14.172
28.653,14.343
29.143,15.793
28.060,16.686
28.729,15.547
29.404,13.184
30.079,12.409
29.999,13.295
29.575,13.186
28.136,11.542
28.087,13.240
27.353,12.326
27.771,12.350
27.554,11.400
27.801,12.318
27.774,12.596
28.389,13.244
27.397,11.668
27.242,12.353
26.948,10.906
27.894,11.290
28.109,12.313
27.215,12.673
26.235,12.204
25.283,11.852
25.471,10.076
26.128,9.683
27.818,9.986
28.819,7.709
29.182,13.360
27.407,11.499
27.678,10.764
28.261,10.309
27.633,10.583
25.566,9.044
26.366,10.903
26.407,12.901
27.341,13.590
27.259,12.831
27.897,11.954
29.344,11.821
30.247,10.927
29.485,12.317
30.334,9.416
29.886,12.708
30.407,13.376
31.682,11.566
32.982,11.154
30.545,12.629
29.303,12.390
28.118,14.558
26.954,14.859
27.130,11.540
26.715,10.122
25.990,8.234
25.958,10.868
26.352,10.313
27.411,10.309
28.811,11.358
30.029,12.337
30.685,11.853
32.251,13.866
33.706,14.734
33.470,16.204
32.983,16.354
33.383,16.846
33.028,15.700
32.923,12.175
32.882,14.867
32.065,10.136
32.025,10.607
33.160,15.247
34.043,15.177
33.912,14.226
34.436,14.328
35.004,14.398
35.630,15.722
33.071,14.830
33.683,13.065
34.799,13.600
36.439,16.650
36.682,19.995
37.303,18.775
37.929,19.062
37.798,19.743
37.059,15.296
37.202,18.515
37.821,18.546
34.747,22.553
30.918,20.449
33.936,21.423
35.193,17.907
35.734,17.736
35.414,16.898
34.909,11.871
34.303,11.219
34.461,16.162
35.156,15.892
34.856,17.432
24.123,16.581
26.516,14.740
29.928,12.860
32.471,14.476
33.144,13.925
32.324,21.007
30.304,21.519
33.598,15.495
34.832,17.272
34.704,18.558
33.775,19.230
36.965,17.871
37.561,19.009
36.553,18.742
37.806,18.618
36.702,18.182
36.223,19.329
36.634,17.547
35.153,16.859
36.650,16.373
38.771,19.897
37.699,18.170
39.116,19.256
37.394,17.711
38.412,19.603
38.235,18.384
38.856,19.437
40.062,19.471
40.516,20.520
41.075,22.458
40.782,18.467
39.802,19.139
39.155,19.912
39.580,16.834
38.749,15.192
39.458,16.964
39.755,18.698
39.410,22.133
39.858,21.944
38.313,23.740
38.055,15.258
39.167,17.973
40.082,19.657
41.215,24.043
40.878,23.562
39.309,22.266
39.662,21.159
42.042,21.599
41.006,21.311
40.773,22.301
40.694,21.912
42.525,22.811
43.812,25.514
43.055,23.135
42.533,22.159
43.037,24.720
46.351,25.232
45.264,26.030
45.143,27.179
43.341,22.298
43.318,23.924
43.572,23.105
43.156,24.318
43.909,26.264
43.279,24.801
43.253,23.529
42.263,24.488
42.313,25.048
42.601,25.237
43.141,26.198
44.208,27.181
40.089,27.202
39.040,25.688
39.966,26.785
41.511,27.514
41.080,28.021
41.985,28.146
43.547,27.797
43.848,27.435
44.823,28.429
45.327,28.563
44.260,28.109
44.256,29.581
43.281,28.782
38.215,27.515
28.430,25.635
36.762,24.571
37.577,25.872
38.746,26.711
38.069,26.122
39.177,26.604
39.569,26.868
40.293,26.631
41.457,26.978
40.577,26.683
39.111,25.830
38.570,26.246
39.263,27.097
40.715,26.956
40.257,26.620
40.162,26.078
41.005,27.119
40.445,28.691
42.624,28.220
46.848,28.816
44.002,30.130
44.663,31.575
43.683,30.450
39.206,29.049
37.945,28.976
39.895,27.600
32.386,27.365
36.365,26.218
36.028,26.672
39.412,25.955
38.553,26.155
37.998,26.836
40.745,28.848
42.070,30.730
31.364,25.505
29.955,25.253
29.077,25.635
30.101,24.976
28.931,24.874
31.873,25.055
32.214,25.118
35.510,26.003
35.705,25.614
37.783,26.792
37.039,25.929
34.969,26.134
34.718,26.800
28.842,25.451
26.914,24.691
28.751,24.638
34.645,24.653
29.226,24.297
29.728,24.679
32.308,24.902
34.534,24.196
29.375,24.489
28.313,23.835
26.020,24.239
30.686,24.206
27.863,24.253
24.289,23.538
26.304,23.096
29.792,23.341
28.064,23.766
33.076,24.126
32.038,25.256
28.710,24.587
28.875,24.481
25.342,24.736
27.789,24.508
26.727,24.153
30.943,23.882
29.548,24.295
32.288,24.031
30.535,23.454
31.055,24.478
28.671,24.167
29.466,23.002
24.759,23.429
24.785,23.800
26.344,23.569
25.479,23.487
28.954,23.379
29.047,22.875
26.047,22.539
26.952,22.736
27.354,22.380
27.838,23.078
29.119,22.337
32.195,22.675
24.477,22.185
28.951,22.375
30.275,22.964
32.422,23.562
32.819,22.976
34.542,23.333
28.804,24.064
27.141,22.878
29.415,22.616
31.061,23.073
33.156,21.516
30.947,22.580
32.464,23.423
33.254,21.367
30.419,24.178
34.393,23.830
34.281,23.753
35.998,24.146
35.623,23.105
34.267,22.859
34.337,23.941
33.738,23.366
31.364,23.508
31.716,23.631
30.888,24.154
31.922,24.095
32.158,22.413
32.153,23.876
33.779,24.082
35.707,24.334
36.047,22.791
36.141,25.249
36.002,24.153
37.609,22.374
37.488,20.194
35.773,21.693
34.230,21.241
33.501,19.619
33.906,19.545
33.797,18.854
34.891,18.643
34.633,18.605
34.135,17.818
33.511,17.174
34.509,24.794
33.945,25.623
36.557,21.783
35.990,20.292
35.879,21.202
35.807,19.025
34.465,19.298
34.599,18.093
33.928,18.452
36.186,21.191
34.394,23.457
35.676,19.616
34.498,17.763
34.764,20.221
34.377,20.820
33.699,19.265
33.505,18.873
33.790,19.098
33.942,19.253
32.786,18.728
33.106,18.342
32.414,18.574
34.147,18.542
34.018,16.667
30.707,20.376
31.465,18.748
33.852,17.966
34.689,16.653
32.394,17.939
31.681,17.754
31.826,17.759
31.635,16.076
31.520,17.564
31.296,16.996
31.582,17.052
31.928,15.767
31.314,13.505
31.347,15.990
31.174,17.170
31.622,15.553
30.936,14.546
30.105,16.201
28.856,13.782
28.845,12.940
28.593,12.140
29.153,13.356
24.928,14.540
29.769,14.447
30.017,14.269
28.641,14.595
30.804,15.514
31.428,14.448
28.372,14.230
30.218,18.187
29.264,15.434
29.417,13.275
29.136,15.255
29.371,10.745
27.899,12.333
26.940,12.425
28.559,12.370
29.955,14.202
30.958,14.185
31.141,15.258
31.419,17.208
30.309,12.832
30.027,13.634
29.529,13.263
30.053,12.906
28.938,13.915
29.590,14.928
30.673,15.756
28.306,15.294
30.111,13.036
29.141,15.983
28.106,13.206
29.197,13.303
29.651,12.877
28.038,9.865
27.253,12.259
26.700,11.744
26.281,10.922
26.863,10.142
26.888,12.238
27.187,12.073
26.467,11.432
28.036,12.651
29.447,12.683
28.714,12.810
27.982,13.395
27.612,12.152
27.435,12.756
27.415,11.740
28.188,11.214
29.314,12.722
27.197,11.939
29.193,12.880
29.777,11.598
27.873,11.056
27.937,10.635
28.449,12.040
29.010,12.806
30.806,13.700
31.864,14.849
32.746,14.152
32.247,14.743
33.461,17.341
34.125,21.338
32.917,17.714
32.501,16.357
32.635,15.678
33.115,15.244
32.798,15.242
32.792,12.638
32.576,14.608
30.922,12.456
32.381,13.706
31.597,16.322
33.172,16.802
29.855,17.461
29.326,13.739
28.333,10.148
26.763,14.653
27.480,11.004
28.560,12.869
29.266,11.393
28.886,12.837
30.202,13.261
32.755,16.282
32.792,16.539
34.320,16.433
34.453,17.891
33.843,19.427
31.430,20.674
32.876,15.025
32.568,16.217
34.435,12.137
33.921,15.502
31.900,17.135
31.302,16.334
31.760,14.464
34.912,17.109
34.826,18.341
34.151,17.302
33.569,16.306
34.100,16.849
33.834,12.368
33.567,16.323
36.340,18.036
34.612,17.506
32.078,17.142
32.856,16.127
33.737,16.335
36.078,16.751
37.791,18.215
39.136,17.573
38.650,21.911
36.897,20.716
35.117,20.443
36.167,14.439
37.174,19.173
36.970,19.640
37.179,18.903
41.273,19.998
41.086,22.308
40.912,20.588
41.640,21.273
42.379,23.337
41.689,22.045
38.353,20.371
40.055,19.778
40.306,21.020
43.233,21.929
42.735,21.061
44.383,21.624
42.638,21.195
40.240,21.239
41.433,19.408
42.865,17.922
41.714,22.169
41.352,21.892
41.461,18.530
42.116,18.577
41.620,26.837
44.305,27.163
46.544,24.340
45.727,26.554
43.659,24.612
42.558,26.614
41.656,26.438
41.228,21.836
40.992,21.310
41.506,21.329
42.573,23.204
43.889,24.068
43.116,22.863
43.893,25.745
43.171,26.783
43.650,27.566
45.894,24.998
45.293,28.267
45.025,27.485
44.448,25.798
45.091,24.225
42.169,26.461
42.643,26.590
43.329,25.876
44.273,24.502
44.428,24.292
43.400,25.680
42.581,26.282
42.417,24.962
41.838,25.425
41.345,24.802
41.820,25.397
41.865,25.825
42.780,25.639
42.045,26.060
40.117,26.693
38.558,26.181
40.944,24.527
41.256,23.565
41.385,25.998
40.755,23.452
41.480,24.903
41.693,26.991
41.281,25.642
37.346,27.126
39.317,24.149
41.493,26.801
43.179,30.480
43.254,26.763
32.996,28.298
33.729,26.395
33.606,25.241
39.056,27.015
42.359,29.165
43.165,29.032
42.625,28.896
42.468,27.333
42.291,27.707
42.748,28.097
43.285,28.780
40.934,29.282
39.695,29.304
38.743,27.383
39.732,28.454
38.970,27.447
40.387,28.063
40.153,28.013
40.346,26.882
40.272,28.537
40.648,31.025
32.674,27.982
28.236,25.637
31.065,24.385
33.278,25.896
36.064,24.775
33.347,26.657
35.788,27.229
37.368,28.309
33.466,27.492
27.829,25.524
27.164,23.749
30.125,24.523
28.810,25.182
31.139,25.080
32.634,25.674
30.781,25.281
26.180,24.265
30.567,24.508
31.897,24.432
31.405,25.239
32.237,25.041
33.363,25.197
31.884,25.703
28.679,24.732
34.632,24.458
35.123,24.986
34.631,24.506
35.218,24.534
36.074,24.587
33.357,24.994
32.779,25.228
30.946,25.227
33.296,24.481
36.449,24.951
32.372,25.392
33.953,24.897
32.163,24.686
32.929,24.804
32.581,24.655
31.598,25.196
27.513,25.262
28.648,24.713
28.611,24.435
32.268,23.970
31.575,25.529
32.992,24.921
26.454,24.349
28.839,24.281
28.878,23.957
26.493,23.681
26.210,23.986
25.425,23.917
26.823,23.766
28.777,24.043
26.159,24.523
29.185,23.817
33.386,22.967
31.864,23.241
25.788,23.994
30.218,23.757
29.228,23.556
32.018,23.270
33.275,23.014
32.363,25.571
32.816,24.956
35.110,24.888
31.470,24.291
30.904,24.468
29.094,24.783
31.652,24.939
32.365,24.777
30.763,25.507
30.232,25.645
31.200,25.185
27.501,24.491
28.183,24.035
31.675,23.910
29.061,23.690
31.522,23.094
31.008,22.462
32.719,21.962
32.524,21.716
33.211,21.553
33.127,22.400
33.906,22.784
36.017,21.735
34.556,26.140
35.909,23.287
36.842,25.912
34.320,25.638
34.990,24.092
32.080,22.678
29.279,23.416
33.472,23.413
34.545,23.176
33.712,24.423
34.680,22.449
33.192,24.150
35.706,22.442
34.590,24.100
34.862,20.317
34.745,17.404
33.696,17.909
35.106,18.577
34.118,18.059
33.982,15.129
31.459,18.679
33.524,19.643
33.324,20.076
32.603,18.770
35.109,23.998
36.101,19.109
34.313,16.981
35.503,15.705
35.121,17.816
35.412,15.638
36.079,16.566
34.695,14.415
34.892,15.571
34.280,14.319
34.808,15.097
35.394,18.810
34.840,17.291
34.484,19.798
34.452,20.329
35.142,19.606
35.663,18.199
34.829,18.890
34.140,19.584
33.789,19.779
35.157,21.665
34.998,20.370
34.961,19.518
35.731,21.103
37.233,20.915
35.825,17.359
36.044,16.882
35.814,18.518
35.550,21.894
34.228,18.553
34.466,15.731
33.659,16.611
33.595,17.017
33.041,17.282
32.764,15.486
33.564,16.502
33.112,16.483
31.103,14.913
31.315,14.227
31.987,15.847
32.495,12.402
32.695,14.809
33.744,15.339
32.553,15.204
31.704,14.360
31.708,15.068
30.372,12.182
30.912,10.824
30.485,13.157
30.240,15.305
29.336,17.308
29.516,15.369
29.282,17.154
28.959,15.667
28.732,14.471
28.430,15.571
29.019,14.797
28.392,12.722
28.190,12.175
29.549,12.795
28.979,11.548
27.562,15.016
27.861,12.624
26.185,13.578
26.315,13.451
27.183,12.343
27.159,13.189
29.181,12.938
28.370,12.057
30.447,13.036
32.227,15.052
32.102,14.303
33.302,17.731
31.794,14.992
30.626,17.947
30.128,15.265
29.246,14.002
27.663,14.899
27.607,9.926
27.725,10.665
27.879,12.674
26.925,11.805
26.929,11.977
27.333,12.335
28.299,12.250
29.289,13.834
30.904,13.614
31.241,15.626
30.543,11.409
30.595,9.900
28.904,12.508
26.369,12.241
28.445,12.742
28.037,12.251
29.316,13.897
29.667,14.178
31.769,13.879
31.029,12.237
27.837,10.458
26.621,8.273
26.778,8.890
24.916,9.261
25.995,10.166
26.517,8.608
24.036,8.353
25.837,6.892
23.794,5.852
23.971,8.844
26.155,8.141
27.455,11.185
25.111,7.501
24.713,8.744
25.217,7.132
27.979,7.856
25.175,12.903
23.647,4.251
23.538,5.599
23.125,5.460
21.568,4.942
22.893,5.806
23.767,7.489
25.881,7.449
27.323,8.688
27.996,9.545
27.912,9.688
30.038,10.946
32.303,12.626
32.911,13.367
33.545,13.852
34.724,14.418
34.345,14.865
33.530,14.379
33.898,13.316
34.120,12.292
32.798,11.645
32.443,10.252
33.164,14.605
34.231,14.674
34.286,15.580
37.668,14.077
38.728,15.720
36.584,13.426
36.319,11.982
35.675,11.699
36.378,12.737
37.027,12.887
37.459,12.139
37.528,15.210
36.907,16.327
37.959,18.075
37.896,20.778
35.616,22.686
36.427,22.485
34.885,21.182
38.172,19.600
37.336,19.590
39.306,21.033
38.786,18.441
39.367,14.494
38.088,16.599
39.062,13.809
39.334,20.453
40.004,20.356
41.266,21.844
39.777,20.938
37.328,21.595
38.678,17.718
38.941,24.056
39.617,18.893
40.522,17.102
35.697,20.468
37.339,16.524
37.235,15.762
37.341,17.726
35.809,17.093
34.654,17.544
34.638,16.231
38.579,18.558
35.881,22.183
38.615,21.521
41.455,18.930
40.566,25.831
40.907,24.000
41.685,21.954
41.239,22.298
39.948,21.985
40.593,20.690
40.212,21.167
42.445,21.010
43.177,23.578
41.389,18.087
41.287,21.557
41.129,22.767
42.743,27.785
42.933,23.664
43.829,26.232
44.003,25.617
44.638,25.681
42.909,24.605
43.430,22.633
42.011,21.752
41.933,21.857
40.665,23.815
41.664,22.437
42.249,22.294
41.518,21.390
40.533,22.172
39.975,23.253
40.695,24.497
41.503,24.675
39.851,26.086
40.217,23.637
41.410,24.190
41.835,23.409
42.251,24.051
42.272,25.933
41.489,25.050
40.765,24.766
41.433,25.439
40.916,25.343
41.116,25.141
40.901,25.284
40.413,24.845
40.712,25.827
42.094,25.476
42.013,25.314
42.830,23.839
42.316,24.972
42.633,27.205
42.604,26.336
42.634,25.962
41.518,25.328
42.231,26.331
41.636,26.196
42.307,27.825
41.814,27.983
42.233,28.553
40.253,28.687
36.154,27.027
39.840,26.339
40.211,27.377
36.103,27.340
35.884,26.455
38.833,26.464
28.545,24.821
34.550,23.861
32.228,25.500
36.333,24.654
37.918,26.468
34.183,27.625
39.346,26.529
34.539,26.962
32.496,27.450
37.222,26.266
40.227,27.126
39.833,27.313
40.128,28.111
36.436,28.227
37.725,28.073
33.065,26.953
37.302,25.825
35.303,26.846
31.604,26.639
33.301,26.009
35.496,25.187
33.659,25.874
34.721,25.200
36.815,25.469
37.194,26.155
30.211,26.395
32.780,26.308
26.949,25.304
32.321,24.770
28.534,24.492
30.018,23.395
29.766,24.352
30.448,24.809
34.738,24.682
34.869,25.420
35.993,24.531
35.031,25.961
35.363,26.112
35.683,26.968
36.510,26.326
35.050,26.668
35.790,25.798
34.091,25.794
35.836,26.528
32.376,25.595
29.375,24.712
28.956,24.155
36.666,22.762
32.815,25.108
31.385,24.955
30.663,24.639
25.932,24.208
31.393,23.840
32.307,24.162
30.707,24.775
30.672,24.391
27.524,23.572
27.110,24.061
28.390,24.350
31.852,24.648
31.815,24.634
26.468,24.341
28.156,23.625
25.579,23.908
30.180,23.551
29.262,24.133
30.760,23.802
27.259,22.427
30.940,22.679
31.045,22.285
31.444,22.396
31.324,20.571
32.361,21.241
33.682,22.991
32.280,23.478
33.297,24.791
26.579,24.048
32.941,22.526
32.305,22.907
33.382,21.741
33.079,21.351
34.003,21.226
36.723,23.426
36.171,24.228
35.084,24.179
34.739,24.421
31.298,23.238
33.487,22.854
37.031,20.984
34.778,21.572
35.363,23.455
33.022,25.114
31.426,24.876
34.175,24.587
30.843,24.616
31.369,22.884
31.988,22.732
30.936,23.870
29.936,24.611
34.005,23.684
35.138,21.900
33.456,23.287
32.056,22.225
32.696,21.815
33.886,22.985
33.664,21.386
33.047,20.651
32.871,20.520
32.680,20.802
32.986,18.513
33.260,18.307
34.178,20.616
35.321,21.899
37.379,23.483
36.774,26.198
37.840,23.955
35.584,20.070
33.926,21.775
33.912,20.280
34.515,20.213
36.267,25.478
37.763,25.034
37.474,21.344
38.307,18.794
37.737,22.044
36.279,19.036
35.923,22.395
37.300,23.242
36.985,23.034
35.332,20.434
35.784,18.301
36.003,16.229
37.004,19.193
35.341,19.126
36.892,17.653
35.064,15.968
36.024,18.752
35.999,16.150
35.198,15.381
34.603,15.872
34.286,16.109
34.655,19.110
35.001,18.407
35.390,18.015
35.166,14.986
34.822,17.053
34.490,15.376
34.749,18.091
34.566,15.647
35.598,16.328
34.580,16.460
34.658,16.335
33.241,17.250
32.172,14.761
32.538,15.634
32.751,16.607
32.753,17.481
32.711,18.594
32.351,17.329
25.036,22.050
27.253,19.612
31.806,17.455
30.261,16.715
30.029,15.056
30.508,14.520
30.473,14.118
30.777,13.039
31.045,13.898
31.698,15.534
30.392,16.111
31.049,16.453
31.045,19.369
24.411,18.335
30.810,18.607
32.354,18.823
32.954,17.959
33.757,18.871
33.312,19.318
32.833,20.467
32.248,17.793
32.109,16.584
32.170,17.854
31.946,16.980
30.577,15.968
30.943,16.829
31.306,16.562
31.834,16.395
32.132,16.612
32.025,16.406
32.061,18.941
29.148,20.031
30.682,17.625
30.551,16.078
29.768,16.126
29.531,14.373
29.262,11.897
30.091,10.883
30.060,9.255
28.654,8.306
27.842,7.516
29.025,10.917
29.300,11.676
29.459,14.112
28.170,12.704
28.221,11.873
29.586,11.910
28.822,11.178
23.530,13.563
26.371,11.624
26.714,12.048
25.847,12.887
23.857,14.047
27.287,14.135
28.247,13.912
28.135,16.105
29.219,16.106
29.934,16.953
29.171,16.796
32.011,17.246
30.541,17.411
30.706,13.460
29.961,15.564
30.652,16.583
29.191,16.559
32.907,14.961
32.712,15.677
32.653,16.517
31.724,12.508
29.473,10.987
29.558,9.485
31.378,12.393
31.495,11.998
31.533,10.620
30.700,12.792
32.321,10.818
32.447,12.403
31.554,9.150
31.695,11.889
30.282,10.709
30.093,11.243
30.522,14.544
32.254,13.856
32.813,12.390
28.993,12.912
28.551,10.907
29.476,11.648
30.762,9.573
31.356,12.024
30.521,15.781
31.389,14.931
34.132,14.377
34.203,16.570
33.811,16.738
35.439,17.029
36.804,18.558
36.412,18.492
35.623,14.844
35.296,16.088
36.457,16.667
37.184,14.629
37.048,14.645
36.685,14.969
38.988,16.855
39.993,19.041
39.346,19.400
37.624,16.577
37.295,16.893
36.226,13.400
34.515,13.399
35.180,12.889
36.599,17.142
36.606,16.449
39.839,18.427
40.551,19.229
38.031,18.685
37.929,17.059
37.525,16.404
37.136,15.860
38.296,20.253
37.166,18.507
38.664,17.767
37.678,17.561
36.799,16.057
36.433,16.237
37.255,18.013
39.656,21.051
38.380,17.798
39.561,19.756
36.302,16.124
37.238,18.191
38.604,21.286
39.052,20.973
40.278,21.038
40.993,22.320
40.982,19.377
41.683,24.170
41.127,21.094
38.594,22.967
38.365,22.276
37.484,20.829
35.055,18.193
39.603,19.759
38.716,21.426
41.837,21.253
43.815,20.476
42.474,21.640
41.931,23.276
38.980,22.734
40.669,24.036
43.011,22.584
44.404,21.456
46.018,19.887
42.602,23.531
40.474,21.169
40.927,18.588
41.094,16.646
40.738,23.413
42.204,23.234
44.105,23.473
44.238,21.267
44.763,24.258
45.707,26.338
45.097,25.477
43.413,24.168
43.837,23.316
43.372,22.453
41.792,22.072
40.609,20.992
41.299,23.638
42.160,26.981
42.760,23.719
42.873,24.158
42.813,23.527
42.232,24.049
43.853,25.641
44.228,26.128
45.110,26.622
44.551,26.365
44.684,26.412
45.911,26.747
44.832,26.909
44.283,26.519
44.175,25.881
45.084,26.395
45.924,29.273
43.490,27.177
43.468,25.678
43.370,24.752
43.409,24.948
43.711,26.188
44.432,27.542
43.736,27.393
43.000,27.106
43.471,28.217
41.546,27.903
41.176,27.197
41.776,27.227
41.533,27.382
40.754,26.539
42.128,26.255
41.529,25.658
41.694,25.646
42.085,26.747
42.843,27.396
42.726,26.647
42.200,26.722
41.603,26.991
42.445,27.632
41.469,26.929
42.320,27.858
39.868,28.483
40.059,29.453
41.501,27.731
42.153,30.123
42.413,27.874
35.268,28.223
40.867,26.159
33.563,27.869
39.146,26.433
38.755,27.479
40.004,27.416
33.390,25.634
38.206,25.499
38.010,27.006
37.334,27.415
30.804,26.960
37.548,26.080
38.370,26.479
40.366,26.278
41.968,29.076
43.270,28.049
43.617,29.067
33.416,25.331
28.089,25.314
32.849,25.033
34.420,25.345
31.903,25.516
30.192,25.215
34.219,25.282
34.578,26.730
32.411,25.942
27.223,24.928
28.125,24.293
32.561,24.486
27.915,25.099
31.945,25.126
30.705,24.844
25.518,24.303
26.444,23.879
26.443,24.427
27.333,24.817
26.674,24.310
26.765,24.841
31.147,24.781
28.410,24.276
28.073,24.227
27.776,24.779
33.833,23.982
33.737,23.937
31.899,24.220
32.555,24.304
28.779,24.059
33.100,24.560
33.105,24.843
33.393,24.352
33.666,24.114
31.616,24.210
31.343,23.493
31.061,23.702
30.098,23.563
30.415,23.935
33.578,23.007
34.489,24.656
34.824,24.539
35.066,24.812
35.391,24.248
35.706,25.566
35.775,24.366
37.573,24.213
35.696,24.473
28.748,24.960
32.802,24.219
31.206,23.372
28.387,24.193
25.432,24.244
29.423,23.732
30.698,23.094
30.452,25.152
32.485,24.093
33.523,24.591
32.489,24.777
32.617,23.549
35.038,23.650
36.383,23.973
36.055,24.542
31.883,23.026
33.772,22.874
34.344,22.082
35.476,22.494
34.407,23.032
33.574,21.366
33.315,19.836
35.075,19.135
36.221,21.462
36.507,23.144
36.946,21.649
37.226,21.648
37.023,21.486
38.075,23.014
36.542,22.854
36.227,22.581
35.292,22.335
36.641,23.153
39.240,24.168
39.642,24.270
39.282,26.793
40.206,22.447
38.831,25.030
37.853,25.769
35.617,24.088
35.330,23.634
35.026,21.225
35.286,21.211
33.580,19.366
33.544,19.561
33.862,17.852
34.051,17.353
33.002,22.005
34.377,20.085
35.076,21.052
34.026,17.736
34.908,17.214
35.233,20.326
34.808,18.648
34.471,16.292
34.273,15.645
34.549,16.175
35.028,17.197
35.998,17.243
35.190,15.644
34.311,14.174
34.852,13.914
34.252,15.121
34.522,14.277
35.045,18.121
35.750,15.746
35.745,17.102
36.022,16.018
37.147,15.175
34.413,16.419
34.338,15.252
33.466,16.932
34.799,18.685
33.650,17.864
33.834,18.856
34.815,17.388
33.418,20.597
27.728,21.873
25.366,18.877
30.785,17.366
31.952,18.001
32.629,17.824
31.586,16.729
31.820,17.070
30.149,15.972
30.014,15.454
30.528,15.082
30.087,13.953
28.890,13.241
29.611,13.527
29.710,13.371
31.409,12.345
30.694,14.986
30.435,14.510
30.417,13.860
30.800,13.639
29.428,13.489
28.646,12.083
28.873,14.341
28.940,14.608
29.920,14.526
30.143,12.322
29.887,13.645
29.414,13.388
29.727,14.429
30.453,10.471
29.780,10.708
30.669,13.243
31.746,14.621
30.354,13.443
30.396,15.859
30.844,13.349
30.567,15.595
29.126,14.754
28.882,15.076
28.769,15.222
28.851,15.971
27.032,14.363
28.890,14.064
28.155,15.873
29.241,14.739
28.155,11.271
27.383,9.554
27.685,10.641
28.574,12.439
22.244,14.831
27.301,10.589
27.327,12.055
27.883,11.460
28.849,13.410
27.198,16.829
27.250,13.787
27.422,10.219
26.663,10.464
27.128,10.747
28.566,10.961
27.747,10.715
28.650,10.878
29.682,13.337
30.248,15.386
25.966,9.921
25.738,10.447
26.659,9.435
27.915,11.369
28.223,11.853
29.616,11.362
29.422,12.133
29.243,11.460
29.700,12.273
29.581,11.641
29.268,10.098
29.602,6.711
30.148,11.861
30.175,13.267
30.376,9.996
29.842,13.198
29.711,11.106
29.880,13.211
30.485,10.541
29.212,10.026
30.049,12.866
29.956,12.861
30.541,15.914
30.941,15.278
33.096,15.610
33.602,13.974
33.274,15.456
29.428,15.798
29.813,12.291
29.028,13.480
30.950,13.920
31.646,13.855
30.399,13.210
30.424,12.970
31.167,9.858
31.320,13.365
31.214,12.576
32.527,13.140
34.217,13.666
34.926,14.641
35.062,17.912
31.330,14.783
31.240,11.689
32.261,9.123
34.952,16.347
36.432,15.376
37.104,17.208
36.271,15.941
37.001,17.508
35.016,20.914
33.370,16.418
33.043,16.643
33.387,22.599
32.848,16.032
36.599,17.576
36.974,18.896
37.973,19.609
40.458,19.578
38.858,19.500
38.790,16.072
39.092,15.374
39.133,16.834
39.343,17.820
40.526,19.042
43.991,23.229
44.241,24.166
44.149,22.974
42.279,18.771
40.617,20.624
38.867,16.516
38.216,16.382
38.863,15.696
39.333,17.547
39.749,16.678
40.473,15.692
40.493,22.111
39.220,18.020
38.429,19.692
38.188,16.806
38.360,17.913
38.192,16.367
39.762,15.427
41.950,18.809
44.422,22.777
45.864,22.652
44.080,25.878
40.547,29.141
40.515,22.626
40.411,18.392
41.777,20.396
43.829,19.337
44.655,16.248
45.447,24.481
45.284,24.919
44.155,22.908
41.960,21.574
41.540,22.191
40.679,23.170
40.207,22.008
40.210,22.203
42.007,23.188
41.601,23.439
42.231,21.849
41.961,22.747
43.230,23.695
43.221,24.456
42.825,24.279
41.966,24.693
42.189,23.085
43.663,22.509
43.256,24.347
43.273,25.056
42.607,25.406
42.263,23.803
41.824,25.940
42.229,26.669
42.799,27.716
41.591,25.936
43.330,24.206
44.434,25.212
44.790,23.714
43.827,24.914
44.049,23.660
44.169,24.241
43.636,24.814
44.585,26.230
45.105,28.159
48.867,28.002
47.158,24.700
46.732,26.845
46.016,27.504
45.492,27.583
44.192,26.780
43.133,26.658
42.678,26.879
42.621,26.380
41.785,26.358
41.690,25.303
41.432,25.377
42.269,24.911
39.435,28.074
35.680,26.344
40.458,27.276
39.691,27.335
39.589,26.621
32.844,26.759
37.076,24.593
38.351,26.011
41.128,27.829
45.197,29.341
46.986,30.240
47.446,31.391
44.164,30.657
37.964,28.414
37.877,26.859
39.449,27.136
43.037,27.922
46.558,30.583
43.696,29.381
43.739,29.737
42.180,29.054
42.348,29.229
38.662,28.733
41.156,27.448
41.498,28.755
41.380,30.486
41.781,29.786
41.165,29.790
41.850,28.646
41.650,28.596
44.059,28.458
38.368,28.811
34.015,25.520
28.622,25.390
30.788,24.740
33.518,24.904
33.795,24.963
35.749,25.375
33.932,26.243
34.099,26.319
30.857,25.716
33.365,25.380
34.164,24.944
35.653,25.435
37.518,26.613
38.334,25.992
36.088,26.288
34.761,26.588
36.892,25.893
36.448,26.437
34.878,25.694
29.897,25.392
26.300,24.824
25.920,24.796
30.396,23.735
26.594,24.467
31.202,24.107
32.945,24.133
34.060,24.363
33.538,24.884
26.245,24.354
28.792,24.314
30.877,24.283
28.735,24.643
28.566,24.396
29.936,24.790
31.918,24.055
28.405,24.787
28.972,23.878
29.876,24.235
30.687,24.393
31.775,24.939
31.718,24.851
30.624,24.071
31.770,24.237
31.815,23.853
32.472,24.359
32.228,24.428
29.192,24.521
31.874,24.043
31.956,23.602
30.729,23.641
32.112,23.617
30.764,23.646
32.293,23.786
34.922,23.440
33.550,24.596
36.174,24.926
32.531,25.345
33.868,25.969
29.687,24.577
28.282,24.510
30.620,24.024
31.771,23.591
30.620,24.475
29.750,24.064
29.879,24.757
30.874,24.539
33.305,24.188
30.191,24.762
27.797,24.179
27.491,22.661
27.493,23.354
27.365,23.646
29.019,23.970
29.656,23.825
32.318,22.660
33.946,21.928
32.731,23.691
32.811,22.320
32.884,21.115
32.688,20.844
32.225,20.394
31.746,21.168
32.493,21.298
31.942,19.614
32.626,20.214
33.770,21.569
34.779,20.530
34.322,23.518
35.798,24.943
34.123,21.501
34.903,20.274
35.252,21.803
35.618,21.132
37.197,21.595
36.925,22.129
35.397,21.492
36.503,20.266
35.337,19.017
33.067,18.951
32.236,19.755
30.446,19.574
33.330,20.180
35.519,21.820
36.240,23.209
36.923,20.178
36.098,22.410
33.997,24.140
34.015,24.303
35.375,23.367
35.182,20.336
34.974,20.409
34.029,20.278
33.791,17.878
33.978,19.258
34.719,19.836
36.272,21.825
35.095,19.035
34.463,18.194
33.766,20.529
33.355,20.833
32.959,19.201
32.144,18.434
32.112,18.168
31.988,17.752
32.627,18.343
33.289,17.092
32.581,18.421
31.253,18.858
33.528,23.140
33.931,24.047
31.920,23.076
31.867,22.557
31.637,22.045
32.003,22.024
33.105,22.099
30.884,21.382
28.829,20.757
30.932,20.213
31.234,21.112
29.426,18.104
27.295,18.111
22.063,18.801
19.649,16.840
21.118,16.918
27.284,19.530
28.003,17.119
27.864,17.586
28.385,17.418
29.146,17.675
29.068,17.088
28.294,16.348
28.939,17.195
26.899,14.279
27.664,14.627
27.869,15.935
27.577,15.499
26.446,13.769
26.148,12.424
26.582,13.267
25.213,13.028
25.166,11.518
24.161,10.153
24.514,7.773
25.387,11.589
25.723,11.081
26.899,11.031
26.841,10.977
26.760,10.760
26.374,11.952
25.826,11.427
27.188,8.960
27.067,9.849
25.488,8.265
26.549,10.915
26.567,12.034
27.280,11.665
28.129,14.711
20.858,16.313
25.616,16.617
26.363,16.070
23.610,8.992
23.891,10.136
23.959,9.529
23.252,8.919
25.350,10.949
26.169,10.545
25.906,9.367
25.424,9.779
26.231,8.593
25.797,10.806
24.694,8.909
25.974,10.239
27.095,9.753
27.860,9.056
26.433,11.222
26.004,8.571
24.106,9.416
25.392,7.173
27.076,9.045
27.043,12.070
28.056,11.388
27.878,11.251
29.280,11.756
28.483,13.182
29.509,15.135
27.680,13.529
27.111,10.479
26.914,12.321
28.158,13.806
28.001,12.481
28.741,12.880
28.274,14.367
29.871,14.379
30.726,14.835
31.997,14.935
31.955,13.927
32.377,12.136
31.860,12.165
29.774,12.404
30.063,13.811
29.838,14.554
30.427,13.861
32.183,15.379
33.531,13.760
32.377,14.832
30.566,15.116
28.369,13.969
27.247,12.793
27.787,13.953
27.517,14.014
28.514,13.643
28.843,14.267
29.297,14.030
30.315,14.369
32.397,13.097
31.331,12.962
30.195,14.658
30.738,13.144
31.622,16.269
32.150,16.100
33.877,16.664
33.878,17.580
34.021,17.324
34.046,13.982
33.917,15.560
35.597,17.811
36.532,18.818
35.834,16.374
33.132,18.437
33.180,16.961
33.543,17.076
35.352,16.870
37.897,15.681
37.860,15.595
39.472,21.470
40.530,20.627
40.526,18.450
38.971,20.605
37.183,16.463
36.187,15.733
36.876,14.380
35.988,15.427
35.963,14.472
37.870,14.089
39.353,18.008
40.419,19.740
39.453,20.415
38.251,20.838
37.153,15.365
37.931,18.697
36.159,17.505
37.822,16.277
37.205,16.851
37.558,17.645
37.916,19.714
39.764,17.630
39.344,20.308
39.659,21.761
39.018,16.946
39.497,18.129
40.444,20.209
39.915,19.376
40.760,20.733
39.190,22.599
39.396,22.831
42.049,22.699
41.351,24.133
40.072,23.617
39.235,23.594
40.235,19.632
41.146,20.485
41.924,24.107
41.946,23.985
43.602,21.222
42.478,20.581
43.184,23.238
42.934,23.069
45.969,25.749
43.337,26.026
42.356,24.815
42.415,24.241
40.900,24.817
39.868,24.912
40.173,22.553
38.651,22.143
39.714,23.600
39.822,22.103
41.111,22.105
41.902,23.123
41.511,23.686
41.113,23.196
42.137,23.140
41.253,22.818
41.299,23.479
42.202,23.198
42.200,23.483
42.731,25.163
43.227,26.830
43.461,26.233
42.089,25.349
41.834,24.914
40.995,26.065
40.868,27.024
40.924,27.383
41.845,26.956
40.927,25.692
41.142,26.706
42.048,26.470
41.894,26.408
41.349,26.063
41.229,25.791
40.491,26.071
40.543,26.540
40.863,27.153
44.787,27.016
42.526,27.787
47.077,28.197
49.306,28.835
45.341,28.948
43.573,28.621
40.989,27.935
41.998,29.009
42.286,27.437
42.386,26.323
41.146,27.431
40.535,26.940
38.666,26.807
38.493,26.921
39.665,27.105
37.093,26.839
39.324,26.915
39.292,27.815
38.984,27.668
39.047,27.865
36.107,27.793
32.251,27.745
39.124,26.780
39.120,27.222
34.359,25.710
26.541,24.622
31.785,25.021
31.406,24.495
32.670,24.485
33.166,24.535
32.017,24.312
32.443,24.501
33.821,24.950
26.173,23.995
32.889,23.159
30.788,24.060
26.995,23.993
24.989,23.906
30.224,23.882
32.157,23.835
31.840,25.072
28.044,24.807
26.728,24.217
28.713,24.538
32.079,25.211
30.074,25.492
30.159,25.162
31.435,24.248
30.150,24.106
30.850,24.400
25.472,24.150
27.802,23.921
28.255,23.897
31.457,24.086
31.992,24.818
31.543,24.838
27.987,24.734
30.437,24.078
29.533,24.579
28.557,24.073
32.138,24.184
25.675,24.554
29.652,24.217
31.089,24.592
31.193,24.536
28.593,24.295
25.251,24.107
25.322,24.430
25.720,23.373
25.886,23.826
25.030,23.383
26.876,23.181
27.427,24.120
27.383,24.057
25.279,23.608
28.805,23.284
29.838,23.315
30.446,24.027
30.634,24.067
29.869,23.983
31.167,24.135
31.024,25.099
30.056,24.298
30.238,24.206
30.089,23.378
29.824,23.273
30.606,23.997
30.818,24.083
29.385,24.483
30.118,24.267
27.766,24.296
30.543,23.597
30.415,23.580
26.245,24.279
25.335,23.178
26.447,23.632
24.897,22.617
27.891,21.205
26.485,23.386
29.627,23.494
27.359,24.003
27.992,23.914
29.147,23.399
31.037,22.324
30.757,22.142
30.610,23.222
27.521,23.405
26.380,22.162
29.794,22.377
30.031,21.725
30.391,20.666
29.403,20.363
31.380,20.925
30.650,20.268
28.638,19.837
29.026,20.014
30.570,19.275
30.943,19.291
31.473,19.751
32.261,19.144
32.019,20.695
31.371,19.341
30.781,18.672
30.941,17.813
32.381,16.934
33.500,21.323
34.239,20.978
35.469,22.527
35.813,22.302
34.417,21.796
34.917,23.937
35.341,23.213
33.900,21.242
36.291,20.421
36.770,22.050
36.387,22.903
36.207,20.033
37.020,21.237
35.002,20.277
33.598,17.273
35.203,18.118
34.303,19.794
34.946,18.053
34.940,18.793
33.803,19.347
33.588,20.131
33.382,20.236
33.080,19.116
32.855,18.752
33.183,18.258
32.700,17.651
33.239,18.731
32.693,19.688
33.357,20.477
32.871,21.384
35.138,21.395
34.610,20.507
33.884,20.423
33.383,20.153
33.540,19.453
33.547,18.027
34.258,18.118
34.710,19.830
33.944,19.882
32.559,18.425
33.623,15.937
32.577,16.141
33.622,17.778
33.265,16.357
33.473,16.266
33.735,17.022
33.595,18.538
32.299,16.904
31.207,16.988
29.924,16.742
29.958,17.607
30.208,17.514
30.286,17.657
31.442,20.361
31.851,20.780
32.984,18.981
33.111,17.024
32.531,17.537
32.431,17.509
33.005,19.209
32.217,18.271
31.757,14.490
31.252,13.625
31.761,15.827
30.048,15.764
29.633,15.863
27.509,11.693
27.835,12.585
28.097,12.693
28.344,13.242
29.331,13.258
28.258,13.549
28.345,13.516
28.701,12.838
28.311,12.872
27.674,9.953
27.795,12.403
27.865,14.011
27.889,14.294
28.456,12.860
27.288,9.396
27.577,11.078
27.548,11.799
27.495,12.934
26.523,12.264
25.887,11.796
27.381,13.584
26.306,12.025
25.226,10.934
25.787,11.135
26.848,10.500
27.622,11.621
26.900,10.190
26.045,9.945
25.751,10.219
24.508,10.212
23.424,9.755
24.341,9.443
25.029,10.291
25.591,9.068
25.899,8.380
28.269,8.377
26.559,9.807
26.029,8.419
24.872,8.264
23.800,8.512
22.808,8.500
24.907,9.611
26.135,10.925
27.255,10.807
27.955,11.240
27.406,11.897
27.052,12.573
26.612,12.988
25.984,11.911
25.111,11.961
26.207,12.490
26.845,11.600
27.532,10.919
28.548,11.581
29.918,13.387
28.541,12.137
27.669,15.209
28.644,12.714
27.438,11.556
23.674,3.919
24.523,6.432
27.255,9.227
29.296,11.450
30.493,10.488
29.722,11.837
28.971,12.393
29.589,13.024
26.906,11.405
28.439,13.490
30.655,14.930
33.322,14.932
34.630,11.362
33.789,12.583
32.769,12.230
32.387,10.305
31.861,11.416
32.767,13.013
32.921,16.412
34.785,15.515
33.356,12.167
32.334,10.490
31.175,10.946
32.211,11.592
34.250,11.527
35.337,14.239
35.045,15.004
31.815,13.502
32.392,9.646
31.409,9.369
29.142,7.806
31.650,12.951
32.902,12.928
33.204,13.189
32.195,12.940
35.773,15.624
37.097,17.655
38.628,16.019
37.783,15.879
38.428,16.734
40.042,16.005
38.433,16.932
38.692,17.170
39.173,17.114
40.703,18.726
41.457,16.072
39.568,15.435
39.823,15.073
40.077,18.662
40.141,19.720
42.461,22.320
39.975,19.605
42.122,18.682
42.119,22.033
42.407,23.853
41.950,22.368
41.622,20.102
41.084,20.399
40.831,20.030
41.218,18.564
41.844,21.020
41.178,19.627
40.803,21.746
39.705,19.378
39.396,19.841
38.723,18.635
38.225,18.842
39.084,20.781
40.138,20.716
40.599,22.553
38.825,21.411
39.993,22.523
28.847,21.329
37.043,17.837
37.654,21.515
38.246,18.782
37.578,21.149
38.879,21.049
39.554,22.533
39.832,22.286
40.320,23.024
40.101,22.381
40.327,21.802
40.298,17.447
41.256,18.400
42.171,19.259
41.159,22.333
40.831,23.055
41.087,23.543
41.507,24.826
37.302,23.499
41.223,25.705
42.534,26.742
41.096,25.566
39.537,24.796
39.913,25.113
40.096,24.430
41.831,24.156
41.150,24.386
41.059,23.714
41.516,24.482
42.118,24.494
42.504,25.727
42.660,25.533
43.264,26.429
43.341,25.651
43.165,25.859
42.267,25.618
41.153,24.196
42.011,24.777
42.512,25.032
43.224,25.356
42.625,25.908
43.190,25.755
41.631,25.778
41.253,26.465
40.386,26.702
40.683,26.344
41.004,25.995
40.948,25.395
39.569,25.823
38.970,26.216
38.638,26.468
39.348,26.534
38.526,26.453
43.444,25.649
41.904,26.807
40.750,27.493
37.131,27.457
39.072,26.909
40.275,27.581
40.956,27.643
41.163,28.074
40.265,27.387
39.534,26.957
38.556,27.334
38.803,27.467
39.316,27.357
39.690,26.535
38.701,27.011
37.232,26.760
39.899,26.730
40.911,27.460
41.030,27.307
38.246,28.272
40.265,26.906
41.125,26.171
37.726,26.021
27.706,25.087
33.307,25.093
34.318,24.896
33.725,24.904
32.452,25.527
27.212,25.046
30.157,24.171
30.793,24.785
27.619,25.030
27.479,25.041
30.367,24.410
31.904,24.422
31.264,25.121
31.024,25.033
28.066,25.487
28.910,24.957
34.087,26.040
33.809,25.189
28.846,24.901
28.560,24.138
32.164,24.124
30.918,24.581
32.710,24.434
30.526,24.555
30.050,24.051
27.949,23.889
28.872,23.277
28.185,23.312
26.141,23.429
27.225,21.697
32.218,23.422
30.985,24.044
31.074,23.855
31.854,24.319
27.744,24.221
29.541,24.255
31.993,23.980
29.513,24.415
30.113,23.978
26.938,23.254
27.031,22.917
25.633,22.551
25.024,22.410
25.242,22.913
28.133,22.416
32.571,23.328
30.925,23.873
25.648,24.507
28.961,23.781
27.629,23.352
26.307,23.428
24.402,23.633
27.984,23.574
32.221,22.917
30.880,24.065
32.164,23.260
32.734,23.263
31.784,24.870
29.819,24.694
30.500,24.898
32.484,24.249
31.693,24.619
30.970,23.644
29.407,23.237
24.829,23.834
25.171,23.161
27.966,23.091
28.515,23.541
30.697,22.583
25.843,22.894
28.497,22.735
25.432,23.472
30.241,23.237
30.243,22.934
29.197,22.596
28.662,21.880
30.804,21.490
31.296,20.647
30.578,22.062
30.461,23.463
30.414,23.050
30.347,22.807
30.107,21.783
30.983,17.880
32.650,20.712
33.489,20.729
33.818,22.066
34.336,21.596
34.825,22.302
35.005,23.121
35.154,21.239
35.298,20.821
34.569,19.804
34.136,20.679
34.442,22.962
34.705,21.957
35.243,21.614
34.744,21.000
33.270,19.051
33.607,17.743
33.627,17.288
34.115,17.187
34.432,18.769
34.153,18.896
34.474,19.541
34.552,18.665
34.693,19.732
34.384,18.252
33.837,20.544
33.493,20.927
34.109,20.586
33.519,19.927
33.907,19.107
32.692,18.159
32.178,17.985
32.372,19.006
32.503,17.700
32.377,18.640
31.843,19.372
31.552,19.527
31.614,19.741
31.053,17.014
30.797,16.886
30.760,16.717
30.966,16.847
31.499,16.979
31.362,13.400
31.889,14.739
31.422,14.875
32.298,16.614
31.663,17.450
32.975,20.923
31.333,18.728
30.814,18.439
30.840,16.874
30.398,16.141
31.493,14.121
30.288,16.448
29.705,16.813
29.241,16.275
29.473,15.545
30.401,14.849
30.823,15.617
30.869,15.793
30.539,15.868
30.158,15.527
30.747,14.856
30.100,11.552
29.073,16.089
28.044,14.931
29.514,15.660
30.434,17.182
30.783,17.447
31.079,17.380
32.191,18.273
33.244,18.388
32.435,16.766
30.888,12.660
29.526,12.736
28.537,12.085
28.037,13.247
27.903,11.180
27.930,11.785
28.470,14.488
29.621,16.521
29.029,16.368
30.127,15.509
28.688,15.261
27.318,12.438
27.990,13.023
29.128,14.585
28.717,14.632
28.489,14.603
27.705,12.371
26.925,12.139
27.636,11.797
27.309,9.310
26.441,12.465
27.552,13.344
27.835,13.337
27.709,11.446
25.728,9.858
25.093,9.625
26.429,9.883
25.331,9.336
24.203,9.816
24.212,9.223
24.880,9.040
26.369,11.091
27.684,11.799
29.151,11.509
30.371,9.263
30.144,13.209
28.529,12.864
30.092,10.303
28.982,13.151
29.513,12.020
23.363,9.261
23.528,8.186
24.419,9.186
24.641,9.259
25.537,11.154
27.102,11.362
26.962,12.633
26.510,12.526
27.123,11.537
28.117,11.937
28.257,12.903
28.544,13.515
29.453,14.633
30.206,17.179
31.186,16.402
33.049,17.295
31.604,17.095
30.303,13.515
26.965,14.171
27.500,9.456
26.521,11.793
27.014,10.982
28.458,11.594
32.050,14.860
32.901,16.413
33.365,17.740
32.642,17.184
33.305,17.866
30.761,15.714
24.055,12.420
26.989,9.054
28.860,11.878
31.072,15.004
30.004,15.031
32.535,16.116
33.795,14.082
31.291,17.084
29.596,13.217
31.136,15.153
34.192,15.677
31.089,13.078
32.177,11.191
32.962,15.698
35.438,14.890
36.705,16.367
35.291,16.734
37.618,16.455
37.479,18.486
38.268,18.590
38.571,19.533
36.609,13.893
35.492,16.921
35.757,13.796
36.524,14.384
35.598,13.488
34.044,13.513
35.236,18.017
36.590,20.537
34.621,19.167
36.270,17.986
37.368,19.422
37.052,16.399
36.549,15.139
35.712,15.817
36.855,17.742
34.905,19.402
36.330,17.756
37.741,19.238
34.866,20.737
34.140,19.439
33.539,17.083
36.967,18.256
37.002,20.773
37.744,18.292
37.827,16.821
35.640,16.021
38.404,16.396
37.820,17.328
40.613,19.326
40.004,19.152
38.614,15.850
38.411,18.560
37.495,20.375
36.511,19.859
38.177,17.367
40.522,19.550
40.582,19.948
40.640,19.560
38.910,20.108
39.095,19.608
38.821,19.885
38.199,18.505
36.192,21.696
37.399,20.443
37.620,19.696
36.567,24.099
40.780,25.184
40.650,24.520
41.390,24.858
44.633,23.304
44.873,24.085
42.078,23.263
42.808,24.920
42.641,24.684
42.074,22.492
40.829,22.408
41.187,24.378
41.117,23.296
41.584,23.589
42.642,23.125
41.714,23.692
40.783,22.801
40.051,23.185
39.503,23.274
40.531,23.555
42.905,23.078
42.900,25.630
43.792,24.564
43.813,24.064
43.868,25.963
44.401,24.706
43.789,24.543
43.868,26.498
43.134,26.517
42.086,25.970
42.680,25.129
41.595,24.628
40.545,25.703
40.462,26.031
41.562,26.462
41.137,27.535
40.864,26.213
41.923,26.162
42.222,26.375
42.729,28.223
42.265,28.700
43.177,28.457
40.260,29.504
41.892,28.587
42.474,28.841
40.593,26.648
38.097,26.560
33.398,26.841
33.478,26.037
36.648,25.303
34.249,26.139
35.813,25.410
37.635,26.147
41.080,26.542
39.682,26.819
32.673,26.092
25.952,24.619
33.456,24.064
35.129,25.199
35.646,25.265
35.529,25.577
36.064,25.715
37.059,25.789
37.526,26.729
32.885,26.785
34.224,25.766
35.730,25.599
34.632,25.710
36.098,26.017
34.886,26.317
36.527,26.461
34.103,26.910
33.895,25.808
30.711,24.649
32.057,25.117
29.359,24.922
30.413,25.166
28.741,24.833
29.094,24.156
27.841,24.386
31.793,25.253
27.417,23.808
27.837,23.555
24.500,23.819
30.195,23.226
28.182,24.980
26.425,24.772
28.948,24.416
31.068,24.509
30.858,24.618
26.598,24.437
31.944,23.819
33.154,24.834
28.850,25.335
29.201,24.516
29.288,24.793
26.373,24.197
25.366,23.707
28.737,22.817
30.051,22.974
28.108,24.496
31.934,24.256
26.752,23.002
28.364,23.617
29.571,22.937
29.645,23.856
25.481,24.337
25.604,23.726
26.266,23.704
25.237,23.725
27.927,23.311
28.200,24.041
27.210,24.466
26.988,23.783
27.272,23.513
29.753,23.588
29.427,23.656
30.280,23.977
30.780,22.987
31.516,23.158
24.383,23.040
27.444,22.859
29.903,23.136
25.990,24.075
26.566,23.421
27.896,22.587
29.916,22.565
29.867,22.874
30.185,23.009
31.765,23.409
30.555,23.087
30.757,23.047
30.360,22.651
30.639,23.183
31.154,21.928
30.822,21.551
30.594,22.039
29.887,21.244
31.160,20.577
32.954,21.457
35.787,22.621
36.541,23.878
34.665,23.937
35.067,24.326
35.925,23.464
37.943,24.466
35.438,23.425
37.127,23.475
36.880,22.857
38.897,22.627
38.560,21.645
25.654,22.583
29.625,22.318
30.006,23.917
29.942,23.314
25.764,22.332
23.536,21.885
29.149,21.496
26.549,22.852
25.741,22.247
28.167,22.135
29.555,22.161
30.505,22.712
28.367,22.320
32.465,21.372
32.034,20.125
31.268,22.617
30.088,22.750
29.496,22.264
29.395,22.019
30.856,22.398
31.485,21.646
31.680,20.678
32.312,20.795
32.344,20.419
32.066,21.207
32.411,20.719
33.291,20.371
33.976,20.878
34.835,20.494
33.859,19.911
33.636,19.319
32.038,18.410
32.832,17.963
30.697,19.419
30.971,19.993
31.274,20.714
32.099,19.151
31.284,18.105
30.655,16.935
30.404,15.310
29.755,15.260
30.509,16.704
31.510,18.030
31.858,19.029
31.276,18.589
30.001,18.312
30.474,17.624
30.021,17.418
29.503,18.183
29.910,16.895
29.292,17.532
27.766,15.782
28.964,15.428
29.192,16.118
28.764,16.069
27.474,16.225
27.875,14.192
27.482,13.886
28.292,14.787
29.043,14.082
30.103,12.101
29.577,13.178
29.177,14.659
28.783,16.181
30.003,14.968
30.438,14.286
30.676,14.337
30.171,15.583
29.917,17.116
29.504,17.221
29.537,15.613
30.574,14.691
29.888,14.840
29.626,15.009
29.672,16.279
29.538,15.580
28.549,13.696
29.058,11.877
29.089,12.635
27.442,13.782
27.578,12.822
28.483,12.172
27.808,12.854
26.689,11.982
28.225,10.832
28.182,9.780
27.624,11.035
27.400,12.002
27.390,10.644
27.798,10.927
26.299,10.870
24.795,11.289
25.484,10.625
24.958,12.229
25.799,13.516
27.028,13.204
26.725,14.135
27.222,15.180
24.606,9.820
24.535,10.942
22.925,13.082
24.570,10.270
24.876,11.483
24.738,14.216
24.458,13.892
26.171,13.314
25.468,9.723
25.053,9.894
25.213,11.321
27.451,12.940
26.681,9.957
24.266,10.302
22.611,10.101
23.404,10.280
25.858,11.013
27.337,13.170
26.257,8.878
25.523,11.229
25.180,10.826
24.983,6.991
24.964,10.981
26.277,12.436
18.728,15.838
24.750,14.781
24.928,12.346
25.803,13.785
25.831,13.263
26.753,12.953
27.686,13.426
26.799,13.341
28.073,11.336
27.921,11.496
27.665,13.103
27.796,14.012
29.140,15.247
29.451,13.153
29.314,13.303
30.528,13.376
31.325,14.757
29.140,14.989
27.257,10.176
25.504,8.810
26.020,9.440
25.225,8.590
26.275,11.712
26.047,12.105
25.656,10.336
23.934,11.736
26.013,8.717
26.697,12.296
27.978,11.100
29.430,11.021
31.295,12.687
25.938,18.714
29.536,14.295
28.360,15.523
29.217,14.906
32.358,17.142
31.520,16.060
30.703,11.653
29.515,11.032
27.784,13.241
28.980,12.766
28.643,12.653
31.102,14.118
31.022,14.547
33.284,16.780
33.751,18.415
32.906,18.881
32.715,16.097
32.669,16.270
33.268,14.662
33.173,15.988
34.107,17.494
36.687,18.285
36.674,19.733
37.701,17.678
36.503,18.200
35.430,17.358
37.705,17.044
36.999,16.227
33.944,15.159
35.948,16.259
37.530,17.242
36.774,19.855
35.613,16.823
36.161,19.432
38.697,18.344
37.721,19.231
37.461,17.246
37.777,19.531
37.834,17.224
38.021,19.751
36.828,20.389
38.282,17.979
39.338,20.975
39.705,18.526
38.239,20.136
37.515,21.643
38.014,18.491
38.956,17.468
38.190,14.863
39.306,15.848
39.721,16.219
39.212,19.424
40.076,19.830
41.163,20.241
41.856,20.363
40.480,22.117
39.949,20.193
38.100,19.085
38.414,21.155
39.879,20.682
39.809,24.786
40.266,22.947
40.242,22.544
41.032,24.111
41.182,24.201
45.534,26.782
45.096,24.717
43.138,25.217
42.263,25.343
41.455,25.674
40.606,23.259
40.418,22.953
38.499,22.146
39.542,24.553
41.210,23.249
42.553,27.645
42.506,27.789
40.697,25.922
39.375,23.347
38.808,23.318
38.806,23.802
38.776,23.160
39.109,24.756
37.871,24.807
36.237,24.561
39.190,24.781
41.107,25.346
41.948,24.353
41.687,25.182
42.889,25.664
43.090,26.658
42.111,26.004
43.652,25.060
43.640,25.953
47.445,27.745
47.732,27.368
43.606,31.283
43.357,28.113
42.693,26.785
42.198,25.913
43.747,26.370
45.402,27.473
44.901,29.283
44.984,29.022
45.189,27.960
45.066,27.284
44.791,28.207
43.695,28.199
43.306,26.987
41.976,27.173
42.125,27.851
40.556,26.382
38.433,24.940
37.853,26.428
37.878,26.086
40.629,25.583
38.921,25.668
39.073,25.994
36.953,26.514
40.138,27.299
40.480,27.054
39.374,27.361
39.310,27.215
39.995,26.839
39.321,26.625
39.367,26.652
39.237,26.992
39.423,26.891
38.798,25.783
38.401,25.817
38.204,25.629
37.085,26.162
34.830,26.226
38.309,25.775
38.580,26.021
40.308,26.762
39.574,27.491
38.202,26.636
36.241,27.373
34.972,27.122
39.183,26.121
38.673,27.490
35.925,26.227
34.486,25.992
36.730,26.170
34.125,26.514
35.683,26.050
31.383,25.844
28.700,24.528
31.663,24.112
32.633,24.161
33.306,24.416
26.150,23.885
23.599,22.433
24.241,22.490
27.679,23.675
30.708,24.090
25.399,24.026
27.165,24.229
31.946,24.013
29.609,24.757
