20000101
30.229,13.445
29.457,12.819
30.247,12.657
28.882,11.432
28.615,10.127
29.248,11.788
29.908,11.340
31.130,8.758
31.502,8.184
32.552,12.198
32.691,11.524
29.948,11.604
27.024,11.524
25.903,8.289
25.660,8.936
25.298,9.041
27.798,10.849
31.133,14.042
32.530,10.704
31.518,8.999
27.076,10.832
28.956,10.988
30.301,10.330
30.218,12.382
31.772,10.602
31.370,11.170
28.377,15.249
28.029,11.877
30.829,11.174
32.194,12.019
30.369,8.656
29.239,11.043
28.972,11.310
28.794,7.412
28.203,11.596
25.342,12.218
27.287,9.744
27.793,11.659
29.652,12.303
28.870,12.461
28.635,9.143
26.327,10.340
26.054,8.941
27.814,10.846
27.214,11.529
29.210,10.831
31.423,12.710
30.093,11.027
29.828,10.690
30.419,13.173
32.286,14.893
32.403,16.674
32.393,16.285
31.042,17.941
28.716,19.645
31.264,15.515
31.439,12.326
33.844,10.226
34.885,15.003
36.867,13.343
37.299,18.322
35.759,17.494
35.245,15.903
32.789,14.111
34.501,11.798
33.159,14.813
30.646,12.367
32.435,16.488
35.485,14.727
34.949,14.193
36.017,15.568
33.873,15.788
32.423,14.873
35.078,14.343
33.821,15.746
34.535,14.013
34.588,15.140
36.153,11.213
36.040,14.572
36.941,17.546
36.686,16.678
35.705,15.832
34.910,17.135
35.100,18.519
36.503,18.649
39.512,19.715
40.701,20.404
38.802,19.239
39.860,20.390
40.891,22.186
40.837,22.737
40.964,26.160
42.205,23.874
42.960,17.051
42.317,17.639
42.280,16.591
42.887,18.908
41.009,18.299
40.340,23.655
42.015,19.712
42.103,19.266
42.849,20.323
43.347,22.519
43.332,23.163
41.280,21.044
42.074,20.826
41.876,20.832
42.360,22.430
41.915,20.466
43.213,23.658
42.253,23.091
41.140,24.007
40.876,24.451
41.573,24.055
41.074,23.738
42.547,24.006
43.406,24.609
43.022,24.304
42.958,25.306
42.802,25.575
42.628,26.085
42.762,24.466
44.203,23.936
44.196,24.086
43.424,24.020
44.210,23.782
43.355,28.537
43.278,25.454
42.490,26.247
42.213,25.413
42.168,25.820
41.517,27.436
39.152,27.816
37.315,24.268
38.861,24.964
40.188,26.142
40.556,26.656
39.852,25.056
42.794,25.911
40.088,25.825
37.106,26.847
41.340,25.774
42.440,27.633
41.652,27.545
41.413,27.682
41.475,27.428
41.381,27.228
42.210,27.231
41.892,27.209
41.779,29.046
39.122,28.449
38.117,27.994
41.845,28.252
42.119,27.912
43.885,28.825
43.900,30.112
44.310,29.117
45.777,29.659
45.187,31.013
44.030,28.551
43.672,28.269
42.698,27.962
42.025,27.293
42.092,27.528
40.406,27.996
40.459,28.113
40.375,27.211
41.734,27.407
41.635,26.838
42.355,26.061
42.751,26.869
41.674,28.222
40.608,27.789
38.855,27.214
40.181,27.037
39.735,26.301
39.633,26.491
39.587,26.093
40.075,26.913
40.018,27.441
41.139,27.648
40.114,28.655
36.578,27.214
30.749,26.113
38.534,25.072
33.976,26.602
37.438,26.111
39.117,27.022
37.752,27.381
31.765,26.936
31.799,26.973
35.102,25.671
32.862,26.276
33.955,26.452
32.667,26.349
27.231,24.434
25.199,23.967
28.644,23.659
30.427,23.636
33.358,24.293
31.643,24.613
33.901,24.086
27.175,24.077
30.250,23.499
32.563,23.812
34.725,23.351
34.170,23.625
35.921,23.695
36.868,24.354
37.194,24.299
30.538,26.300
32.392,25.844
35.717,25.069
35.723,25.689
35.587,25.446
32.572,24.244
34.714,23.958
36.321,24.143
36.841,25.077
37.890,24.615
37.182,27.109
37.483,26.543
36.966,27.066
33.018,24.837
33.290,26.597
30.130,24.990
29.168,23.716
29.007,23.959
30.703,23.012
26.976,24.251
31.612,24.147
26.985,22.966
25.879,23.514
26.707,23.376
31.769,23.143
37.872,24.977
36.048,25.160
37.179,27.251
35.511,26.494
33.287,24.457
32.265,24.622
33.603,24.533
32.140,25.000
27.154,24.606
28.584,23.763
31.775,24.537
34.829,23.991
31.461,23.929
25.885,23.623
33.885,22.193
31.696,22.591
34.204,21.382
34.008,22.001
34.361,22.178
34.098,21.256
34.393,20.395
35.096,20.807
36.502,21.523
35.155,22.134
33.421,21.573
35.764,20.281
34.245,20.534
35.283,21.168
36.103,20.777
39.815,22.572
38.824,22.109
36.480,24.026
37.519,24.099
37.676,23.419
38.080,22.834
38.396,20.946
39.967,23.918
38.861,21.191
39.006,19.587
40.761,21.748
39.711,22.987
40.371,24.395
40.063,20.540
40.261,21.871
39.269,19.193
38.955,19.304
37.935,24.438
36.358,19.706
40.520,20.321
38.524,22.062
38.197,21.939
38.189,22.696
37.616,23.594
39.097,18.576
39.857,20.550
39.890,20.161
39.843,18.634
39.459,20.189
39.688,17.993
39.407,18.888
37.632,16.176
36.016,14.514
35.640,15.588
37.134,17.619
38.001,17.808
36.997,20.316
38.221,18.950
36.795,18.507
37.242,18.184
37.492,17.708
35.826,18.055
35.543,18.193
35.066,18.475
36.335,18.610
35.528,17.740
34.509,16.859
34.291,15.076
34.913,17.536
35.545,20.604
37.766,20.722
36.600,19.642
34.730,18.396
35.032,16.165
35.277,20.100
34.678,19.064
34.761,18.701
33.869,16.590
34.277,15.797
32.833,13.979
32.771,14.689
32.826,14.030
33.412,14.554
33.176,12.245
34.350,17.752
33.393,17.738
32.849,16.776
31.618,14.747
30.578,17.084
29.299,14.988
29.914,13.476
28.747,13.132
29.054,12.129
29.726,12.114
32.001,12.951
32.358,12.261
33.331,14.067
32.931,15.019
32.891,13.857
33.289,14.763
31.778,12.404
31.332,11.507
31.138,12.794
32.056,12.733
32.007,14.845
31.774,14.530
31.923,14.004
31.806,14.496
31.418,13.847
30.607,14.830
30.381,13.308
30.825,13.600
32.470,13.576
31.262,12.727
31.940,13.440
32.395,12.834
31.556,13.837
31.145,12.363
30.105,11.548
30.741,13.035
21.392,12.862
25.375,12.327
25.328,5.656
25.871,7.708
26.987,11.113
26.658,10.569
27.066,11.100
29.598,11.331
28.065,12.837
26.328,9.496
26.357,10.375
27.904,11.224
29.005,12.763
29.396,9.421
29.378,12.152
29.770,12.053
30.321,13.713
30.487,15.251
31.622,14.804
31.703,13.955
32.549,12.057
32.276,14.140
29.465,13.250
28.456,11.138
29.162,9.380
29.180,10.432
29.993,9.786
31.154,10.882
31.790,12.447
32.256,13.828
32.060,10.741
30.632,13.010
31.119,13.440
32.257,13.130
30.448,12.642
29.454,10.386
29.805,9.692
30.185,8.670
30.852,10.826
31.800,9.765
33.654,13.081
33.663,13.432
32.431,12.160
32.111,11.939
34.799,13.666
35.836,17.887
30.591,11.381
29.353,11.938
31.643,12.878
32.665,14.381
33.932,16.345
34.994,16.954
35.860,17.382
34.798,14.891
35.072,15.160
36.557,17.755
35.316,16.993
34.285,15.488
33.779,17.334
33.738,16.446
33.135,13.756
33.292,18.195
32.878,17.914
34.360,17.050
35.315,20.203
34.426,16.801
33.947,16.990
36.263,12.910
37.090,16.172
36.874,18.641
38.318,18.966
36.237,18.585
34.000,17.164
34.497,13.481
35.920,14.549
36.632,20.376
38.265,22.522
37.512,20.361
38.799,15.980
39.075,21.577
36.717,20.723
36.402,15.021
36.486,19.792
36.151,22.221
36.822,19.802
37.866,19.609
37.812,21.077
38.272,20.542
36.209,21.194
34.305,15.453
34.675,15.479
35.684,14.984
37.055,21.361
40.922,20.690
39.481,19.747
40.456,15.097
41.339,17.219
41.222,15.835
40.981,22.960
41.021,22.644
39.405,20.603
39.355,17.152
38.963,18.308
38.498,21.282
39.318,23.054
38.375,22.242
37.065,25.114
37.988,21.986
35.775,24.671
36.593,19.852
36.606,22.177
39.831,21.946
40.066,19.307
41.380,18.606
44.540,21.332
43.944,23.385
43.645,25.902
42.908,23.199
41.814,23.674
41.810,23.299
43.374,22.472
43.897,23.375
45.198,25.004
43.575,25.301
44.200,24.936
44.581,23.930
44.741,24.031
44.341,24.476
43.495,24.576
42.089,23.418
41.142,25.112
42.457,25.847
42.242,24.667
43.295,24.626
43.366,24.851
42.031,24.273
41.421,24.430
41.313,26.116
40.612,26.009
39.653,25.772
39.155,25.791
40.152,26.597
41.374,26.661
41.673,27.656
44.338,27.995
44.621,28.830
42.989,28.491
41.063,27.432
40.785,26.638
40.912,27.300
37.089,25.796
34.054,25.708
35.766,25.909
37.929,26.323
36.668,26.331
36.466,26.699
37.363,26.221
38.305,26.740
37.604,26.715
40.168,27.017
40.372,27.653
40.651,27.257
39.256,28.279
38.298,26.841
37.300,26.261
38.803,26.092
32.616,26.649
33.649,25.757
32.074,24.835
33.087,24.210
36.645,25.384
39.143,26.185
38.667,26.405
38.833,26.154
39.214,25.716
40.309,26.728
40.145,27.618
40.020,26.816
39.507,27.131
39.380,26.469
38.534,26.391
37.992,26.780
36.505,27.013
32.560,28.052
32.955,26.351
34.149,25.404
26.233,24.634
29.402,24.626
34.391,23.972
36.157,24.674
32.017,25.952
32.568,26.007
33.504,24.890
27.778,24.081
30.075,24.349
29.181,24.234
32.045,23.906
27.201,24.746
27.210,24.879
26.067,24.338
27.535,24.470
30.088,25.014
27.286,24.842
27.864,24.054
31.194,24.219
29.925,24.852
32.738,23.810
30.775,24.468
30.210,24.234
32.604,24.140
32.216,24.844
31.002,24.558
30.276,24.508
33.823,24.505
34.213,24.668
34.452,24.983
34.712,23.178
38.665,24.814
33.088,25.298
33.730,24.204
31.344,25.605
30.667,25.368
31.279,24.930
32.384,24.525
30.832,25.611
31.926,24.502
30.252,24.837
33.119,24.772
32.980,24.980
27.841,24.450
24.153,23.152
31.110,23.326
32.669,21.965
32.935,23.462
34.109,23.343
32.514,23.684
32.084,23.110
32.928,23.671
32.094,24.065
33.126,22.561
34.055,22.495
34.111,22.722
32.939,23.125
32.267,22.075
34.408,21.712
35.748,23.511
35.247,23.144
35.631,23.174
35.794,23.773
35.342,23.655
34.677,22.609
34.679,22.679
33.195,21.206
35.667,21.258
34.792,22.062
35.057,22.166
35.957,21.363
35.837,22.313
35.325,22.513
38.745,20.953
38.986,21.237
35.959,23.955
37.333,22.395
37.255,21.961
33.993,25.402
37.248,24.158
39.048,28.114
36.283,24.213
37.863,23.237
38.784,26.799
38.701,24.871
39.507,24.100
40.444,19.665
40.910,22.448
41.894,22.760
40.258,22.267
36.554,23.235
35.554,22.565
36.433,21.853
38.093,22.730
38.280,21.900
38.578,24.528
39.123,25.501
38.558,25.718
35.458,23.310
29.945,23.367
25.522,22.160
33.174,21.890
35.401,22.829
37.298,26.797
36.605,23.897
37.866,21.935
36.621,21.012
37.853,18.424
36.895,16.446
37.103,17.066
38.067,18.480
38.151,20.512
39.172,21.193
38.139,20.693
37.342,16.514
38.973,19.159
39.463,20.077
39.085,19.324
37.632,19.501
36.689,19.133
37.099,17.679
36.973,18.917
36.686,18.627
35.555,14.728
34.554,14.949
35.033,14.988
35.389,20.216
34.038,19.614
32.842,18.273
32.956,16.068
33.618,16.044
33.121,16.977
33.766,17.200
34.162,16.016
33.656,16.358
35.425,17.155
35.112,18.389
36.235,20.315
35.486,18.660
35.344,17.926
34.461,17.770
33.361,17.205
33.825,15.773
32.927,14.931
31.894,14.719
30.389,13.647
30.593,14.091
30.422,14.175
30.284,13.312
30.596,13.399
31.104,13.946
31.204,14.321
31.250,13.875
31.474,12.410
31.284,13.506
32.697,14.905
32.837,15.000
33.884,14.462
33.743,15.110
32.730,13.827
32.810,13.754
32.264,15.373
31.040,15.261
30.821,13.993
30.837,13.150
31.476,14.813
31.664,15.731
31.704,15.552
32.113,16.313
29.917,15.440
28.983,14.450
28.461,12.585
28.637,11.623
29.177,11.568
29.513,12.023
30.131,11.766
31.064,14.322
29.124,14.464
30.031,13.609
29.615,13.459
29.514,13.033
29.051,12.527
29.232,12.515
28.241,12.561
27.917,12.401
27.351,11.877
29.089,12.907
29.103,12.632
27.904,13.192
27.639,12.569
29.529,12.673
30.989,13.402
31.888,12.931
32.575,11.795
31.253,11.621
30.804,12.961
27.607,11.984
27.007,9.098
25.121,10.559
25.914,9.666
25.382,10.651
25.664,10.413
26.646,10.267
28.721,10.054
27.932,10.420
27.103,10.857
26.880,10.859
24.961,10.052
24.097,9.068
25.137,9.562
25.348,9.654
27.114,9.677
29.701,10.505
29.715,12.018
30.001,13.148
30.784,14.006
32.115,13.560
30.120,13.470
26.868,10.536
25.548,7.747
27.184,9.940
21.392,12.851
27.097,13.033
29.170,11.040
30.971,13.105
33.084,14.084
33.830,14.703
34.375,15.575
33.159,17.103
34.463,18.086
34.801,19.834
34.029,17.683
34.501,15.929
35.006,15.276
33.008,17.490
33.701,14.154
32.940,14.512
34.035,17.197
35.124,17.589
35.619,16.070
37.243,19.944
32.921,17.949
33.941,16.417
34.699,16.816
34.748,16.758
35.219,17.368
35.222,17.841
33.832,15.340
32.955,15.960
36.177,19.114
36.625,21.283
30.946,21.775
35.863,17.317
30.453,19.609
34.387,14.655
36.274,15.570
40.432,15.588
41.586,18.365
40.127,19.856
39.610,17.370
37.670,22.125
38.615,20.231
39.388,15.377
37.419,20.502
36.639,17.898
39.201,16.426
38.102,18.587
38.732,20.912
39.442,21.428
40.164,17.184
41.234,20.636
41.777,21.539
41.835,21.431
41.439,16.961
40.629,16.872
41.553,20.432
41.694,25.226
34.978,23.421
34.614,21.688
37.901,22.943
39.090,21.026
39.538,20.633
41.293,21.496
40.675,22.120
40.109,23.293
38.621,21.974
38.726,20.764
39.596,21.101
40.465,23.542
42.144,24.286
41.094,27.629
41.290,23.146
41.498,22.895
41.218,23.807
40.657,24.529
40.036,22.515
42.521,19.601
43.677,22.797
44.215,24.835
44.673,23.843
44.926,23.907
44.276,24.909
45.003,26.166
46.286,26.970
46.602,26.976
46.762,29.133
45.395,26.593
43.904,24.091
42.854,23.895
42.790,26.101
43.313,28.932
42.839,28.670
43.696,26.347
44.071,27.394
44.081,27.836
43.812,27.767
43.878,27.497
41.816,30.074
44.070,27.664
42.255,26.007
42.244,26.255
43.072,26.822
43.725,28.067
43.589,27.506
43.304,27.482
42.734,27.253
41.293,25.761
40.862,25.237
41.281,26.093
41.690,27.283
42.137,27.750
42.868,27.671
42.130,28.567
42.480,27.205
43.071,27.724
42.856,27.404
43.197,27.571
42.206,27.088
42.476,28.609
43.191,27.529
43.052,28.275
44.494,28.854
43.792,30.553
45.244,30.436
44.428,29.700
42.421,30.808
41.849,29.985
42.469,28.890
37.785,27.708
39.210,28.345
39.566,28.596
39.987,28.396
37.470,28.205
41.646,27.526
42.812,28.226
42.686,28.907
39.833,28.922
39.613,29.061
35.242,27.573
33.498,26.758
26.564,24.290
30.393,24.379
36.185,24.841
37.251,25.226
38.064,25.940
37.468,26.949
39.990,26.887
38.677,26.966
38.526,26.901
39.112,27.050
39.078,26.577
37.594,27.899
39.732,26.157
41.287,26.521
38.145,27.027
37.069,26.482
29.526,26.659
29.741,25.898
32.327,25.259
29.822,25.382
29.165,25.213
27.626,24.585
33.966,24.680
27.261,25.460
27.635,25.498
28.088,25.487
27.689,25.593
28.151,25.020
36.309,24.982
37.403,24.308
38.536,25.431
39.276,24.905
40.118,24.712
38.319,26.032
38.741,26.544
38.708,27.410
35.436,26.304
27.306,24.201
28.368,23.844
29.865,23.523
29.225,23.175
26.151,23.506
33.512,23.548
30.459,24.523
26.082,24.465
25.482,24.146
25.377,24.278
27.242,24.377
32.025,23.146
29.144,24.016
33.443,23.630
31.660,24.879
35.070,23.197
33.330,23.526
35.971,23.549
35.552,24.156
33.120,24.347
30.121,24.678
26.934,23.373
31.696,21.931
33.414,21.897
33.890,23.044
27.554,23.660
30.067,23.178
32.042,23.567
32.393,24.080
30.912,24.567
31.677,24.048
34.374,24.409
34.375,24.349
33.928,21.789
33.975,22.898
33.297,22.150
35.410,20.835
30.471,22.199
36.048,22.494
36.160,21.825
34.974,18.573
35.105,20.573
34.455,21.075
33.728,20.332
34.607,20.883
35.353,19.232
36.457,20.685
39.777,23.256
36.695,22.451
38.413,25.385
36.461,25.828
36.722,21.596
37.253,21.955
36.535,24.411
39.773,20.459
38.298,24.770
39.522,24.573
40.963,20.108
39.654,22.598
38.944,21.131
39.619,19.984
39.321,21.214
39.780,20.343
41.786,18.676
40.719,17.688
40.051,19.573
38.580,19.631
38.734,20.208
39.316,21.227
38.841,19.870
38.763,21.874
38.551,23.339
39.541,23.583
37.403,21.109
38.419,17.175
37.786,16.610
37.196,17.735
36.838,18.035
37.271,18.843
36.514,16.252
38.094,17.985
37.948,19.534
36.980,19.390
38.001,17.887
36.355,13.628
36.651,14.134
35.921,16.670
36.298,16.923
38.391,19.190
36.492,18.391
36.393,17.390
36.188,14.620
35.529,13.419
33.644,16.849
31.303,17.442
34.402,19.376
35.409,19.214
34.173,20.599
31.872,20.504
31.883,17.345
33.464,17.286
32.856,19.316
33.312,15.959
35.507,16.754
34.739,16.057
35.481,17.685
34.504,18.462
34.962,16.032
35.996,18.477
35.399,17.492
34.000,16.465
31.250,16.767
34.339,13.488
35.308,14.916
34.013,15.517
32.199,14.166
32.821,15.607
32.425,14.739
31.963,15.945
32.011,14.921
32.410,14.405
31.772,12.214
31.089,14.363
32.131,15.612
32.640,16.573
33.198,17.817
32.823,16.235
31.714,14.738
31.674,11.022
31.930,11.004
33.729,15.205
34.307,17.421
34.182,17.456
34.553,18.064
34.121,14.527
32.821,13.084
31.265,14.148
30.992,13.583
30.758,13.993
30.214,11.081
31.849,13.026
28.803,14.749
27.182,12.549
28.263,11.091
29.644,13.139
27.288,12.489
28.060,10.869
28.669,13.862
25.143,12.585
24.507,8.981
24.718,9.782
25.200,12.520
26.761,13.322
28.725,12.731
30.635,11.344
30.027,15.417
28.417,12.280
29.678,14.539
30.582,17.841
30.045,15.209
31.453,16.360
29.941,16.376
29.968,12.610
30.720,12.653
29.990,13.203
29.127,12.350
29.498,12.609
29.599,12.581
31.007,16.439
31.330,15.001
31.706,14.744
32.083,13.780
32.285,11.196
32.796,11.963
33.920,17.552
34.378,17.390
31.039,15.411
30.400,13.660
30.842,11.211
29.025,16.370
28.013,13.517
29.421,14.873
29.209,14.760
28.690,14.923
30.689,14.194
31.807,14.254
32.687,12.222
30.993,14.302
31.531,15.098
32.113,15.907
31.348,17.398
31.532,16.195
31.994,14.335
32.816,16.381
34.061,17.099
34.956,16.012
32.533,19.015
26.474,18.860
28.739,15.511
30.320,12.645
32.360,16.184
33.966,17.291
34.540,18.490
34.577,18.405
34.355,19.664
35.626,17.939
36.176,19.471
36.655,20.221
36.884,20.751
34.632,20.057
31.156,14.801
29.617,8.062
31.932,12.461
34.746,14.907
35.730,16.115
35.081,17.231
36.685,17.222
36.299,18.514
34.295,16.485
34.546,16.542
37.206,17.657
37.494,20.391
36.881,15.339
36.087,16.524
35.820,23.109
36.134,17.566
36.562,19.789
37.907,18.361
39.163,20.727
39.240,16.448
39.476,20.509
40.638,21.493
41.036,25.790
40.824,25.162
39.980,21.887
39.752,22.996
38.383,20.959
38.049,21.169
40.150,21.802
40.437,23.935
41.454,19.505
40.139,20.929
39.549,22.280
39.008,19.510
40.215,22.027
43.669,22.630
40.505,19.813
41.131,18.160
40.445,24.185
42.254,22.195
39.899,27.352
38.484,21.506
38.447,20.160
39.333,22.233
39.388,22.827
41.327,23.342
40.052,24.671
37.586,23.527
38.851,19.115
41.911,19.246
44.028,23.060
43.666,22.180
41.451,23.475
41.258,21.729
42.022,22.736
41.959,22.006
42.817,19.285
43.628,22.722
45.048,24.422
44.027,26.421
41.719,21.684
39.348,23.625
40.241,18.319
40.601,19.758
40.106,21.764
40.829,22.417
41.058,19.562
44.972,22.211
46.078,24.705
44.675,26.907
44.812,28.022
44.522,26.234
44.634,26.403
44.406,24.279
44.129,29.185
43.892,27.794
42.793,27.906
42.026,26.110
42.095,25.886
41.833,25.766
40.768,25.324
41.528,26.193
42.769,25.724
41.031,26.613
39.571,24.385
40.624,26.587
42.116,25.049
42.556,26.652
43.556,27.202
43.075,26.705
42.336,25.702
43.519,28.359
43.754,28.119
44.344,26.708
43.162,26.905
42.936,27.842
42.316,28.181
42.131,27.995
43.130,28.099
42.418,27.781
42.639,27.072
42.917,28.465
42.882,27.902
41.147,27.246
41.395,28.454
36.940,28.130
36.473,26.881
30.896,25.725
30.236,25.080
32.708,26.158
39.054,26.345
40.423,27.492
40.666,26.785
39.748,28.573
32.771,28.239
36.167,27.115
37.269,26.967
38.007,26.532
38.242,26.349
37.490,26.016
37.232,26.748
38.602,27.478
36.986,26.364
35.055,26.798
27.708,26.115
31.245,25.840
33.178,25.665
32.647,25.287
29.991,25.274
31.623,24.817
30.915,25.107
32.979,25.489
34.857,25.136
35.811,26.079
34.011,26.180
28.190,25.083
31.643,25.369
33.618,25.664
33.809,25.323
31.813,25.736
31.638,25.189
28.958,24.694
30.780,25.270
27.767,25.017
27.506,24.519
30.785,24.000
31.644,24.850
26.586,24.608
28.207,24.207
27.808,23.982
29.605,24.062
29.443,23.999
29.808,23.809
28.999,23.188
29.124,23.587
30.375,24.377
34.166,24.113
34.216,24.321
31.722,25.453
31.419,25.790
30.923,24.719
27.586,24.522
32.095,24.181
32.688,24.898
32.424,23.461
33.430,24.464
30.949,24.594
33.122,24.612
31.879,23.857
31.587,23.705
34.460,23.264
35.646,23.636
37.495,24.839
32.434,25.857
31.245,24.520
26.128,23.747
25.648,23.358
28.831,23.287
31.204,24.075
31.618,23.181
25.536,23.960
28.236,23.508
26.280,23.711
28.903,23.282
30.092,24.105
31.603,23.805
31.582,23.016
29.107,21.318
29.689,22.269
32.459,21.890
32.808,22.609
33.090,23.148
31.842,23.994
32.465,21.245
32.679,21.848
32.316,20.705
31.670,22.317
32.471,23.895
32.374,22.022
32.071,23.737
31.246,23.113
35.410,23.114
34.776,21.852
34.938,22.681
32.595,22.603
32.318,22.669
32.782,24.116
34.678,23.467
35.800,23.860
34.445,24.199
36.325,22.335
35.353,24.495
35.600,22.800
36.562,25.046
35.536,23.940
37.895,21.204
36.560,17.967
34.009,19.746
36.457,21.363
36.814,24.872
36.420,24.797
36.297,21.036
34.421,17.444
35.181,17.977
35.809,18.027
36.833,20.911
36.332,17.195
35.370,18.492
36.226,19.921
36.319,19.887
35.463,19.135
35.842,19.877
34.979,16.805
34.760,17.326
34.438,17.635
34.287,17.616
34.946,15.966
34.794,16.259
36.281,18.758
34.183,19.162
34.531,19.947
35.287,19.873
33.641,18.066
34.956,16.760
34.475,17.883
34.892,19.545
33.992,18.438
35.079,21.238
34.591,18.020
33.779,16.537
33.672,17.130
33.781,19.834
34.159,20.713
34.052,16.641
32.844,16.895
32.156,17.031
31.166,16.768
31.883,13.767
32.357,13.755
32.156,19.041
33.231,16.734
31.621,17.587
31.573,16.089
32.192,15.838
32.316,15.849
31.950,12.912
32.953,15.583
32.996,19.620
32.255,17.999
33.011,16.269
32.252,14.804
32.137,16.706
31.515,14.672
32.205,15.629
32.201,13.196
31.627,14.390
31.804,14.547
32.101,13.308
33.291,14.558
32.559,14.845
32.915,16.097
31.866,13.528
31.131,16.848
31.558,16.778
31.329,14.722
31.331,14.069
30.615,15.194
30.240,16.477
26.363,13.704
26.770,11.217
27.772,12.229
27.462,12.816
28.733,13.688
28.388,12.773
28.182,13.043
27.820,9.483
27.742,11.666
27.041,11.541
27.304,10.164
25.422,8.244
25.062,10.896
26.161,10.779
27.351,11.332
29.243,10.937
27.946,8.151
26.952,10.180
28.142,11.589
27.909,13.926
27.881,15.071
27.278,14.208
25.438,13.904
28.117,14.658
28.222,12.633
30.049,12.360
30.412,13.356
31.239,13.516
31.397,10.467
31.703,12.968
32.102,13.460
33.053,14.161
29.305,10.360
28.901,8.117
27.816,11.059
28.825,13.114
26.188,12.838
25.975,9.603
24.621,12.368
26.766,11.082
26.349,11.593
27.500,11.581
27.329,12.122
27.916,11.560
28.762,12.535
23.705,9.785
26.099,12.955
24.577,10.862
25.856,10.773
28.787,10.098
29.889,10.966
28.885,8.005
30.132,10.898
30.724,11.481
31.734,12.883
31.064,8.091
29.857,14.420
29.950,10.334
33.024,13.852
33.272,16.734
32.833,15.879
33.053,15.525
33.914,15.269
34.257,11.232
32.223,12.363
34.438,12.979
34.607,14.184
34.371,14.109
34.749,15.670
36.284,17.105
37.728,17.565
36.768,17.906
36.650,17.345
35.422,15.813
35.581,15.557
34.672,13.845
36.044,17.460
37.179,17.891
37.017,18.112
37.728,19.056
37.827,19.920
38.270,18.977
38.577,18.052
39.288,18.646
39.420,19.439
39.652,16.744
39.282,17.737
39.781,20.150
40.848,20.891
40.266,20.361
41.347,19.876
42.749,19.164
41.838,21.440
41.410,25.476
41.208,22.275
40.626,17.579
40.661,16.300
40.573,18.081
40.229,20.672
37.910,20.315
35.823,16.168
35.198,13.390
38.093,13.365
39.796,19.794
39.820,20.118
39.819,18.731
38.774,20.479
38.120,21.294
38.951,19.116
39.166,20.898
40.488,22.519
40.481,23.073
40.084,19.980
40.020,19.487
40.183,21.873
39.964,19.434
39.853,18.073
41.622,21.095
40.944,20.499
41.850,19.461
41.525,21.464
41.138,22.070
40.799,19.279
38.731,21.781
38.752,21.428
38.984,19.312
41.162,20.422
41.482,20.650
41.298,21.851
41.904,21.666
41.988,20.352
42.605,20.708
43.389,22.009
42.306,24.037
42.618,22.472
41.365,22.297
40.712,23.014
42.044,18.571
43.323,21.746
44.476,23.706
45.163,25.970
46.938,25.900
45.174,21.234
40.669,28.004
38.122,30.760
39.223,29.483
33.234,26.511
37.949,25.870
38.525,26.602
36.093,26.671
38.353,26.558
40.161,26.101
41.349,26.057
42.873,28.379
42.999,27.851
43.006,26.147
42.309,26.515
41.433,26.254
41.580,26.632
41.708,26.528
41.157,26.557
41.582,26.958
41.041,26.448
42.229,26.145
42.006,25.887
43.176,26.666
43.893,26.998
42.986,27.564
43.327,28.109
44.333,28.135
42.685,28.024
42.731,27.507
42.968,27.721
42.960,26.958
41.371,27.589
41.466,28.811
40.021,29.292
43.926,27.402
41.521,27.699
42.598,28.945
39.418,27.762
43.156,28.176
36.285,27.666
33.891,27.562
36.453,26.887
32.716,26.561
39.006,25.466
39.257,26.818
39.561,26.942
39.689,26.741
38.823,26.521
34.286,26.936
34.235,26.345
32.021,26.490
35.554,25.344
34.226,25.773
35.125,25.137
33.110,25.519
37.461,25.204
35.712,25.959
40.329,26.632
36.593,27.074
36.774,27.828
34.323,26.337
33.596,25.932
33.580,25.749
31.794,25.187
36.329,24.447
30.083,25.032
36.466,24.883
37.463,24.646
38.480,25.591
38.814,26.542
40.499,27.231
37.978,27.693
36.570,26.611
36.874,25.198
37.270,25.819
38.619,25.253
36.567,25.750
39.383,25.087
40.176,25.424
39.247,27.156
37.478,26.433
32.429,26.438
36.854,27.167
34.557,27.248
35.989,25.721
30.563,25.368
32.579,24.301
26.636,24.253
32.974,24.014
35.482,25.624
34.834,27.511
33.234,25.616
26.956,24.802
26.867,23.710
30.498,23.990
29.175,23.703
26.434,24.442
24.818,22.542
28.160,22.467
24.705,23.430
30.813,23.614
28.304,23.267
28.685,23.098
31.302,23.911
31.671,23.555
29.924,23.280
30.863,23.312
32.940,24.082
29.997,23.936
29.289,23.490
33.159,22.892
33.091,22.524
32.875,22.136
33.734,21.681
33.874,22.064
33.950,21.743
33.388,21.356
33.408,21.078
33.194,21.217
32.710,22.282
32.587,24.335
34.266,20.766
37.072,21.707
37.570,23.126
37.124,24.119
35.091,23.723
34.444,22.421
34.984,25.234
34.599,20.532
34.776,20.447
34.217,21.933
33.281,21.494
30.467,21.731
34.579,21.532
36.222,22.389
33.133,23.926
35.889,23.081
39.516,22.913
37.207,23.171
36.625,25.955
38.353,23.000
36.709,23.778
34.570,23.619
36.697,23.633
37.646,24.681
38.282,26.458
32.291,23.891
34.962,23.264
30.150,23.221
30.391,21.485
31.944,22.810
31.980,23.637
34.713,22.367
34.380,22.674
34.818,22.880
33.682,21.537
30.732,21.500
33.109,19.965
34.211,16.975
33.623,18.746
34.965,19.246
33.609,18.673
33.393,17.366
33.698,14.446
35.236,15.682
33.751,17.176
33.652,19.198
35.529,17.246
35.239,18.802
34.495,18.930
34.188,18.370
34.977,19.296
33.767,19.008
34.765,17.770
33.888,20.820
33.807,19.620
33.966,17.277
32.129,17.882
32.956,18.482
33.894,17.692
32.109,19.164
32.075,19.216
32.193,18.974
31.487,19.106
31.990,17.843
33.469,17.923
32.897,17.680
33.756,19.472
33.041,20.051
32.627,16.269
34.249,18.532
33.298,18.043
33.931,19.322
34.353,18.680
33.802,18.723
34.513,22.919
34.125,19.191
33.275,18.807
33.886,15.326
33.394,16.466
33.465,16.693
32.525,18.462
32.781,16.165
31.890,16.802
33.344,18.281
32.655,18.163
31.184,16.520
30.371,11.269
27.792,13.088
29.724,15.653
31.353,16.870
30.233,15.882
30.709,16.006
31.115,16.514
31.095,16.284
31.643,16.375
32.716,17.781
32.694,16.775
32.081,17.032
31.116,16.785
32.237,16.293
32.402,15.861
32.219,15.648
32.169,15.353
32.228,15.592
31.312,14.785
30.131,10.180
28.199,11.781
28.131,13.140
28.174,10.929
27.978,8.745
26.810,13.234
27.653,14.918
27.142,12.137
28.503,12.467
30.503,14.911
30.662,16.534
30.879,17.819
27.284,15.838
24.387,5.957
25.531,8.067
26.795,9.853
27.579,11.711
29.538,13.399
28.379,12.006
28.066,12.592
29.327,12.556
28.402,11.611
27.537,9.431
26.138,10.138
27.337,10.349
28.563,11.296
29.557,12.255
28.870,13.640
26.826,11.535
24.738,10.159
24.285,9.202
25.281,10.113
26.545,10.843
26.254,11.660
27.086,6.989
25.792,10.635
28.356,11.658
27.718,13.932
27.691,11.455
26.136,12.101
26.071,11.724
26.771,10.768
26.165,11.917
26.527,13.288
26.738,12.795
28.374,11.296
28.630,11.272
27.778,8.575
29.975,11.967
30.835,10.239
29.493,11.928
31.065,14.056
33.041,16.788
35.569,18.918
33.281,12.145
33.375,12.285
33.097,17.031
34.199,14.903
32.957,16.123
30.371,15.212
27.019,11.814
26.632,5.588
24.238,4.935
26.315,6.210
26.195,9.887
28.318,11.338
31.274,11.520
32.203,13.413
34.671,15.691
35.158,16.297
36.554,17.988
36.657,18.836
35.967,16.932
36.396,21.543
36.241,17.110
35.505,21.566
33.898,14.220
34.974,16.204
32.611,20.008
33.644,13.487
32.375,19.833
31.410,13.326
32.882,14.950
35.087,17.353
37.395,18.250
37.675,16.970
38.548,17.661
38.521,17.713
39.295,18.411
38.672,17.273
38.305,17.124
37.887,17.705
36.279,17.428
34.119,17.171
34.864,14.680
34.397,14.601
36.510,15.496
38.376,21.441
35.974,18.078
38.691,17.084
38.059,14.808
36.756,19.302
36.805,20.825
39.725,21.051
41.058,19.035
42.512,20.587
41.547,22.605
41.948,22.133
42.033,18.917
39.465,18.306
36.764,15.372
36.216,13.408
35.180,15.026
38.167,17.669
40.677,19.064
39.991,20.635
40.535,20.723
39.897,19.209
40.296,21.682
41.044,19.390
40.771,18.395
41.305,20.801
44.634,22.224
42.452,26.341
40.926,23.622
40.297,23.566
40.672,22.226
39.843,20.737
41.202,22.584
40.394,21.294
40.180,20.355
39.264,21.176
37.908,22.222
39.355,26.006
39.353,24.576
38.656,23.706
37.704,24.186
38.265,23.913
39.769,24.995
41.017,25.645
40.435,25.361
39.617,23.691
40.713,22.707
39.098,19.979
40.542,21.622
41.390,22.552
41.775,22.026
42.344,23.300
43.214,24.345
41.243,25.666
42.305,23.955
43.455,26.067
44.487,26.024
44.166,26.897
41.921,25.942
42.590,26.558
42.821,27.271
42.356,27.499
41.523,26.938
41.021,26.212
42.671,27.282
40.190,26.433
42.635,27.069
43.663,25.615
41.909,29.444
42.519,29.347
42.455,25.822
43.040,27.828
44.375,26.708
43.609,26.765
41.780,26.419
41.665,27.202
43.554,27.752
43.599,26.695
43.470,28.324
41.709,27.491
39.608,26.103
41.110,25.996
41.934,28.226
41.869,28.393
41.134,28.248
40.775,27.114
36.371,29.441
37.892,28.433
39.313,27.987
40.460,27.288
39.876,27.163
39.009,26.565
37.823,27.086
35.337,26.744
36.929,25.784
34.085,26.040
37.557,26.315
36.990,26.129
32.116,26.012
31.709,25.556
30.603,25.041
32.981,25.245
35.553,25.397
37.348,25.340
34.539,26.041
36.731,26.432
35.924,26.921
30.029,26.553
36.757,25.805
27.949,25.387
33.055,24.714
32.636,25.528
33.896,25.609
28.062,25.811
29.689,26.217
35.922,25.304
36.804,26.134
36.965,25.855
35.640,25.580
37.598,25.586
38.358,25.241
34.670,25.668
38.240,26.244
37.773,26.708
32.003,25.370
27.734,24.962
26.502,23.542
27.720,24.657
36.578,24.376
32.951,26.506
30.713,25.034
30.826,24.584
29.557,24.272
30.316,24.656
26.270,24.394
27.341,24.355
28.663,24.397
30.154,23.090
30.826,23.236
30.047,22.833
31.106,23.448
32.332,22.641
32.916,23.898
32.383,22.698
31.198,23.616
32.064,24.486
32.875,23.286
32.751,22.916
32.894,23.221
32.768,22.459
33.331,22.749
33.504,22.757
32.918,22.912
30.388,21.231
30.589,23.635
34.833,21.788
35.178,21.721
35.508,22.195
34.417,22.143
35.348,20.886
36.311,21.514
38.255,23.672
38.529,25.330
42.334,26.389
40.595,24.258
37.137,25.680
37.628,24.686
38.416,24.720
37.371,24.345
34.451,24.503
35.225,24.323
30.920,24.762
33.808,25.137
30.107,24.689
28.747,24.162
30.545,23.758
29.017,23.734
26.835,23.950
31.466,23.400
32.446,23.515
35.565,25.426
35.342,25.117
31.423,24.452
24.207,22.832
30.018,21.708
30.273,21.936
30.813,22.083
31.671,20.954
32.765,20.041
33.063,19.763
32.255,21.641
33.973,20.001
33.508,19.515
33.240,18.064
34.122,19.080
34.134,19.864
34.456,20.958
34.304,19.985
34.856,19.212
33.896,19.661
33.555,20.429
35.306,20.167
34.903,22.105
34.587,21.901
34.443,22.201
33.816,20.375
34.961,20.710
34.041,21.358
30.776,20.134
34.573,18.948
35.024,18.850
32.751,19.227
33.619,17.092
32.535,18.029
32.973,20.317
32.314,20.076
33.692,19.037
33.890,18.117
35.178,18.267
33.542,16.696
32.947,13.680
32.526,14.175
31.891,14.018
32.232,16.256
32.306,15.934
32.280,18.379
31.774,16.246
32.288,15.125
32.275,16.193
31.860,16.977
31.248,14.665
31.494,16.055
32.185,15.633
32.840,15.502
32.715,16.011
33.149,16.151
32.475,15.286
33.533,17.089
32.060,16.475
33.005,15.517
33.199,17.263
33.462,15.309
32.787,15.543
31.936,14.627
31.472,16.358
31.159,15.883
31.309,13.834
30.295,14.055
31.464,12.778
30.417,13.998
29.380,13.893
28.995,14.542
29.553,16.180
28.370,16.745
28.995,15.941
29.818,13.522
30.276,13.286
30.328,14.105
29.768,13.641
28.518,11.952
28.366,13.726
27.698,12.831
28.101,12.918
28.091,11.763
28.056,12.921
27.920,13.023
28.739,13.763
28.008,11.993
27.751,12.827
27.177,11.208
28.020,11.439
28.372,12.579
27.575,12.771
26.533,12.315
25.667,12.176
25.889,10.578
26.443,10.447
28.061,10.418
29.016,8.119
29.386,14.022
27.649,11.818
27.934,10.967
28.438,10.556
27.496,10.997
25.453,8.940
26.766,11.201
27.039,12.981
27.533,13.887
27.713,13.452
28.502,12.516
29.719,12.595
30.284,11.945
29.655,12.717
30.273,9.028
30.034,12.704
30.798,13.910
32.034,13.175
33.060,13.017
30.521,11.494
29.018,12.540
27.288,14.921
26.594,13.741
27.271,11.286
26.661,9.986
25.966,7.404
26.770,11.589
27.161,10.937
27.862,11.141
29.317,12.294
30.433,12.762
31.114,12.742
32.605,15.065
33.985,15.888
33.661,17.294
33.344,17.649
34.174,17.821
33.610,16.733
33.393,12.781
33.128,13.768
32.280,10.304
32.322,10.867
33.840,15.767
34.996,16.214
34.385,15.138
34.766,15.665
35.240,14.459
35.651,16.353
33.184,15.111
33.539,12.895
34.762,13.490
36.041,17.032
36.876,20.315
37.458,18.064
38.105,19.213
37.945,19.800
37.070,15.431
37.379,18.550
37.969,19.106
35.020,22.585
31.307,20.162
34.477,20.725
36.417,18.108
35.865,18.242
35.703,17.511
35.059,13.445
34.447,13.242
34.596,17.599
35.753,15.834
35.055,19.057
26.608,17.521
25.923,15.105
30.635,12.847
32.780,14.569
33.357,14.409
32.839,21.521
30.529,22.144
33.797,14.971
36.123,18.332
35.223,19.195
34.332,18.771
36.908,17.310
37.881,19.273
36.791,18.363
37.740,19.227
36.457,17.717
35.932,20.091
35.468,17.465
35.274,16.064
37.312,16.221
38.495,20.386
37.791,18.809
38.831,19.336
37.535,16.967
38.283,19.810
38.241,18.867
38.951,20.266
40.048,19.883
40.674,21.473
41.145,22.734
40.825,18.473
39.810,19.200
38.932,20.003
39.556,17.367
39.011,15.967
39.758,18.364
39.845,19.519
39.415,23.190
39.911,21.214
38.300,22.363
38.050,16.215
39.112,18.547
40.237,19.917
41.176,24.019
40.993,23.468
39.061,22.211
39.536,21.714
41.077,21.898
41.003,21.584
40.675,22.899
40.668,22.391
42.478,23.154
43.622,25.320
43.093,23.413
42.297,22.825
43.011,25.011
44.442,25.810
45.395,26.470
44.685,27.105
43.349,22.187
43.320,23.547
43.484,22.967
43.206,24.177
43.579,26.080
43.162,24.885
43.053,23.875
42.200,24.496
42.348,25.148
42.590,25.429
43.260,26.352
44.089,27.000
40.414,27.016
38.676,25.720
40.190,26.670
41.650,27.227
41.051,28.165
42.113,27.906
43.440,27.555
43.727,27.187
44.854,28.072
45.223,28.403
44.471,27.906
44.490,29.215
43.090,28.512
36.109,26.689
28.235,25.420
36.909,24.141
37.696,25.659
38.799,26.465
38.124,26.317
39.436,26.634
39.505,26.654
40.901,26.486
41.574,26.710
40.629,26.411
39.282,25.820
38.742,26.295
39.704,26.745
40.711,26.842
40.077,26.277
40.211,26.014
40.919,27.244
40.456,28.622
42.625,28.255
46.553,29.014
44.400,30.344
45.194,31.749
43.527,30.306
39.721,29.572
37.792,29.286
39.816,27.638
33.292,27.571
35.937,26.450
36.415,26.909
38.649,26.088
39.102,26.243
37.518,26.887
40.756,29.067
41.753,30.820
31.612,25.685
30.135,25.309
29.659,25.759
29.476,25.082
29.545,24.927
32.328,25.105
32.702,25.430
35.604,26.161
35.718,25.648
38.222,27.066
37.483,25.968
35.468,26.348
34.909,27.168
28.748,25.827
27.610,24.807
29.007,24.896
34.817,24.784
29.126,24.557
29.853,24.705
33.054,24.857
34.793,24.302
29.346,24.549
27.780,23.894
25.582,24.266
31.132,24.260
27.843,24.377
24.647,23.740
26.599,23.324
29.595,23.397
29.326,23.714
31.859,24.480
31.183,25.122
29.631,24.598
29.367,24.521
25.715,24.896
28.828,24.416
27.174,24.186
30.390,24.166
29.400,24.519
32.091,24.201
30.636,23.550
31.668,24.542
28.062,24.014
29.888,22.606
24.899,23.855
25.037,23.936
25.906,23.598
24.971,23.620
28.478,23.469
28.516,23.014
25.496,22.580
26.717,22.746
28.284,22.266
28.265,23.138
29.110,22.493
31.637,22.308
25.053,21.893
29.966,22.546
30.185,22.935
32.359,23.758
32.681,22.789
34.110,23.227
30.182,23.437
27.471,22.921
29.501,22.733
30.914,23.198
32.888,21.966
30.866,22.552
32.224,22.472
32.948,21.695
28.010,24.329
34.845,24.278
34.760,23.804
36.524,24.300
35.711,24.807
33.457,22.531
33.433,23.829
33.654,22.972
31.583,24.080
31.466,23.789
31.657,24.244
31.875,24.253
31.978,23.063
31.438,23.922
33.281,23.576
35.371,24.453
35.979,22.922
36.479,25.287
36.972,23.918
37.813,21.997
36.799,19.628
35.508,20.738
34.247,20.745
33.318,18.947
33.900,19.646
33.877,18.979
35.243,18.489
34.612,18.553
34.166,17.393
33.554,18.174
34.168,23.873
33.598,25.460
36.627,21.599
35.976,20.878
35.981,20.193
35.826,18.580
34.499,19.243
34.715,18.285
34.122,19.274
36.455,21.132
34.539,23.822
35.198,20.892
34.506,19.037
34.998,20.661
34.609,21.503
33.761,19.810
33.806,19.619
34.036,19.897
34.063,19.806
33.056,19.480
33.363,19.304
32.705,19.414
33.778,18.510
33.897,17.311
30.166,19.709
31.905,18.072
33.975,17.621
34.370,16.796
32.791,18.500
31.999,18.460
32.277,18.050
31.836,17.014
31.729,17.806
31.513,17.804
31.701,17.224
32.094,16.183
31.417,14.427
31.435,16.515
31.226,16.998
31.479,14.920
31.238,15.273
30.206,16.193
28.930,13.722
29.070,13.106
28.611,12.688
29.259,14.214
26.264,14.717
30.324,13.871
30.207,14.619
28.817,14.589
30.753,15.262
31.342,15.098
25.688,16.283
29.568,19.037
29.137,14.944
29.251,12.662
29.189,14.927
28.916,10.493
27.588,12.777
27.236,12.895
28.814,12.987
30.272,14.858
30.795,14.754
31.540,15.736
31.805,17.491
30.691,13.610
30.193,14.535
29.859,13.724
30.164,13.638
29.199,14.376
29.816,15.417
30.853,16.387
28.344,15.786
30.246,14.030
29.249,16.684
28.498,13.970
29.480,14.198
29.557,13.299
27.497,9.851
27.294,12.677
26.797,11.129
26.341,10.983
26.899,10.097
26.444,12.559
27.148,12.133
26.748,12.315
28.357,13.513
29.344,12.661
28.898,12.907
28.099,14.114
27.285,12.347
27.588,13.016
27.749,12.289
28.143,11.657
29.236,13.210
27.449,12.456
29.691,13.636
29.843,12.688
27.680,10.864
28.472,10.969
29.022,12.591
29.286,13.302
31.195,14.651
32.230,15.919
32.731,14.937
32.311,15.237
33.627,17.214
34.047,21.640
32.517,17.802
32.210,17.431
32.751,16.535
33.298,15.795
32.554,15.402
32.300,13.224
32.220,14.430
30.801,13.829
32.666,13.884
31.866,17.187
32.465,18.279
30.345,18.086
29.008,13.228
28.305,10.175
26.806,13.919
27.638,12.419
29.019,11.714
29.573,11.924
29.161,12.261
30.469,13.665
33.022,15.991
33.143,17.465
34.677,17.013
34.681,18.241
34.125,18.954
32.719,20.436
32.909,15.990
32.822,16.668
34.447,12.570
33.858,15.790
32.008,17.937
32.103,16.568
31.889,15.130
35.494,17.738
35.357,19.071
33.767,17.775
33.403,16.823
34.304,16.429
33.999,13.030
33.436,16.497
36.475,18.432
34.756,18.323
32.235,17.424
33.148,16.256
34.604,17.171
36.425,18.032
38.066,19.141
39.179,16.782
38.404,22.553
36.587,20.833
34.697,20.392
35.925,14.935
37.017,19.240
36.924,19.803
37.504,19.907
40.605,20.388
40.816,22.868
40.848,19.738
41.877,20.066
41.902,23.167
41.721,22.131
39.034,22.197
39.839,19.276
40.319,21.266
42.036,22.309
42.120,21.288
43.180,21.406
42.556,22.113
39.996,20.856
40.630,20.509
42.352,19.059
41.747,22.753
41.274,22.126
41.590,18.983
42.251,19.388
42.386,26.636
44.280,27.540
44.480,25.247
46.207,27.068
43.196,26.253
41.873,26.412
41.179,26.090
41.209,22.205
40.982,20.589
41.508,21.640
42.538,23.415
43.290,24.488
43.088,22.449
43.696,25.859
43.403,26.810
43.777,27.111
45.060,25.658
45.683,27.952
44.793,27.621
44.223,25.575
44.562,24.887
41.568,27.728
42.857,26.664
43.421,26.109
44.203,25.078
44.377,24.517
43.297,25.885
42.470,26.210
42.282,25.010
41.701,25.470
41.187,24.835
41.814,25.434
41.931,25.769
42.684,25.633
42.033,26.017
40.279,26.385
38.846,26.142
40.971,24.591
41.279,23.702
41.545,25.982
40.839,23.678
41.488,24.956
41.752,26.608
41.357,25.611
37.524,28.273
39.159,24.741
41.370,27.255
42.917,30.418
43.344,26.714
32.497,28.400
33.233,26.761
35.149,25.744
38.554,27.497
42.172,29.380
42.964,28.994
42.546,28.822
42.372,27.369
42.199,27.785
42.674,28.190
43.154,28.678
40.778,29.224
40.488,28.848
38.471,27.347
39.791,28.612
38.706,27.611
40.518,28.297
41.206,27.550
39.901,26.511
41.049,28.457
41.345,31.142
33.463,28.015
28.566,25.787
30.975,24.542
32.858,25.759
35.990,24.738
33.155,26.872
36.126,27.219
37.688,28.137
32.282,27.997
28.247,25.554
28.119,23.926
30.504,24.564
29.806,25.391
31.778,25.246
32.793,25.774
31.533,25.219
26.822,24.355
30.571,24.627
31.660,24.618
31.485,25.309
32.527,25.162
33.677,25.279
32.665,26.034
28.017,24.946
34.397,24.626
35.049,25.208
34.895,24.776
35.558,24.760
36.394,25.309
33.599,25.375
33.630,25.404
30.993,25.133
34.222,24.481
36.158,25.367
32.073,25.683
33.706,24.922
32.167,24.706
32.751,24.890
32.664,24.797
30.639,25.381
29.029,25.247
28.826,24.854
29.052,24.659
32.085,24.233
30.891,25.704
33.058,24.661
26.612,24.423
28.524,24.397
28.710,23.871
26.424,23.725
26.254,24.048
25.443,24.057
26.528,23.785
28.973,24.180
25.967,24.579
29.137,23.644
32.403,22.959
31.389,22.907
25.854,24.238
30.270,23.853
29.395,23.769
31.877,23.664
33.088,22.578
32.186,25.481
32.881,24.936
33.923,24.753
31.290,24.363
31.572,24.652
29.406,24.822
31.730,24.833
32.284,24.832
30.695,25.560
30.401,25.794
31.365,25.277
27.509,24.683
29.621,24.103
31.740,23.614
28.368,23.373
31.692,22.653
30.832,22.386
32.606,21.660
32.513,21.843
33.104,21.289
32.930,22.314
33.688,22.650
35.976,22.225
34.722,26.095
35.506,23.420
36.101,26.111
34.463,25.616
35.525,24.169
32.281,23.182
29.176,23.804
33.665,23.425
34.934,23.422
34.396,24.592
34.936,22.943
33.575,23.941
35.337,22.556
34.789,24.493
35.041,19.694
34.766,17.246
33.520,17.335
34.857,17.526
34.153,17.276
34.003,15.063
31.590,18.724
33.698,19.302
33.339,20.002
33.005,18.832
34.371,24.102
35.076,18.345
35.354,17.182
35.732,16.211
34.766,18.154
34.679,15.177
35.548,15.571
34.751,14.887
35.032,15.733
34.371,14.296
34.330,15.075
36.023,17.902
35.195,17.225
34.740,20.417
34.739,19.913
35.275,19.988
35.968,19.283
35.082,19.499
34.611,20.334
34.080,20.799
35.286,21.942
35.305,21.124
35.359,20.221
35.527,20.911
36.679,20.056
35.843,17.019
36.218,17.194
35.792,18.100
35.562,19.622
34.219,18.079
34.705,15.614
33.667,15.719
33.634,16.326
33.164,16.776
33.000,16.100
33.216,17.342
33.667,16.755
31.376,15.974
31.569,15.445
32.624,16.372
32.480,12.885
32.574,15.240
33.373,15.857
32.617,15.902
31.755,15.065
31.894,15.822
30.531,13.917
30.832,11.251
30.406,13.573
30.115,15.016
29.707,17.494
29.623,14.938
29.471,17.220
29.141,16.130
29.054,15.121
28.609,16.184
29.581,15.320
28.859,13.240
28.399,12.824
29.567,13.853
28.926,11.771
27.494,14.161
27.609,12.583
26.337,13.763
26.432,13.345
27.755,12.759
27.883,13.840
29.590,13.722
28.737,12.864
30.716,14.242
32.649,15.693
32.274,15.053
33.321,18.790
31.241,15.463
30.687,17.849
30.099,14.961
29.190,13.857
27.837,15.077
27.755,10.910
27.965,10.935
28.014,13.174
27.380,12.381
27.487,12.523
27.679,13.024
28.831,12.695
29.249,14.414
31.013,14.129
31.327,15.923
30.541,12.544
30.605,10.364
28.409,14.236
26.485,12.578
28.816,13.231
28.629,12.450
29.805,14.767
30.368,14.850
32.177,14.862
31.234,14.798
27.478,11.235
26.800,8.505
27.181,8.875
25.525,9.759
26.497,11.376
26.167,8.885
24.721,8.927
25.486,6.757
23.810,6.669
24.044,8.997
26.390,8.887
27.474,11.550
24.849,8.218
25.293,9.241
25.573,8.458
28.175,9.275
24.875,12.332
23.734,4.476
23.377,6.017
22.707,6.613
21.596,6.141
22.967,5.757
24.033,7.709
26.147,7.863
27.583,9.266
28.351,10.121
28.207,10.476
30.378,11.837
32.852,13.139
33.161,14.184
33.719,14.164
34.060,14.119
33.967,15.578
34.161,15.175
34.157,14.703
33.718,13.384
32.765,12.119
31.963,10.475
33.905,15.058
35.121,15.516
34.683,16.762
37.719,14.964
38.279,17.193
36.561,13.715
36.380,13.193
35.827,13.101
36.529,13.430
37.072,13.209
37.510,13.061
37.360,16.060
37.032,17.029
37.463,18.655
38.408,21.569
36.124,22.709
36.431,23.342
36.040,21.262
39.079,19.932
37.424,20.670
39.458,21.315
38.915,18.748
39.169,16.464
37.843,17.086
38.382,14.526
39.574,20.322
40.020,21.518
40.272,22.209
40.263,22.889
36.914,23.767
38.816,18.530
38.955,22.755
40.135,19.364
40.083,19.444
35.406,22.109
37.288,17.532
37.522,17.088
37.362,17.300
35.983,17.567
34.792,19.074
34.964,16.917
39.064,19.556
35.385,23.132
38.445,22.292
40.434,20.913
40.744,26.819
40.845,24.571
41.749,22.161
40.997,22.456
39.503,21.905
40.351,20.754
39.892,21.518
42.699,22.344
42.941,23.902
41.268,19.408
41.096,22.670
41.114,22.798
42.478,27.461
42.835,24.280
43.673,25.654
43.908,26.781
44.686,26.060
42.745,25.107
43.403,22.805
41.519,21.730
41.769,21.744
40.691,23.758
41.722,22.888
42.265,22.286
41.590,21.520
40.503,22.340
39.969,23.486
40.871,24.249
41.494,24.775
39.568,26.263
40.253,23.690
41.490,24.257
41.910,23.539
42.341,24.203
42.087,25.964
41.444,25.060
40.802,24.617
41.417,25.356
41.028,25.280
41.262,25.198
40.940,25.247
40.563,24.753
40.888,25.831
41.952,25.327
41.868,25.144
42.541,23.793
42.252,25.405
42.379,27.075
42.666,26.350
42.552,26.058
41.651,25.600
42.167,26.320
41.702,26.354
42.345,27.959
41.902,27.921
42.204,28.865
40.027,28.941
36.504,27.372
40.102,26.447
39.705,27.441
37.380,27.584
35.734,27.006
39.374,26.790
29.545,24.751
34.532,23.945
32.910,25.636
36.550,24.690
38.467,26.529
34.550,27.787
39.404,26.607
35.684,26.884
32.223,27.655
37.401,26.414
40.653,27.224
40.048,27.139
40.642,27.916
37.735,27.979
37.873,28.267
33.519,27.555
37.536,25.970
35.559,27.012
32.186,27.213
33.678,26.259
35.847,25.347
34.806,25.846
35.513,25.490
37.391,25.945
37.609,26.415
31.029,26.442
33.153,26.542
27.497,25.419
33.431,24.786
28.688,24.820
30.784,23.695
30.530,24.696
30.731,24.957
35.014,24.934
34.782,25.536
36.329,24.561
35.628,26.223
35.725,26.688
35.955,27.438
36.853,26.862
35.369,27.448
35.888,26.194
36.815,26.189
36.385,27.182
32.175,26.005
29.893,24.908
30.184,24.139
37.291,22.742
33.071,25.418
31.282,25.223
30.882,24.807
25.863,24.432
31.561,23.913
32.448,24.048
31.285,24.687
30.664,24.344
27.051,23.646
26.878,24.125
28.657,24.393
31.442,24.745
31.520,24.810
26.322,24.417
27.404,23.912
25.626,23.974
30.217,23.663
29.191,24.115
29.969,23.470
27.448,22.244
30.890,22.450
30.956,21.832
31.155,22.412
30.693,20.434
32.190,21.527
33.971,23.204
32.497,23.673
34.965,24.666
27.647,23.982
33.055,22.218
32.603,23.309
33.550,21.827
33.323,21.306
33.529,21.308
36.254,23.336
36.257,24.546
35.473,24.123
35.146,24.102
32.072,23.148
33.813,22.872
37.554,21.021
36.697,21.445
37.220,23.519
33.247,25.423
31.829,25.196
34.173,24.283
31.503,24.749
31.805,23.283
32.086,22.865
29.407,23.830
30.168,24.553
34.173,23.645
35.207,21.771
33.512,22.754
32.347,21.934
32.698,21.524
33.847,22.170
33.744,21.118
33.053,20.162
32.902,19.647
32.756,20.085
32.955,18.345
33.344,18.879
34.252,21.606
35.530,22.051
37.943,23.590
36.878,25.417
37.318,24.145
35.576,20.707
33.829,21.704
34.187,20.114
34.152,19.940
35.685,24.765
37.973,25.253
37.630,21.623
37.895,19.196
37.495,22.527
36.595,19.267
36.208,22.048
36.743,23.976
37.050,23.237
35.279,21.057
36.415,19.784
35.642,16.840
36.784,19.527
35.440,19.524
36.290,17.928
35.057,16.849
36.159,18.791
35.807,15.980
35.154,16.488
34.560,16.315
34.352,16.344
34.681,18.750
34.663,18.548
35.369,17.962
34.734,14.994
34.852,16.663
34.195,15.261
34.968,18.027
34.630,17.122
35.514,17.650
34.692,17.872
35.260,17.776
34.055,17.714
32.467,15.421
32.632,16.677
32.487,15.623
32.757,17.789
31.740,18.587
32.509,17.970
26.935,22.630
29.869,20.305
32.003,17.957
30.962,17.049
30.710,15.824
31.410,15.112
31.352,14.602
30.904,14.205
31.271,14.727
32.007,16.245
30.956,16.910
31.725,17.252
31.838,20.524
25.352,18.407
31.341,19.484
32.692,19.889
33.163,19.387
34.021,19.732
33.564,20.810
33.106,21.328
32.514,18.311
32.312,17.037
32.131,18.131
31.477,16.982
30.651,15.870
30.806,16.991
31.492,16.364
32.096,16.919
32.343,17.607
32.148,16.661
32.264,19.988
29.267,20.787
31.196,17.795
30.871,16.024
30.344,16.202
29.846,14.981
29.305,11.456
30.027,11.116
29.990,9.355
28.734,9.047
27.932,7.867
29.239,11.543
29.416,12.504
29.869,14.479
28.577,13.466
28.495,12.230
29.713,12.340
28.771,12.090
22.217,14.174
26.442,11.538
27.499,12.408
26.802,13.436
24.271,14.588
27.818,14.325
28.607,14.137
27.750,16.539
29.956,16.498
29.889,18.088
29.757,17.743
32.259,17.924
30.021,18.892
30.315,14.241
30.550,15.799
30.863,17.280
29.763,16.809
32.558,15.561
33.349,16.657
33.328,17.396
31.187,12.639
28.950,11.002
29.537,9.883
31.322,12.940
31.448,11.857
31.341,11.341
31.167,12.581
32.284,11.560
32.675,13.810
31.493,9.582
31.689,12.170
30.261,11.291
30.183,11.495
31.018,14.861
32.624,14.412
32.469,12.507
28.762,13.335
28.751,11.333
30.143,12.284
30.733,10.319
31.215,12.483
31.349,16.133
31.861,15.772
33.776,15.207
34.432,17.096
34.434,17.654
36.277,18.121
37.160,19.349
36.557,19.277
35.528,15.918
35.075,16.422
36.590,17.151
37.133,15.332
37.028,15.306
36.947,16.149
38.959,16.491
39.986,20.261
39.266,20.726
37.308,17.202
37.221,17.374
35.974,14.746
34.048,13.998
35.209,13.230
35.523,17.681
36.774,16.829
39.626,19.302
40.650,20.593
38.330,19.385
38.055,17.913
37.773,18.542
37.331,16.748
37.385,20.423
37.011,19.187
38.541,18.916
37.811,18.097
37.127,17.514
36.689,17.258
37.852,18.990
38.835,21.633
38.151,19.224
38.577,20.311
36.696,17.610
37.039,18.785
38.378,21.690
39.112,21.960
40.002,21.505
41.167,22.876
41.051,20.474
41.601,24.731
41.194,22.501
37.725,24.592
37.935,21.930
37.131,20.800
34.815,18.409
39.008,20.445
39.484,22.172
41.051,22.104
42.487,19.832
42.194,22.152
41.710,22.905
37.466,22.628
40.231,23.493
43.964,22.599
43.437,22.612
45.352,20.717
42.436,24.043
40.421,21.070
41.038,19.081
41.276,19.296
40.631,23.454
42.360,23.559
45.498,26.312
44.242,21.642
44.636,25.187
45.725,26.412
44.888,25.481
43.269,24.420
43.825,23.732
43.370,22.479
41.606,22.205
40.582,21.539
41.371,23.718
42.310,26.876
42.740,23.305
42.621,24.150
42.714,23.742
42.159,24.159
43.867,25.694
44.169,26.046
45.075,26.563
44.486,26.467
44.574,26.330
45.753,26.829
44.673,26.838
44.223,26.783
43.929,26.223
44.481,26.833
45.522,30.605
43.409,27.448
43.495,25.513
43.198,25.140
43.505,24.790
43.362,26.141
44.451,27.452
43.777,27.366
42.955,27.063
43.151,28.297
41.359,27.871
41.072,27.203
41.731,27.229
41.434,27.380
40.645,26.549
42.142,26.161
41.638,25.728
41.702,25.768
42.237,26.869
42.965,27.406
42.691,26.705
42.383,26.770
42.107,26.977
42.789,27.548
41.568,26.849
42.586,27.794
40.776,28.989
41.067,30.119
42.121,27.983
42.525,29.545
42.879,27.508
35.604,28.329
40.852,25.753
33.112,27.396
39.390,26.488
38.978,27.520
40.342,27.750
34.438,25.898
38.179,25.886
38.217,27.222
37.317,27.634
31.570,27.143
37.009,26.070
38.450,26.651
40.079,26.776
41.802,29.618
43.213,28.113
44.035,28.955
33.306,25.923
27.503,25.162
33.094,24.975
34.460,25.381
32.027,25.602
31.233,25.463
34.484,25.478
35.088,27.086
33.110,26.124
27.329,25.134
28.354,24.539
32.385,24.536
27.848,25.173
31.859,25.189
31.043,25.202
25.764,24.471
26.649,24.101
27.287,24.487
27.810,24.945
26.697,24.281
26.836,24.871
31.049,24.773
29.043,24.266
27.331,24.341
28.166,24.723
33.698,23.824
33.754,23.786
32.336,24.224
33.617,24.398
30.227,24.207
34.253,24.922
33.187,25.219
34.060,24.712
33.844,24.390
33.006,24.562
32.751,23.950
32.065,24.062
29.987,23.924
29.933,24.259
34.072,23.181
34.979,24.859
35.281,24.855
35.278,25.101
35.730,24.635
36.198,25.818
35.954,24.799
37.420,24.438
36.787,24.425
29.382,25.200
33.791,24.665
31.370,23.418
28.756,24.281
24.805,24.356
29.079,23.801
30.493,23.295
31.011,24.986
32.657,24.216
33.545,24.729
32.213,24.658
32.378,23.590
34.774,23.474
36.227,23.922
35.762,24.573
32.905,22.161
33.993,22.346
34.324,21.703
35.295,22.635
34.454,22.690
33.625,21.075
33.346,19.519
35.161,19.254
36.305,20.940
36.653,22.489
36.918,21.067
37.267,21.205
37.095,20.988
37.956,22.145
36.624,23.110
36.211,22.847
35.228,22.343
36.285,23.456
39.388,24.266
40.298,25.258
39.544,26.828
40.534,22.332
39.686,25.485
38.742,26.076
37.105,24.854
35.535,23.603
35.344,21.378
35.656,21.003
33.894,18.956
33.713,19.850
34.129,18.586
34.330,17.299
33.414,22.638
34.612,18.352
34.545,20.536
34.138,17.154
35.178,17.583
35.614,19.388
34.720,18.584
34.653,16.580
34.316,15.402
34.631,15.230
34.615,16.756
35.241,17.085
35.331,15.986
34.548,15.533
34.835,13.867
34.393,16.078
34.711,15.119
35.302,18.264
35.986,17.231
35.824,17.311
35.595,16.162
36.694,15.731
34.714,18.327
34.554,16.633
34.208,17.664
35.469,19.126
34.201,18.127
34.144,18.542
34.987,18.653
33.686,21.500
27.740,22.322
27.631,19.304
30.909,16.359
32.045,18.524
32.527,18.654
31.711,16.155
32.326,17.109
30.528,16.098
30.805,15.389
31.200,15.373
30.526,14.537
29.407,13.745
30.609,14.506
30.024,14.217
31.454,12.544
31.232,14.938
30.648,14.892
30.658,14.032
31.377,14.973
29.949,14.473
29.433,12.983
29.409,14.696
29.376,15.155
30.336,14.991
30.123,12.691
29.928,13.833
29.456,13.453
29.852,14.356
30.412,11.012
29.679,11.099
30.759,13.215
31.884,14.896
30.385,13.721
30.616,15.940
30.870,13.233
30.735,15.943
29.796,15.426
29.611,15.723
29.064,16.049
29.659,16.891
28.075,15.577
28.707,14.922
28.053,15.100
29.193,15.233
28.258,11.644
27.529,9.603
27.822,10.814
28.910,13.154
24.232,14.426
27.684,10.009
27.765,12.438
28.251,12.413
29.273,14.353
27.027,17.075
27.504,13.641
27.968,11.073
27.286,11.618
27.649,11.516
28.654,11.740
27.953,11.601
28.868,10.956
29.809,13.660
30.242,15.689
26.078,10.177
26.256,10.635
27.221,10.072
28.292,12.260
28.751,12.236
30.233,11.816
30.082,13.144
29.695,12.403
30.400,13.312
29.898,12.705
29.514,11.049
29.774,7.698
29.767,12.510
30.587,13.822
30.602,10.504
30.094,13.413
29.732,10.505
30.147,13.692
30.550,10.791
29.505,10.128
29.531,13.079
30.310,13.502
30.892,16.777
31.244,15.741
33.229,16.116
33.830,15.093
33.276,16.678
29.052,15.775
30.329,12.425
30.029,14.382
30.345,14.002
31.749,13.925
30.500,13.179
30.374,13.347
31.370,11.180
30.814,13.344
31.167,13.011
32.740,13.519
34.532,15.246
35.238,15.935
34.833,18.626
30.994,15.144
31.490,12.516
32.495,10.321
34.950,16.752
36.573,16.282
37.018,18.372
36.160,16.881
36.805,18.453
34.905,21.014
33.403,16.459
33.010,17.694
33.086,22.330
32.786,16.640
35.761,17.879
37.706,19.390
38.695,20.455
39.756,20.363
38.856,19.750
38.617,16.175
39.102,16.413
39.040,17.611
39.335,18.146
40.454,20.649
43.830,23.815
44.578,24.469
44.735,23.621
41.457,19.450
40.281,21.251
38.672,16.143
37.857,15.636
38.635,17.069
39.011,17.568
39.333,17.656
40.239,16.678
40.134,22.351
39.192,18.001
38.487,19.785
38.252,16.955
38.483,18.474
38.283,16.689
39.832,17.060
40.836,20.090
45.052,23.264
46.047,23.365
45.246,26.073
40.241,29.339
40.373,22.499
40.116,18.495
41.584,20.488
43.337,20.269
43.389,17.416
44.530,25.076
45.229,25.397
43.761,23.223
42.109,20.886
41.599,22.544
40.736,23.420
40.135,22.487
40.151,22.701
41.777,23.828
41.354,23.994
42.071,22.375
41.761,22.743
43.129,24.401
43.075,24.872
42.829,24.707
41.790,25.264
42.019,23.415
43.257,23.140
43.340,24.767
43.176,25.200
42.386,25.396
42.185,24.895
41.681,26.440
42.045,26.876
42.567,28.010
41.440,26.112
43.281,24.772
44.358,25.528
44.753,24.676
43.987,25.347
44.027,23.953
44.168,24.312
43.480,24.662
44.152,26.491
45.008,28.305
46.431,28.375
47.092,25.477
46.543,28.323
45.635,27.848
45.409,27.647
44.030,26.810
42.908,26.912
42.461,27.125
42.545,26.702
41.750,26.642
41.731,25.573
41.336,25.535
42.028,25.493
39.294,28.472
35.656,26.184
40.433,27.164
39.568,27.469
39.529,26.607
32.043,26.463
36.670,24.483
38.153,25.903
40.439,27.343
43.142,29.081
46.461,30.108
46.378,30.885
44.387,30.269
38.448,29.078
38.713,27.477
39.653,27.842
41.705,28.052
46.058,30.985
43.704,29.909
44.001,29.690
42.178,28.996
42.360,29.123
39.108,28.703
40.966,27.762
42.232,29.007
41.946,30.768
41.943,29.988
41.781,29.890
41.788,28.962
41.949,28.562
44.235,28.810
38.578,28.561
34.596,25.522
28.553,25.448
30.498,24.980
33.002,25.002
33.223,25.101
35.606,25.481
33.729,26.192
34.166,26.228
31.234,25.724
32.988,25.598
33.177,24.922
34.808,25.591
37.295,26.451
38.406,26.241
36.264,26.372
34.489,26.728
36.744,25.951
36.081,26.475
34.415,25.784
29.761,25.502
27.353,25.092
25.991,24.904
30.062,23.971
26.809,24.659
31.276,24.235
32.897,24.139
33.840,24.397
34.551,25.000
26.335,24.555
28.805,24.506
30.891,24.487
29.091,24.833
28.111,24.449
28.922,24.825
32.016,24.145
28.569,25.151
29.269,23.960
29.567,24.391
30.361,24.511
31.445,25.065
31.397,24.847
30.590,24.059
31.688,24.263
31.645,23.847
32.279,24.249
32.168,24.423
28.921,24.525
31.737,23.949
31.767,23.546
30.182,23.757
31.690,23.221
29.868,23.622
32.032,23.569
34.227,23.271
32.984,24.742
35.924,24.872
32.501,25.347
33.774,25.927
29.622,24.871
28.516,24.680
30.694,24.040
31.550,23.601
30.618,24.594
29.815,24.259
30.035,24.792
30.693,24.644
32.637,24.266
30.735,25.075
27.915,24.173
28.028,22.547
27.482,23.483
27.079,23.730
28.933,23.864
29.458,23.934
31.788,22.670
33.046,22.420
32.395,24.217
32.331,22.558
32.587,20.781
32.366,20.821
31.996,19.871
31.396,20.846
32.005,21.074
31.430,18.891
32.450,19.574
33.814,21.573
34.804,20.685
34.580,23.495
36.120,23.715
34.348,22.120
35.083,20.981
35.657,22.185
36.146,21.480
36.339,22.153
37.111,21.629
36.112,21.963
36.661,20.432
35.096,19.306
32.821,18.526
32.129,20.132
30.135,20.092
33.221,19.797
35.986,21.558
35.873,23.094
36.834,20.455
36.563,22.392
34.430,25.036
35.052,24.592
36.080,23.700
35.176,20.924
34.980,21.021
33.947,19.561
33.707,17.384
33.620,18.795
34.870,19.775
36.198,21.639
34.368,18.797
33.822,18.493
33.959,21.758
33.968,21.022
33.125,19.557
32.297,18.993
32.403,18.715
32.328,18.232
33.182,19.007
33.881,17.520
32.863,19.161
31.661,19.286
33.778,23.493
34.044,24.254
30.926,23.576
31.636,22.233
32.113,21.894
32.075,21.852
33.056,22.119
30.952,21.431
28.675,21.013
31.129,20.427
31.251,21.118
29.930,17.778
28.051,18.189
22.319,19.144
20.790,17.176
21.877,17.575
26.876,19.948
28.378,16.846
28.528,17.256
28.570,17.504
29.465,18.193
29.494,17.250
28.667,16.518
29.152,17.380
27.274,14.857
27.969,14.860
28.195,16.583
27.829,16.130
26.838,14.376
26.234,12.434
26.719,13.084
25.660,12.924
25.090,11.500
24.274,10.596
24.514,7.375
25.742,11.777
25.998,11.517
27.176,11.486
27.212,11.405
26.998,11.679
26.708,12.437
26.170,12.097
27.387,9.169
26.850,9.488
25.507,7.861
26.936,10.848
26.815,12.528
27.665,11.866
27.222,15.303
21.319,16.770
26.227,16.931
26.394,13.624
23.732,8.183
24.803,10.599
25.159,10.158
24.575,9.686
26.936,11.890
27.117,10.965
27.278,10.263
26.588,10.191
26.884,9.357
27.005,10.804
25.888,9.188
26.857,9.910
27.640,9.788
27.977,8.407
26.991,10.632
26.306,8.061
25.108,9.433
25.840,6.137
27.522,8.565
27.945,12.246
28.853,11.010
28.534,10.990
29.772,11.569
29.012,13.206
29.559,15.160
28.143,13.158
27.904,10.883
28.007,13.069
29.363,13.571
28.515,12.041
28.931,12.059
29.157,15.217
31.153,15.256
31.767,15.647
33.315,15.558
32.842,14.040
32.922,12.759
32.182,11.891
30.651,11.420
30.858,13.411
29.923,14.702
31.686,14.508
33.056,16.250
34.221,15.289
32.802,14.250
31.103,14.472
28.516,15.481
27.772,12.572
29.201,14.761
28.320,15.058
29.333,14.063
29.785,14.786
30.837,14.106
31.297,15.082
33.020,13.556
31.766,13.016
30.943,14.887
31.529,12.717
32.780,16.366
33.513,16.910
34.373,17.156
34.179,18.039
34.617,17.440
34.615,14.453
34.376,14.363
36.263,17.607
37.197,19.175
36.509,16.897
33.857,18.353
33.771,16.586
35.113,17.037
36.587,17.640
38.484,15.842
38.745,15.773
41.146,20.958
42.004,21.760
41.254,19.570
39.881,19.722
37.810,15.326
37.282,15.889
37.261,14.372
36.412,15.753
36.342,15.222
36.979,14.488
39.774,17.688
40.089,20.237
40.088,21.360
38.935,19.674
37.690,15.603
38.500,18.312
37.068,17.159
38.499,16.798
37.582,17.378
37.983,17.966
39.971,19.663
40.538,17.651
40.698,20.820
40.352,21.802
39.795,17.624
39.506,18.453
40.419,21.433
40.589,20.130
41.244,21.788
39.635,23.095
40.344,22.606
42.391,23.109
42.070,23.752
40.577,24.144
39.790,23.770
41.367,20.378
41.781,20.373
44.203,25.329
43.506,25.077
42.407,21.327
43.208,20.583
43.754,23.426
43.600,23.231
44.114,25.898
44.007,26.204
43.146,25.345
42.948,24.567
42.850,25.698
40.430,24.619
40.616,23.137
39.239,22.664
40.154,23.909
40.130,22.082
41.441,22.900
42.414,23.592
42.183,23.963
41.685,23.616
42.571,23.699
41.675,23.501
42.064,24.116
42.759,23.956
42.813,23.999
43.223,25.529
44.747,27.535
44.246,26.932
42.619,25.896
42.422,25.631
41.881,26.875
42.061,27.846
41.661,28.244
42.330,27.344
41.537,25.920
42.136,27.002
42.425,26.804
42.200,26.867
41.859,26.356
41.813,26.161
41.130,26.748
41.346,27.043
41.584,27.317
44.807,27.221
44.956,27.050
49.393,29.189
49.956,29.044
45.835,29.354
44.192,29.730
41.758,28.934
42.666,30.037
42.698,28.586
42.803,27.286
42.129,28.074
41.043,27.710
39.502,27.661
39.795,27.559
40.922,27.894
37.692,27.716
40.699,27.715
40.429,28.803
40.011,28.530
40.338,28.697
36.794,28.644
36.118,28.839
40.242,28.313
40.706,28.156
38.670,26.839
27.428,25.249
33.763,25.731
32.847,25.437
33.676,25.254
34.347,25.418
33.643,25.062
34.241,25.219
36.120,25.697
26.697,24.071
32.321,23.487
30.262,24.615
27.340,24.515
26.181,24.384
30.903,24.429
32.796,24.378
32.031,25.622
28.086,25.239
27.795,24.909
31.176,25.185
33.956,25.930
30.324,26.135
31.905,25.822
32.299,24.850
30.562,24.748
31.264,24.820
26.259,24.845
27.728,24.493
29.517,24.397
32.166,24.770
33.172,25.531
32.800,25.446
28.916,25.166
30.753,24.578
30.054,25.114
29.286,24.648
32.831,24.653
27.481,25.002
31.185,24.818
31.723,25.154
32.171,24.751
29.295,24.924
26.123,24.836
25.940,24.961
26.683,23.842
26.648,24.236
25.405,23.860
26.971,23.658
28.648,24.665
29.047,24.622
26.578,24.024
28.844,23.573
30.484,23.827
31.489,24.543
31.327,24.211
29.890,24.610
31.565,24.360
32.123,25.425
31.224,24.581
30.451,24.701
30.918,23.847
32.287,23.679
31.776,24.374
31.882,24.724
30.133,24.925
31.000,24.633
27.358,24.436
31.801,23.720
31.498,24.100
27.938,24.779
26.187,23.924
27.062,24.413
24.876,22.914
28.756,21.711
26.934,23.934
31.182,24.010
28.140,24.339
29.066,24.412
29.764,24.050
31.412,23.101
31.760,22.241
31.544,23.660
28.984,23.881
27.382,22.585
30.675,22.715
31.174,21.156
30.858,20.762
30.553,20.691
32.284,20.948
31.338,20.799
29.966,20.439
30.571,20.320
31.327,19.791
31.725,19.574
32.144,20.056
32.658,19.662
32.679,20.965
32.000,19.079
31.429,18.963
31.312,18.649
32.776,18.321
33.910,21.220
34.350,21.533
36.302,22.849
36.388,22.750
35.646,22.351
35.466,24.251
36.388,24.227
35.594,22.262
37.100,21.533
37.479,22.944
36.916,23.926
37.142,21.322
37.693,21.981
36.564,21.259
34.180,18.712
36.119,18.380
35.476,21.063
35.778,19.887
35.618,20.258
35.081,20.462
34.942,21.123
34.509,21.293
33.947,20.170
33.888,19.961
34.419,19.534
34.036,19.016
34.798,20.030
33.639,21.010
34.158,21.337
34.361,22.640
35.189,22.507
34.733,21.021
34.495,21.190
33.879,20.868
34.439,20.008
34.295,19.623
35.040,17.899
35.128,20.396
35.423,20.522
33.417,19.437
34.466,17.245
33.438,18.057
34.312,18.541
34.193,17.687
33.948,16.335
34.612,17.944
34.449,19.405
33.331,17.805
32.225,18.096
30.682,17.914
30.874,18.908
31.059,18.674
31.306,18.665
32.600,21.923
32.984,22.340
33.748,20.300
34.454,18.382
33.633,18.336
32.815,18.097
33.663,19.629
32.858,18.736
32.310,15.004
31.830,13.951
32.326,16.489
30.806,16.777
29.971,15.916
28.614,12.021
28.923,13.099
29.224,13.074
29.633,13.743
30.315,13.715
29.225,13.926
29.370,14.156
29.232,13.510
29.112,13.408
28.262,10.681
28.783,12.616
28.769,14.138
28.979,15.155
28.893,12.798
27.608,9.644
28.128,10.651
28.484,11.825
28.421,13.870
27.776,13.106
27.205,12.585
28.651,13.906
26.747,11.361
26.198,11.035
27.141,12.104
27.439,10.942
27.874,11.603
27.243,10.637
26.551,10.516
26.331,10.082
25.727,10.575
24.594,10.665
25.565,10.117
26.019,11.254
26.493,10.078
26.636,9.589
28.552,9.332
27.506,9.339
26.369,8.339
25.333,8.499
24.813,8.816
23.798,8.695
25.770,10.694
26.909,12.160
27.496,9.960
28.738,11.145
28.222,12.813
27.504,12.033
27.633,13.378
26.896,11.542
26.359,12.328
26.896,13.361
27.733,12.167
28.536,11.435
29.554,12.409
30.916,13.984
28.881,11.656
28.901,15.086
28.616,12.206
27.190,10.673
23.947,4.321
25.413,6.567
28.224,9.829
30.381,12.261
30.807,9.527
30.503,11.494
29.689,12.076
29.628,12.616
28.763,11.155
29.394,14.424
31.727,15.542
33.270,14.481
34.908,12.142
34.447,11.613
33.479,11.947
32.938,11.106
32.234,11.682
33.172,12.515
34.094,16.346
35.398,16.390
33.553,12.322
32.937,10.439
31.345,11.918
32.764,12.241
34.738,11.960
36.152,14.222
35.506,14.103
32.237,13.348
32.716,9.777
31.716,9.590
29.692,8.917
32.747,13.150
33.663,14.829
33.462,13.327
32.797,13.301
37.053,15.915
37.802,17.517
39.116,16.626
38.360,16.133
38.574,15.953
40.144,16.042
39.056,16.482
39.229,17.172
40.074,17.245
41.296,19.440
41.053,17.133
40.275,15.441
40.136,15.901
40.589,18.918
40.857,20.763
42.815,21.619
40.567,19.548
42.222,19.610
42.492,22.679
42.805,23.183
42.435,21.483
42.538,20.093
41.289,20.973
41.109,19.958
41.737,19.117
42.383,20.909
41.646,20.098
41.315,21.219
40.412,19.544
40.007,19.686
39.712,19.395
39.417,19.342
39.694,20.031
40.899,20.585
40.804,22.720
39.596,21.872
39.766,22.208
29.325,21.990
37.438,18.612
38.173,22.322
38.600,19.509
37.892,21.690
39.514,21.270
39.839,22.709
40.455,21.934
40.839,23.325
41.052,22.408
41.042,21.700
40.843,18.257
41.859,19.185
42.751,20.191
41.476,22.598
41.751,23.604
41.678,24.446
42.035,25.502
39.149,24.546
41.953,26.764
43.208,26.863
41.742,25.765
40.063,25.196
40.943,25.373
40.975,24.842
42.573,24.728
41.820,24.529
41.668,23.764
42.382,24.763
42.672,24.912
42.943,26.100
43.287,25.939
43.781,26.986
44.361,26.203
43.716,26.206
42.642,26.129
41.793,24.362
42.914,25.139
43.555,25.329
43.754,25.635
43.580,26.272
43.573,26.109
42.311,26.413
41.886,26.961
41.210,27.333
41.366,27.194
41.593,26.692
41.625,26.002
40.868,26.667
39.847,27.259
40.181,27.245
40.376,27.211
38.952,27.781
43.473,26.499
44.437,27.374
42.797,28.292
39.570,28.260
39.525,28.008
41.157,28.554
41.753,28.401
42.001,28.883
41.070,28.254
40.251,27.811
39.486,28.143
39.648,28.268
40.406,28.080
40.453,27.537
39.607,27.773
38.634,27.608
40.476,27.505
41.294,28.190
41.468,28.137
39.730,28.950
40.581,28.082
41.504,26.511
38.251,26.566
29.403,25.683
34.224,25.646
35.701,25.713
35.457,25.783
34.978,26.554
29.132,25.800
32.513,24.723
32.264,25.804
28.434,25.773
28.677,25.750
31.702,24.910
32.915,24.909
29.531,25.623
31.858,25.572
28.406,26.213
29.088,25.602
35.532,26.552
35.994,25.818
30.201,26.008
30.776,24.990
33.189,24.774
32.580,25.413
34.186,25.164
34.914,25.405
32.614,25.149
29.027,24.731
31.675,24.161
29.712,24.193
28.546,24.015
28.234,22.861
33.645,24.020
32.181,24.502
32.443,24.517
33.732,24.825
29.492,24.772
31.693,24.882
33.684,24.814
30.071,25.083
32.045,24.444
28.785,24.162
28.223,23.585
27.572,22.957
26.132,23.020
26.138,23.507
28.586,22.572
33.425,23.752
32.009,24.549
26.553,25.137
30.188,24.270
29.254,23.991
27.569,23.879
25.137,23.985
28.477,24.113
33.687,23.301
32.112,24.387
33.490,24.221
34.680,24.687
33.957,25.309
31.328,25.388
31.474,25.379
33.896,25.020
32.516,25.160
31.544,24.335
30.378,23.970
25.609,24.269
25.833,23.917
28.239,23.785
28.509,24.245
31.359,23.474
26.589,23.678
29.499,23.518
26.909,24.076
30.946,23.309
30.719,23.534
29.984,23.254
29.611,22.458
31.509,22.326
32.095,21.448
31.378,22.560
31.656,23.816
31.021,23.495
31.396,23.255
30.900,22.431
31.608,18.507
33.954,21.013
33.897,21.864
35.552,22.924
35.424,22.647
35.960,22.898
36.087,23.761
36.536,22.749
35.929,21.646
34.612,20.595
34.835,21.760
35.274,23.921
36.210,22.924
35.506,22.438
35.402,21.939
34.111,19.713
34.406,18.528
34.389,18.007
35.066,18.120
34.998,18.794
34.483,18.482
35.242,19.027
34.961,19.692
34.850,20.721
35.519,19.035
34.671,21.361
34.294,21.566
34.844,21.350
34.034,20.952
34.702,20.264
34.081,19.128
33.168,19.509
33.299,20.523
33.482,19.042
33.360,19.931
32.903,20.357
32.755,20.863
32.914,20.696
31.985,17.971
31.869,18.013
31.693,17.791
31.832,18.298
32.476,18.211
32.063,15.136
32.756,15.724
32.535,16.820
33.394,17.548
32.518,18.830
33.916,19.457
32.224,19.826
31.831,20.050
32.383,18.167
31.431,16.842
31.977,14.725
31.272,17.378
30.662,17.396
30.251,17.093
30.590,16.524
30.997,15.382
31.789,15.765
31.919,16.824
31.443,17.253
31.227,16.361
31.341,15.739
30.686,11.927
29.983,17.110
29.063,15.993
30.381,16.673
31.424,18.693
31.723,19.095
32.007,18.707
33.310,19.601
34.119,19.660
32.845,17.049
31.421,12.800
29.950,13.291
28.957,12.296
28.787,13.358
28.591,11.934
28.467,12.187
29.286,15.457
30.516,16.733
30.203,17.455
30.823,16.649
29.762,16.019
28.598,13.430
29.015,14.092
30.180,16.019
29.847,16.050
29.694,16.128
28.793,13.336
28.017,13.065
28.530,12.570
27.710,9.371
27.143,13.139
28.558,14.232
29.341,13.383
28.084,10.475
26.674,9.543
26.078,10.529
27.190,10.537
26.313,9.713
25.581,11.193
25.265,10.391
26.071,10.261
27.423,12.414
29.040,12.237
29.995,12.489
30.814,10.990
30.664,12.725
29.432,12.372
30.317,10.762
29.538,13.616
29.738,11.844
23.936,8.714
24.366,8.023
25.531,10.170
25.742,10.560
26.669,12.599
28.207,12.770
28.073,14.301
27.582,13.787
28.789,12.886
29.273,13.265
29.281,14.483
29.563,14.998
30.476,16.246
31.372,18.523
32.210,17.779
33.967,18.184
32.624,18.639
30.705,13.295
27.815,13.706
27.585,8.826
27.426,12.717
28.093,11.591
29.433,12.834
32.688,16.263
33.970,17.704
34.352,19.306
33.550,18.628
34.147,20.332
31.703,15.927
24.879,12.361
27.819,10.077
29.884,12.552
32.145,15.819
31.238,16.300
33.405,17.468
34.338,14.799
32.083,17.045
31.043,13.121
32.024,16.424
34.688,16.081
31.295,12.250
32.933,11.590
34.138,16.802
36.022,15.544
37.418,17.174
35.987,17.972
38.463,17.884
38.758,19.899
38.692,20.610
39.632,20.781
37.096,15.271
36.385,15.493
36.173,13.699
36.924,14.803
35.975,13.994
34.630,13.482
36.404,17.250
36.892,21.490
35.773,20.438
37.315,19.427
37.808,19.951
37.498,16.788
37.036,15.663
36.371,17.629
37.167,18.462
35.067,19.498
36.830,18.416
38.280,19.085
35.188,21.411
34.463,20.263
34.135,16.810
36.673,17.875
37.590,20.939
38.441,18.548
37.809,18.971
36.056,17.656
38.998,16.753
38.503,17.896
40.886,17.978
40.683,20.702
38.642,16.863
38.619,19.935
37.680,21.432
36.605,20.052
38.847,18.584
40.896,20.632
41.060,21.083
41.072,19.974
39.538,20.040
39.584,20.016
39.600,20.709
38.917,18.984
37.865,22.290
38.085,20.989
38.159,20.561
38.378,25.256
43.711,25.415
41.658,25.350
41.829,25.219
44.473,22.892
44.597,23.859
42.903,23.756
43.195,24.838
43.297,24.964
42.564,22.456
41.544,22.318
42.228,24.591
41.455,23.046
41.826,23.638
42.976,23.369
42.201,24.016
41.502,22.246
40.661,22.601
40.180,23.470
41.176,23.873
42.190,23.735
42.783,26.381
44.464,25.132
44.753,24.296
44.517,26.281
44.967,25.097
44.376,24.908
44.358,26.656
43.652,26.249
42.727,26.159
43.291,25.678
42.085,25.286
41.207,26.371
41.418,26.947
42.060,27.064
41.631,28.088
41.291,26.977
42.520,26.875
43.064,27.107
42.725,28.632
44.408,29.431
44.028,29.494
40.532,29.967
42.709,29.625
43.633,30.159
42.028,28.294
39.706,27.159
36.103,27.705
35.183,26.880
37.506,26.068
36.013,26.979
36.657,26.248
38.633,26.930
41.596,27.409
39.856,27.569
33.740,26.963
26.799,25.414
34.009,24.552
35.974,25.883
37.039,25.939
37.009,26.403
37.315,26.516
38.670,26.788
38.940,27.553
36.899,27.824
35.643,26.964
37.264,26.628
36.880,26.655
37.566,27.048
36.314,27.244
38.429,27.389
36.986,27.861
34.887,26.634
31.598,25.334
33.101,25.787
31.236,25.685
31.325,25.879
29.907,25.517
30.134,24.736
29.002,24.903
32.000,25.936
29.386,24.571
28.583,24.158
25.279,24.358
31.388,23.812
29.346,25.515
27.406,25.197
29.489,24.824
32.483,24.919
31.831,25.320
27.312,25.118
32.983,24.396
33.685,25.350
30.620,25.878
29.915,24.869
30.474,25.406
26.783,24.932
26.172,24.216
29.840,23.218
30.248,23.544
27.924,25.198
32.920,24.710
27.234,23.506
29.465,24.193
29.789,23.400
30.077,24.372
27.174,24.723
26.070,24.222
27.076,24.185
26.092,24.256
28.994,23.858
29.709,24.633
27.191,25.103
27.704,24.277
28.278,23.984
30.009,23.914
30.036,23.949
30.762,24.385
31.474,23.386
32.118,23.664
25.107,23.692
29.678,23.163
31.633,23.838
25.926,24.479
26.720,23.796
28.981,22.968
30.672,22.811
30.063,23.336
30.679,23.132
31.727,23.749
31.703,23.526
31.510,22.773
31.753,23.078
31.778,23.586
32.387,22.409
31.629,21.879
31.270,22.230
31.106,21.504
31.862,21.081
33.862,21.965
36.728,22.965
38.055,24.261
35.954,24.934
36.852,24.885
36.015,24.768
36.990,25.362
35.400,23.974
36.617,24.040
37.620,22.962
39.083,23.531
38.362,22.107
27.724,21.700
31.414,22.442
31.236,24.216
30.508,24.043
28.164,23.256
24.159,22.635
29.159,22.311
27.376,23.487
27.241,23.228
29.070,22.526
30.168,22.665
31.107,23.048
29.558,22.970
33.109,22.139
32.851,20.470
32.287,21.935
30.662,23.418
30.213,22.541
30.514,22.535
31.284,22.912
32.227,21.693
32.164,21.436
33.027,21.465
33.100,20.823
32.572,21.338
32.806,20.792
33.918,20.744
34.439,21.697
34.902,21.291
33.970,20.343
34.250,19.729
32.878,19.947
33.714,18.725
32.017,20.134
32.041,20.626
32.354,21.326
32.960,19.874
31.749,18.424
30.955,16.488
30.813,15.795
30.182,15.850
30.945,17.206
31.992,18.069
32.600,19.588
31.889,20.066
30.763,19.254
31.103,18.001
30.854,17.701
30.037,18.852
30.789,17.556
30.282,18.701
28.484,16.915
29.103,15.858
29.897,16.375
29.611,17.132
28.359,17.399
28.816,14.930
28.628,14.672
29.188,15.678
30.221,14.631
30.056,12.677
30.269,13.942
30.025,15.618
29.803,16.750
30.809,15.615
31.141,15.167
31.344,14.903
31.014,15.889
30.856,18.104
30.852,18.125
30.408,16.502
31.408,16.115
30.388,15.524
30.155,14.915
30.445,16.674
30.389,16.537
29.147,14.932
29.508,13.280
29.403,13.715
28.130,14.320
28.483,13.603
29.133,13.316
28.509,13.983
27.336,12.755
28.727,11.110
28.444,10.616
28.081,11.780
28.144,12.453
27.884,11.093
28.203,10.985
27.080,10.819
25.559,11.838
26.349,11.029
25.866,12.815
26.895,13.764
27.393,13.870
27.399,14.601
27.423,12.989
25.413,9.099
25.477,11.698
25.051,13.711
24.892,9.928
26.135,12.167
25.970,14.812
25.007,14.796
26.778,12.800
25.946,9.446
25.574,9.566
26.168,12.329
27.990,14.270
26.741,10.252
24.547,10.597
23.580,9.750
24.201,10.995
26.713,11.626
27.806,13.352
27.245,8.733
26.755,11.162
25.584,10.993
25.360,7.041
26.077,12.114
27.060,13.709
21.625,16.726
26.041,14.834
26.254,12.576
27.327,14.641
27.189,13.884
28.232,13.670
28.979,14.371
28.246,14.413
29.231,11.920
29.454,13.225
28.982,14.580
29.144,15.181
30.269,16.185
30.322,14.602
30.102,13.059
31.297,13.124
32.067,14.489
29.857,13.975
27.724,9.203
26.314,8.735
26.804,9.369
26.161,8.008
27.273,11.766
26.820,12.796
26.344,10.049
25.093,12.771
26.747,8.264
28.293,13.060
28.934,12.045
30.242,11.283
31.797,12.833
25.784,17.404
30.236,14.556
29.479,16.334
30.295,16.051
33.202,18.345
32.527,16.406
31.152,11.339
30.054,11.157
28.479,13.672
30.072,11.891
29.546,13.135
32.166,15.174
32.231,15.518
34.286,17.589
34.807,19.339
34.014,19.912
33.594,17.859
33.709,16.610
34.217,14.648
33.800,16.330
34.910,17.225
37.211,18.510
37.335,20.811
38.276,17.551
37.014,17.581
35.565,16.727
37.832,17.017
37.708,15.509
34.393,14.099
36.329,16.255
38.046,17.394
37.583,20.171
36.008,16.458
36.463,19.127
39.260,18.772
38.311,18.957
38.102,17.199
37.763,19.304
38.191,17.310
38.269,19.552
37.700,20.848
38.682,18.151
39.898,20.118
40.570,18.403
38.792,19.227
38.407,21.167
39.014,18.001
39.536,17.432
38.930,15.297
39.796,16.574
39.846,17.105
39.657,20.297
40.461,19.963
41.597,20.261
42.180,20.533
41.078,22.304
40.431,20.492
38.476,20.499
39.332,21.440
40.980,21.625
40.909,25.665
40.882,23.577
40.915,22.351
41.388,24.327
41.661,24.294
45.982,26.868
45.001,26.306
43.658,25.340
43.027,25.488
42.129,25.045
41.270,23.089
41.645,23.140
39.563,22.134
41.175,25.259
41.943,23.755
43.403,26.938
43.032,27.576
41.415,24.387
40.205,23.361
39.725,23.384
39.415,24.412
39.505,23.670
39.736,25.475
38.674,25.378
36.757,25.008
40.247,24.719
41.663,26.212
42.495,24.918
42.215,25.843
43.250,25.422
43.555,27.067
42.607,26.192
44.097,25.294
44.332,26.217
46.061,28.312
47.822,28.004
45.498,31.293
43.683,28.362
43.219,27.049
42.698,26.362
44.179,26.999
45.391,27.489
45.396,29.750
46.045,29.436
45.982,28.294
45.853,27.905
45.209,28.572
44.256,28.400
43.797,27.296
42.273,27.380
42.545,29.107
41.152,27.343
39.784,25.667
38.379,27.406
38.627,27.371
40.912,26.575
39.887,26.477
40.495,27.058
39.098,27.554
41.216,28.215
41.438,27.851
40.153,28.279
39.901,28.135
40.653,27.628
40.145,27.395
40.080,27.302
40.096,27.517
39.936,27.424
39.452,26.471
38.979,26.608
38.315,26.332
38.431,26.913
35.729,27.079
38.895,26.508
39.312,26.668
40.939,27.182
40.145,28.044
39.254,27.316
37.849,27.912
36.729,28.009
39.786,27.299
39.261,28.279
37.986,27.434
36.695,27.082
39.945,27.262
36.382,27.434
38.180,26.823
32.441,26.503
29.161,25.274
33.058,24.643
33.754,24.882
35.041,25.226
27.248,24.543
24.290,23.272
24.942,23.140
28.677,24.341
31.376,24.701
26.143,24.921
28.580,24.988
30.877,24.578
30.614,25.438
