20000101
30.870,14.269
30.117,14.587
30.706,13.803
29.474,13.119
29.195,12.021
29.796,12.267
30.427,13.001
31.333,9.765
31.615,9.323
32.921,12.534
32.800,13.172
30.024,11.702
26.887,12.135
26.268,10.222
25.672,8.956
26.040,8.990
28.575,10.945
31.979,14.404
32.518,11.270
31.647,9.917
27.500,10.889
29.312,11.093
30.702,11.074
30.812,11.628
32.082,11.541
31.704,12.633
28.930,15.624
28.687,12.427
31.401,11.774
32.614,13.249
30.496,8.732
29.523,11.568
29.638,12.587
28.915,8.646
28.285,12.333
25.281,11.962
27.677,10.533
28.623,12.441
30.121,13.213
29.266,13.292
28.926,10.389
26.458,11.184
26.450,9.661
28.060,11.232
27.888,11.845
29.317,11.136
31.763,13.346
30.492,11.605
30.404,10.995
31.062,13.909
32.763,17.051
32.149,16.705
32.895,16.559
31.889,18.421
30.060,20.799
31.821,16.644
31.914,13.598
34.241,11.771
35.260,15.245
37.058,14.591
37.573,17.906
35.974,18.416
35.708,17.282
33.315,15.041
33.977,13.603
33.413,15.616
30.548,13.719
32.661,17.045
35.323,15.508
35.284,14.978
36.581,16.079
34.297,16.892
32.589,15.732
34.393,16.485
34.171,14.707
34.511,16.588
35.050,15.825
36.196,12.882
36.440,15.379
37.320,17.485
37.020,16.260
35.908,16.985
35.377,18.061
35.764,19.517
37.124,19.834
40.250,20.767
40.832,22.152
40.093,20.552
40.197,21.683
41.130,22.530
40.975,23.057
41.204,26.459
42.367,23.161
42.610,16.867
42.409,18.290
42.468,17.981
42.612,19.008
41.367,19.881
40.553,23.341
42.306,20.741
42.425,21.682
43.238,21.858
43.564,22.881
43.355,23.728
41.513,21.208
42.140,21.186
42.169,20.987
42.371,21.633
42.181,21.220
43.301,23.627
42.401,23.019
41.564,23.886
41.290,23.974
41.683,24.576
41.505,24.252
42.848,24.377
43.740,24.956
43.576,24.810
43.417,25.749
43.286,26.141
43.079,26.442
42.670,24.560
44.304,24.296
44.183,24.522
43.395,24.076
44.437,23.642
43.968,28.385
43.928,26.065
43.213,26.704
42.826,26.573
42.767,26.704
41.880,28.361
39.783,28.371
38.286,24.749
39.564,25.310
40.565,26.789
40.937,27.109
40.252,26.148
42.724,26.523
40.629,26.464
39.835,27.400
42.322,26.698
43.303,28.245
42.464,28.023
42.352,28.110
42.174,27.651
42.010,27.484
42.812,27.329
42.359,27.489
42.183,29.335
39.686,29.283
38.959,28.531
42.302,28.602
42.545,28.197
43.924,28.971
44.687,30.717
43.267,29.795
47.883,30.102
47.303,31.996
45.100,29.424
44.617,29.416
43.108,28.284
42.525,27.847
42.676,28.024
40.806,28.592
40.967,28.406
40.934,27.822
42.239,27.886
42.262,27.234
42.855,26.481
43.219,27.276
42.618,27.924
41.142,28.392
39.279,27.601
40.577,27.537
40.164,26.769
40.162,26.991
40.042,26.605
40.376,27.157
40.462,28.025
41.182,28.025
41.245,29.015
36.958,27.612
31.006,26.435
38.948,25.492
34.097,27.118
37.840,26.579
39.600,27.500
37.953,27.943
33.172,27.344
31.836,27.738
35.553,26.341
33.434,26.840
35.515,27.057
34.924,27.274
28.787,24.938
25.658,24.261
29.452,24.227
31.273,24.048
34.461,24.727
32.697,24.979
35.282,24.584
28.419,24.786
30.858,24.247
33.871,24.382
35.891,24.080
35.326,24.240
37.158,24.326
38.110,25.084
38.321,25.145
32.132,26.805
33.222,26.662
36.978,25.762
36.863,26.675
36.671,26.112
33.660,24.998
35.243,24.648
37.366,24.550
37.804,25.608
38.595,25.251
37.905,27.031
38.139,27.352
38.038,27.520
34.979,25.900
34.788,27.099
31.315,25.270
30.560,24.241
30.282,24.637
32.134,23.712
27.363,25.047
33.149,24.688
28.444,23.424
25.692,23.842
27.914,23.647
32.690,23.465
39.162,24.985
35.927,25.778
37.955,27.758
36.634,27.300
34.955,25.256
33.522,25.460
34.821,25.313
33.009,25.654
27.884,25.420
29.621,24.472
33.084,25.301
36.195,24.841
33.851,24.166
28.842,24.546
35.225,22.402
32.434,23.560
35.531,21.238
35.389,22.737
35.838,22.979
35.239,22.029
35.423,20.928
35.940,21.418
37.354,22.585
36.442,22.675
34.458,22.258
36.489,21.003
35.159,20.704
36.094,21.670
36.812,20.797
40.809,23.441
39.465,23.016
36.527,25.290
39.236,25.586
39.171,22.431
38.965,24.074
39.370,21.959
41.420,25.457
39.802,23.468
40.146,20.369
41.212,22.512
40.350,23.217
41.231,25.533
40.389,22.507
41.724,21.786
39.939,20.714
39.598,22.390
38.376,26.170
36.420,20.602
41.676,21.708
40.083,23.808
38.867,23.433
38.644,23.526
38.081,23.753
39.180,18.551
40.211,20.949
41.120,20.905
40.253,21.242
40.063,21.539
40.672,19.136
39.735,19.015
37.956,16.039
36.823,15.274
36.007,16.504
36.737,18.543
37.593,18.785
38.126,21.503
38.819,20.837
37.812,19.838
38.140,18.823
36.982,16.956
36.668,18.668
36.254,20.422
35.828,19.276
36.919,19.925
36.366,19.140
34.804,18.006
34.672,16.490
35.330,18.956
36.049,21.561
37.438,22.399
37.319,21.225
35.170,19.310
35.315,16.677
35.887,21.329
35.092,19.872
35.278,20.433
34.336,18.689
34.484,17.563
32.640,15.231
33.044,14.779
32.885,14.831
33.791,15.789
33.448,13.071
34.258,18.373
33.120,18.140
32.898,17.729
31.628,15.536
31.065,17.533
29.955,15.640
30.380,14.054
29.366,14.016
29.785,13.377
30.230,13.180
32.083,13.805
32.625,13.241
33.298,14.938
33.552,17.099
33.238,16.275
33.565,16.349
32.053,13.675
31.822,12.341
31.550,12.796
32.200,13.589
32.275,15.353
32.110,15.516
32.347,15.058
32.199,14.577
31.785,15.085
30.502,15.049
30.334,13.816
31.418,14.262
32.339,14.818
31.492,13.960
32.434,14.617
32.333,13.951
32.386,15.307
31.713,13.968
30.339,12.724
31.262,14.167
22.037,14.761
25.921,13.050
25.626,6.721
26.406,8.280
27.776,11.759
27.380,11.411
27.753,12.053
30.006,12.320
28.494,13.353
26.595,9.629
27.138,10.627
28.693,11.839
29.439,13.372
29.453,10.130
29.677,12.082
30.173,12.632
30.073,13.852
31.102,15.388
31.997,16.501
32.092,14.576
32.834,12.690
32.576,15.044
29.480,13.951
28.460,11.324
29.034,9.937
30.006,10.512
30.390,10.403
31.473,11.851
32.713,13.100
32.793,14.896
32.055,11.815
30.700,14.485
30.915,13.043
31.872,11.685
30.906,11.663
29.722,8.802
30.045,9.215
30.380,7.674
31.245,10.251
32.070,10.511
33.533,13.198
33.909,13.762
32.390,13.111
32.499,12.094
34.484,13.695
36.002,18.907
30.484,12.881
29.747,12.610
32.071,12.931
32.928,15.295
34.698,16.999
35.553,17.495
36.006,17.714
34.161,15.028
35.404,14.763
36.664,17.669
35.648,16.835
34.395,15.771
34.175,18.050
34.179,16.875
33.799,15.555
34.298,18.648
33.403,18.739
34.729,17.466
35.130,21.066
34.034,17.637
34.442,17.793
35.812,13.928
37.205,16.198
38.032,19.125
38.927,20.462
36.782,19.738
34.638,19.971
35.303,14.705
36.322,16.430
36.590,20.345
38.452,22.391
37.825,18.927
39.342,16.879
39.245,22.440
37.148,21.260
36.675,16.529
36.711,21.661
36.362,24.641
37.414,19.786
37.931,21.256
37.790,21.614
38.458,21.957
36.334,22.099
34.793,16.890
34.814,16.750
36.084,18.025
37.569,21.949
40.182,20.919
40.131,20.177
40.729,16.201
41.322,18.824
41.130,17.065
41.272,21.286
40.964,22.924
39.852,19.617
39.672,17.758
39.158,19.432
38.738,20.792
38.127,24.445
38.901,23.752
37.469,24.936
38.254,21.760
36.504,25.370
37.095,21.661
36.463,23.089
39.502,21.950
40.266,20.514
41.640,19.861
44.003,22.308
44.180,24.898
43.574,25.727
43.041,22.714
42.059,23.484
42.165,23.299
43.400,22.981
44.018,24.252
45.219,25.405
44.051,25.647
44.173,25.243
44.803,24.974
45.079,24.807
44.794,24.972
43.821,24.898
42.624,24.143
41.689,25.965
42.881,26.306
42.678,25.111
43.592,25.315
43.700,25.217
42.548,24.558
41.792,25.301
41.743,26.821
40.975,26.610
40.136,26.553
39.439,26.441
40.677,26.780
41.919,27.034
42.103,27.865
44.178,27.913
44.916,29.094
43.516,29.400
41.365,28.233
41.432,27.368
41.414,27.888
36.884,26.660
35.031,26.423
36.408,26.503
37.746,26.842
37.798,26.881
37.286,27.101
38.111,27.159
39.034,27.394
38.501,27.488
41.383,27.727
41.320,28.327
41.800,28.269
40.103,29.263
38.193,27.017
38.007,26.554
39.633,26.617
33.720,26.768
34.754,26.049
33.031,25.882
35.257,24.816
38.026,26.261
40.217,26.942
39.407,27.254
39.661,26.738
40.181,26.245
41.154,27.271
40.971,27.833
40.787,27.324
40.399,27.543
40.026,27.004
38.880,26.860
38.783,27.143
38.234,27.513
35.880,28.554
34.551,27.192
36.800,26.486
26.839,25.233
30.530,25.158
35.106,24.552
36.628,25.248
33.155,26.510
33.188,26.561
34.482,25.226
28.169,24.439
31.160,24.707
30.880,24.716
32.814,24.394
28.318,25.369
27.850,25.506
27.084,24.949
27.611,25.037
31.093,25.469
28.234,25.255
30.434,24.485
32.184,24.661
29.675,25.336
33.130,23.976
31.663,24.923
30.851,24.685
33.114,24.790
33.105,25.219
32.362,25.388
30.133,25.218
34.930,25.203
35.639,25.308
34.993,25.239
35.548,23.580
39.267,25.671
34.194,26.096
34.942,24.722
31.461,26.327
30.710,25.706
31.985,25.258
33.169,24.971
31.623,26.159
33.057,24.742
31.095,25.242
34.482,25.102
34.150,25.518
30.804,24.980
24.623,23.679
33.641,23.486
33.976,22.604
33.861,23.778
35.378,23.716
33.894,24.502
33.279,23.858
34.658,24.169
33.506,24.170
34.243,23.461
35.282,23.245
35.371,23.503
34.476,23.766
34.222,22.885
35.926,22.521
37.027,24.210
36.450,23.677
36.983,23.582
37.072,24.092
36.555,24.362
35.883,23.656
36.186,23.210
34.827,22.332
36.739,22.350
35.845,23.056
36.324,23.238
37.052,22.593
36.696,22.856
36.397,22.753
40.130,22.073
40.086,22.753
36.955,23.970
37.349,23.712
37.925,22.530
35.889,26.174
37.029,25.540
41.379,28.289
37.963,25.574
39.223,23.678
40.050,27.586
38.224,26.709
40.517,26.043
41.977,21.659
41.148,21.800
42.869,22.504
41.055,21.117
37.716,22.717
36.433,24.203
37.703,23.144
39.855,24.107
38.706,23.326
39.509,26.364
39.657,27.184
39.375,26.511
36.661,24.534
29.744,24.259
25.829,22.930
33.256,22.861
35.975,23.064
37.599,26.162
36.840,23.747
39.145,22.154
37.314,22.152
38.833,20.374
37.375,17.299
37.449,16.751
38.403,17.637
39.096,21.403
39.541,22.111
38.420,21.693
37.922,16.893
39.317,19.778
39.209,19.596
39.886,19.117
38.181,21.237
37.449,21.613
37.558,17.947
37.410,19.669
37.153,18.370
35.833,15.427
35.044,15.574
35.992,15.764
35.819,20.673
34.663,19.798
33.622,18.935
33.780,16.740
34.308,17.161
34.090,17.938
34.571,17.913
35.063,16.622
34.421,17.365
35.788,17.832
35.512,19.276
36.979,21.353
36.029,19.609
35.957,20.239
35.151,20.354
34.439,18.887
34.214,18.014
33.333,16.628
32.542,16.115
31.331,14.890
31.415,15.058
31.377,15.312
30.976,14.568
31.088,14.582
31.889,15.238
31.741,15.764
31.676,15.588
31.728,13.482
31.575,13.151
33.049,15.898
33.046,16.074
34.109,14.997
34.124,15.162
32.830,14.418
32.949,15.096
32.070,16.472
31.909,15.432
31.747,15.575
31.224,14.873
31.449,15.143
32.484,16.674
32.159,16.599
32.389,16.795
30.536,15.352
29.837,15.543
29.211,13.714
29.566,12.356
29.966,12.375
30.003,12.953
30.557,12.567
30.943,14.756
29.837,14.902
30.377,13.997
29.816,14.144
30.000,13.832
29.504,13.506
30.102,13.843
29.051,13.609
28.614,13.425
28.025,12.816
29.622,13.519
29.970,13.397
28.580,14.085
28.490,13.790
30.228,13.601
31.685,13.926
32.057,14.302
32.577,12.688
31.547,12.090
31.174,13.959
27.546,11.880
27.309,9.969
25.147,10.245
25.815,10.224
25.818,10.704
26.141,10.514
26.353,10.374
29.045,10.113
28.444,10.471
27.687,11.832
27.330,11.994
25.545,10.425
24.960,9.730
25.719,10.172
25.998,10.676
27.752,10.507
29.688,11.193
30.215,11.860
30.101,13.627
31.315,14.660
32.027,13.557
30.354,13.600
26.795,10.731
25.644,8.312
27.698,9.844
20.925,13.429
27.480,12.257
29.841,11.537
31.682,14.005
33.424,14.854
34.225,15.602
34.615,16.423
33.975,15.512
35.053,19.873
34.394,20.006
34.333,17.970
34.781,15.968
34.772,16.796
33.141,18.835
33.625,14.958
32.938,15.397
34.693,18.254
35.555,18.509
35.988,17.027
37.382,21.214
32.906,17.635
34.220,17.185
34.318,17.480
35.093,17.737
35.385,16.865
35.655,17.552
34.249,16.361
33.274,16.385
36.386,19.626
36.643,21.582
32.580,23.587
37.457,17.454
32.021,21.841
34.910,16.696
36.676,16.585
40.480,16.471
42.465,19.296
41.435,20.867
40.056,20.071
37.737,22.713
38.961,20.991
39.579,16.951
38.003,21.306
37.010,19.045
40.123,17.565
38.663,21.289
38.838,21.318
39.862,21.377
40.477,17.765
41.487,20.403
41.906,21.852
42.095,23.447
42.281,20.057
40.944,17.995
41.581,21.850
41.815,25.742
36.939,25.694
35.147,25.042
38.453,23.274
39.424,21.227
39.843,20.921
41.623,21.523
40.741,22.273
40.289,23.160
39.025,22.374
39.154,20.590
39.693,20.867
40.456,23.448
42.359,24.122
41.670,27.172
41.920,23.319
42.172,22.740
41.761,23.798
41.116,24.107
40.747,22.593
42.996,20.142
43.938,23.483
44.535,24.390
45.235,24.479
45.294,24.603
44.682,24.698
45.236,26.060
46.421,26.720
46.871,26.910
46.940,29.698
45.830,25.093
44.375,24.122
43.328,23.864
43.780,26.835
43.762,29.371
43.519,29.043
44.090,26.883
44.411,27.938
44.261,28.256
43.900,28.173
44.157,27.759
41.797,30.490
44.550,27.926
42.740,26.433
42.846,26.849
43.925,27.371
44.053,28.493
43.952,27.874
43.534,27.836
43.095,27.529
41.737,26.113
41.509,25.803
41.661,26.695
41.995,27.793
43.109,28.166
43.300,27.898
42.583,28.373
43.052,27.601
43.440,28.180
43.233,27.826
43.627,27.881
42.716,27.566
43.037,28.973
43.396,28.119
43.044,28.635
44.609,29.207
44.606,30.503
45.213,31.130
44.643,30.677
42.686,31.004
41.058,30.870
42.713,29.504
37.961,28.155
40.214,29.197
40.581,29.022
40.440,29.094
38.258,28.871
42.396,28.118
43.566,29.156
42.993,29.147
41.315,29.141
40.820,29.307
35.931,28.159
33.923,26.905
26.604,24.694
30.770,24.797
36.763,25.003
37.901,25.679
38.697,26.452
38.425,27.487
40.682,27.478
39.557,27.420
38.967,27.415
39.657,27.671
39.931,27.176
38.217,28.393
40.737,26.747
41.644,27.035
38.664,27.481
37.530,26.878
29.917,27.167
30.122,26.447
31.405,26.097
30.939,25.843
28.959,25.724
28.833,24.921
34.589,25.696
27.993,26.054
28.428,26.076
28.444,26.177
28.566,26.247
29.271,25.678
37.618,25.570
38.173,24.863
39.393,25.931
39.804,25.148
40.755,25.242
40.248,26.536
38.507,27.669
39.676,28.396
36.073,26.800
28.654,24.643
29.065,24.242
30.190,23.672
30.811,23.511
25.931,23.850
33.829,23.792
30.336,25.005
26.974,25.219
26.238,24.747
25.936,24.794
29.255,24.819
34.213,23.773
29.284,24.807
34.435,24.019
31.958,25.405
35.683,23.374
34.785,23.708
36.918,24.336
37.016,25.174
35.114,24.966
31.748,25.661
28.288,24.041
33.087,22.548
34.318,22.311
34.701,23.554
27.866,24.196
30.647,23.849
33.315,24.024
33.159,24.284
31.636,24.855
33.169,24.468
35.681,24.898
35.823,24.747
35.206,22.162
35.088,23.275
34.653,21.889
36.618,21.429
31.553,22.753
37.300,22.131
37.570,22.203
36.115,19.263
36.308,21.127
35.594,21.521
35.021,20.902
35.703,21.768
36.490,20.558
38.186,21.879
41.066,24.644
38.213,22.922
39.325,25.706
37.793,26.768
37.353,23.578
38.101,23.324
38.305,26.322
41.228,22.135
39.247,25.292
40.202,26.297
41.607,21.513
40.238,23.961
39.536,21.002
40.150,19.195
39.833,20.705
40.548,19.974
42.769,18.913
42.432,18.315
40.915,20.190
39.459,21.838
39.685,21.581
40.068,19.981
39.961,20.095
40.016,23.665
39.658,24.296
40.087,24.829
38.876,22.570
39.154,18.630
38.261,17.719
37.676,18.146
37.384,17.629
37.711,18.519
37.160,16.555
38.225,17.425
38.832,20.815
38.058,20.974
38.076,19.863
36.853,14.847
37.120,15.829
36.266,17.442
36.747,17.997
38.623,18.993
36.942,18.462
36.961,18.030
36.740,15.641
35.930,14.682
34.167,17.461
29.614,19.557
34.960,19.622
35.821,21.371
34.746,22.495
31.136,21.149
32.371,17.597
34.049,17.797
33.364,19.957
33.654,16.554
35.763,17.436
35.575,17.274
36.415,18.533
35.176,19.271
35.169,17.451
36.366,19.589
35.623,18.362
34.445,17.492
29.813,19.109
34.480,13.560
35.081,15.596
34.062,15.487
32.119,13.907
33.088,15.941
32.890,14.811
32.709,16.125
32.597,16.089
32.765,15.333
31.956,13.339
31.298,14.588
32.907,16.196
32.873,16.985
33.247,17.770
33.021,16.651
32.035,15.095
31.736,12.035
32.109,11.535
33.790,15.769
34.991,18.577
34.647,18.332
34.887,19.242
34.416,15.726
32.821,14.043
31.319,14.660
31.231,14.339
30.910,14.347
30.542,10.747
32.310,13.358
28.992,15.138
27.726,12.981
28.752,11.714
29.744,13.524
27.818,13.118
28.498,11.522
28.277,16.299
25.020,12.247
25.314,9.750
25.429,10.739
26.250,13.092
27.692,14.058
29.391,13.772
31.113,12.399
30.474,15.722
29.423,12.501
30.600,15.111
31.656,17.664
30.976,16.174
31.888,17.124
30.683,16.581
30.982,13.380
31.339,13.487
30.816,14.625
29.793,13.270
30.195,14.047
30.247,13.405
31.599,17.144
31.828,15.758
31.937,14.783
32.370,13.648
32.658,11.770
32.832,12.168
34.267,17.834
34.651,18.884
31.211,15.311
30.790,14.213
31.051,11.550
28.234,16.677
28.337,13.103
30.048,15.602
29.826,15.188
29.333,15.235
31.144,14.731
32.268,15.134
32.660,12.353
31.731,14.940
31.988,15.569
32.983,16.702
32.112,18.199
32.128,16.953
32.121,15.114
33.681,17.047
34.744,18.089
35.284,16.020
33.033,18.699
27.790,19.429
29.380,15.752
30.919,12.325
32.873,17.006
34.247,17.914
34.894,18.132
34.901,18.038
35.138,19.137
35.919,17.941
36.389,18.672
36.930,19.852
37.327,20.467
34.884,20.987
30.652,15.717
30.035,8.712
32.611,12.537
34.647,15.465
36.295,16.106
35.675,18.211
37.039,17.437
36.538,18.520
34.838,16.081
35.244,16.382
37.751,18.628
37.877,21.162
37.068,15.983
36.314,17.272
36.204,23.684
36.409,18.618
36.876,19.406
38.122,17.652
39.548,20.379
39.332,17.137
39.544,20.257
41.078,21.139
41.147,25.744
41.295,24.564
40.284,20.424
40.021,23.097
38.916,21.091
38.323,21.263
40.357,22.677
40.578,24.085
41.800,21.481
40.521,21.388
39.803,22.760
39.430,20.888
41.719,23.577
43.048,25.051
41.380,20.856
41.502,20.692
41.217,24.257
42.764,23.406
40.391,26.543
38.434,21.822
38.570,20.611
39.939,23.077
39.624,23.608
41.355,23.820
40.196,25.400
38.149,23.609
39.163,20.248
42.730,20.090
43.334,23.869
43.851,23.204
41.701,23.795
41.694,21.926
42.414,23.035
42.298,23.204
43.100,20.619
43.944,23.437
45.337,25.272
44.236,26.300
42.230,21.592
39.761,24.403
40.532,19.380
40.757,20.022
40.720,22.402
41.300,23.178
41.422,20.874
43.191,23.797
44.568,23.946
44.866,26.596
44.982,27.770
44.557,26.789
44.654,27.004
44.673,25.843
44.306,29.294
44.244,28.019
43.168,28.074
42.418,26.735
42.474,26.450
42.128,26.231
41.188,26.088
41.934,26.749
43.081,26.491
41.404,27.074
39.987,25.098
41.013,27.149
42.370,25.715
43.222,27.193
43.743,27.692
43.521,27.081
42.963,26.140
44.013,29.289
44.233,29.735
44.737,27.485
43.510,27.622
43.364,28.326
42.824,28.733
42.508,28.607
43.489,28.809
42.834,28.349
43.039,27.858
43.608,28.767
43.439,28.778
40.692,28.168
41.674,28.661
37.550,28.680
37.416,27.369
32.968,26.346
31.166,25.615
34.492,26.886
40.563,26.853
41.661,28.088
41.245,27.466
40.395,29.005
34.223,28.939
36.633,27.791
38.069,27.663
38.782,27.332
39.281,27.139
37.949,26.770
37.751,27.373
39.935,28.027
37.744,26.764
36.426,27.282
29.071,26.406
32.210,26.358
34.628,26.293
33.209,25.853
30.305,25.788
31.969,25.288
32.024,25.429
34.034,25.985
35.574,25.722
36.399,26.672
35.794,26.833
28.725,25.538
32.043,25.691
33.997,26.072
34.483,25.632
32.530,26.096
32.853,25.596
30.163,25.167
30.887,25.653
27.919,25.464
28.231,24.984
30.605,24.352
32.048,25.297
27.182,24.884
30.023,24.615
28.584,24.287
30.571,24.288
29.782,24.495
30.920,24.227
29.784,23.555
29.938,23.970
30.887,24.853
34.594,24.340
34.441,24.780
32.268,25.949
32.405,26.228
31.601,25.131
28.116,24.781
32.040,24.366
33.751,24.751
33.110,23.797
34.214,24.642
32.058,25.024
33.771,24.999
32.877,24.261
32.331,24.283
35.235,23.819
36.391,24.242
38.530,24.841
34.966,26.510
33.479,24.647
27.087,24.065
26.457,23.769
29.893,23.709
31.773,24.269
31.941,23.485
25.906,24.510
28.644,23.762
27.014,23.905
28.528,23.591
30.988,24.386
32.147,23.838
31.881,23.324
30.066,21.775
29.687,22.701
32.963,22.585
33.675,22.912
34.068,23.560
32.123,24.635
33.333,21.763
33.668,22.200
32.947,21.381
32.883,23.252
32.696,24.922
33.930,22.663
33.521,24.368
32.154,23.726
35.655,23.648
35.509,22.424
35.719,23.099
33.434,23.351
34.035,22.991
34.587,25.251
35.449,24.428
35.780,24.733
35.488,24.215
36.534,23.747
36.837,24.368
36.995,23.895
37.729,25.124
36.431,24.325
38.829,22.405
37.898,18.826
35.021,20.942
37.484,22.102
37.447,26.211
37.385,24.192
37.059,21.926
35.263,17.790
35.647,18.534
36.261,18.374
36.882,21.561
37.136,17.496
35.937,19.429
37.115,20.909
37.378,20.772
36.649,19.541
36.405,20.139
35.708,17.622
35.348,18.191
35.021,19.552
34.988,18.831
35.469,17.412
35.634,15.921
36.676,19.535
34.832,20.097
35.457,20.605
35.784,20.027
34.116,18.996
35.497,16.139
35.237,17.879
35.318,20.146
34.716,18.409
35.622,22.379
34.939,17.702
34.111,19.149
34.014,18.062
34.219,20.183
34.769,21.508
34.245,16.852
33.303,17.805
32.638,18.334
31.608,17.811
32.430,15.097
32.580,14.747
32.326,19.758
33.378,17.638
32.008,17.747
31.515,16.237
32.231,15.401
32.220,15.909
31.868,13.551
32.965,15.099
32.966,19.790
32.572,17.938
33.041,16.123
32.360,14.945
32.340,17.689
31.632,14.780
32.738,16.304
32.323,13.669
31.866,14.407
32.105,15.164
32.376,14.245
33.449,15.223
32.604,15.646
33.046,17.468
31.935,13.823
31.565,17.642
31.782,17.001
31.315,15.297
31.115,15.028
30.658,15.647
30.255,16.429
26.449,14.171
26.634,11.022
28.000,12.645
28.005,13.344
29.124,14.503
28.925,13.723
28.610,14.010
27.795,9.729
28.453,11.934
27.379,12.186
27.017,10.129
25.227,9.250
25.588,11.310
26.727,11.609
27.988,12.152
29.169,11.461
28.037,9.349
27.126,10.303
27.794,11.583
28.444,14.465
28.762,16.007
27.917,15.098
26.571,14.604
28.803,14.992
28.815,13.828
30.676,13.662
30.784,14.620
31.651,14.454
31.454,11.211
31.950,13.601
32.357,13.430
33.155,14.710
29.526,11.182
29.499,8.926
28.088,11.998
29.302,14.091
26.241,14.560
26.205,9.899
25.166,12.959
27.189,12.096
27.019,12.474
28.111,11.934
28.122,12.977
28.488,12.675
29.068,13.578
21.942,10.886
26.349,11.786
25.101,11.698
26.585,11.368
29.227,10.829
29.834,11.521
29.165,8.415
30.755,11.150
31.023,12.532
32.256,13.435
31.055,9.050
30.144,14.752
29.575,10.522
33.024,14.091
33.795,17.492
33.083,15.959
33.004,16.256
34.357,15.919
34.478,11.909
32.158,12.426
34.116,13.104
34.910,15.500
34.535,14.427
35.052,16.185
35.662,17.223
37.386,17.733
36.985,18.635
36.693,16.583
35.559,15.265
35.638,15.626
34.937,13.789
35.820,17.694
37.410,17.703
37.272,18.600
37.816,18.714
38.177,20.411
38.549,19.650
38.913,18.976
39.799,19.698
39.537,20.808
39.604,18.076
39.551,17.569
40.121,20.920
40.928,21.086
40.252,19.486
41.755,21.091
42.069,20.340
41.967,22.767
41.746,25.156
41.300,22.002
40.980,18.028
41.089,17.607
40.756,18.292
40.264,21.338
38.234,21.323
35.873,17.232
35.714,14.913
38.370,14.193
40.011,20.860
39.988,20.775
39.724,19.596
38.745,21.057
37.894,20.733
38.947,19.167
39.246,20.586
40.662,22.589
40.505,23.235
40.353,21.435
40.358,19.764
40.479,22.865
40.253,20.679
40.068,19.323
41.626,21.879
41.181,20.944
42.351,20.809
42.182,22.403
41.528,22.736
41.274,20.769
39.135,22.593
39.135,22.166
39.414,21.013
41.485,21.790
41.625,21.588
41.909,22.988
42.225,22.984
42.265,21.306
42.844,22.429
43.475,23.006
42.386,24.354
42.847,23.063
41.439,23.153
41.343,24.307
41.689,18.921
43.119,21.475
44.368,24.687
45.523,26.505
47.233,26.843
45.969,23.763
39.317,28.082
37.400,30.932
40.018,29.376
32.838,26.835
38.119,25.757
38.115,26.676
37.366,27.214
40.342,26.769
40.723,26.300
41.650,26.158
44.019,28.694
43.531,27.867
43.518,26.256
42.710,26.944
41.920,26.514
41.893,26.980
42.202,26.968
41.563,26.883
42.017,27.378
41.443,26.928
42.390,26.295
42.545,25.981
43.270,27.006
44.141,27.396
43.219,27.722
43.765,28.417
44.479,28.659
43.156,28.409
43.425,28.085
43.427,28.365
43.246,27.505
41.670,28.089
41.828,29.229
40.613,29.772
44.025,28.366
42.499,28.799
42.166,29.463
40.204,28.514
42.632,29.200
35.283,28.252
34.078,27.574
38.506,27.295
34.240,27.248
39.612,26.194
39.782,27.382
40.001,27.743
40.199,27.273
39.266,26.953
34.666,27.516
34.869,26.925
32.167,26.812
35.582,25.950
35.409,26.457
35.557,25.683
34.323,26.203
37.655,25.618
36.769,26.701
40.755,27.296
37.973,27.938
37.779,27.820
34.694,26.593
34.487,26.436
33.932,26.428
32.954,25.654
36.806,25.077
30.180,25.952
37.198,25.319
37.840,25.218
38.804,25.990
39.679,26.892
40.723,27.694
39.492,28.569
38.234,27.823
38.175,26.056
38.055,26.780
39.314,25.886
36.874,26.330
39.909,25.911
40.676,25.992
40.389,27.747
38.781,26.908
34.318,27.034
37.632,27.923
35.661,28.074
36.418,26.412
30.147,25.716
33.767,24.799
27.097,24.342
33.013,24.391
35.109,25.922
36.021,27.833
34.360,26.213
26.692,25.166
27.840,24.049
31.393,24.149
29.913,24.005
28.334,24.776
25.436,22.774
27.695,22.844
25.950,23.770
30.973,24.018
30.750,23.731
28.836,23.570
32.133,24.343
32.270,23.698
29.863,23.412
31.113,23.523
34.186,23.882
31.604,24.511
29.752,24.170
34.157,23.068
34.304,23.132
34.287,22.786
35.177,22.519
35.419,22.824
35.424,22.481
34.655,21.879
34.389,21.679
34.834,21.961
33.456,23.909
34.616,25.183
35.493,21.878
38.068,22.039
38.750,24.562
38.236,24.990
36.351,24.633
35.743,23.031
36.086,26.022
35.679,21.725
35.632,22.035
34.557,22.754
34.166,22.617
32.092,22.873
36.392,22.827
37.812,23.675
34.475,24.719
36.738,23.678
40.409,23.381
39.232,24.595
37.795,27.446
39.676,23.520
37.414,25.061
35.653,24.570
37.636,24.287
38.494,25.433
38.362,26.567
31.973,24.262
35.458,24.047
30.980,23.766
30.259,22.143
32.676,23.045
32.821,24.039
35.756,22.803
34.985,23.204
35.326,22.244
33.612,21.869
30.673,22.500
33.590,20.451
34.914,18.213
34.283,19.000
35.715,19.678
34.244,18.638
34.533,17.530
34.366,14.979
35.879,16.194
34.425,17.961
34.670,19.633
36.463,17.856
36.151,20.148
35.388,19.719
35.551,19.161
35.871,20.128
34.552,20.027
35.351,19.211
34.296,19.320
34.821,19.123
34.511,18.309
32.939,18.749
33.646,19.562
34.440,18.613
32.857,20.123
32.702,20.318
32.951,20.271
32.431,20.333
32.741,19.269
34.015,18.609
33.481,18.471
34.360,20.185
32.869,20.910
33.481,17.016
34.745,19.735
33.822,19.753
34.568,20.209
34.693,19.697
34.270,19.954
34.887,23.386
34.533,19.591
33.559,19.063
34.315,15.411
33.358,16.831
33.691,17.220
33.038,19.218
33.562,16.232
32.888,18.611
33.596,19.545
33.362,19.139
31.719,17.522
30.787,12.105
28.427,15.959
30.271,17.149
32.171,17.790
30.863,17.646
31.443,16.920
31.457,17.500
31.722,17.368
32.301,17.759
33.120,18.789
32.906,17.917
32.821,18.292
32.034,17.759
32.817,17.279
32.704,16.779
32.570,17.200
32.194,16.335
32.801,16.357
31.577,15.457
30.249,11.325
28.658,12.611
28.637,14.091
28.350,11.640
27.935,9.843
27.471,13.874
28.183,15.565
27.652,12.500
28.969,13.285
31.009,15.767
30.978,16.795
31.082,17.844
27.497,15.539
24.581,6.543
25.746,9.184
27.413,9.931
28.288,12.111
29.581,13.718
28.825,12.019
28.817,12.693
29.122,12.754
28.729,11.396
27.763,9.720
26.822,11.071
27.967,11.543
28.885,11.912
29.551,12.147
29.038,14.510
27.480,11.515
24.990,10.254
24.500,9.904
26.173,10.466
27.135,11.780
26.500,12.979
27.134,7.221
26.230,10.826
28.899,12.173
28.130,14.780
27.898,10.980
27.267,12.695
26.273,12.302
27.288,10.721
26.926,12.476
27.051,13.575
27.387,13.524
28.839,12.024
29.027,12.463
27.801,9.177
30.274,11.674
30.953,9.948
29.815,11.963
31.384,14.378
33.262,17.489
35.728,19.818
33.695,13.506
33.506,13.661
33.621,17.320
34.184,15.657
33.476,16.334
30.421,15.470
27.390,12.451
27.106,6.719
24.098,6.404
26.412,6.829
26.697,9.584
28.525,11.481
31.220,11.959
32.477,14.040
34.999,16.117
34.982,17.047
36.978,18.861
36.862,21.579
36.209,18.973
36.800,22.179
36.209,17.917
35.575,20.493
33.734,14.780
34.380,16.026
33.167,20.651
33.890,14.062
32.449,19.579
31.974,15.147
33.157,15.970
35.011,18.775
37.874,19.270
38.120,18.622
38.788,18.989
38.445,17.990
39.224,17.635
39.041,16.703
38.553,17.003
38.006,17.139
36.652,18.369
34.392,17.946
34.915,16.450
34.821,16.345
36.965,16.257
38.659,21.182
36.538,19.349
38.984,18.541
38.302,16.338
37.105,19.619
37.432,21.445
39.868,21.522
40.974,20.016
42.645,21.212
41.987,23.679
42.510,22.834
42.390,20.291
39.915,19.459
36.820,16.735
36.261,14.853
35.652,16.024
39.115,17.722
41.663,19.443
40.416,21.910
40.621,21.979
40.445,20.134
40.669,21.852
41.363,19.519
40.939,19.133
41.541,20.401
43.878,22.820
42.312,25.534
41.076,23.595
40.605,23.779
40.785,22.537
40.181,22.259
41.628,23.144
40.801,21.999
40.785,21.474
40.443,23.211
38.482,22.980
40.841,26.795
40.047,24.734
39.890,23.485
38.448,23.768
39.212,23.981
40.848,25.033
41.658,25.579
41.058,25.324
40.469,23.341
40.983,22.277
39.625,19.481
41.061,21.448
41.941,22.655
42.465,21.909
43.005,23.312
43.476,24.590
41.747,25.834
42.721,24.273
43.903,26.025
44.660,25.842
44.392,26.796
42.253,26.099
42.884,27.070
43.239,27.711
42.575,27.396
41.857,27.510
42.255,27.070
43.122,28.284
40.024,27.187
41.862,26.764
43.477,26.817
42.369,29.332
42.926,29.523
42.723,26.306
43.792,28.306
44.789,26.962
43.986,27.007
42.260,26.980
42.378,27.630
43.790,27.934
43.820,26.915
43.629,28.754
42.387,27.945
39.910,27.462
41.631,27.318
42.303,28.679
42.129,28.507
41.821,28.602
41.334,27.240
37.088,29.785
38.408,28.958
39.557,28.487
41.232,27.853
40.492,27.881
39.626,27.365
38.522,27.443
36.342,27.226
37.511,26.178
35.382,26.562
39.454,27.051
38.486,26.715
31.576,26.655
32.920,25.919
30.339,25.289
34.544,25.540
36.891,25.834
38.247,25.887
36.008,26.762
38.292,27.396
38.368,27.691
32.832,27.430
37.896,27.122
29.059,26.183
33.125,25.384
33.804,26.469
34.381,26.199
28.713,26.405
30.900,26.850
37.118,26.019
37.358,26.857
37.580,26.482
35.776,26.167
37.932,26.131
39.296,25.808
37.881,26.106
39.702,26.539
38.781,27.452
32.171,25.895
28.980,25.637
26.549,24.136
28.306,24.997
37.128,24.636
34.071,26.710
30.904,25.486
30.234,24.886
29.610,24.549
31.248,24.916
26.974,24.794
27.815,24.795
29.303,24.743
31.513,23.772
30.477,24.012
30.363,23.837
31.166,24.574
32.580,23.143
33.586,24.002
32.834,23.176
32.927,24.120
33.701,25.068
33.491,23.796
33.752,23.346
34.081,23.702
33.969,23.041
34.732,23.202
34.949,23.472
33.721,23.542
29.866,21.858
30.869,24.391
35.899,22.193
36.148,22.549
36.491,23.498
35.653,22.877
35.984,21.831
37.049,22.081
38.996,24.183
39.765,26.168
42.293,27.594
42.481,25.342
37.906,26.246
38.326,25.387
38.972,25.531
39.008,24.912
35.425,25.185
35.966,25.321
31.373,25.221
35.004,25.574
31.262,24.906
30.141,24.353
31.524,24.200
29.902,24.344
28.194,24.407
32.438,23.642
33.836,24.239
36.485,25.758
36.254,26.390
33.300,25.212
24.916,23.338
30.860,21.960
31.228,21.850
31.717,22.587
32.825,21.708
33.997,20.811
34.028,20.770
32.598,21.569
34.743,20.120
34.350,19.857
34.245,18.957
34.930,19.500
35.121,20.974
35.423,21.340
35.784,21.792
36.153,19.810
35.248,20.566
34.727,21.411
36.701,20.292
35.841,23.417
35.796,24.819
35.434,23.046
34.781,21.352
36.139,22.141
35.066,21.662
33.349,22.142
35.520,19.444
35.888,19.364
33.362,19.789
34.698,18.452
33.418,18.404
33.891,20.878
31.855,19.975
34.567,19.195
34.851,19.418
36.168,19.001
34.331,17.775
33.785,14.587
33.256,15.315
32.577,14.619
33.482,17.245
33.527,15.821
33.041,18.904
32.567,17.551
33.105,15.807
33.092,16.998
33.035,17.908
32.026,15.858
32.162,16.820
32.748,16.062
33.141,15.434
33.458,16.439
33.798,17.016
33.221,15.772
34.109,17.480
32.665,16.963
33.666,15.218
33.828,17.936
34.404,17.026
33.398,16.488
32.501,14.945
32.103,17.067
31.751,15.182
31.940,14.692
30.844,15.039
31.873,13.558
30.626,13.919
30.009,13.598
29.810,14.619
30.329,16.258
29.321,16.295
29.729,16.320
30.492,14.352
30.786,14.810
31.063,15.152
30.243,14.041
29.321,12.811
28.983,14.197
28.343,13.255
28.650,13.323
28.767,12.417
28.826,13.487
28.475,13.521
29.321,14.220
28.832,12.262
28.021,12.976
27.591,11.472
28.192,11.384
28.935,12.761
28.171,12.546
27.156,12.538
26.462,12.258
26.479,10.926
26.921,10.814
28.484,10.832
29.240,8.888
29.768,15.374
28.077,13.048
28.397,10.977
28.907,11.222
27.305,12.032
25.260,8.991
27.353,10.854
27.412,12.709
28.101,13.803
28.342,13.591
29.223,12.466
30.155,13.329
30.693,12.816
29.948,13.139
30.191,9.049
30.326,12.227
31.362,14.149
32.583,14.549
33.375,14.484
31.025,11.244
29.152,13.098
26.352,15.149
26.319,12.917
27.788,11.186
26.747,9.478
26.009,6.728
27.593,12.038
27.985,11.396
28.523,11.871
30.032,12.944
31.044,13.098
31.603,13.747
33.144,16.040
34.378,16.853
34.163,17.857
33.995,18.869
34.756,18.390
34.340,18.012
33.956,13.898
33.505,12.227
32.653,11.167
32.705,11.347
34.728,16.257
35.615,17.189
34.787,16.202
35.270,15.483
35.643,14.264
35.930,17.155
33.745,15.127
33.981,13.127
34.836,13.984
36.322,17.386
37.195,19.675
37.735,18.841
38.439,19.168
38.236,19.386
37.240,15.788
37.647,18.581
38.282,19.394
35.180,23.003
32.441,20.389
35.116,20.314
36.978,18.339
35.713,18.853
36.216,18.216
35.403,15.189
34.692,15.043
34.856,17.837
36.578,15.494
35.409,20.296
28.804,19.407
26.212,15.769
31.583,13.308
33.399,15.435
33.681,15.485
34.023,22.058
32.339,22.651
34.218,14.676
36.865,18.813
36.297,19.974
35.269,19.320
37.231,18.012
38.030,19.732
37.146,17.504
38.148,20.089
36.840,17.883
36.043,20.698
35.263,17.418
35.899,15.549
38.068,15.752
38.417,20.806
38.138,19.414
39.069,19.074
38.101,16.408
38.363,20.007
38.482,19.275
39.190,20.826
40.203,19.932
40.996,21.668
41.450,22.700
41.083,19.266
40.286,20.061
38.989,20.314
39.683,18.240
39.415,16.618
40.258,19.835
40.121,20.571
39.636,23.660
40.090,21.013
38.478,22.250
38.427,17.217
39.293,19.500
40.545,20.479
41.235,23.971
41.108,23.068
39.164,22.301
40.077,22.456
41.434,22.690
41.172,22.315
40.856,23.703
41.000,23.512
42.864,24.107
43.601,25.467
43.306,24.137
42.737,23.800
43.190,25.290
44.760,25.986
45.680,26.269
44.706,26.818
43.808,22.486
43.871,23.412
43.867,23.483
43.829,24.365
44.356,26.293
43.469,25.391
43.388,24.889
42.413,25.202
42.657,25.828
42.844,26.024
43.733,26.954
44.125,27.095
41.149,27.294
38.879,26.333
40.807,26.925
42.169,27.485
41.784,28.193
42.586,28.099
43.657,27.792
43.909,27.433
45.147,28.130
45.812,28.641
45.076,28.136
45.078,29.197
42.802,28.574
35.254,26.290
28.780,25.581
37.491,23.969
38.309,25.770
39.320,26.364
38.624,27.088
40.012,27.026
39.878,26.858
41.581,26.890
42.133,27.153
41.364,26.699
39.931,26.380
39.430,26.830
40.331,27.011
41.084,27.114
40.695,26.404
40.665,26.316
41.116,27.606
41.136,28.933
42.887,28.605
45.961,29.386
44.661,30.866
46.016,31.691
43.746,30.503
42.077,30.625
38.595,30.235
40.090,28.161
35.021,28.167
35.524,27.028
37.747,27.504
38.464,26.643
40.121,26.841
38.002,27.494
41.969,29.841
41.071,31.470
32.673,26.375
31.055,25.761
31.059,26.183
30.088,25.634
30.895,25.438
33.469,25.556
33.944,26.310
36.379,26.810
36.480,26.154
39.057,27.650
38.086,26.502
37.614,26.944
36.089,27.962
29.563,26.667
28.822,25.415
29.415,25.562
34.887,25.282
29.565,25.155
30.431,24.929
34.166,25.002
35.499,24.862
29.387,24.983
28.858,24.300
26.088,24.721
31.334,24.644
28.718,24.935
25.330,24.286
27.059,23.846
29.966,23.731
31.164,23.977
31.318,25.040
31.241,25.202
30.701,24.885
29.977,24.843
26.833,25.248
30.497,24.656
28.400,24.504
30.702,24.784
29.831,25.013
32.217,24.565
31.029,23.998
32.810,24.890
28.425,24.100
31.159,23.004
25.556,24.345
25.890,24.338
26.375,24.026
24.830,24.030
28.740,23.828
28.637,23.187
25.800,22.878
27.586,23.069
29.710,22.538
29.253,23.597
29.680,23.028
31.881,22.137
26.856,22.313
31.519,23.097
31.146,23.035
33.109,24.201
33.364,22.787
33.707,23.454
32.221,23.671
28.090,23.523
30.409,23.261
31.175,23.668
33.314,22.896
31.588,23.046
32.689,22.317
33.468,22.588
27.364,25.388
36.099,24.621
35.637,24.606
37.686,24.808
35.661,26.123
34.510,23.093
34.130,23.973
34.464,23.362
32.683,25.152
32.074,24.237
32.944,24.686
32.500,24.739
32.445,24.191
31.349,24.345
33.226,23.606
34.125,24.668
36.567,23.719
37.190,25.486
37.934,23.797
38.199,22.067
37.258,20.052
36.100,20.541
35.087,20.940
34.162,19.962
34.615,20.865
34.505,19.904
36.167,19.704
35.159,18.670
34.797,18.014
34.341,20.035
35.130,21.645
34.525,25.251
37.154,21.963
36.574,22.155
36.551,19.251
36.586,19.269
35.092,19.649
35.305,20.099
35.121,21.672
37.157,21.341
35.191,24.320
35.594,22.190
35.385,20.332
35.678,21.381
35.279,22.333
34.242,20.685
34.792,20.656
34.708,20.928
34.655,20.607
33.763,20.630
34.021,20.490
33.365,20.463
34.260,18.719
34.168,18.942
30.515,19.607
32.766,16.009
34.481,18.120
34.396,17.286
33.463,19.410
32.647,19.227
33.150,18.515
32.340,18.291
32.270,18.570
32.057,18.773
32.174,18.134
32.565,17.388
31.945,15.909
31.791,17.185
31.597,16.599
31.606,14.979
31.709,17.241
30.542,16.453
29.176,14.072
29.357,13.569
28.923,13.464
29.624,15.030
27.643,15.162
30.632,13.983
30.455,15.146
29.178,14.740
30.863,15.544
31.641,16.729
23.837,16.933
29.109,19.538
29.069,14.616
29.036,12.562
29.347,14.387
28.657,10.995
27.838,13.327
27.822,13.077
29.245,13.521
30.768,15.351
31.086,15.306
31.833,16.023
32.280,17.657
31.033,14.340
30.519,15.425
30.283,14.213
30.221,14.248
29.647,14.854
30.275,16.008
31.251,17.401
29.053,17.401
30.550,16.569
29.180,17.208
29.098,14.482
29.929,15.128
29.557,13.237
27.199,10.253
27.763,13.380
27.081,11.598
26.530,10.874
27.053,9.687
26.620,12.922
27.415,11.689
27.198,13.083
28.857,14.257
29.338,11.964
29.040,12.945
28.363,14.458
27.266,11.629
27.830,12.606
28.189,12.326
28.123,11.868
29.113,13.382
28.084,12.382
30.228,14.141
30.070,13.670
27.578,10.929
29.156,11.539
29.510,12.772
29.953,13.214
31.677,15.274
32.736,16.653
32.713,15.097
32.343,15.560
33.358,16.933
33.696,21.839
32.313,17.775
32.680,18.417
32.450,17.045
33.451,16.013
32.409,14.218
32.343,13.470
32.373,13.922
30.990,14.702
32.691,14.513
32.256,17.954
32.171,19.392
31.126,19.398
29.037,13.550
28.456,11.187
27.444,13.019
28.123,13.647
29.469,11.785
29.975,13.297
29.609,12.039
30.893,14.157
33.684,15.210
33.636,18.191
34.955,18.233
34.974,18.623
34.543,19.101
33.910,20.203
33.077,16.693
33.306,17.539
34.603,14.027
34.393,15.888
32.229,18.793
32.668,16.906
32.241,16.076
35.385,18.410
35.413,19.641
33.352,18.329
33.841,17.567
34.610,15.411
34.393,13.977
33.524,17.260
36.689,18.838
35.286,19.638
32.789,18.437
33.557,16.893
35.380,18.062
37.259,19.279
38.474,20.239
39.363,17.122
38.555,22.827
36.904,21.111
34.672,20.601
35.813,16.937
37.072,19.230
37.217,20.097
38.008,21.227
40.384,20.328
40.543,22.864
41.158,19.537
42.242,19.597
42.212,22.933
41.889,22.508
39.999,25.176
40.124,19.014
40.489,21.762
41.432,22.811
42.106,21.624
43.500,21.888
42.651,23.117
40.464,20.631
41.032,21.855
41.557,20.651
41.905,23.196
41.395,22.150
41.836,19.962
42.599,20.708
43.766,26.702
44.481,27.734
44.123,26.005
44.907,26.277
42.173,26.590
42.711,26.903
41.730,24.971
41.846,23.084
41.275,20.763
41.727,22.537
42.757,23.481
43.591,24.730
43.247,22.379
43.731,25.751
43.823,26.685
44.001,26.984
45.286,26.210
46.349,27.366
44.678,27.614
44.323,25.359
45.611,25.688
41.941,28.709
43.531,28.072
43.922,26.990
44.457,26.156
44.518,25.346
43.711,26.378
43.113,26.520
42.489,25.555
42.033,25.939
41.576,25.435
42.099,26.087
42.240,26.267
42.895,26.032
42.391,26.490
40.576,26.623
39.835,26.650
41.389,25.244
41.658,24.559
42.409,26.106
41.372,24.987
41.921,25.457
42.137,26.393
41.678,25.884
38.332,28.381
39.956,25.864
41.601,29.087
44.378,29.945
43.539,27.570
34.613,29.428
33.497,28.055
36.596,27.370
37.852,28.400
42.654,29.716
43.231,29.434
42.989,29.184
42.739,27.931
42.496,28.353
43.057,28.720
43.346,29.104
41.432,29.608
41.023,29.234
38.975,27.877
40.265,29.294
38.843,28.304
41.019,29.025
42.542,27.718
38.592,26.538
42.354,29.123
41.912,31.341
34.496,28.441
29.347,26.331
31.625,25.019
33.254,26.029
36.344,25.150
33.405,27.357
36.411,27.506
38.026,28.268
32.358,28.436
28.839,26.010
29.613,24.408
31.313,25.007
31.260,26.035
33.068,25.702
33.515,26.274
32.987,25.577
28.146,24.886
31.106,25.007
31.963,25.108
32.399,25.707
33.531,25.672
34.628,25.684
34.798,26.700
28.919,25.694
35.179,25.449
35.792,25.992
35.872,25.580
36.382,25.548
36.933,26.531
35.043,26.381
35.401,26.082
32.157,25.669
36.135,25.143
37.123,26.353
31.977,26.437
33.937,25.440
32.837,25.102
33.410,25.370
33.422,25.333
30.403,25.955
31.087,25.607
29.596,25.322
29.964,25.092
32.942,24.695
31.244,26.070
33.622,24.835
26.880,24.841
28.383,24.853
29.097,24.113
27.227,24.151
26.791,24.430
26.017,24.533
26.789,24.246
29.732,24.623
26.299,25.001
29.582,23.678
32.862,23.210
31.506,22.950
26.795,24.613
30.968,24.208
30.444,24.239
32.221,24.214
33.867,22.691
33.355,25.796
33.459,25.178
34.423,25.183
31.670,24.665
32.398,25.156
30.386,24.994
32.287,24.911
32.335,25.289
31.589,25.823
31.452,26.155
32.165,25.789
29.226,25.358
31.447,24.324
32.511,23.926
28.506,23.469
32.032,22.887
32.014,22.790
33.186,22.181
33.384,22.562
33.856,21.694
33.625,22.800
34.547,22.999
36.655,24.010
35.909,25.939
36.344,24.681
37.259,26.736
34.935,25.876
36.507,24.871
33.292,24.209
29.789,24.462
34.247,23.962
35.334,23.886
35.280,25.190
36.118,23.543
35.145,23.152
36.091,22.530
35.811,23.936
36.289,19.882
35.463,18.199
33.975,17.517
35.824,16.977
34.749,17.543
34.640,15.900
32.559,19.664
34.325,19.410
33.984,20.154
33.839,20.002
35.036,22.574
35.091,18.556
36.685,17.663
36.406,16.817
35.272,18.362
35.220,15.735
35.836,14.841
35.445,15.605
35.785,16.102
34.858,14.946
34.695,15.548
36.424,16.991
36.583,17.700
35.381,21.243
35.370,19.880
35.794,20.479
36.564,20.406
36.231,20.040
35.410,21.127
34.767,21.619
35.751,22.012
35.850,21.911
36.019,20.807
36.026,21.241
37.203,19.646
36.228,17.519
36.576,18.309
36.015,18.171
35.877,19.833
34.645,18.715
35.193,16.153
33.945,15.754
34.011,16.177
33.518,17.162
33.533,16.877
33.581,18.502
33.845,16.851
31.831,16.968
32.288,16.682
33.285,16.994
32.538,13.826
32.662,15.606
33.103,16.265
32.888,16.355
32.061,15.817
32.288,16.392
30.917,14.885
31.004,12.134
30.553,14.288
30.467,15.219
30.250,18.205
29.832,15.804
30.016,18.170
29.713,16.433
29.585,15.971
29.103,16.908
30.089,15.890
29.486,13.824
28.792,13.701
29.797,14.691
28.975,12.947
27.550,14.120
27.321,12.719
26.698,13.839
26.899,13.121
28.343,12.962
28.479,13.977
29.920,14.410
28.993,13.719
31.123,15.740
32.913,16.508
32.550,16.109
33.200,19.850
31.002,16.615
30.806,18.677
29.872,14.697
29.262,13.695
28.136,12.949
27.727,11.647
28.257,10.690
28.479,13.018
27.095,12.422
27.858,12.414
28.188,13.188
29.280,12.500
29.599,14.606
31.070,15.086
31.587,16.951
30.746,13.488
30.843,11.419
27.962,15.577
26.668,13.073
29.320,13.155
29.326,11.708
30.654,15.294
31.185,14.995
32.295,15.863
31.666,16.436
27.312,12.200
26.576,8.611
26.812,8.369
26.234,9.435
26.466,12.353
25.961,8.811
25.372,8.946
25.164,6.380
24.156,7.413
24.368,8.752
26.679,9.450
27.689,11.300
25.284,9.380
26.326,11.058
26.227,9.838
28.268,11.036
24.742,11.957
23.863,5.542
23.074,6.734
22.597,7.913
21.785,7.309
23.268,6.130
24.464,7.770
26.399,8.177
28.091,9.397
28.861,10.430
28.858,10.836
31.173,12.528
33.350,13.899
33.463,14.870
34.004,13.871
34.341,13.451
34.442,16.084
34.864,15.691
34.579,16.887
33.833,13.659
32.925,13.391
32.115,10.768
34.022,15.400
35.754,16.210
35.431,17.656
37.551,15.792
37.679,17.173
36.688,13.815
36.524,13.693
36.165,14.363
36.884,14.579
37.189,13.948
37.702,14.198
37.340,16.755
37.259,16.462
37.629,19.194
39.137,22.134
36.714,22.372
36.734,24.055
37.122,21.305
39.329,20.633
38.028,21.914
38.852,20.941
39.192,19.628
39.023,18.203
37.847,17.289
38.860,15.803
39.798,19.305
40.467,22.096
40.264,21.984
39.554,24.297
37.727,25.755
39.226,20.036
38.794,22.595
42.246,20.901
40.412,21.098
37.010,23.122
37.441,18.788
37.956,19.133
37.683,17.978
36.377,18.540
35.266,20.176
35.617,17.989
39.173,20.509
35.707,24.390
38.603,23.224
39.478,22.602
41.281,27.737
41.190,24.791
42.032,22.378
41.339,23.191
39.929,22.112
40.786,21.090
39.849,21.864
42.851,23.427
42.947,23.785
41.242,20.576
40.967,23.121
41.336,22.288
42.505,27.198
42.814,24.684
43.645,24.757
44.322,26.623
44.807,26.046
43.290,25.137
43.555,23.327
41.712,21.800
42.070,21.779
41.332,23.657
42.458,23.402
42.759,22.882
42.074,22.534
40.947,23.194
40.635,24.304
41.397,25.025
42.160,25.535
39.320,26.853
40.553,24.449
42.009,24.810
42.234,24.493
42.679,25.069
42.368,26.535
41.860,25.582
41.312,25.115
41.841,25.886
41.469,25.770
41.760,25.772
41.415,25.938
41.095,25.231
41.476,26.343
42.507,26.005
42.429,25.490
43.066,24.297
42.608,26.228
42.925,27.411
43.137,26.922
42.745,26.698
42.067,26.438
42.497,26.886
42.206,27.087
42.613,28.479
42.320,28.283
42.229,29.483
40.080,29.460
37.070,28.286
40.732,27.085
40.142,27.875
38.283,28.226
35.946,27.834
39.904,27.525
32.107,25.037
34.688,24.431
34.434,26.125
36.312,25.133
38.883,26.877
35.831,28.324
39.870,27.177
37.393,27.262
32.208,28.325
38.493,26.990
41.217,27.753
40.550,27.413
41.280,28.205
39.527,28.237
38.382,28.886
34.489,28.723
38.299,26.450
36.247,27.606
32.252,27.667
33.801,26.791
36.386,25.840
36.280,26.252
37.076,26.234
38.339,26.899
38.538,27.147
33.098,27.059
34.192,27.351
28.877,25.917
34.931,25.200
29.565,25.604
31.976,24.473
32.006,25.506
31.775,25.609
35.578,25.588
35.249,25.958
37.155,25.023
36.591,26.817
36.686,27.626
36.785,28.192
37.324,27.624
36.552,28.401
36.550,27.085
37.501,27.190
37.283,28.050
33.359,26.903
31.289,25.732
30.566,24.567
38.475,23.150
34.147,26.131
32.063,25.821
31.858,25.353
26.243,24.942
32.094,24.202
33.282,24.272
32.762,24.937
30.945,24.657
27.496,24.248
27.280,24.665
29.236,24.836
32.085,25.134
31.925,25.286
26.530,24.879
27.429,24.487
26.068,24.382
30.840,24.089
29.996,24.249
29.578,23.525
28.465,22.437
31.704,22.712
31.754,21.979
31.623,22.894
31.014,21.110
33.027,22.506
35.217,24.120
33.608,24.425
36.397,25.194
29.743,24.360
33.972,22.478
33.696,23.907
34.320,22.696
34.077,21.968
34.126,21.800
36.953,23.474
36.759,24.766
36.563,24.841
36.283,24.240
34.113,24.051
35.055,23.639
38.443,22.177
39.635,22.730
39.382,24.161
34.046,25.803
33.845,25.895
34.480,24.799
32.259,25.233
31.629,24.007
31.910,23.305
28.650,23.753
31.164,24.457
34.897,23.962
35.867,22.595
34.324,23.044
33.123,22.307
33.538,21.699
34.248,21.574
34.455,21.261
33.842,20.434
33.672,19.577
33.579,20.042
33.646,19.238
33.976,20.127
35.169,22.667
36.620,22.523
39.359,23.961
37.777,25.411
37.976,25.188
36.203,22.221
34.221,22.300
34.938,20.028
34.660,21.069
36.025,24.390
38.487,25.569
38.355,21.930
38.780,20.134
38.009,22.212
37.474,20.144
37.005,22.124
36.888,25.051
37.662,24.390
35.840,22.262
36.891,20.469
36.086,17.692
37.274,19.665
36.019,20.520
36.740,19.165
35.592,17.505
36.597,19.258
36.159,16.863
35.510,18.123
34.910,17.454
34.741,17.332
35.009,18.291
35.042,18.519
35.728,18.333
35.074,15.593
35.176,16.628
34.615,15.984
35.747,17.849
34.919,18.864
35.735,18.703
35.139,19.085
35.735,18.899
34.934,19.219
33.039,16.474
33.017,16.845
32.837,15.387
33.044,18.264
31.878,18.546
33.238,18.806
29.087,22.809
31.577,21.147
32.411,18.692
31.950,16.968
31.679,16.554
32.186,15.735
32.111,14.967
31.242,15.368
31.703,15.473
32.520,16.936
31.683,17.615
32.334,17.801
32.694,21.440
26.536,19.606
31.964,20.122
32.968,20.830
33.495,20.375
34.720,21.293
34.146,22.111
33.592,22.375
32.992,19.192
32.707,17.694
32.250,18.525
31.342,16.625
30.692,15.509
30.835,16.698
31.922,16.189
32.598,18.004
32.808,19.283
32.535,18.132
32.712,21.240
30.120,21.668
31.479,18.315
31.095,16.225
31.127,16.147
30.252,15.113
29.389,10.979
30.031,10.856
30.004,9.666
28.839,10.218
28.245,8.746
29.528,12.174
29.599,12.862
30.383,14.499
29.157,13.784
28.913,12.629
30.313,12.873
28.799,12.711
22.042,14.568
26.350,11.766
27.643,12.786
27.802,13.702
25.189,14.918
28.459,14.372
29.246,14.092
27.633,17.207
30.876,16.698
29.797,18.906
30.790,18.140
32.827,18.758
29.970,20.038
30.052,15.588
31.156,15.916
31.298,17.700
30.599,16.890
32.343,16.587
34.105,17.509
34.123,18.081
30.854,13.409
28.647,11.143
29.578,10.229
31.085,13.422
31.453,11.908
31.439,12.042
31.866,12.396
32.136,12.083
32.966,14.813
31.507,10.619
31.829,12.537
30.437,12.117
30.384,11.517
31.773,14.912
33.026,14.818
32.279,12.198
28.914,13.863
29.124,11.981
30.538,13.118
30.870,11.386
31.315,13.163
32.161,16.541
32.459,16.378
33.946,15.954
34.989,17.465
35.397,18.327
37.125,19.274
37.929,20.140
36.877,20.118
35.649,17.586
35.143,16.461
36.789,17.618
37.307,16.424
37.227,17.231
37.300,18.127
39.092,17.081
40.037,20.427
39.370,21.271
37.489,17.804
37.207,17.536
36.085,16.402
33.786,14.639
35.440,14.539
35.855,18.269
37.190,17.115
39.605,20.398
40.554,22.020
38.816,20.207
38.531,18.364
38.137,20.460
37.706,17.339
37.553,19.962
37.070,19.175
38.578,19.330
37.971,18.907
37.508,19.387
37.207,18.051
38.911,20.947
39.222,21.779
38.106,20.571
38.282,20.727
37.276,19.130
37.297,19.785
38.204,22.321
39.354,22.893
40.492,22.517
41.430,23.378
41.330,22.720
41.642,24.821
41.418,23.358
37.549,25.249
38.144,22.293
37.144,21.101
35.055,19.021
38.672,21.404
40.011,23.012
41.033,22.825
42.247,19.744
42.368,22.157
41.750,22.454
36.149,22.617
40.346,23.411
43.358,22.949
42.470,23.950
44.706,21.794
42.787,23.879
41.093,21.859
41.366,20.489
41.617,22.003
40.656,23.650
42.201,23.750
46.609,26.400
44.699,22.001
44.805,25.342
45.885,26.316
44.854,25.358
43.632,24.417
44.042,24.468
43.690,22.999
42.294,23.342
41.277,22.498
41.637,23.812
42.574,27.790
43.043,23.450
42.703,24.205
43.048,24.283
42.540,24.817
44.113,26.257
44.774,26.490
45.557,26.936
44.857,26.871
45.115,26.508
45.882,27.239
44.771,26.928
44.518,27.362
44.370,26.688
44.883,27.981
45.624,31.619
44.022,28.014
43.875,25.884
43.597,25.934
44.050,25.296
43.965,26.728
44.811,27.876
44.279,27.891
43.211,27.567
43.699,28.927
41.826,28.291
41.424,27.759
42.244,27.763
41.775,27.890
41.106,27.097
42.636,26.647
42.457,26.595
42.059,26.644
42.712,27.541
43.367,27.816
43.276,27.205
42.714,27.274
43.072,27.457
43.408,27.915
42.182,27.221
43.039,28.122
42.116,29.767
42.378,30.823
43.029,28.530
43.173,29.147
43.593,27.636
37.495,28.835
41.358,26.005
33.472,27.517
39.861,26.883
39.671,27.876
41.016,28.132
35.942,26.829
38.489,26.776
38.752,27.814
37.225,28.249
32.953,27.813
37.329,26.470
39.472,27.367
41.021,27.711
42.558,30.282
43.864,28.667
44.711,29.405
33.454,27.389
27.022,25.398
33.191,25.307
35.118,25.869
32.839,26.196
32.560,26.075
35.718,26.074
35.834,27.774
35.012,26.456
27.997,25.750
29.299,25.068
32.936,24.894
28.562,25.520
32.539,25.572
31.807,25.896
27.267,24.807
27.463,24.622
28.630,24.888
29.222,25.346
27.290,24.538
27.363,25.281
31.493,25.162
30.603,24.693
27.331,24.833
29.288,25.061
34.358,24.088
34.514,24.075
33.628,24.588
35.125,24.956
33.532,24.969
35.890,25.744
34.198,26.143
35.674,25.766
34.756,25.296
34.861,25.410
34.641,24.917
33.672,25.000
30.543,24.862
29.810,25.087
35.256,24.015
36.294,25.539
36.591,25.640
36.515,25.846
36.924,25.535
37.364,25.762
37.015,25.876
39.212,25.250
38.517,24.975
31.833,26.243
35.604,25.782
31.482,24.154
30.108,24.723
25.492,24.672
29.405,23.990
31.048,23.898
32.400,24.849
33.442,24.667
34.427,25.212
33.061,24.849
33.214,23.928
35.188,23.911
36.766,24.157
36.289,24.995
35.132,22.198
35.048,22.641
35.187,22.219
36.103,23.133
35.495,22.524
34.699,21.409
34.305,20.240
35.911,20.207
37.010,21.212
37.747,22.642
37.569,21.444
38.142,21.652
37.956,21.228
38.672,22.204
37.558,23.505
37.045,23.539
36.039,22.806
36.784,23.782
38.979,24.674
41.726,26.333
40.294,25.763
41.272,22.799
40.733,25.752
39.755,26.738
38.888,26.281
36.483,24.148
36.990,22.465
36.720,21.920
34.965,19.480
34.573,20.809
34.801,20.412
35.068,18.476
34.219,22.503
35.516,17.974
35.287,20.315
35.371,17.103
35.752,19.038
36.249,18.773
35.351,19.051
35.204,17.468
34.683,16.133
34.994,15.443
35.125,17.477
35.422,16.698
35.227,16.267
35.081,16.217
35.329,14.474
35.020,16.613
35.265,16.351
35.890,18.672
36.613,19.315
36.364,17.758
36.052,16.410
36.619,16.671
35.306,19.862
35.133,18.353
34.835,18.629
35.553,19.714
34.957,18.854
34.784,19.505
35.436,20.101
34.303,23.137
28.263,23.371
29.694,20.316
31.533,16.714
32.409,19.745
32.553,20.060
31.963,16.827
32.709,17.476
31.069,16.389
31.564,15.809
31.667,16.143
30.985,15.474
30.308,14.468
31.428,15.398
30.536,15.317
31.648,12.597
31.871,14.719
31.222,15.773
31.119,14.578
31.763,16.600
30.537,15.780
30.138,14.397
30.041,15.216
29.981,15.856
30.742,15.679
30.215,13.263
30.106,14.208
29.703,13.717
30.176,14.149
30.490,11.734
29.735,11.825
30.907,13.366
32.039,15.621
30.488,14.340
30.987,16.315
31.000,13.803
30.946,16.187
30.354,16.072
30.187,16.354
29.630,16.877
30.560,17.818
29.251,18.654
28.803,16.133
28.526,15.155
29.259,16.014
28.534,12.226
27.787,10.039
28.091,11.166
28.939,13.822
27.023,14.420
28.125,9.987
28.308,12.821
28.815,13.716
29.931,15.422
27.262,18.028
27.969,13.555
28.427,11.733
28.044,12.673
28.378,12.421
29.033,12.418
28.216,12.254
29.088,11.214
30.048,13.458
30.137,15.173
26.242,10.349
26.851,10.427
27.909,10.599
28.918,13.019
29.752,12.603
30.422,12.308
30.807,14.135
30.326,13.496
31.482,13.870
30.444,14.240
29.989,12.719
30.084,8.721
30.253,12.904
31.164,14.248
30.999,10.916
30.594,14.319
29.932,10.052
30.597,14.086
30.763,12.062
29.921,10.596
29.898,13.036
31.271,14.330
31.498,17.529
31.785,16.622
33.512,16.817
34.242,16.191
33.608,18.243
29.415,16.171
30.671,12.640
31.292,14.968
30.562,13.934
31.263,13.789
30.655,13.354
30.511,13.735
31.681,12.264
31.042,13.299
31.423,12.466
33.034,13.287
34.958,16.112
35.674,17.358
34.746,20.035
30.999,15.492
31.949,13.083
32.944,12.065
35.358,17.078
36.878,16.887
37.147,18.602
36.230,16.633
36.788,18.545
35.201,21.400
33.880,16.948
33.152,18.505
33.111,22.131
32.950,17.314
34.732,18.293
37.535,19.769
39.461,21.016
39.048,21.138
38.965,20.191
38.951,16.759
39.295,17.505
39.513,18.303
39.566,18.388
40.770,21.194
43.581,23.879
44.357,24.434
44.372,24.099
41.791,20.652
40.300,21.156
38.558,16.711
37.990,15.658
38.686,18.028
38.878,17.562
39.161,18.240
40.202,17.662
40.142,22.105
39.737,18.286
38.956,20.303
38.840,18.396
39.055,20.038
38.621,17.795
40.088,18.474
41.187,20.481
44.986,23.625
45.926,22.664
46.319,25.221
40.715,29.536
40.822,22.335
40.642,19.298
41.701,21.146
43.122,21.739
43.724,19.588
44.703,24.711
45.268,25.321
43.953,23.119
42.701,21.156
42.108,23.910
41.277,24.206
40.567,23.715
40.779,23.515
41.755,24.260
41.794,24.261
42.172,23.316
41.867,22.897
43.307,25.262
43.157,25.415
43.019,25.263
41.740,25.832
42.306,23.611
43.663,24.275
43.674,25.454
43.444,25.800
42.993,25.598
42.578,25.924
42.001,27.104
42.358,27.313
43.090,28.436
41.830,26.374
43.385,25.670
44.478,26.284
44.947,25.730
44.522,25.985
44.314,25.074
44.470,25.333
43.858,25.586
43.986,26.732
45.066,28.332
46.681,28.798
47.154,27.022
46.707,28.995
46.147,28.427
45.853,28.163
44.338,27.406
43.191,27.689
42.680,27.922
42.891,27.602
42.162,27.394
42.122,26.475
41.746,26.152
42.536,26.565
39.479,29.098
36.408,26.574
40.855,27.634
39.946,28.137
39.845,27.179
31.662,26.695
36.714,24.829
38.333,26.194
40.515,27.121
42.888,29.127
45.119,30.250
45.833,30.705
44.547,30.379
39.462,30.030
39.534,28.515
40.115,28.698
42.034,28.486
46.031,31.741
44.575,30.823
44.485,29.909
42.622,29.408
42.656,29.563
39.945,29.137
40.794,28.508
43.304,29.691
43.559,31.478
42.660,30.606
42.787,30.343
42.400,29.574
42.499,28.926
44.917,29.464
39.959,28.991
35.948,26.294
29.325,25.954
31.346,25.596
33.381,25.482
34.169,25.607
36.140,25.914
34.286,26.466
35.031,26.591
32.250,26.212
33.234,26.338
33.169,25.320
35.206,26.145
37.631,26.855
39.342,26.934
37.473,26.906
34.940,27.322
37.166,26.455
36.591,26.990
34.654,26.292
30.160,25.940
29.255,25.781
26.878,25.291
30.318,24.573
28.028,25.101
32.096,24.677
33.515,24.478
34.332,24.855
36.104,25.556
26.895,25.127
29.279,25.030
31.420,24.981
30.057,25.273
28.570,24.847
28.314,25.228
32.548,24.460
29.465,25.689
29.882,24.326
29.943,24.809
30.728,24.937
31.896,25.476
31.787,25.135
30.997,24.427
32.010,24.573
32.059,24.349
32.881,24.495
32.519,24.811
29.530,24.785
32.234,24.173
32.134,23.870
30.124,24.130
31.790,23.471
29.656,24.198
32.311,23.562
34.139,23.376
32.812,25.233
36.380,25.376
33.833,25.761
34.167,26.209
30.132,25.368
29.364,25.112
31.130,24.258
31.726,23.773
31.157,24.875
30.473,24.819
30.777,25.136
31.200,25.002
32.905,24.479
31.690,25.614
28.387,24.517
28.968,22.741
28.055,23.811
27.151,24.080
29.472,24.058
29.835,24.098
31.888,23.044
32.960,22.875
32.605,24.461
32.642,22.706
32.927,20.632
32.588,21.399
32.391,20.230
31.630,21.711
32.028,20.561
31.627,18.545
32.680,19.230
34.230,22.373
35.495,21.452
35.082,23.413
36.083,23.062
34.934,22.958
35.605,21.915
36.643,22.933
36.974,22.333
36.642,23.173
37.640,21.336
37.255,22.457
37.056,20.834
35.378,20.015
33.331,18.756
32.516,20.964
31.449,21.029
33.769,20.358
36.751,21.654
36.158,22.904
37.103,21.356
37.574,22.133
35.469,25.779
36.511,25.270
36.779,24.346
35.854,22.143
35.473,21.982
34.172,19.024
33.951,17.761
33.919,18.844
35.358,19.718
36.541,21.642
34.703,19.396
34.219,19.434
34.825,22.559
35.061,21.180
33.889,20.000
32.783,19.745
33.015,19.394
33.070,18.807
34.053,19.712
34.643,18.479
33.503,19.880
32.218,19.698
34.319,24.101
34.468,24.687
30.569,24.396
32.072,22.414
32.711,22.396
32.337,22.116
33.334,22.515
31.616,21.666
28.934,21.681
31.643,20.701
31.698,20.892
30.649,17.369
29.162,18.424
22.713,19.756
21.612,17.659
22.562,18.304
26.094,19.747
28.694,16.810
29.379,17.047
29.058,17.482
30.109,18.779
29.994,17.260
29.309,17.024
29.601,17.665
27.741,15.586
28.116,15.137
28.788,17.126
28.423,16.915
27.451,14.958
26.642,12.496
26.843,12.961
26.098,12.741
25.254,11.325
24.532,10.687
24.807,7.763
26.363,11.994
26.487,12.199
27.571,12.298
27.798,12.157
27.471,12.636
27.302,12.803
26.690,12.497
27.639,9.767
26.821,9.344
25.771,8.206
27.202,11.102
27.252,12.778
27.913,12.040
26.820,15.687
23.052,17.788
27.087,17.453
26.330,12.913
24.013,7.961
24.549,9.906
24.430,9.244
24.479,9.057
26.156,10.873
26.470,8.641
27.168,9.470
26.281,8.351
26.405,8.493
26.389,9.105
25.425,7.713
26.218,7.164
27.059,9.059
27.493,8.579
26.595,10.456
25.738,8.130
24.669,7.714
25.325,5.079
26.901,8.840
27.570,11.063
28.238,8.634
28.194,9.318
29.305,11.023
28.563,12.198
29.106,14.394
27.460,11.328
27.544,10.637
27.884,12.104
28.689,11.134
28.035,10.098
28.607,11.997
29.063,14.467
30.989,14.053
31.716,14.354
33.015,14.197
32.709,12.706
32.392,12.833
31.473,12.515
30.544,12.109
30.620,13.863
29.757,12.769
31.307,13.340
33.050,15.611
33.986,15.771
32.410,14.218
30.693,14.679
28.655,16.908
27.479,13.084
28.926,13.650
28.183,14.947
29.192,12.436
29.621,13.786
30.643,13.809
31.432,13.967
32.717,13.097
31.306,13.470
30.949,14.615
31.437,13.398
32.065,15.290
33.537,16.270
34.017,16.021
33.797,16.103
34.449,16.602
34.241,15.947
33.913,14.751
35.810,16.611
36.846,17.273
36.246,17.938
33.685,17.642
33.796,15.711
35.089,16.047
36.195,17.097
38.117,15.299
38.638,17.056
41.730,19.736
41.229,21.828
41.063,20.499
39.739,20.095
37.636,16.371
37.064,17.145
37.027,15.915
36.281,17.255
36.063,16.814
36.610,15.657
39.940,18.422
40.813,18.893
39.873,22.305
38.872,19.506
37.668,17.203
38.652,19.271
36.814,18.079
38.399,18.253
37.631,19.026
37.392,18.523
39.463,19.827
40.122,16.993
41.405,20.472
40.335,22.048
39.681,18.450
39.334,19.141
40.144,23.207
40.407,21.886
40.908,22.563
39.518,23.502
40.510,23.389
42.061,24.264
41.853,24.645
40.714,25.211
39.729,23.569
40.840,19.691
40.835,20.104
42.639,23.939
43.129,24.641
42.682,21.120
42.997,21.714
43.225,23.144
43.319,23.784
44.019,25.857
43.656,26.083
42.564,25.657
42.559,24.880
42.655,25.989
40.225,24.136
40.399,23.719
39.315,23.516
40.274,24.479
39.990,22.373
42.279,23.656
42.246,24.452
42.529,24.276
41.505,24.335
42.137,24.168
41.388,24.380
42.152,24.908
42.651,25.169
42.638,25.075
42.942,25.712
45.698,28.270
44.502,27.518
42.531,26.222
42.081,26.390
41.973,27.260
42.008,28.206
41.690,28.588
42.113,27.442
41.480,26.139
41.837,27.085
42.173,26.941
41.861,26.906
41.776,26.300
41.675,26.215
41.077,27.272
41.446,27.449
41.652,27.589
46.195,27.370
45.930,27.017
49.408,29.537
49.173,28.468
46.374,29.491
44.302,30.103
41.972,29.727
42.851,30.230
42.559,29.172
42.946,27.764
42.363,28.314
41.641,27.899
39.589,28.079
40.234,27.608
41.252,28.148
37.913,28.077
40.982,27.975
40.398,28.838
39.950,28.812
40.303,28.930
36.464,28.832
38.171,29.249
40.161,28.860
40.661,28.273
39.051,27.983
27.695,26.005
35.242,26.269
34.136,26.208
34.270,25.725
35.021,25.879
34.590,25.689
35.657,25.387
38.483,26.225
28.201,23.878
31.225,23.460
29.354,24.730
27.171,24.538
27.030,24.501
30.837,24.673
32.284,24.540
31.516,25.679
27.242,25.266
28.203,25.040
32.047,25.276
33.388,26.139
30.783,26.232
32.371,26.001
32.420,24.983
30.506,24.891
31.275,24.779
27.537,24.956
27.251,24.745
29.515,24.302
31.752,24.929
32.330,25.631
32.120,25.553
28.934,25.008
30.268,24.595
29.142,25.134
29.360,24.759
32.849,24.557
29.121,25.027
30.925,25.090
31.216,25.099
32.153,24.632
29.872,25.000
26.637,25.148
26.680,25.152
26.015,23.935
26.938,24.204
24.788,23.914
26.461,23.734
27.314,24.737
29.090,24.713
27.204,24.205
28.559,23.591
29.824,24.077
31.006,24.493
31.350,23.821
29.974,24.622
31.558,24.034
31.930,25.447
30.640,24.630
30.557,24.558
30.809,23.822
31.967,23.728
31.467,24.405
31.462,24.993
30.044,24.925
30.434,24.667
26.254,24.233
31.295,23.560
32.304,24.127
28.794,24.861
26.507,24.184
26.930,24.590
24.923,22.914
29.294,21.865
27.034,24.134
30.588,24.188
28.048,24.241
29.137,24.480
28.498,24.262
31.011,23.846
31.865,22.400
31.367,23.813
29.109,23.670
27.261,22.864
30.496,23.280
31.276,21.188
30.552,21.076
30.547,20.979
31.876,21.456
31.164,21.254
29.786,20.794
30.776,20.820
31.214,20.375
31.566,20.279
31.992,20.477
32.385,20.342
32.561,21.291
31.914,19.554
31.460,19.442
31.161,19.186
32.973,19.471
33.158,21.054
33.973,21.439
36.249,22.695
35.167,22.834
36.025,22.173
35.283,22.759
36.245,23.796
35.399,22.545
37.241,21.759
37.385,22.712
36.424,24.198
36.971,22.236
37.078,22.201
36.259,21.242
33.971,18.880
36.009,18.751
35.281,21.692
35.543,20.702
35.746,20.561
35.277,19.933
34.985,20.994
34.373,21.365
33.960,20.248
33.685,20.154
34.376,19.745
33.870,18.971
34.868,19.933
33.762,20.807
34.211,21.244
34.635,23.952
35.398,22.403
34.813,21.084
34.897,21.085
34.152,20.807
34.476,19.683
34.426,20.205
34.987,17.762
35.019,20.258
35.283,20.190
33.524,19.550
34.433,17.302
33.800,18.375
34.283,18.866
34.020,17.301
33.912,15.919
34.372,17.895
34.453,19.175
33.428,17.404
32.276,18.492
30.631,18.027
30.868,19.121
31.114,18.869
31.481,18.519
32.752,21.281
33.039,22.555
33.494,20.167
34.243,18.638
33.398,17.520
32.652,17.578
33.600,18.715
32.743,18.302
32.064,15.172
31.576,14.115
32.107,16.175
30.700,17.489
29.615,15.010
28.773,10.708
28.784,11.618
29.470,10.869
29.586,11.971
30.089,13.879
29.168,13.478
29.376,14.020
28.945,12.454
28.925,12.012
27.977,9.740
28.381,11.347
28.974,12.454
29.048,13.188
28.210,10.907
27.162,7.984
27.581,10.204
28.171,10.602
28.370,12.799
28.175,11.852
26.934,11.429
27.897,11.924
26.124,11.219
25.997,10.313
27.199,11.501
27.142,9.169
27.752,12.228
26.490,11.319
26.172,10.483
25.631,8.448
25.422,8.495
24.846,9.589
25.478,8.508
26.045,10.102
26.370,9.259
26.390,8.898
28.150,9.232
27.813,10.266
25.867,8.400
24.794,7.393
24.235,7.406
23.746,8.844
25.493,8.884
26.704,11.683
26.994,9.223
28.271,9.321
27.982,12.569
27.170,10.436
27.622,12.062
26.859,10.480
26.902,11.316
26.764,12.755
27.735,11.423
28.390,10.017
29.521,10.880
30.865,12.066
28.309,12.679
28.227,14.803
28.168,11.042
26.054,10.455
23.537,4.917
25.212,4.070
28.115,8.168
30.354,11.524
30.248,8.996
30.205,12.091
29.434,11.728
29.218,11.553
28.687,10.276
29.409,13.832
31.544,14.298
32.843,12.967
34.328,12.866
34.508,12.025
33.008,12.719
32.330,12.030
31.677,12.449
32.642,10.935
34.489,14.575
35.062,15.235
33.657,13.292
32.764,10.437
30.830,13.219
32.371,13.993
34.541,13.029
36.097,15.257
35.285,14.715
31.831,14.502
32.347,11.212
31.700,11.469
29.681,9.480
32.568,10.865
33.597,15.256
32.993,14.948
32.613,14.299
36.541,14.841
37.607,17.358
38.798,16.456
37.979,17.308
38.222,16.890
39.757,17.181
39.197,17.418
38.741,17.243
39.601,15.538
40.692,17.534
40.138,16.351
40.055,17.040
39.839,17.073
40.278,19.231
40.607,21.548
42.590,20.144
40.370,19.187
41.962,20.645
42.124,23.316
42.510,23.005
42.024,21.731
42.319,21.102
41.287,21.670
41.303,20.573
41.448,20.296
42.035,21.630
41.802,21.516
41.336,21.564
40.402,20.505
40.158,20.889
39.651,20.844
39.268,20.484
39.630,21.207
40.186,21.142
40.452,23.010
39.229,22.430
39.240,22.345
29.179,21.925
37.196,18.796
38.255,22.591
38.109,20.417
37.555,22.135
39.291,22.051
39.546,23.205
40.260,22.315
40.680,23.526
41.462,22.644
41.009,21.981
41.850,19.041
41.574,19.924
42.608,21.671
41.495,23.258
42.110,24.157
41.557,25.049
41.879,25.955
41.088,25.960
42.247,26.655
43.198,26.756
41.764,25.704
39.709,25.229
40.988,25.477
40.934,25.075
42.511,25.342
41.810,24.882
41.488,24.243
42.467,24.865
42.443,25.224
42.693,26.138
43.205,26.201
43.801,27.117
44.256,26.401
43.828,26.573
42.326,26.431
41.698,24.956
42.651,25.779
43.332,25.603
43.545,25.793
43.220,26.212
43.621,26.220
42.100,26.776
41.809,27.387
41.266,27.659
41.355,27.811
41.539,27.301
41.695,26.415
40.903,26.837
40.416,27.387
40.129,27.628
40.632,27.419
38.817,28.506
44.100,27.569
45.054,28.192
40.383,28.620
41.207,28.531
38.256,28.546
41.198,28.819
41.702,28.740
41.896,29.168
40.810,28.606
40.202,28.123
39.589,28.430
39.656,28.522
40.353,28.283
40.520,27.961
39.726,28.021
38.652,27.905
40.891,27.632
41.026,28.358
41.454,28.475
40.392,28.907
41.550,28.208
40.423,26.556
38.112,26.535
29.580,25.824
34.180,25.689
35.461,25.920
35.611,25.945
36.434,26.898
30.792,26.308
33.964,24.987
32.568,26.261
28.403,25.808
29.169,25.940
32.159,24.989
32.713,25.110
27.764,25.096
31.141,25.445
27.781,26.307
28.906,25.651
36.266,26.429
37.392,25.960
30.665,26.614
31.382,25.486
33.054,24.897
32.552,25.706
34.409,25.320
35.417,25.575
33.706,25.719
29.716,25.133
32.304,24.726
30.323,24.484
29.747,24.115
29.519,23.390
34.053,24.258
31.483,24.940
32.550,24.879
34.414,24.920
30.237,24.862
32.925,25.060
34.657,25.328
31.902,25.133
32.703,24.458
28.688,24.492
27.457,23.979
28.114,23.082
26.382,23.221
26.259,23.579
28.673,22.809
32.845,23.783
32.221,24.797
26.891,25.334
30.176,24.312
29.510,24.194
28.354,23.879
25.412,24.155
27.711,24.161
33.521,23.547
31.702,24.244
32.059,24.922
34.420,25.748
32.973,25.543
31.364,25.558
31.078,25.244
32.900,25.203
32.405,25.246
31.105,24.511
30.329,24.255
26.191,24.367
26.046,24.159
27.793,24.034
28.087,24.354
30.659,24.353
26.747,24.034
29.143,23.943
27.611,24.211
30.961,23.506
30.426,23.819
29.852,23.438
29.599,22.781
31.114,22.643
32.112,22.026
30.507,22.972
30.414,23.855
30.547,23.524
31.122,23.194
30.926,22.246
31.544,19.228
33.883,21.330
34.036,22.141
35.714,23.020
35.427,23.166
35.968,22.648
35.915,23.494
35.775,24.659
35.201,22.857
34.102,21.822
34.556,22.575
35.033,23.851
36.322,23.094
35.517,23.436
35.275,21.941
34.204,20.320
34.691,18.719
34.361,18.318
34.787,19.128
35.518,18.849
34.488,18.502
35.687,18.816
35.934,20.028
35.322,21.669
35.319,19.055
34.737,21.666
34.412,21.201
34.924,20.272
34.476,20.782
34.208,19.972
34.040,18.562
33.360,19.804
33.574,20.935
33.676,18.671
33.557,20.058
33.159,20.214
33.005,21.138
33.078,20.229
32.149,17.727
32.151,18.015
31.867,17.973
31.961,18.282
32.450,17.506
32.233,15.234
33.342,15.913
32.724,17.171
33.357,16.933
32.612,18.980
33.610,19.134
32.510,19.715
31.896,20.198
32.573,18.200
31.722,16.509
31.848,14.244
31.440,16.835
30.869,17.488
30.414,17.133
30.717,16.191
30.862,14.581
31.401,14.382
31.837,16.476
31.504,16.854
31.434,17.165
31.120,15.101
30.516,13.444
30.020,17.030
29.538,15.245
30.146,15.869
31.419,18.602
31.775,19.480
31.993,18.772
33.312,19.216
33.843,18.669
32.609,16.375
31.183,12.790
29.897,14.154
28.850,12.790
28.766,12.761
28.604,11.252
28.379,13.066
29.284,15.448
30.346,16.033
30.398,17.757
30.305,15.288
29.715,15.379
28.648,12.268
29.066,13.056
30.204,15.777
29.926,15.484
29.641,15.757
29.070,11.444
28.078,11.298
28.323,13.098
27.417,8.552
26.887,12.506
28.227,13.025
28.900,11.807
27.361,8.460
26.635,8.446
25.908,9.353
26.659,8.912
25.831,7.326
26.007,10.589
25.634,9.219
25.909,9.786
27.230,11.439
28.510,9.756
29.386,11.458
30.351,11.342
30.363,13.048
29.305,11.750
29.707,11.309
29.118,13.044
29.174,12.506
23.524,8.541
24.116,7.501
25.452,9.344
25.840,10.036
26.652,12.019
28.205,12.149
28.184,14.288
27.670,13.032
28.505,12.210
29.371,12.388
29.384,14.334
29.677,14.361
30.590,15.256
31.497,18.394
32.089,17.603
33.531,17.165
32.767,18.518
30.188,13.494
27.448,14.251
26.811,8.966
27.435,11.717
28.438,9.733
29.548,12.022
32.681,15.294
33.897,17.102
34.076,19.072
33.322,18.927
34.180,20.993
31.838,16.208
25.098,13.062
27.778,10.380
29.911,13.932
32.110,15.030
31.590,16.371
33.471,17.118
33.949,14.926
31.829,16.760
31.148,12.527
32.059,15.905
34.245,14.368
31.006,13.254
32.442,12.286
33.771,16.249
35.131,14.480
37.123,16.260
35.936,16.886
38.215,17.240
38.555,19.510
39.053,20.592
39.788,20.314
37.154,17.559
36.284,16.128
35.882,13.894
36.655,15.936
35.817,15.509
34.365,14.312
36.410,16.137
36.237,21.441
35.884,20.327
38.452,19.821
37.963,18.449
37.036,17.462
36.625,16.731
36.259,19.997
36.765,19.062
34.774,19.484
36.658,19.128
38.097,17.521
34.630,22.235
34.162,20.562
34.215,17.562
36.710,17.496
38.003,20.882
38.304,19.384
37.274,20.819
35.820,19.170
38.535,17.419
38.365,17.977
40.332,19.097
40.402,21.974
37.763,18.576
38.378,22.124
37.276,22.016
36.306,20.409
39.345,19.949
40.669,21.868
40.760,22.559
41.137,21.786
39.554,20.905
39.617,20.772
39.636,21.731
38.660,19.945
38.528,23.550
38.647,22.050
37.952,21.350
38.313,25.886
43.153,25.596
41.642,26.243
41.528,25.506
44.508,23.616
43.912,24.519
42.366,25.183
42.894,25.231
43.641,24.909
42.819,22.990
41.616,23.295
42.076,25.198
41.453,23.451
41.636,24.251
42.760,24.605
41.988,24.514
41.214,23.088
40.536,23.699
40.212,24.337
41.304,24.670
42.090,24.816
42.551,26.375
44.134,26.255
44.705,25.148
44.464,26.353
44.809,25.612
43.911,25.779
44.145,26.627
43.428,26.231
42.627,26.221
43.190,26.217
41.868,26.038
41.211,26.838
41.339,27.682
41.875,27.662
41.420,28.219
41.082,27.230
42.198,27.160
42.934,27.445
42.350,28.567
46.441,29.963
43.210,29.640
40.588,30.206
42.428,30.036
43.256,30.271
41.960,30.426
40.764,27.955
37.880,28.152
35.400,27.128
37.435,26.246
36.434,27.114
36.463,26.398
38.773,27.022
41.566,27.698
39.810,28.026
33.669,27.073
26.885,25.714
33.928,24.538
35.929,26.047
37.242,26.040
37.331,26.749
37.565,26.723
38.712,27.196
39.086,27.665
37.706,28.216
35.204,27.304
36.975,26.973
36.808,27.010
37.213,27.404
36.463,27.635
38.060,27.492
38.367,28.017
34.531,26.830
30.797,25.453
32.772,25.765
31.312,25.902
31.094,26.123
30.385,25.579
29.919,24.814
29.229,24.905
29.872,26.034
29.917,24.634
28.437,24.158
25.236,24.266
31.565,23.999
29.371,25.482
28.281,25.223
29.645,24.771
32.208,24.774
31.881,25.447
27.512,25.390
32.862,24.386
33.175,25.402
30.710,25.876
29.267,24.829
30.003,25.442
26.460,25.255
26.381,24.308
29.678,23.228
29.999,23.655
27.188,25.243
32.591,24.901
26.752,23.563
29.049,24.264
29.772,23.458
29.760,24.350
27.897,24.569
25.816,24.378
27.372,24.297
26.316,24.393
29.197,24.005
29.485,24.725
26.941,25.188
27.787,24.346
28.118,23.937
29.587,23.621
29.798,23.765
30.177,24.111
31.306,23.409
31.841,23.735
25.380,23.911
30.053,23.659
32.346,23.797
26.153,24.553
27.107,23.729
29.483,22.881
30.838,22.825
29.692,23.355
30.046,23.304
30.775,23.880
31.669,23.550
30.945,22.946
31.827,23.260
31.551,23.668
32.494,22.680
31.367,22.145
30.946,22.369
31.477,22.116
32.216,21.573
34.096,22.278
36.053,23.023
36.721,23.964
35.887,25.244
37.091,25.058
35.829,25.380
36.777,25.817
36.017,24.189
36.057,24.108
37.784,23.412
38.043,24.676
38.184,22.937
31.247,21.712
32.797,21.983
31.370,24.319
30.521,24.299
29.207,23.336
24.522,22.958
28.358,22.555
26.992,23.489
28.151,23.514
29.533,22.803
29.859,22.897
31.093,22.782
30.380,23.218
32.857,22.333
32.626,20.933
32.434,21.533
30.728,23.867
30.185,22.539
31.148,22.437
30.995,22.795
32.088,21.697
32.110,21.948
32.779,21.944
33.147,21.479
32.617,21.056
32.518,20.311
33.625,20.500
34.238,22.160
34.637,21.642
33.708,20.593
33.787,19.729
32.851,20.576
33.498,19.046
32.195,19.585
32.012,20.555
32.334,20.894
32.692,19.171
31.530,18.533
30.845,16.093
30.637,16.504
29.960,16.212
30.667,17.070
32.097,17.796
32.464,19.629
31.817,20.365
30.688,19.105
31.033,18.071
31.032,18.276
30.142,19.395
29.983,17.349
30.098,18.716
28.477,16.643
29.032,15.414
29.659,15.827
29.498,16.585
28.431,17.391
28.759,14.713
28.501,14.381
29.127,15.426
30.098,13.805
29.775,12.585
30.023,13.922
30.015,15.624
29.639,16.995
30.557,14.943
30.879,14.395
31.047,14.139
30.719,15.208
30.843,17.526
30.875,17.889
30.404,16.072
31.247,16.103
30.222,13.932
29.964,14.474
30.330,15.859
30.188,16.106
29.012,15.124
29.158,13.266
29.226,13.241
28.207,13.396
28.498,13.451
28.969,12.851
28.491,14.260
27.248,12.322
28.420,11.283
28.041,10.597
27.864,11.567
27.954,12.404
27.768,11.095
27.968,10.767
26.840,10.088
25.452,10.817
26.054,10.135
25.725,12.102
27.127,12.223
26.997,12.491
27.036,12.256
26.628,12.378
24.710,7.796
25.494,10.657
25.430,12.020
24.254,9.223
26.013,10.929
25.794,14.133
24.818,14.838
26.396,12.702
25.651,8.807
25.262,8.724
26.092,11.573
27.732,13.672
26.052,11.492
24.020,8.837
23.473,8.910
24.041,10.263
25.965,9.921
27.194,11.285
26.575,9.585
26.400,11.393
25.066,9.483
24.893,7.055
25.985,11.778
26.824,13.074
23.828,15.963
25.972,14.391
26.476,11.990
27.272,12.942
27.495,13.212
28.635,12.557
29.514,13.627
28.596,13.802
29.462,11.065
29.499,13.748
29.331,13.454
29.415,14.227
30.572,15.388
30.501,14.866
30.047,12.951
31.218,13.727
31.912,14.206
29.689,13.914
27.561,9.572
26.148,9.352
26.694,8.061
26.190,7.721
27.495,11.658
26.859,12.556
25.804,10.647
25.832,14.045
26.806,7.989
28.304,13.017
28.980,11.934
30.239,11.362
31.535,12.855
25.956,17.248
30.080,14.250
29.692,15.596
30.368,15.588
33.145,18.259
32.986,16.119
31.198,11.310
29.837,11.565
28.298,13.719
30.707,11.457
29.634,14.533
31.881,15.130
32.379,15.360
34.141,17.440
34.747,19.040
33.790,20.002
33.324,18.607
34.005,17.981
34.158,15.427
33.575,16.246
34.740,16.469
36.791,17.420
37.348,20.397
38.160,17.135
37.080,18.126
35.004,16.922
37.571,16.569
37.619,14.587
34.333,14.989
36.073,17.093
37.923,18.291
37.229,20.517
35.850,17.384
36.292,19.098
39.057,19.531
38.088,20.129
37.643,18.775
37.498,19.800
38.109,18.738
38.273,20.255
37.805,21.166
38.602,18.504
39.574,21.042
40.263,19.093
38.728,19.616
38.319,22.114
39.285,17.534
39.097,16.778
38.760,16.539
39.438,18.490
39.549,19.006
39.356,21.420
40.029,21.260
41.306,21.823
41.827,21.467
40.953,22.861
40.201,21.419
38.514,21.886
39.201,21.586
42.391,22.190
41.253,25.564
40.829,23.511
41.656,22.802
41.027,24.648
41.520,24.226
46.159,26.538
45.227,27.892
43.453,25.770
43.014,25.542
42.091,24.004
41.307,23.181
41.621,23.673
39.494,22.425
41.292,25.433
42.307,24.126
43.246,25.960
42.866,26.922
41.402,23.114
40.319,23.607
40.186,23.810
39.333,24.699
39.538,24.164
39.592,25.871
38.845,25.534
36.786,25.389
40.160,24.824
41.306,26.573
42.249,25.633
42.360,26.031
42.991,25.174
43.246,26.916
42.367,26.344
43.944,25.571
44.172,26.525
46.082,28.446
46.673,28.961
45.588,30.201
43.326,28.446
43.035,27.047
42.563,26.741
43.712,27.306
45.521,27.315
45.835,29.518
46.113,29.633
45.932,28.529
45.476,28.514
44.923,28.659
44.141,28.396
43.824,27.659
42.054,27.247
42.475,29.875
41.127,27.952
39.635,26.821
38.367,27.906
38.885,28.301
39.955,27.782
40.042,27.033
40.468,27.902
40.203,28.229
41.546,28.541
41.580,28.160
40.157,28.681
39.763,28.573
40.471,27.929
40.092,27.725
40.146,27.546
40.186,27.632
39.764,27.567
39.329,26.822
38.819,27.036
37.463,26.727
38.271,27.409
35.439,27.429
38.731,26.959
39.476,26.990
40.722,27.324
39.828,28.171
39.111,27.540
38.216,27.961
37.607,28.683
39.737,28.225
38.692,28.404
39.160,28.330
35.678,27.323
40.650,27.514
37.175,27.659
37.921,27.078
32.311,26.467
28.163,25.419
33.347,24.731
33.833,25.078
34.731,25.439
27.357,24.732
24.656,23.212
25.203,23.271
28.665,24.484
30.686,24.797
26.349,25.373
28.269,25.305
27.348,24.900
30.339,25.035
