20000101
29.059,12.885
28.313,13.281
28.556,12.166
27.884,11.328
27.533,10.098
28.183,11.872
29.039,10.750
30.003,9.808
30.421,9.407
31.450,12.098
30.931,12.618
28.379,12.296
25.348,11.502
24.507,9.496
23.784,8.643
23.911,8.246
26.530,9.584
29.912,13.165
30.991,10.780
30.043,10.134
25.252,10.342
27.624,10.501
29.299,12.381
29.161,12.575
30.252,10.846
29.962,13.114
26.856,14.317
26.658,10.830
29.817,10.836
31.178,11.593
28.935,8.734
28.254,10.125
28.191,11.600
28.057,8.111
26.771,11.473
23.540,10.894
25.824,9.014
26.981,11.156
28.103,11.864
27.357,11.970
26.950,10.034
24.548,10.869
24.712,8.359
26.255,10.324
25.788,10.681
27.743,9.993
29.906,12.599
28.679,11.947
28.801,11.077
29.275,12.915
30.372,15.791
30.662,15.828
29.727,14.963
29.904,16.843
26.982,18.168
29.723,14.033
30.316,12.479
32.799,10.968
33.764,13.532
35.410,13.954
35.975,17.687
34.441,15.828
33.538,15.325
31.106,14.660
32.388,12.296
32.079,14.307
29.513,12.498
30.950,16.066
33.051,14.815
33.669,13.519
34.419,15.183
32.357,15.556
31.494,14.201
32.303,13.610
32.860,15.666
33.656,14.289
33.384,15.478
34.544,13.457
34.690,15.797
35.704,17.317
35.091,16.280
34.289,17.450
33.474,16.983
33.795,17.830
35.214,18.033
36.527,19.502
38.677,20.189
37.517,18.915
38.608,20.589
39.870,22.606
39.409,23.085
39.384,25.574
40.820,22.359
40.026,18.308
41.052,20.827
41.075,19.382
40.710,21.051
39.685,18.293
39.041,22.817
40.876,20.034
41.100,21.078
42.033,20.719
42.382,22.463
42.102,23.808
39.894,20.952
41.037,21.174
40.916,20.911
41.448,21.965
40.954,20.075
41.683,23.457
40.637,22.720
39.996,22.867
39.551,22.402
40.116,23.240
40.024,23.179
41.506,23.275
42.341,23.823
41.983,23.724
41.913,24.804
41.732,24.960
41.697,25.434
41.803,24.169
43.371,23.841
43.341,23.922
42.289,23.588
42.605,23.814
42.221,27.563
42.085,24.997
41.577,25.760
41.287,25.114
41.025,25.526
40.425,27.293
38.794,26.582
36.274,23.510
36.887,24.336
39.213,25.412
39.781,26.471
38.506,24.822
40.810,25.261
39.521,24.985
38.182,26.023
41.058,25.084
41.875,26.932
41.341,26.640
40.813,26.762
40.725,26.311
40.602,26.058
40.820,26.039
41.019,26.233
41.357,27.880
38.452,27.766
37.625,27.285
41.068,27.289
41.492,27.028
41.148,28.016
42.367,29.204
39.870,28.545
44.310,28.775
44.394,29.976
43.399,27.793
42.843,27.604
41.702,26.932
41.492,26.347
41.319,26.467
39.718,26.879
39.633,26.984
39.500,26.207
40.970,26.382
40.774,25.734
41.724,25.072
41.974,25.705
40.964,27.472
39.743,27.089
37.939,26.310
38.608,26.009
38.569,25.175
38.787,25.433
38.726,24.955
39.364,25.767
39.100,26.740
40.057,26.935
38.749,27.959
35.204,26.366
31.030,25.874
37.120,24.484
33.134,25.743
36.540,25.122
37.677,26.378
37.266,26.457
32.399,26.104
33.824,26.115
35.177,25.386
32.935,25.788
34.755,25.962
31.198,25.782
26.918,24.098
24.565,23.104
27.164,23.021
29.767,23.111
32.309,23.713
31.180,23.693
33.356,23.283
25.493,23.245
28.966,22.572
31.663,22.948
33.779,22.306
33.809,22.545
35.177,22.629
36.123,23.356
36.734,23.526
28.488,25.563
32.782,24.885
35.166,24.268
35.237,24.804
35.080,24.518
31.660,23.143
34.044,23.027
35.999,22.985
36.583,24.090
37.739,23.874
35.578,26.191
37.069,25.527
35.800,26.272
34.502,24.228
33.284,26.073
27.274,24.647
27.493,23.116
29.025,23.381
30.590,22.430
25.944,23.705
31.889,23.274
26.945,22.136
26.914,22.840
27.522,22.803
32.250,22.763
37.162,24.163
34.142,24.545
36.896,26.356
36.564,25.751
32.138,24.039
31.833,23.971
32.818,23.743
31.685,24.361
26.140,23.795
29.167,23.138
32.443,23.637
34.976,23.057
30.719,22.680
25.353,22.983
34.594,21.450
33.067,21.244
34.786,21.023
34.052,21.466
34.442,21.135
34.628,20.584
34.858,19.836
35.704,19.988
36.610,21.021
36.303,21.140
34.281,21.473
36.387,19.812
34.786,19.648
35.088,20.666
35.854,20.029
39.122,22.041
37.549,21.590
35.645,23.003
37.416,22.611
36.354,22.782
37.108,23.852
38.241,20.370
39.537,23.886
38.537,21.257
38.775,19.259
40.593,21.473
39.154,21.389
39.909,24.266
40.061,19.738
40.156,21.288
38.925,19.390
38.451,20.503
37.648,24.742
33.185,20.458
39.047,21.255
38.055,22.644
37.550,21.581
37.368,23.047
36.882,23.247
38.527,16.518
39.205,20.605
39.426,19.745
39.195,17.640
38.758,21.107
38.547,18.050
38.584,18.437
36.337,16.410
34.995,14.989
34.906,15.895
35.368,17.570
36.075,17.365
35.919,21.263
37.166,19.651
35.921,18.521
35.775,18.374
35.697,17.614
34.709,17.242
34.668,18.832
33.957,18.084
34.965,17.519
34.244,17.324
33.278,16.785
33.424,14.959
33.795,17.669
34.448,20.428
35.700,21.341
35.393,20.057
33.717,18.232
33.942,16.505
34.299,20.429
33.621,18.673
33.803,18.316
32.912,16.076
33.119,15.184
31.220,15.145
31.269,14.785
31.654,13.319
32.473,14.030
32.121,12.563
32.516,17.894
31.381,17.816
30.667,16.244
30.167,14.411
29.293,16.211
28.328,14.484
28.746,13.089
27.713,12.708
28.121,11.760
28.691,11.668
30.506,11.887
31.100,12.901
31.714,14.245
31.972,15.982
31.912,12.162
31.712,15.800
30.485,12.433
30.186,11.503
30.068,12.615
30.904,13.427
31.052,14.750
30.778,14.520
30.878,13.070
30.804,13.743
30.111,14.268
28.978,14.170
28.807,12.896
29.854,13.418
30.886,12.943
30.224,12.024
30.866,13.971
30.733,12.744
30.341,14.041
29.657,12.589
28.991,11.117
29.532,12.664
18.851,13.958
24.299,11.791
24.083,6.689
24.925,8.138
26.319,10.427
25.804,10.084
25.810,10.676
28.260,10.366
26.711,12.335
24.736,9.875
25.406,10.132
26.652,10.535
27.747,11.944
27.951,10.990
27.784,12.043
27.823,11.544
29.073,12.880
29.274,14.755
30.206,14.665
30.270,13.371
31.019,11.813
30.804,13.698
27.838,12.832
27.093,10.406
26.885,9.603
28.061,10.068
28.515,8.905
29.619,10.735
30.836,11.897
31.053,13.681
30.728,10.701
29.657,13.039
29.638,12.713
30.194,12.347
29.017,11.589
28.358,9.658
28.570,9.957
29.019,10.072
29.767,11.185
30.626,9.261
31.858,13.438
32.527,13.448
31.272,12.214
30.914,12.492
32.870,14.214
34.256,17.575
29.099,11.899
28.046,12.450
29.887,12.507
31.050,14.004
32.323,16.054
33.506,16.462
34.006,16.608
32.807,14.583
33.956,15.111
34.796,17.294
34.021,16.366
32.762,15.699
32.226,16.849
32.548,16.440
31.957,16.560
32.403,17.116
31.424,16.971
33.536,16.228
32.761,19.176
32.401,15.997
32.494,16.732
34.114,13.435
35.334,16.553
35.940,18.592
36.169,18.989
35.271,19.377
32.892,16.940
33.354,13.885
35.002,14.945
35.069,20.267
37.048,22.503
36.161,20.861
36.899,16.469
38.021,21.163
35.701,20.514
35.255,17.937
35.315,18.462
33.762,19.886
35.237,20.455
36.688,19.157
36.593,20.186
36.793,20.076
34.727,20.474
32.820,15.509
33.474,14.690
34.574,15.948
36.081,21.607
37.451,20.069
38.245,18.790
39.297,15.771
39.506,19.389
39.143,17.727
39.867,22.364
39.439,21.967
38.106,19.958
37.570,17.539
37.475,18.717
37.512,20.456
36.228,23.663
37.267,22.496
36.383,23.270
36.002,22.865
34.612,23.546
35.019,19.829
34.604,20.786
37.770,22.088
39.015,19.288
40.302,20.059
41.999,19.750
42.784,23.539
42.382,24.971
41.890,22.087
40.660,23.033
40.740,22.301
42.638,22.173
42.991,23.172
44.124,24.498
42.417,24.625
43.331,25.010
43.409,24.274
43.822,24.002
43.216,24.103
42.280,24.119
40.897,23.377
40.140,24.655
41.586,25.137
41.339,24.005
42.362,23.877
42.286,24.219
40.935,23.664
40.162,24.140
40.260,25.046
39.516,25.179
38.761,24.836
38.337,24.795
39.314,25.759
40.524,25.693
40.779,26.896
42.823,26.842
43.871,27.720
42.161,27.944
41.205,26.633
39.976,26.422
40.103,27.015
37.077,24.787
34.236,24.980
35.707,25.403
36.853,25.653
36.697,25.723
36.249,25.809
37.002,25.618
38.279,25.855
36.568,26.185
38.825,26.173
39.395,26.704
39.782,26.698
39.002,27.904
37.802,26.541
35.459,25.793
38.204,24.959
31.416,26.032
32.983,25.070
31.572,23.968
33.015,23.454
36.253,24.790
38.770,25.437
37.607,25.475
37.901,24.990
38.210,24.573
39.266,25.743
39.432,26.486
38.912,25.873
39.073,26.085
39.050,25.459
37.556,25.366
36.542,25.709
34.108,25.908
30.485,26.835
32.545,25.284
34.572,24.625
25.861,24.615
29.286,24.254
33.399,23.486
36.124,24.000
32.223,25.508
32.387,25.497
32.398,24.662
25.440,23.523
29.114,23.771
28.181,23.684
31.310,23.404
26.359,23.996
26.206,24.183
25.255,23.599
26.830,23.685
30.211,24.204
29.624,23.975
26.149,23.693
30.631,23.586
30.968,24.175
31.503,23.609
30.208,23.888
29.714,23.826
32.098,23.501
31.019,24.268
30.262,24.006
28.195,23.712
32.599,23.749
33.597,23.833
34.104,23.731
34.398,22.320
37.845,25.078
32.519,24.626
33.979,23.759
29.944,25.201
30.757,24.694
30.420,24.383
31.143,23.921
29.901,24.751
31.031,24.094
29.588,24.371
32.203,24.421
32.469,24.494
30.214,24.300
23.875,22.800
30.853,22.697
32.698,21.143
32.660,22.760
33.294,22.451
28.662,22.926
31.908,22.347
31.767,23.605
32.222,23.337
33.539,21.831
34.017,21.624
34.064,21.667
33.132,21.820
32.222,21.323
34.752,20.773
35.894,22.468
35.747,22.336
36.057,22.206
36.061,22.578
35.238,22.733
35.009,21.927
34.518,22.103
32.365,20.696
35.659,22.034
34.888,21.298
35.264,21.522
36.509,20.608
35.676,21.423
34.886,23.223
37.401,20.719
37.611,20.829
37.026,23.452
37.593,21.174
36.490,20.719
32.522,24.678
37.256,22.640
39.581,26.952
36.434,24.539
36.948,22.421
37.994,26.055
38.421,23.195
39.257,23.131
41.290,19.699
39.718,21.848
41.521,21.210
39.653,22.219
34.776,23.364
32.477,22.360
35.994,21.136
38.034,22.007
36.655,21.295
38.454,25.072
38.424,25.016
38.324,24.479
34.639,22.751
29.255,22.714
25.020,21.293
30.870,21.252
34.731,22.081
35.991,25.084
35.810,21.826
37.290,20.830
35.881,20.215
36.306,17.223
36.062,16.575
35.649,16.941
36.713,18.156
36.667,20.430
37.877,20.892
36.896,19.353
36.646,16.797
37.921,18.552
38.024,19.774
38.146,18.974
36.796,18.960
35.775,19.176
36.228,18.148
36.144,19.372
35.120,17.832
34.596,15.419
33.613,15.152
33.615,14.957
33.998,19.802
32.817,18.687
31.868,17.594
32.010,15.560
32.765,15.753
32.502,16.487
33.326,16.880
33.576,16.157
32.578,15.916
33.521,16.250
33.661,18.087
35.063,19.500
34.404,17.631
34.093,17.174
33.598,17.392
32.482,17.375
32.140,15.067
30.876,14.228
30.308,14.117
29.514,13.200
29.511,13.792
29.411,13.859
28.946,13.092
29.586,13.030
30.251,13.951
30.249,14.326
30.461,13.811
30.461,13.439
30.208,13.870
31.195,14.883
31.743,14.611
32.795,13.764
32.745,15.588
31.462,13.499
31.859,14.272
30.380,15.829
30.120,15.277
29.917,14.595
29.855,12.607
29.992,14.652
30.476,15.278
30.689,15.181
30.186,15.946
28.516,14.537
28.444,13.559
27.696,12.081
28.142,10.996
28.411,11.213
28.593,11.580
28.995,10.885
29.566,14.467
27.779,13.863
28.433,12.773
27.534,12.744
27.807,12.262
27.485,12.193
27.937,12.033
27.129,12.036
26.819,12.229
26.370,11.416
27.583,12.204
28.008,11.852
26.992,12.581
26.394,12.095
28.212,12.058
29.901,12.498
30.543,12.416
31.277,12.211
30.113,12.034
29.554,13.328
26.220,12.576
25.807,10.514
23.139,10.686
24.087,9.553
23.999,10.249
24.419,9.805
24.755,9.663
27.416,10.104
26.674,10.465
25.747,10.969
25.347,12.306
23.688,10.089
23.116,8.898
23.833,9.090
24.049,9.100
26.211,9.380
27.996,10.115
28.450,12.157
28.032,12.869
29.487,12.938
30.324,12.359
28.962,14.395
25.393,10.735
24.080,7.849
25.637,9.330
18.945,11.250
25.437,12.191
28.382,10.031
29.574,12.718
31.026,13.280
32.149,14.275
32.413,14.638
32.408,14.924
31.759,17.938
32.864,18.562
32.780,18.066
33.261,15.640
33.469,16.212
31.518,17.776
32.378,14.472
30.960,15.215
32.844,16.935
33.838,16.837
34.328,16.554
35.367,19.671
31.032,17.152
31.915,15.632
32.338,16.693
33.429,16.344
33.756,17.183
34.095,18.101
32.427,15.529
31.763,16.040
34.705,19.386
34.799,20.389
32.557,21.964
33.858,16.368
29.474,20.498
33.350,15.147
35.340,17.263
37.983,16.455
38.901,18.763
38.609,20.347
38.395,19.034
36.097,22.228
37.107,21.944
38.185,17.061
36.325,20.767
35.469,17.170
38.065,18.668
36.819,20.555
37.326,21.297
38.147,20.776
39.105,17.042
40.193,20.189
40.832,21.446
40.089,23.621
39.252,18.154
39.768,19.319
40.366,21.023
40.211,24.601
33.480,24.644
33.374,21.514
36.629,20.627
37.990,20.761
38.346,20.059
40.461,20.738
39.667,21.773
38.986,22.553
37.412,20.796
37.704,19.827
38.559,20.002
39.198,22.573
41.126,23.194
40.145,26.672
40.120,22.329
40.477,21.891
40.150,23.059
39.440,23.988
39.322,21.661
41.377,17.925
42.829,22.942
42.934,24.283
43.511,23.993
43.876,23.802
43.143,24.932
43.905,25.614
45.148,26.804
45.461,25.173
45.801,29.217
44.039,24.560
42.712,23.333
41.823,23.075
42.329,25.579
42.391,28.047
42.232,27.520
42.506,25.497
43.228,26.532
43.058,26.996
42.806,26.923
43.296,26.879
41.112,29.498
43.219,27.041
41.101,24.827
41.240,25.125
42.114,25.828
42.736,27.016
42.470,26.560
41.855,26.470
41.586,26.397
40.335,24.751
39.914,24.143
40.298,25.093
40.557,26.119
40.862,26.961
41.815,26.907
41.314,27.512
41.071,26.316
41.825,26.764
41.999,26.574
42.615,26.687
41.423,25.990
41.497,27.354
42.380,26.331
42.398,27.427
43.887,27.934
42.505,29.717
44.264,29.712
43.255,28.992
41.172,30.123
41.630,29.647
41.377,28.038
37.570,26.827
38.708,27.246
38.969,27.746
39.192,27.514
39.123,27.201
40.547,27.034
42.322,27.502
41.793,28.047
38.803,28.381
39.560,29.101
33.854,27.279
32.885,26.669
26.300,24.104
30.770,23.820
35.552,24.375
36.569,24.433
37.339,24.921
36.667,25.851
39.079,25.924
38.044,25.784
38.065,25.837
38.508,26.058
38.375,25.553
36.977,26.913
38.715,25.165
40.687,25.482
37.705,25.933
36.597,25.659
28.996,25.745
28.716,25.151
33.163,24.009
30.466,24.753
30.071,24.909
29.056,24.041
32.540,24.158
26.601,24.478
26.881,24.707
27.419,24.741
26.992,24.747
28.146,24.180
35.921,23.899
37.056,23.390
38.465,24.486
39.098,23.991
39.976,23.812
37.642,25.188
38.644,26.114
39.487,26.783
34.465,26.081
27.274,23.553
29.129,23.161
29.572,22.844
27.321,22.710
29.087,22.803
33.256,23.180
31.214,23.486
25.309,23.731
24.693,23.409
24.747,23.643
27.222,23.629
32.263,22.585
29.646,22.889
33.805,22.776
31.515,23.943
35.694,22.288
33.718,22.421
35.493,22.805
34.325,23.497
33.110,23.985
29.960,24.165
26.336,22.832
31.444,21.788
33.478,21.388
33.667,22.099
26.829,22.997
30.267,22.373
31.429,22.611
31.678,23.366
31.346,24.063
32.278,23.768
35.497,23.050
35.461,24.037
34.249,21.186
34.344,20.978
34.131,21.033
35.682,20.203
32.041,21.305
36.663,21.334
36.353,20.765
35.341,17.995
35.128,19.591
34.328,20.133
33.677,19.402
34.674,20.178
34.255,18.994
37.146,20.487
37.894,22.660
36.758,21.881
38.275,24.565
36.809,23.832
35.843,22.059
36.661,21.341
37.154,24.535
37.870,20.916
37.068,23.699
37.967,22.519
39.610,22.280
39.050,22.973
38.331,21.219
39.146,18.412
38.862,20.265
39.329,19.281
40.608,18.569
39.527,18.414
39.483,19.980
38.084,20.012
38.205,20.158
38.436,20.772
38.218,19.321
38.503,20.702
38.324,22.917
37.847,23.020
36.732,21.453
37.719,18.535
37.011,16.163
36.377,18.173
35.760,17.453
36.260,17.736
35.443,15.678
36.059,18.134
37.184,18.971
36.095,19.423
36.233,18.484
35.458,15.128
35.796,14.790
34.889,16.254
35.401,18.716
35.727,18.741
35.667,19.095
35.177,17.235
35.218,16.087
34.504,14.417
32.672,18.297
32.283,17.157
33.324,18.521
33.526,18.587
32.662,19.439
29.247,19.249
30.694,16.734
32.171,16.626
31.772,18.425
32.217,15.312
33.786,16.276
34.321,16.237
34.596,17.908
33.406,18.253
33.057,16.760
33.882,18.368
33.520,16.942
32.509,16.157
28.930,17.677
33.126,13.336
33.170,15.519
32.715,15.411
30.486,13.196
31.428,15.480
31.239,14.491
31.060,15.983
30.859,15.483
31.306,14.935
30.544,11.837
29.852,14.375
30.924,15.434
31.287,15.983
31.732,17.096
31.464,15.201
30.675,13.519
30.422,11.225
30.806,12.723
32.354,15.181
33.368,16.906
33.098,17.106
33.514,17.497
33.109,14.730
31.155,13.402
29.788,13.908
29.121,13.983
29.563,13.365
29.245,11.760
30.701,11.988
27.520,13.737
26.189,12.192
27.006,11.301
27.994,12.916
25.928,12.028
26.923,10.873
26.975,13.881
23.202,11.890
23.431,8.275
23.600,8.793
24.983,11.117
25.456,12.217
27.737,12.198
29.566,11.371
28.603,14.495
27.499,11.280
28.124,13.671
29.220,16.383
28.435,14.248
30.005,15.427
28.671,15.282
28.996,11.977
29.548,12.059
29.056,12.762
28.019,12.261
28.485,12.240
27.929,12.089
28.708,14.789
30.068,14.604
30.308,14.301
30.824,13.526
31.179,12.475
31.516,13.582
32.508,17.095
32.637,17.519
29.384,15.409
28.896,13.363
29.515,11.138
26.142,16.044
26.528,11.328
27.294,13.598
27.736,13.438
27.522,13.628
29.722,13.258
30.676,13.439
31.402,11.945
29.343,13.976
30.107,14.479
30.645,15.151
30.078,16.162
30.231,15.074
30.453,13.779
31.511,15.892
33.053,16.876
33.644,15.200
30.661,18.099
24.966,18.321
27.069,14.351
29.050,12.423
30.355,15.100
31.747,16.619
33.382,17.709
33.276,17.792
33.369,18.936
34.407,17.045
34.812,18.208
35.528,19.305
35.368,19.838
33.000,19.844
29.251,15.326
28.348,8.636
30.520,11.483
32.549,14.463
33.088,15.662
33.683,16.414
35.505,16.351
34.944,17.881
33.281,17.304
33.275,16.339
34.890,17.141
36.321,20.061
35.859,16.450
34.874,16.417
33.685,20.729
35.120,16.151
35.413,18.998
35.804,19.021
38.202,20.733
38.010,17.030
38.273,20.232
39.997,21.081
39.308,25.247
39.339,24.746
38.743,22.603
38.658,22.332
37.254,20.117
36.813,20.658
38.984,20.995
39.250,23.480
40.423,19.411
39.319,20.515
38.432,20.627
37.043,20.217
38.317,21.987
39.784,23.328
39.219,22.028
40.141,17.582
39.576,23.851
40.626,21.084
38.971,26.648
37.346,20.815
37.049,19.184
38.136,21.814
38.282,21.854
40.872,25.631
39.018,23.962
36.478,22.630
38.017,19.631
40.355,21.705
41.230,23.916
42.582,22.926
40.460,23.256
39.948,21.122
40.797,22.357
41.019,21.601
41.899,19.855
42.671,23.840
43.995,25.328
42.992,26.469
40.462,21.797
38.124,23.045
39.332,17.833
39.243,19.381
39.085,21.486
40.104,21.530
39.881,19.315
41.480,22.822
43.115,24.545
43.517,26.362
43.510,26.983
43.532,26.243
43.308,25.809
43.279,24.667
43.596,28.468
42.931,27.328
41.831,26.980
41.112,25.327
41.081,25.184
40.841,25.320
39.614,24.598
40.479,25.191
41.812,25.358
40.035,26.039
39.009,23.882
39.603,26.144
41.249,24.439
41.655,26.416
42.171,26.600
41.956,25.949
41.436,25.976
41.909,28.145
41.867,28.000
43.495,26.425
42.088,26.064
41.848,26.552
41.267,26.931
41.038,26.685
42.120,26.921
41.486,26.740
41.601,26.337
42.134,27.169
41.338,27.222
41.715,26.684
39.131,27.917
38.281,28.206
37.744,26.377
28.359,25.275
29.844,24.584
32.728,25.866
38.618,25.953
39.918,26.890
39.725,26.079
38.577,27.635
30.500,26.669
35.683,25.838
36.579,26.147
37.182,25.616
38.277,25.575
37.372,25.240
36.657,26.086
38.743,26.295
36.073,25.442
33.949,26.192
27.243,25.759
30.124,25.401
32.488,25.178
32.733,24.705
28.442,24.655
29.006,24.174
30.671,24.320
33.149,24.714
34.521,24.844
35.079,25.503
32.986,25.639
26.851,24.509
31.064,24.742
33.563,25.130
33.445,24.860
31.768,25.215
31.127,24.683
28.188,24.026
29.844,24.709
26.343,24.435
26.756,23.994
30.535,23.588
32.157,24.381
25.533,23.802
27.844,23.633
26.940,23.623
29.158,23.422
28.484,23.067
29.342,22.918
27.962,22.543
28.423,23.091
29.850,23.877
33.489,23.567
33.654,23.612
30.378,25.185
30.776,24.898
30.286,24.086
26.756,23.996
32.313,23.396
32.233,23.825
32.012,22.735
33.095,23.741
30.162,23.784
33.203,23.573
31.544,23.198
30.708,22.924
34.662,22.368
35.519,22.935
37.640,24.146
35.720,24.842
30.642,24.277
27.370,23.526
25.252,22.859
28.827,22.565
31.442,23.624
31.552,22.692
25.008,23.070
28.667,23.130
25.537,22.891
28.904,22.726
29.936,23.498
31.997,23.208
31.686,22.236
30.990,20.574
28.934,21.736
33.351,20.925
33.741,21.820
33.903,22.828
32.631,23.558
33.078,20.499
33.286,21.244
32.115,20.219
30.536,21.670
33.123,22.737
31.046,21.022
31.895,22.888
32.241,22.303
37.509,22.050
35.799,21.629
34.383,22.425
33.172,22.028
33.126,22.602
33.612,23.442
34.287,22.880
35.193,23.069
34.137,23.308
34.831,22.122
34.531,23.384
36.070,22.132
35.820,22.427
35.247,23.110
37.793,20.721
37.570,17.488
34.380,19.471
36.373,20.521
36.671,23.682
36.276,23.912
36.208,20.268
34.136,17.551
35.059,17.669
35.651,18.167
36.437,20.796
35.537,16.494
35.222,17.455
35.994,19.411
36.133,19.278
35.397,19.068
35.553,19.754
34.690,16.944
34.502,16.566
34.127,17.131
34.100,17.833
34.645,15.548
35.302,16.644
35.463,18.106
33.933,18.677
34.986,19.508
34.568,19.306
33.178,17.849
34.337,16.203
33.881,17.439
34.478,19.105
33.532,17.633
34.598,20.296
33.995,17.664
33.177,16.004
33.000,16.372
33.220,18.867
33.306,19.713
32.827,15.592
32.316,16.320
31.576,16.604
30.592,16.190
31.161,13.433
31.392,13.782
31.244,17.608
32.171,16.548
30.802,16.864
30.927,15.062
31.477,14.875
31.451,15.573
31.075,13.590
32.174,15.595
31.725,18.499
31.412,16.870
32.056,15.441
31.293,14.118
31.381,16.670
30.472,14.196
31.333,14.787
31.252,12.505
31.082,14.161
31.247,14.187
31.525,13.447
32.070,14.574
31.638,14.363
32.178,15.220
30.710,15.302
30.320,16.615
30.575,15.802
30.430,14.564
30.388,14.925
29.666,14.706
29.101,15.823
24.920,12.780
25.708,10.475
26.791,11.365
26.841,12.101
27.604,12.768
27.022,12.348
27.225,12.402
26.617,9.112
26.750,11.521
26.030,10.799
26.044,9.988
23.942,8.953
24.089,10.011
25.159,10.175
26.857,10.879
27.569,9.695
26.733,9.108
25.983,10.475
26.900,11.171
26.842,13.172
26.736,13.897
26.202,13.311
23.721,13.322
27.326,13.199
27.431,12.739
29.110,11.526
29.220,12.290
30.347,12.759
30.444,10.971
30.838,14.222
31.238,13.159
32.075,13.760
28.014,11.401
28.133,8.801
26.605,10.860
27.765,13.398
24.979,14.974
24.404,10.581
23.475,10.717
25.328,10.186
25.288,11.146
26.301,11.112
26.370,11.444
26.336,10.974
27.519,11.931
21.823,10.674
24.798,11.710
23.167,10.167
24.838,9.978
27.569,9.456
28.192,9.818
27.635,9.366
29.035,10.847
28.933,11.039
30.576,11.674
29.844,9.378
28.294,13.996
28.139,10.129
30.684,13.176
31.916,15.453
31.434,15.429
31.373,15.027
32.926,15.174
33.173,11.853
31.074,11.391
33.104,13.233
32.490,16.251
33.214,14.220
33.628,15.314
34.621,17.205
36.032,17.495
35.635,17.707
35.474,17.025
33.698,15.232
34.241,14.673
33.416,13.554
34.001,17.943
35.584,17.725
35.483,17.830
36.443,18.816
36.341,20.604
36.834,19.258
37.285,18.808
38.147,18.081
37.308,19.287
37.077,17.018
38.038,19.120
38.611,19.910
39.363,20.971
39.065,19.572
40.288,20.931
40.266,19.588
40.330,21.056
39.825,24.181
40.017,20.867
39.652,17.731
39.751,17.111
39.082,18.079
38.512,20.607
36.508,20.200
34.690,15.807
34.163,13.518
36.526,15.783
38.530,19.614
38.291,17.607
38.445,18.863
37.678,20.225
36.338,20.594
37.248,18.520
38.078,19.947
39.401,21.464
39.259,22.754
39.145,21.519
39.089,19.411
39.157,21.332
38.923,19.792
38.951,18.749
40.647,20.412
39.979,20.964
40.724,20.346
40.475,21.854
40.128,22.267
39.717,19.648
37.600,21.289
37.641,20.818
37.976,19.378
40.187,20.655
40.433,20.600
40.175,21.635
40.362,20.816
40.834,22.665
41.596,20.837
41.702,21.357
41.218,24.157
41.619,22.194
39.786,22.276
39.353,23.106
40.218,21.130
40.241,21.734
41.805,23.429
44.144,25.647
45.488,26.451
44.164,25.537
40.117,27.334
36.827,29.311
36.482,27.753
32.224,25.896
36.798,25.584
37.035,25.717
35.413,25.812
37.381,25.283
39.427,24.878
40.744,25.017
42.519,27.541
42.402,26.722
42.106,25.175
41.303,25.144
40.525,24.715
40.559,25.204
40.775,25.194
40.350,25.503
40.767,25.878
39.943,25.376
40.625,25.167
41.029,24.620
42.032,25.560
42.930,26.010
42.035,26.514
42.366,27.373
43.513,27.815
41.682,27.065
41.773,26.556
42.185,26.649
41.914,25.792
40.876,26.466
39.401,27.693
37.499,28.256
41.814,25.864
41.587,26.863
42.559,28.401
38.995,27.410
40.746,27.444
34.473,27.574
33.227,27.454
36.982,26.006
31.990,25.867
38.032,24.614
38.151,25.718
38.370,25.799
38.509,25.617
37.729,25.223
32.715,25.824
34.649,25.213
32.529,25.676
35.978,24.632
33.192,25.083
33.940,24.317
34.961,24.739
37.487,24.838
35.727,25.239
39.960,25.840
34.120,26.142
37.145,27.354
33.606,25.579
34.538,25.350
33.623,25.079
31.101,24.527
36.174,23.625
30.960,24.235
36.124,24.179
37.038,23.716
37.970,24.720
37.951,25.761
39.296,26.110
37.470,27.273
35.341,25.587
35.904,24.290
36.395,24.721
37.861,24.274
35.863,24.642
36.977,24.202
38.472,24.258
37.907,26.159
36.138,25.336
31.552,25.252
36.347,26.349
34.331,26.807
34.549,25.168
29.083,24.228
32.083,23.342
27.638,23.591
31.622,23.632
33.818,24.753
33.669,26.956
32.781,25.041
27.463,23.954
25.326,23.246
29.876,23.481
28.449,23.231
27.254,23.948
24.448,21.779
26.481,21.598
24.054,22.907
31.005,23.028
30.692,22.561
28.447,22.524
30.213,23.345
31.350,23.149
29.336,22.720
30.978,22.867
32.719,23.456
31.743,23.407
28.662,23.168
33.637,21.600
33.248,21.714
33.012,21.326
33.779,20.958
33.939,21.274
34.104,20.874
33.632,20.670
34.059,20.503
33.059,20.661
32.948,21.104
32.028,23.265
33.395,20.350
37.183,21.306
37.631,22.617
37.380,23.213
35.138,22.940
34.565,21.499
35.343,23.748
33.599,20.087
35.106,20.166
33.662,21.672
33.021,21.687
30.698,20.225
33.550,21.391
36.066,22.206
33.841,23.264
36.500,23.223
38.249,22.051
37.775,22.821
35.870,24.746
37.871,22.224
36.109,23.619
34.231,22.957
36.527,22.803
36.943,23.529
37.256,25.571
30.035,23.409
33.787,22.893
30.213,22.747
30.132,20.747
30.601,22.117
30.722,23.092
34.055,21.584
33.845,22.336
34.065,21.351
32.356,21.063
30.381,21.516
32.600,18.980
32.631,16.918
32.844,18.237
33.816,18.730
32.475,17.788
32.436,16.950
32.975,14.436
34.422,15.184
33.052,17.055
33.418,18.676
34.693,16.711
34.782,18.287
33.770,18.592
33.570,17.663
34.377,18.357
33.464,18.474
33.468,16.662
32.570,20.976
32.545,20.179
32.432,17.131
31.510,16.577
31.869,17.122
32.017,18.631
31.486,18.518
31.249,18.441
31.500,17.615
30.605,18.141
31.499,18.136
32.526,17.107
32.075,16.805
32.604,18.239
32.154,19.066
31.778,14.852
32.492,17.022
32.520,16.363
33.091,18.125
32.929,18.084
32.844,18.079
33.521,20.937
32.822,18.474
32.352,17.992
32.452,14.913
32.134,15.839
31.745,15.599
31.728,17.937
31.703,16.015
30.887,16.252
31.751,17.888
31.700,17.716
30.080,16.323
29.611,11.359
27.231,14.201
28.929,15.871
30.286,16.206
29.108,16.111
29.900,15.552
29.984,15.990
30.152,15.948
31.190,16.096
31.757,17.174
31.564,16.275
31.120,16.769
30.810,16.607
31.672,15.945
31.289,15.279
30.839,15.421
31.151,14.710
31.439,15.628
30.466,14.189
28.782,11.286
27.373,12.217
27.397,13.070
27.306,11.871
26.818,10.296
25.152,12.812
26.513,14.213
25.853,11.344
27.401,11.768
29.472,14.193
29.236,15.783
29.293,17.016
25.835,14.824
23.693,6.472
24.761,9.000
25.671,10.077
26.747,10.996
28.163,12.456
27.231,11.966
27.200,11.672
27.867,12.013
27.228,10.832
26.295,10.284
25.539,10.588
26.339,10.870
27.078,10.384
27.745,11.694
27.378,13.949
26.201,10.863
23.220,9.368
22.936,8.745
24.548,9.501
25.444,10.060
24.831,12.455
25.775,7.499
24.621,10.490
27.147,11.035
24.952,12.987
26.428,10.860
24.776,12.113
24.482,11.185
25.039,10.229
25.069,10.677
25.595,12.042
25.504,11.350
26.755,10.347
27.425,10.858
26.561,8.118
28.754,11.168
29.486,10.231
28.389,11.934
29.968,13.847
31.701,15.893
33.764,18.435
31.636,13.313
32.168,12.455
31.916,17.475
32.930,14.965
31.371,15.619
28.722,14.204
25.491,11.292
25.126,6.410
22.793,7.357
24.723,6.360
24.806,9.479
26.587,10.515
28.770,10.967
30.938,13.118
33.056,15.451
32.734,15.562
35.286,17.308
34.831,18.568
34.471,18.683
35.131,20.752
34.919,17.096
33.822,19.813
32.755,14.308
33.847,16.370
31.771,20.379
32.683,13.950
30.978,18.069
30.052,14.516
31.435,15.948
33.314,16.717
35.821,17.844
36.612,16.501
37.314,17.083
37.357,17.927
37.695,17.294
36.965,16.263
37.018,16.232
36.135,16.471
34.783,17.318
33.002,17.095
33.518,15.461
33.453,17.880
35.576,16.222
37.030,22.041
35.115,17.527
37.392,17.367
36.925,15.869
35.242,19.486
35.662,19.933
37.341,19.621
38.453,19.609
39.273,20.438
40.092,22.279
41.061,21.623
40.579,19.876
37.997,19.535
35.315,16.169
34.653,14.275
33.974,15.411
36.425,17.482
39.294,18.966
38.615,20.382
39.508,21.157
38.878,19.105
39.070,19.719
39.874,19.109
39.523,18.129
40.313,19.779
41.917,22.328
41.261,26.272
39.566,23.230
39.372,23.821
39.703,21.667
38.820,20.927
39.905,22.113
39.277,21.304
38.955,20.562
37.296,21.832
36.316,22.029
37.360,25.054
37.262,23.570
36.180,22.683
37.118,23.091
36.849,23.413
38.940,24.001
39.794,25.026
39.192,24.424
38.908,22.566
39.627,21.947
38.295,19.448
39.624,20.768
40.413,21.954
40.764,21.284
41.454,22.894
42.343,23.912
40.315,25.120
41.567,23.255
42.307,25.355
43.507,25.420
43.273,26.087
40.736,25.146
41.676,26.109
41.799,26.675
41.011,26.950
40.662,26.291
39.563,25.939
41.127,28.057
38.774,26.573
40.784,26.397
41.378,24.711
40.916,26.682
41.661,28.769
41.526,25.214
41.869,27.023
43.138,25.966
42.570,25.981
40.885,25.453
40.861,26.263
42.332,26.781
42.585,25.697
42.085,27.372
40.857,26.557
38.211,25.872
40.262,24.996
40.747,27.306
40.871,26.909
39.804,26.966
40.355,25.814
38.397,29.027
38.997,28.341
38.797,27.186
38.698,26.646
38.993,26.439
38.449,25.969
37.229,26.398
34.623,26.053
37.359,25.206
33.726,25.644
37.075,25.881
37.054,25.581
32.827,25.609
32.618,25.279
29.892,24.891
33.417,24.550
35.317,24.704
36.755,24.570
34.314,25.365
36.696,25.612
36.090,26.215
30.480,25.836
36.046,25.180
27.127,24.505
33.491,24.166
32.045,24.866
33.598,24.973
27.229,25.264
28.975,25.238
34.894,24.608
36.540,25.650
36.473,25.068
34.940,24.613
37.063,24.547
38.319,24.292
36.332,24.660
38.660,25.340
38.098,25.962
32.349,24.712
28.320,24.685
27.297,23.038
28.916,24.227
34.580,24.098
31.735,25.918
31.016,24.525
29.626,24.124
28.417,23.987
30.330,24.196
25.753,23.850
26.868,23.611
28.922,23.041
30.339,21.913
30.969,22.870
30.442,21.755
31.620,22.534
32.082,22.807
32.930,23.162
33.261,22.128
31.024,23.092
30.603,24.084
33.541,22.668
32.791,22.205
33.522,22.612
33.465,21.961
34.328,22.138
34.262,22.200
33.686,22.203
31.044,20.572
31.910,22.176
35.509,21.247
35.816,21.137
35.726,21.922
34.745,21.547
35.672,20.384
36.592,21.221
37.319,23.238
38.789,24.408
42.190,25.154
41.009,23.133
37.811,24.744
37.376,23.799
36.569,23.937
36.926,23.876
33.617,23.950
34.235,23.815
30.699,24.129
33.334,24.148
29.304,24.174
28.481,23.842
29.245,23.321
28.969,23.330
26.753,23.425
31.854,22.890
31.952,22.872
35.126,24.551
35.846,24.369
31.939,24.313
24.055,22.467
30.218,20.897
30.345,20.856
30.512,21.551
31.160,20.561
32.614,19.623
33.079,19.026
33.135,19.772
33.983,19.613
33.670,18.937
33.373,17.517
33.646,18.012
33.438,19.206
34.532,20.659
33.755,20.153
34.106,18.912
34.128,19.128
33.830,19.684
35.404,19.348
34.882,22.009
34.612,21.373
34.147,20.753
34.064,19.848
35.801,19.813
33.944,20.477
30.457,20.136
34.085,18.862
34.269,18.399
33.204,18.881
33.600,16.375
32.482,17.015
32.906,19.391
33.629,18.988
33.540,17.523
33.898,16.979
34.344,18.398
33.532,15.566
32.842,14.048
32.325,14.454
31.661,14.063
31.992,14.894
31.868,16.365
31.963,18.000
31.470,15.797
31.832,14.315
31.889,15.474
32.104,16.367
31.082,13.557
31.244,15.080
31.600,14.026
32.422,14.899
32.432,16.040
32.128,14.981
31.883,14.712
32.857,16.714
32.058,15.789
32.728,14.533
32.907,16.345
32.736,13.864
32.545,14.162
31.593,14.711
31.148,16.119
30.727,15.086
30.805,13.674
29.816,13.289
30.701,12.311
29.817,14.123
29.107,13.582
28.558,14.229
29.034,15.289
27.763,15.913
28.337,14.736
28.990,12.856
29.059,11.698
29.605,12.863
29.188,13.281
28.065,11.304
27.722,12.902
27.001,12.347
27.316,11.922
27.396,10.701
27.420,12.426
27.207,12.504
27.987,13.189
27.721,11.879
26.790,12.392
26.638,10.370
27.251,10.372
27.825,12.733
26.633,12.578
25.740,11.915
25.046,11.237
25.381,10.510
26.027,8.742
27.762,8.855
28.180,8.310
28.714,14.309
26.950,11.248
27.188,10.070
27.819,9.468
26.258,12.057
24.643,8.685
26.460,10.127
26.515,12.024
26.906,12.991
26.915,12.583
27.949,11.786
28.260,12.239
29.634,10.290
28.905,12.235
29.326,10.352
29.271,13.134
30.125,13.599
31.477,12.113
31.982,12.961
29.466,12.154
27.913,12.005
24.892,14.405
26.002,12.720
26.351,10.962
25.508,9.505
24.475,8.396
26.268,10.976
26.684,10.591
27.206,10.811
28.397,11.331
29.652,11.247
29.805,12.264
31.636,13.741
32.845,14.963
32.622,16.964
32.049,17.014
33.258,17.081
32.398,16.250
32.561,12.359
32.173,13.238
31.307,10.712
31.177,11.019
33.180,15.606
33.761,15.689
33.190,14.493
33.819,13.856
34.185,13.525
33.741,16.004
31.792,14.154
32.480,12.893
33.838,13.500
34.979,16.616
35.894,19.378
36.161,17.093
36.918,19.781
36.814,19.682
35.709,15.613
36.100,17.632
36.745,18.681
34.196,22.758
31.628,19.428
33.265,18.953
33.802,17.569
33.642,17.724
34.583,17.163
33.816,15.453
33.342,14.672
33.440,17.025
34.023,14.408
33.875,18.659
25.110,16.349
23.854,15.578
29.526,12.589
31.884,13.900
32.008,13.462
31.543,20.676
29.645,20.890
32.566,15.969
34.664,18.715
34.061,18.470
33.516,19.994
35.506,16.547
34.573,19.478
35.560,18.058
36.310,18.231
35.071,17.288
34.478,18.817
33.625,16.555
34.567,16.299
35.377,17.281
35.670,19.550
36.575,18.381
37.763,17.529
36.232,15.717
37.324,19.091
37.315,18.697
37.899,19.768
38.992,18.906
39.744,21.467
40.249,22.011
40.112,19.168
38.656,19.241
37.599,19.339
38.324,17.500
38.050,18.219
38.811,20.478
38.473,19.669
37.999,23.055
38.555,21.356
36.858,22.539
36.948,17.563
37.554,18.768
39.176,19.731
39.999,23.082
39.671,22.763
38.141,21.219
37.824,21.491
39.271,22.735
40.028,21.389
39.730,22.072
39.895,21.944
41.650,23.104
42.720,25.186
42.207,23.167
41.155,23.562
41.817,24.568
43.127,24.558
44.453,25.767
43.316,26.759
42.316,22.408
42.199,23.045
42.392,22.673
42.224,23.671
42.555,27.231
42.165,24.293
41.461,23.555
41.384,23.938
41.450,24.477
41.705,24.716
42.226,25.816
42.953,26.347
39.023,26.554
37.477,24.897
39.274,25.564
40.671,26.186
40.295,26.927
41.279,26.859
42.332,26.571
42.987,26.212
44.166,27.339
44.737,27.525
43.901,26.964
43.744,28.791
42.635,27.542
36.052,26.388
26.888,24.585
35.844,23.526
36.641,24.458
37.906,25.573
37.413,25.241
37.901,25.772
38.763,25.528
39.569,25.476
39.975,25.897
39.679,25.309
38.284,24.860
37.828,25.201
38.839,25.583
39.981,25.990
39.213,25.243
39.553,25.008
40.103,26.213
39.511,27.523
41.651,26.911
43.195,28.078
42.672,29.028
43.234,30.623
42.377,28.991
38.861,29.055
37.005,28.542
37.396,27.033
31.190,26.866
34.756,25.520
35.697,26.249
36.772,25.512
37.644,25.547
37.693,26.324
41.270,28.350
40.659,30.432
31.854,25.287
28.258,24.779
29.059,25.157
28.349,24.429
27.861,24.243
30.727,24.480
31.517,24.558
35.405,25.171
35.320,24.598
37.610,26.245
35.910,25.021
34.569,25.922
34.163,26.379
27.757,24.731
26.727,23.943
28.471,23.859
34.733,24.247
28.784,24.241
29.164,24.351
32.197,24.160
34.428,23.586
27.764,23.927
27.712,23.329
26.182,23.740
30.276,23.776
27.527,23.733
24.283,23.317
25.741,23.040
28.751,23.040
28.842,23.020
31.351,23.842
31.350,24.510
27.759,24.051
29.285,24.165
25.446,24.346
29.202,23.940
27.547,23.729
29.747,22.902
28.681,24.211
32.266,23.373
30.552,23.412
31.086,23.976
29.077,23.477
29.294,21.903
24.920,23.185
24.964,23.188
24.728,23.043
23.766,23.026
28.249,22.838
28.941,22.158
25.942,21.955
25.680,22.178
27.463,21.722
27.023,22.152
29.434,21.573
32.019,21.962
25.103,21.229
30.789,21.875
30.430,22.312
32.102,23.277
33.144,21.504
34.688,22.717
30.674,22.904
27.491,22.513
29.382,22.311
31.311,22.387
33.167,21.518
31.311,21.794
32.394,22.407
32.896,21.444
29.548,23.563
34.925,23.549
35.641,23.401
36.979,23.278
35.237,24.705
34.438,21.875
34.038,23.425
34.627,22.200
31.249,23.478
31.597,22.671
30.417,23.660
31.608,23.901
31.130,22.193
30.918,23.299
32.991,23.391
34.291,23.986
35.826,22.659
36.335,24.703
36.992,23.266
37.363,20.333
36.832,18.321
35.512,19.928
33.863,19.790
33.231,18.470
33.697,19.178
33.767,18.898
34.819,18.490
34.313,18.414
33.789,17.434
33.564,17.961
33.220,23.177
33.539,24.675
36.311,20.853
36.156,20.923
35.871,19.798
35.517,18.679
34.323,18.903
34.252,18.508
33.546,18.926
36.035,20.980
34.234,21.610
34.535,20.060
34.017,18.261
34.844,19.926
34.367,21.001
33.435,19.329
34.071,18.871
33.923,18.926
33.618,18.960
32.673,17.929
32.814,18.388
32.295,18.631
32.928,17.100
33.328,15.848
29.443,18.811
31.717,18.474
33.470,17.144
33.675,16.669
32.396,17.781
31.675,17.794
31.681,16.683
31.266,16.225
31.256,16.835
30.917,16.306
31.236,16.613
31.613,16.068
30.913,14.229
30.933,16.072
30.648,15.543
30.893,13.651
30.438,15.618
29.574,15.424
27.959,13.323
28.363,12.844
28.193,12.007
28.819,13.524
27.266,14.221
29.609,12.637
29.404,13.465
28.247,14.013
29.871,14.088
30.324,14.159
23.147,15.509
27.749,18.196
28.471,14.178
28.431,12.457
28.601,14.227
28.427,10.423
26.873,12.577
26.566,12.038
28.013,12.304
29.494,14.134
30.217,13.756
30.919,15.035
31.182,17.352
30.043,12.678
29.490,13.962
28.861,12.496
29.098,12.086
28.414,13.754
28.573,14.591
29.970,15.510
28.657,15.560
29.527,14.229
27.837,15.647
27.635,13.011
28.670,13.463
28.715,11.764
26.797,10.076
26.464,11.890
25.911,11.916
25.655,11.540
26.040,10.328
25.308,11.992
25.827,11.243
25.682,11.501
27.464,12.562
28.412,11.521
27.871,12.597
27.337,13.184
26.336,11.715
26.349,12.234
26.718,11.650
27.172,11.384
28.236,13.136
26.977,12.027
28.656,13.075
28.857,11.723
26.600,11.362
27.808,11.499
28.266,11.983
28.588,12.798
30.173,13.972
31.253,15.243
31.616,13.160
31.343,15.288
32.169,16.775
32.862,20.590
30.883,16.695
30.853,16.894
31.428,15.996
32.329,15.342
31.679,15.128
31.115,14.360
31.116,13.901
29.629,13.329
30.957,13.423
30.829,16.341
30.064,17.123
28.898,17.246
27.271,12.445
27.344,9.773
25.292,13.898
26.549,11.518
27.209,13.395
28.222,11.235
28.113,12.732
29.262,14.185
30.890,15.528
31.904,16.601
32.919,16.806
33.261,17.688
32.131,18.778
31.480,18.617
31.476,16.353
31.710,16.383
32.642,12.965
32.532,15.711
30.437,15.717
30.140,15.500
30.510,14.349
33.320,16.945
33.190,18.098
31.323,17.320
31.508,16.378
32.911,16.649
32.181,13.104
32.210,17.038
35.133,17.934
33.204,18.552
30.942,17.543
31.633,15.621
32.288,16.302
34.178,17.271
36.884,18.415
38.037,17.421
36.811,21.864
35.179,20.089
33.132,19.634
34.485,14.803
35.417,19.050
35.518,19.467
36.029,19.321
37.081,20.334
38.951,22.331
39.692,20.931
40.644,19.962
40.673,23.341
40.545,22.293
38.220,22.312
38.657,20.834
38.864,21.534
39.605,22.200
40.634,21.428
41.990,21.570
41.263,21.947
38.882,19.891
39.403,20.818
40.001,19.379
40.581,22.450
40.258,22.163
40.586,19.620
41.458,21.153
40.727,26.751
42.858,26.493
42.579,24.512
43.420,26.222
41.884,26.620
40.726,25.981
40.178,24.930
39.703,22.517
39.898,20.333
40.544,21.685
41.442,23.644
42.165,24.126
41.899,22.484
42.716,25.927
42.283,25.797
42.873,26.138
43.857,25.510
44.109,27.108
43.664,26.885
43.235,24.931
42.123,25.753
42.002,27.536
42.205,27.455
42.608,25.675
42.965,24.689
43.473,24.074
42.275,25.247
41.480,25.622
41.038,24.428
40.651,24.699
40.319,24.083
40.863,24.522
41.070,24.995
41.446,24.858
41.074,25.023
39.066,25.599
38.221,25.405
39.612,23.937
40.265,23.241
40.443,24.962
39.608,23.781
40.203,24.097
40.971,26.938
40.364,24.576
35.832,26.874
38.540,23.915
40.389,27.307
42.315,29.520
42.375,27.074
33.389,28.266
30.212,26.407
33.071,25.933
38.148,26.405
41.342,28.232
41.911,28.148
41.557,27.976
41.294,26.509
41.112,26.591
41.692,27.016
42.311,27.620
40.088,28.522
39.461,27.152
38.110,26.262
39.311,28.022
37.280,26.786
39.037,27.470
39.163,27.570
36.165,26.002
40.289,28.573
39.877,29.828
32.818,27.290
27.695,24.733
30.141,23.629
32.645,25.256
35.095,23.984
30.589,26.266
36.511,26.076
36.159,27.340
33.329,27.405
27.743,25.024
27.584,23.424
30.247,24.097
29.420,24.637
32.315,24.265
31.433,25.061
30.814,24.789
26.342,24.034
30.225,24.091
30.447,24.166
31.112,24.696
32.767,24.590
33.226,24.615
31.509,25.404
27.564,24.250
33.645,24.001
34.535,24.518
34.354,24.106
34.860,24.154
35.492,24.597
32.553,24.678
33.212,24.834
30.554,24.801
33.079,23.998
35.342,24.765
31.124,24.982
33.816,24.551
32.053,24.084
32.470,24.268
32.319,24.207
30.223,24.840
28.536,24.578
30.031,24.135
29.019,24.251
31.432,23.830
30.939,25.165
32.754,24.371
25.948,23.999
27.037,23.941
27.347,23.488
25.022,23.311
25.098,23.538
24.729,23.453
25.280,23.297
29.874,23.498
25.040,24.007
29.398,22.738
32.987,22.052
31.903,22.572
25.266,23.582
29.774,23.243
29.356,23.267
32.050,22.507
32.435,22.000
31.602,24.964
32.439,24.652
33.970,23.945
31.458,23.481
32.768,24.228
28.888,24.318
30.543,24.247
31.527,24.499
30.968,25.127
30.041,25.392
31.189,24.742
28.351,24.084
29.576,23.509
32.695,23.154
25.912,22.019
31.918,21.590
31.280,21.759
33.051,20.996
33.548,21.300
33.711,20.612
33.628,22.109
34.098,21.609
34.550,21.428
36.585,24.397
35.861,23.205
36.062,25.848
33.690,24.029
35.187,23.618
32.742,22.982
28.942,22.856
33.931,23.085
33.404,22.845
34.770,23.966
34.594,22.773
33.616,22.624
34.755,21.368
35.248,21.553
35.939,19.456
34.843,17.240
33.495,17.169
35.980,17.661
34.280,17.112
34.073,15.832
34.047,18.642
33.392,18.681
33.060,19.287
31.724,17.841
33.916,20.890
35.061,18.394
35.249,17.206
35.097,16.377
34.520,17.954
34.395,15.147
35.309,15.345
34.579,14.663
35.457,15.848
34.309,14.505
34.011,15.286
35.672,16.823
35.103,17.024
34.391,18.993
34.677,18.835
35.242,18.139
36.370,19.631
34.930,20.478
34.527,20.027
33.930,20.045
34.884,21.018
34.865,20.062
34.750,19.572
35.240,19.966
36.094,18.997
35.459,16.939
35.771,17.014
35.287,17.589
35.052,20.379
33.746,18.235
34.490,15.948
33.206,15.795
32.938,15.148
32.615,15.368
32.408,15.340
32.732,17.115
33.024,16.858
30.774,15.757
31.423,14.318
32.037,15.634
32.009,13.199
32.273,14.883
32.415,15.693
32.359,15.843
31.389,14.847
31.450,15.514
30.009,12.745
29.990,11.361
28.973,13.730
29.078,14.102
28.714,15.775
28.803,14.938
28.368,16.331
28.416,15.144
28.162,14.268
27.705,15.199
29.013,14.211
28.297,12.896
27.700,12.142
28.703,13.121
27.959,12.375
26.152,13.317
26.355,11.934
25.075,12.753
25.229,11.808
27.166,11.782
27.201,12.727
28.033,12.987
27.454,11.913
29.723,13.836
31.827,14.344
31.438,14.635
32.100,17.977
29.914,15.533
29.670,17.777
28.962,14.595
28.115,13.598
27.287,15.483
26.917,11.449
27.023,10.794
27.162,12.256
26.511,11.868
26.589,12.449
26.698,12.239
28.112,11.986
28.162,13.661
29.558,14.803
29.938,16.300
28.953,13.901
29.445,11.103
26.977,13.770
25.119,11.901
27.818,12.213
28.165,11.919
29.295,13.974
29.226,14.477
30.342,14.250
29.837,15.036
26.146,11.713
25.371,8.572
25.749,8.801
24.402,8.947
25.351,11.899
24.675,8.783
23.391,8.308
24.228,7.341
22.630,7.022
22.975,8.704
25.460,8.588
25.914,11.318
23.683,8.107
24.584,10.021
24.545,8.007
26.421,9.499
23.570,11.362
22.563,5.673
21.627,6.424
21.134,7.624
20.512,6.688
21.723,6.497
22.834,7.360
24.741,7.578
26.368,8.961
27.011,9.881
27.225,9.839
29.219,11.390
31.403,12.592
31.869,14.014
32.520,14.309
33.097,15.225
32.826,16.010
32.883,14.545
33.128,15.049
32.173,12.499
31.310,12.483
31.717,13.363
32.069,15.184
33.504,15.522
33.993,16.346
35.785,14.036
36.091,16.368
35.336,13.942
35.247,12.927
34.784,13.511
35.505,14.538
36.014,14.063
36.178,13.789
35.782,15.833
35.468,15.747
35.909,18.024
37.223,21.042
34.339,22.933
34.427,22.211
33.806,19.758
37.032,19.115
36.106,20.135
36.862,20.838
37.717,19.019
37.830,16.904
37.126,16.517
37.266,15.817
38.151,21.246
38.563,21.178
38.391,23.125
35.427,24.862
35.006,23.134
37.446,20.782
38.056,20.864
40.468,21.585
38.953,19.217
36.894,22.632
36.288,18.409
36.497,17.543
36.297,17.908
34.076,17.419
33.899,19.205
33.476,16.612
36.894,19.045
35.605,22.292
36.869,21.525
37.987,20.302
39.108,25.477
39.980,24.122
40.557,21.353
39.984,22.822
38.317,21.346
38.855,20.526
38.745,21.468
40.654,24.368
39.973,23.471
40.145,18.750
39.862,22.668
39.887,21.724
41.183,26.629
41.759,23.655
42.124,24.255
42.970,25.205
43.272,24.382
41.962,23.904
42.446,22.069
40.543,21.423
40.506,21.635
39.291,23.020
40.706,22.795
41.249,21.866
39.936,21.136
39.310,21.688
38.915,22.907
39.816,23.754
40.308,24.573
38.929,25.504
39.124,23.315
40.294,23.624
40.824,23.331
41.009,23.827
41.018,25.391
40.321,24.558
39.724,23.869
40.339,24.763
39.828,24.367
39.918,24.307
39.790,24.684
39.212,23.907
39.704,24.837
40.997,24.933
40.784,24.716
41.430,23.571
41.363,25.102
41.295,26.483
41.653,25.714
41.425,25.481
40.540,25.135
40.878,25.650
40.544,25.735
41.293,27.271
40.446,27.127
40.405,28.005
39.031,27.913
36.914,26.494
39.027,25.675
39.239,26.764
37.312,26.796
35.408,26.349
37.488,26.109
28.807,24.331
33.116,23.486
32.911,24.970
35.623,24.125
37.291,25.703
34.603,26.496
38.458,25.745
35.418,25.822
30.900,26.847
37.224,25.352
39.182,26.079
39.231,26.014
39.604,26.947
37.838,27.009
37.346,27.419
35.012,26.531
36.466,25.290
35.374,26.647
31.387,26.498
33.307,25.681
35.890,24.992
34.614,25.405
35.617,24.864
36.760,25.247
36.920,25.593
30.247,25.489
32.679,25.455
26.947,24.743
33.178,23.988
29.844,24.624
29.306,23.529
29.491,23.920
30.606,24.421
34.506,24.112
34.490,24.584
35.737,23.721
34.398,25.428
35.047,25.792
34.123,26.730
35.853,25.616
34.069,26.362
34.265,25.483
32.691,25.505
34.897,26.252
33.040,25.289
28.877,24.544
31.375,24.173
36.332,22.370
32.038,24.750
30.137,24.845
29.427,24.264
26.570,23.736
31.539,23.428
31.130,23.758
30.436,24.189
29.626,23.885
26.401,22.826
26.350,23.522
28.479,23.778
31.582,24.263
30.934,24.077
25.770,24.119
25.649,23.506
25.288,23.444
29.946,23.079
29.873,23.469
30.642,22.622
28.041,21.632
30.969,21.866
30.690,20.914
30.983,21.855
31.438,20.104
32.086,19.544
33.133,22.452
32.214,22.869
33.393,24.461
27.261,23.331
33.162,21.342
32.638,22.891
33.501,21.448
33.001,20.522
33.069,20.598
35.644,22.324
36.106,24.226
35.034,23.818
35.356,22.914
31.429,22.650
33.549,21.985
37.158,19.886
37.486,20.654
36.114,22.619
32.384,24.416
31.488,24.501
33.023,24.001
32.324,24.233
31.654,22.652
30.436,22.668
28.375,23.647
29.817,23.906
34.352,22.813
35.314,19.833
33.804,22.058
32.132,21.085
32.961,20.822
34.017,19.803
34.403,20.182
33.137,19.533
33.058,19.065
32.706,19.710
33.043,18.443
33.824,18.674
34.496,20.345
36.269,22.039
38.238,22.981
37.270,23.228
37.033,22.912
35.384,20.277
33.519,21.394
33.790,19.099
33.010,19.918
34.554,26.235
37.471,24.617
37.349,21.567
37.377,18.599
37.140,20.933
36.533,19.694
35.804,22.592
36.054,22.828
35.985,22.952
34.879,20.668
35.544,18.540
34.744,16.852
36.504,18.857
35.319,18.835
35.634,17.012
34.688,17.158
35.716,17.252
35.368,15.455
34.695,16.486
34.230,16.233
33.921,16.326
34.064,18.469
34.225,17.411
34.955,16.780
34.147,15.300
34.317,16.684
33.816,16.009
34.651,17.540
34.378,16.874
35.638,17.539
34.229,17.757
34.807,16.870
33.584,18.049
31.897,14.912
32.161,16.345
31.727,16.164
31.905,17.484
30.824,17.839
32.021,17.091
26.462,21.219
30.172,19.969
30.845,17.680
30.653,16.275
30.456,14.763
31.088,14.301
31.209,13.512
30.677,12.686
30.873,13.603
31.344,15.657
30.509,16.150
31.159,16.371
31.022,20.977
24.797,17.923
29.495,18.437
31.718,18.912
32.032,17.815
33.025,18.587
32.687,20.162
32.335,21.170
31.799,17.924
31.719,16.016
30.619,17.482
30.324,16.281
29.729,15.028
29.988,16.257
30.506,15.802
31.174,15.663
31.280,16.498
31.236,16.284
31.188,19.111
28.517,20.092
29.740,17.303
29.763,15.553
29.528,15.257
29.285,14.371
28.699,11.294
29.331,10.799
29.228,9.296
28.127,8.996
27.305,8.143
28.566,11.866
28.554,13.153
28.908,14.337
27.665,12.853
27.616,11.756
28.741,10.971
27.976,12.217
23.529,14.024
25.123,12.241
26.050,11.968
26.099,12.493
22.203,13.784
26.455,13.422
27.143,13.076
25.244,15.435
28.825,15.157
29.848,16.809
29.075,15.904
31.200,17.115
28.720,18.070
28.964,14.266
29.312,14.584
29.574,16.335
29.146,16.458
30.669,15.271
32.492,16.184
32.366,16.866
29.621,12.835
28.038,10.297
28.402,10.581
29.419,12.362
30.250,11.880
30.005,12.122
29.775,13.257
30.200,11.316
31.550,13.540
30.398,10.008
30.149,11.861
29.155,10.992
29.060,10.872
29.729,14.494
30.909,13.687
31.231,13.139
27.207,12.724
27.370,11.354
28.868,12.273
29.520,10.841
30.076,11.989
30.046,15.314
30.385,14.913
32.158,14.770
32.816,16.492
33.448,17.118
34.420,17.678
35.177,18.546
35.342,19.052
33.853,16.715
33.946,15.965
35.435,16.299
35.517,15.807
35.702,16.013
35.406,16.297
37.808,16.909
38.760,19.433
38.048,20.677
35.583,16.810
35.885,17.301
34.428,14.396
32.863,13.082
33.991,13.734
34.201,18.341
35.511,16.847
36.884,19.162
37.998,20.063
37.107,19.082
37.130,18.024
36.619,18.912
36.280,18.927
36.196,19.775
35.577,18.531
37.298,18.828
36.471,17.636
35.967,16.932
35.236,19.581
35.620,19.280
37.143,21.219
36.585,19.747
36.026,20.246
35.095,18.034
35.869,19.121
36.784,20.114
37.522,22.110
38.582,21.673
39.907,22.540
39.615,20.424
39.722,23.518
39.715,22.600
35.756,24.323
36.314,21.821
35.803,19.960
33.575,17.556
35.476,19.918
38.453,21.131
38.934,21.905
40.368,20.927
40.959,19.866
40.528,22.183
35.445,22.076
39.132,22.964
40.321,23.160
40.993,23.192
42.987,21.848
41.199,23.502
39.083,21.175
40.015,19.276
39.791,18.384
39.408,23.157
40.799,23.330
43.623,26.182
43.300,24.279
43.531,25.084
44.582,26.068
43.427,25.134
42.163,23.868
42.938,24.204
42.772,22.575
40.329,22.254
39.370,22.244
40.471,23.423
41.187,27.593
41.629,23.491
41.721,23.816
41.718,23.467
41.232,23.770
42.259,25.200
43.257,25.691
44.167,25.782
43.447,25.833
43.766,25.576
44.759,26.075
43.296,26.070
42.697,25.756
43.296,25.891
43.766,26.089
44.708,30.681
42.492,27.126
42.002,25.018
42.108,24.698
42.544,24.007
42.444,25.460
43.619,26.956
42.904,26.551
42.008,25.989
42.401,27.177
40.572,26.805
39.977,26.301
40.825,26.253
40.490,26.472
39.659,25.647
41.370,25.305
40.635,25.371
40.426,25.474
41.548,26.151
42.148,26.424
41.824,25.889
41.479,25.872
41.246,26.045
41.619,26.339
40.564,25.641
41.596,26.390
39.489,27.781
39.628,28.999
40.945,26.659
41.603,27.879
41.765,27.198
35.731,27.563
39.385,25.129
31.674,27.213
38.349,25.508
37.837,26.650
39.338,26.372
34.634,24.924
37.345,24.859
37.627,26.340
36.370,26.747
33.239,26.503
36.521,25.408
38.610,25.595
39.361,26.286
41.638,28.642
42.671,27.105
43.412,27.857
32.822,25.865
28.113,24.688
31.508,24.254
33.377,24.819
32.999,25.065
31.827,24.991
34.268,24.982
34.822,26.514
31.625,25.694
26.371,24.522
27.506,24.055
31.618,24.030
27.123,24.695
31.228,24.663
30.645,25.212
25.675,23.938
25.610,23.607
26.964,24.193
27.206,24.365
25.506,23.532
25.876,24.231
29.737,23.990
29.598,23.397
27.169,23.545
26.614,24.022
33.096,23.053
33.069,22.950
32.007,23.458
33.419,23.601
31.233,23.412
32.560,23.972
32.890,24.401
33.395,23.914
33.946,23.656
33.391,23.838
32.675,23.118
31.700,23.552
30.535,23.155
28.366,23.595
33.742,22.553
34.753,23.955
34.989,24.165
35.050,24.144
35.474,23.791
35.442,24.632
35.746,23.794
37.425,23.772
36.095,23.448
28.384,24.004
34.264,23.807
30.341,22.842
29.626,23.919
24.972,23.740
29.089,23.262
30.296,22.679
30.023,24.680
32.532,23.567
33.976,23.712
32.610,23.921
33.269,22.926
35.143,22.716
36.581,23.194
36.680,23.268
32.463,21.587
34.262,21.354
34.798,20.828
35.972,21.734
34.713,21.587
33.995,19.966
33.817,18.836
35.511,19.030
36.544,20.247
37.147,21.571
37.178,20.393
37.923,20.641
37.798,20.740
38.309,21.625
37.090,22.126
36.584,22.021
35.360,21.667
36.843,22.591
38.756,23.811
39.790,25.139
40.116,25.192
40.538,23.338
39.696,24.655
38.622,24.990
36.013,23.895
35.348,22.712
35.053,21.006
35.799,19.512
33.680,18.169
33.788,19.322
33.940,18.309
33.766,17.224
33.074,22.466
33.649,19.669
33.850,21.560
34.124,16.912
34.762,17.944
34.755,18.574
35.062,17.668
34.332,16.396
33.952,15.035
34.261,14.882
34.096,16.331
34.426,17.736
34.448,16.902
34.266,15.836
33.920,14.121
34.026,15.068
34.375,14.849
34.801,16.352
35.562,16.547
34.928,16.660
35.003,15.573
35.227,15.999
34.198,17.163
33.926,15.648
33.368,17.018
34.014,18.456
33.045,17.789
32.997,18.241
33.250,17.548
32.659,19.020
27.132,21.269
27.698,18.592
30.436,15.650
31.268,18.138
31.279,18.324
30.741,15.384
31.261,16.495
29.704,15.436
30.131,14.864
30.423,14.531
29.979,13.918
29.296,13.113
30.285,13.641
29.542,13.180
30.534,11.491
30.279,14.031
29.920,14.611
29.747,13.506
30.420,14.660
29.002,13.844
28.683,12.202
28.784,13.897
28.610,14.274
29.271,13.530
28.989,12.050
28.870,13.392
28.859,13.214
29.117,13.962
29.639,11.842
28.909,11.281
30.020,13.724
31.040,15.240
29.324,14.041
29.691,15.151
29.715,13.653
29.567,15.325
28.530,14.929
28.525,14.805
28.011,14.896
28.111,15.686
27.177,15.571
28.076,14.504
26.849,13.938
27.866,14.284
27.157,10.878
26.457,9.586
26.806,9.699
27.587,12.738
25.832,13.264
26.504,10.173
26.491,11.862
26.971,11.978
28.288,13.572
26.241,16.388
26.445,13.106
26.733,10.546
26.368,11.007
26.528,10.852
27.181,10.992
26.570,10.881
27.590,10.825
28.563,13.000
28.814,14.626
24.576,10.054
25.166,9.992
26.227,9.699
27.411,11.535
28.049,11.523
28.631,11.159
28.816,12.764
28.641,12.182
29.954,12.161
28.974,12.731
28.486,11.604
28.566,8.424
28.532,12.609
29.589,13.535
29.368,9.510
28.950,12.200
28.436,10.294
29.013,13.503
29.187,10.757
28.411,10.903
28.189,12.507
28.941,13.027
29.564,15.609
29.945,14.565
31.934,15.528
32.584,14.263
31.780,17.434
27.616,14.999
28.812,11.867
28.038,13.007
29.017,13.521
29.583,13.647
29.164,13.866
28.915,13.497
30.324,12.198
29.205,13.299
30.097,12.654
31.426,13.470
33.350,14.924
33.945,16.431
33.147,18.929
29.675,14.594
30.384,12.572
31.517,12.342
33.885,16.422
35.414,15.837
35.048,17.473
34.845,16.191
35.528,17.164
33.335,20.463
31.950,15.930
31.926,17.710
31.455,20.957
31.618,16.234
33.493,17.666
35.417,18.775
37.075,19.670
37.255,19.800
37.250,19.748
37.437,16.890
37.621,17.702
37.608,18.207
38.443,18.035
39.219,19.959
41.340,22.524
41.682,24.494
42.104,23.193
40.352,19.474
39.048,20.462
37.291,16.305
36.882,15.413
37.586,17.438
38.050,17.379
38.077,17.416
38.876,17.354
38.976,21.582
38.008,17.710
37.165,19.740
37.350,17.267
37.092,18.796
37.402,16.908
38.901,17.908
39.742,20.922
42.371,23.549
43.327,23.453
43.242,25.921
39.583,28.677
39.054,21.460
38.828,18.782
40.478,20.779
42.143,20.265
42.341,19.851
43.375,23.832
44.049,24.729
42.562,22.885
40.738,21.192
40.310,22.554
39.576,23.131
38.765,22.712
39.199,22.447
40.417,23.315
40.071,23.201
40.686,22.375
40.738,22.279
42.251,24.299
42.086,24.427
41.745,24.162
40.636,25.197
40.829,23.505
42.172,22.821
42.486,24.239
42.277,24.740
41.280,24.728
40.943,24.375
40.505,26.089
40.852,26.122
41.417,27.126
40.203,25.488
42.223,24.690
43.333,25.252
43.845,25.459
42.653,25.271
43.092,23.947
43.199,24.339
42.079,24.584
42.609,25.878
43.820,27.756
45.415,27.799
46.158,25.688
46.047,27.335
44.930,27.539
44.591,27.153
43.176,26.256
41.944,25.929
41.316,26.118
41.379,25.730
40.636,25.652
40.811,24.899
40.203,25.286
40.686,24.695
38.437,27.674
34.832,25.504
39.283,26.130
38.636,26.491
38.423,25.529
29.966,24.989
35.604,23.219
37.033,24.831
39.541,26.117
42.044,28.057
44.273,28.970
44.096,29.795
42.886,29.335
34.739,28.452
37.450,26.403
38.447,26.819
40.743,26.759
44.728,29.901
43.057,29.523
43.163,28.676
41.340,27.930
41.698,28.123
37.916,27.755
40.254,26.984
39.785,28.053
39.765,29.882
41.201,28.916
41.088,28.757
40.831,28.010
41.126,27.412
39.307,28.001
37.807,27.962
36.447,25.092
27.951,25.282
29.682,24.432
32.077,24.504
32.544,24.529
34.960,25.047
33.322,25.806
33.962,25.621
29.950,25.271
32.326,24.956
32.975,24.384
34.165,24.863
36.643,25.913
38.023,26.013
35.243,26.038
33.323,26.215
35.629,25.431
34.616,25.751
33.456,25.104
28.636,24.966
27.744,24.943
26.220,24.578
29.889,23.809
25.928,23.914
30.149,23.661
32.539,23.750
33.164,23.759
33.061,24.470
25.807,24.279
28.150,23.978
29.657,24.089
28.213,24.086
27.357,24.021
28.090,23.949
31.092,23.396
29.496,24.694
28.159,23.640
29.292,23.790
29.646,23.935
30.679,24.374
30.506,24.617
29.543,23.394
30.947,23.871
30.751,23.138
32.101,23.675
31.746,23.677
28.598,24.141
30.939,23.613
31.462,23.040
29.757,23.143
31.850,22.631
29.728,23.126
31.940,22.939
33.502,22.395
31.777,24.086
35.233,24.012
32.560,24.883
34.130,25.389
29.472,24.627
28.428,24.195
30.871,23.732
31.980,22.947
30.919,24.014
29.670,23.564
29.857,24.075
30.831,24.142
32.653,24.003
30.000,24.514
26.309,23.585
27.376,22.123
27.836,23.074
26.215,23.206
28.394,23.138
29.218,22.782
32.357,21.458
33.837,21.412
32.604,23.099
32.799,22.019
32.761,20.329
32.670,19.010
32.112,19.267
31.705,19.857
32.059,19.541
31.393,17.502
32.128,18.418
33.637,20.417
34.884,19.372
34.633,22.512
35.889,22.185
34.994,21.337
35.386,20.423
36.010,21.486
36.153,20.261
36.277,22.558
36.832,20.127
35.679,21.264
36.522,20.977
35.075,18.976
32.827,17.869
31.986,17.476
29.139,19.418
33.015,21.406
35.568,20.777
35.433,21.892
36.531,20.916
36.170,22.250
33.784,23.648
34.185,23.260
35.701,22.933
34.811,19.518
34.594,19.286
33.619,18.270
33.342,16.833
33.099,17.600
34.201,18.388
35.422,21.057
33.711,17.795
32.900,18.143
33.009,21.818
33.380,20.001
33.002,19.026
31.857,18.288
32.120,18.101
31.951,17.461
33.182,17.880
33.741,16.463
32.326,18.460
31.132,18.286
33.278,22.612
32.941,23.765
28.598,22.945
29.387,21.766
30.615,21.002
29.767,20.993
31.974,21.006
29.895,20.619
27.194,20.284
30.100,19.459
29.992,19.552
28.879,16.385
28.358,17.076
21.149,18.475
18.669,16.212
21.683,16.746
25.173,18.638
27.405,15.840
27.997,16.211
27.480,16.398
28.857,16.818
28.389,15.931
27.624,15.153
27.974,15.854
26.510,13.884
26.827,13.575
26.941,15.237
26.942,15.102
25.871,13.588
25.213,11.412
25.836,12.201
24.319,11.948
24.199,10.809
23.602,9.471
23.889,7.328
25.420,11.189
25.621,10.961
26.333,10.666
26.515,10.327
26.428,10.972
25.979,11.821
25.658,11.318
26.696,7.948
26.329,9.213
24.869,7.747
26.446,10.788
26.084,11.800
26.868,11.327
26.781,13.779
21.380,15.762
26.414,16.171
25.405,12.587
22.773,7.582
23.883,9.564
24.223,9.072
23.856,8.292
26.190,10.011
26.081,8.773
27.461,8.404
26.512,7.415
26.384,8.306
25.686,10.183
25.728,8.690
26.394,8.338
26.975,9.022
27.030,8.640
25.870,9.781
25.105,8.965
24.673,9.375
25.233,5.608
27.073,8.653
27.048,11.988
27.880,9.206
27.874,9.139
29.089,11.221
28.135,13.493
28.481,14.935
26.772,12.184
26.824,10.780
26.953,11.411
28.629,12.403
27.681,10.803
27.961,10.415
28.309,14.298
30.371,13.932
31.509,14.040
32.856,12.646
32.066,12.251
31.906,11.945
30.800,11.075
29.503,10.688
29.960,13.249
29.030,13.243
30.817,13.772
32.179,15.177
32.932,14.504
31.452,13.326
29.771,13.521
27.856,15.985
26.536,12.035
27.297,13.287
26.910,13.908
27.945,12.698
28.494,13.773
29.688,13.013
30.524,14.096
31.813,12.435
30.306,14.102
29.787,14.689
30.337,13.164
31.295,15.630
32.265,15.655
32.994,15.958
32.638,16.441
33.544,16.844
33.337,14.414
32.984,14.199
34.523,17.123
35.918,18.263
34.912,17.198
32.390,17.790
32.529,16.449
33.734,16.576
35.508,16.534
36.067,15.222
37.741,15.576
40.187,19.146
40.315,20.006
40.032,19.333
38.510,17.851
36.509,14.703
36.060,16.040
36.191,14.374
35.267,15.156
35.262,15.199
35.331,14.974
36.841,17.463
38.100,19.555
38.795,19.375
37.697,17.116
36.877,15.386
37.555,16.546
36.001,15.747
37.337,15.675
36.425,16.854
36.009,19.914
37.961,19.102
37.165,17.839
37.856,20.183
39.184,20.612
38.494,18.770
38.184,19.662
39.185,20.761
39.091,20.222
39.650,22.094
38.176,23.263
39.004,23.331
40.288,21.947
40.908,22.694
39.566,22.803
38.299,23.540
39.068,20.433
39.670,21.954
41.988,24.761
40.800,24.491
40.719,23.337
41.979,22.239
42.420,22.267
42.242,21.659
42.681,24.884
42.568,25.419
41.872,24.393
41.768,23.532
40.508,25.079
39.307,22.570
39.521,22.777
38.395,22.096
39.670,23.069
38.873,21.258
40.285,21.959
41.423,23.109
41.638,22.910
40.953,23.096
41.580,23.154
40.769,23.419
41.281,23.691
41.940,23.606
41.795,23.708
42.434,24.347
43.768,27.100
43.264,26.337
41.973,25.097
41.020,25.000
40.614,25.739
40.761,26.784
40.697,27.472
41.302,26.380
40.714,24.779
41.117,25.930
41.521,25.533
41.335,25.898
41.181,25.118
40.940,24.881
40.144,25.641
40.213,25.616
40.418,26.030
42.599,25.794
42.499,25.505
47.137,27.592
47.243,27.937
44.836,28.011
43.522,28.635
41.340,28.272
42.236,28.934
42.264,27.869
42.755,26.618
41.713,27.341
40.453,26.839
39.427,26.999
39.215,26.366
40.872,26.902
37.505,26.726
40.756,26.747
40.454,27.789
39.542,27.557
39.695,27.769
36.237,27.682
35.765,27.808
39.421,26.884
39.888,26.900
38.250,26.137
28.673,25.930
33.841,25.578
32.398,25.024
32.639,24.653
34.542,24.515
33.655,24.496
34.724,24.580
36.263,25.206
27.117,24.503
32.807,23.464
30.547,24.304
25.710,24.129
25.172,23.892
31.030,23.912
32.718,23.772
31.801,25.158
27.209,24.686
25.518,24.344
30.318,24.376
32.775,25.669
30.670,25.754
32.632,25.186
32.035,24.198
30.324,24.100
30.947,24.377
25.943,23.960
27.994,24.034
29.333,23.899
31.770,24.120
32.343,24.810
32.347,25.156
28.366,25.099
30.972,23.949
30.076,24.530
29.018,24.374
32.414,24.044
26.107,24.186
30.952,23.910
31.929,24.662
32.080,24.198
30.653,24.473
25.953,24.324
25.690,24.347
25.325,23.320
25.390,23.488
24.640,23.283
25.688,23.339
27.372,24.149
30.344,24.262
25.962,23.473
29.101,23.178
29.705,22.854
31.100,23.729
31.126,23.321
30.094,23.909
31.126,23.843
32.060,25.158
31.024,23.972
30.510,23.917
30.613,23.565
31.121,22.773
31.842,23.671
32.472,23.694
29.760,24.538
30.030,24.377
27.663,24.548
30.795,23.739
30.794,23.373
27.801,24.354
25.251,23.705
26.036,23.820
23.971,22.748
28.417,21.017
26.882,23.452
30.217,23.554
28.519,24.210
28.353,24.052
30.032,23.323
31.617,22.410
31.568,21.583
31.573,23.013
28.316,23.194
27.499,21.954
30.643,22.010
31.367,20.918
31.108,19.701
30.921,19.776
32.020,20.743
31.299,20.258
29.923,19.742
30.895,19.408
31.554,18.564
31.802,18.820
32.246,19.060
32.656,18.781
32.496,19.875
31.848,17.585
31.218,17.764
31.172,17.119
32.219,17.168
33.795,19.812
33.924,20.183
35.342,21.388
35.720,21.707
35.664,21.271
34.976,22.806
35.368,23.641
36.037,20.842
36.609,20.619
36.611,22.114
36.312,22.741
36.224,20.793
37.109,21.793
35.890,19.802
34.041,17.972
35.542,18.802
35.008,19.335
34.308,17.871
34.044,18.863
34.135,19.527
34.967,20.297
34.878,20.865
33.697,19.004
33.640,17.691
33.542,17.344
33.572,16.522
34.357,18.245
33.092,19.479
33.625,19.885
32.945,23.498
34.051,21.472
33.858,19.732
33.862,20.706
33.310,19.669
33.665,18.656
33.738,18.423
34.395,17.018
33.480,20.150
34.548,20.270
32.752,18.284
33.607,16.095
32.735,16.707
33.220,16.412
33.164,15.537
33.067,15.155
33.948,16.137
33.945,18.782
33.557,16.420
31.545,16.344
29.955,16.463
30.780,17.386
30.845,17.247
30.655,17.345
31.804,20.142
32.372,20.624
32.918,18.782
33.622,16.466
33.355,16.405
32.448,16.990
32.707,18.992
32.186,17.117
31.591,13.836
31.238,13.443
31.673,15.642
30.124,16.902
28.717,15.109
28.689,11.246
28.323,10.817
29.441,10.402
29.293,11.422
29.554,13.609
28.756,13.113
28.759,12.460
28.253,10.736
28.737,10.824
27.641,9.240
27.953,12.100
28.367,12.981
28.675,13.762
27.993,11.794
27.024,8.995
27.461,10.113
27.681,10.493
27.944,12.415
27.319,12.358
26.770,11.335
27.742,12.818
25.212,11.287
25.353,10.590
26.902,10.745
26.837,9.185
26.886,11.060
25.580,11.042
25.686,10.551
25.332,9.657
25.145,9.607
24.432,9.612
25.361,9.615
25.969,9.867
25.739,7.789
26.029,7.534
27.691,9.267
25.510,9.421
25.213,8.447
24.024,8.333
23.237,7.254
22.650,7.789
24.776,9.319
26.030,10.923
26.155,9.842
27.615,10.605
27.308,11.901
26.189,11.571
26.610,12.236
25.779,11.199
25.759,12.013
25.858,12.029
26.567,11.520
27.382,11.332
28.595,10.932
29.974,11.104
27.595,10.251
27.293,13.947
27.293,11.868
25.772,10.779
22.320,4.475
24.345,4.929
27.600,9.147
29.292,11.419
29.602,9.432
29.263,10.393
28.430,12.557
28.268,12.690
27.656,10.790
28.142,13.356
30.343,14.380
32.023,14.540
33.845,12.136
33.125,11.195
31.873,11.633
31.377,12.561
30.738,13.028
31.890,12.876
33.102,15.268
34.041,14.955
32.327,13.308
31.750,10.908
30.531,10.588
31.592,10.954
33.674,12.423
35.156,13.977
34.213,13.578
30.696,12.342
31.468,8.947
30.333,8.451
28.358,9.533
30.725,11.158
32.150,13.905
32.151,13.129
31.158,13.120
35.211,15.692
36.552,17.399
37.860,15.851
37.033,15.572
37.496,15.053
39.286,15.650
38.082,14.775
37.161,17.186
38.228,17.135
38.028,18.837
38.523,16.863
39.008,15.386
38.886,15.358
39.337,18.838
39.468,18.235
40.742,21.869
39.266,21.488
41.029,19.953
41.139,21.582
41.555,20.782
41.208,20.077
41.069,19.577
40.434,20.246
40.492,19.358
40.700,19.214
41.240,19.780
40.765,19.594
40.539,20.264
39.310,19.269
39.013,20.530
38.548,19.813
38.044,19.912
38.196,19.544
39.487,20.821
39.570,20.793
38.357,20.751
38.248,20.724
28.140,20.363
36.049,17.622
36.945,20.474
37.600,19.145
36.592,19.905
38.256,20.256
38.548,21.316
38.863,21.806
39.733,21.551
40.156,20.861
39.823,20.931
39.706,18.794
40.750,18.996
41.610,19.792
40.566,22.055
40.444,22.634
40.607,23.626
41.130,24.451
38.954,24.397
40.824,24.582
42.208,24.787
41.049,24.247
38.934,23.876
40.032,24.256
39.955,23.917
41.556,23.670
41.218,23.296
40.641,22.821
41.751,23.166
41.759,23.648
42.148,24.307
42.445,24.764
42.852,25.976
43.096,25.350
43.062,25.679
41.921,25.461
40.762,23.107
41.951,24.564
42.637,24.565
43.000,24.572
42.933,25.345
42.829,25.253
41.373,25.317
41.007,25.985
39.948,26.099
40.253,26.118
40.728,25.682
40.623,25.111
39.995,25.661
39.555,26.249
40.256,26.249
39.828,26.010
38.366,26.924
41.706,26.358
40.922,27.073
40.774,27.645
36.778,27.328
38.538,27.108
40.303,27.765
40.829,27.451
41.458,27.760
40.175,27.328
39.437,26.686
39.777,26.925
39.506,27.336
39.887,26.925
39.512,26.735
38.718,26.718
37.777,26.575
40.223,26.634
40.542,27.247
40.388,27.542
39.265,28.591
40.734,27.285
40.785,25.650
38.934,26.945
29.917,25.397
35.219,25.094
35.845,25.322
35.410,25.391
35.318,26.058
28.899,25.489
31.999,24.169
30.759,25.265
27.524,25.200
27.312,25.127
31.372,24.307
31.939,24.432
29.331,25.336
32.223,24.596
28.032,25.709
29.595,24.917
35.194,26.169
35.454,25.466
30.779,25.452
31.337,24.306
33.158,24.716
31.772,24.785
34.469,24.576
35.001,24.848
33.942,24.489
28.619,24.184
29.591,23.197
27.943,23.410
26.976,23.222
29.141,21.775
32.199,22.900
31.908,24.153
32.467,23.498
33.018,24.182
30.106,24.336
32.145,24.510
34.348,24.380
31.787,24.768
32.147,24.108
29.264,23.789
29.320,23.485
27.402,22.342
26.645,22.348
25.745,21.729
30.053,21.987
33.800,22.992
32.057,23.965
27.244,24.625
29.394,24.034
28.887,23.649
26.372,23.461
24.775,23.532
28.709,23.544
33.158,22.010
32.261,24.160
32.248,23.528
33.078,23.644
32.202,24.477
30.403,24.705
32.211,25.029
32.838,24.317
32.467,24.197
31.912,23.663
30.431,23.194
26.126,23.498
24.731,23.487
27.042,23.378
28.755,23.645
31.254,22.476
25.747,22.712
29.907,22.602
27.338,23.730
30.985,22.873
31.000,22.766
30.311,22.229
29.150,20.927
31.542,20.473
32.552,20.764
30.230,21.309
30.564,22.570
30.615,22.046
31.914,21.914
30.980,20.808
31.503,17.909
33.757,21.362
34.056,20.919
35.370,21.188
35.143,21.411
36.073,22.265
36.226,22.972
36.665,22.849
35.103,21.628
34.117,19.956
34.691,20.867
34.903,22.946
35.986,22.576
34.734,21.276
34.642,19.093
33.590,18.449
34.035,17.798
34.057,17.898
34.531,17.874
34.513,18.210
33.827,18.189
34.003,18.404
34.233,19.079
33.830,20.181
34.173,18.188
34.005,20.941
33.724,20.093
33.708,19.976
33.122,20.288
33.711,18.881
33.089,16.683
32.496,18.167
32.747,18.806
33.805,16.024
32.856,18.478
32.818,19.202
32.355,19.207
32.338,18.987
31.473,16.887
31.428,16.858
31.191,15.711
31.004,16.251
31.191,15.774
31.340,14.203
32.264,14.903
31.578,15.013
31.958,15.347
31.565,16.743
33.014,17.813
31.503,18.636
31.269,17.569
32.124,15.942
31.605,14.540
31.383,13.254
30.734,16.587
29.918,16.454
29.751,16.045
30.473,14.743
30.110,13.325
30.319,13.445
31.114,16.504
30.953,16.329
30.815,16.536
30.811,13.825
30.260,11.821
29.110,16.264
29.018,14.735
29.674,15.790
30.770,17.381
30.945,17.900
31.397,17.500
32.474,18.183
33.340,17.867
32.066,15.520
30.472,12.224
29.151,12.195
28.115,11.399
28.207,11.595
27.870,10.928
27.836,12.142
28.278,13.903
29.492,16.399
29.601,16.231
29.579,13.985
29.315,15.080
28.363,11.762
28.732,11.832
29.411,14.103
28.957,13.650
29.268,13.781
28.797,11.758
28.021,10.350
27.704,10.668
27.009,8.240
26.344,12.818
27.944,12.875
28.464,12.190
27.567,9.315
25.987,9.547
25.544,9.402
25.950,8.086
25.458,7.900
25.451,9.703
25.314,9.080
25.210,8.573
26.544,10.105
28.122,10.628
28.784,9.812
30.203,10.669
29.910,11.331
28.707,11.722
29.168,10.426
28.640,13.507
28.584,11.655
22.590,9.461
23.426,7.615
24.659,8.543
25.083,8.601
25.578,10.880
26.863,10.680
26.870,12.330
26.480,11.905
28.033,11.363
28.420,10.976
28.688,12.553
28.439,12.416
29.373,14.465
30.093,17.148
30.561,16.493
32.517,16.583
31.518,17.606
29.496,13.482
26.317,13.130
26.432,8.753
26.166,11.412
27.413,10.450
28.054,11.077
31.147,13.970
32.555,16.159
32.414,17.927
32.483,17.323
32.680,18.206
30.476,16.590
23.819,11.162
26.934,9.683
28.743,13.231
30.132,14.016
30.414,14.140
32.065,15.792
32.439,13.213
30.401,15.457
30.098,12.275
30.727,14.918
33.184,14.652
29.957,10.722
31.484,11.279
32.927,15.347
33.729,14.622
35.203,16.321
34.810,15.814
36.500,15.580
36.678,17.752
36.403,18.129
37.317,19.297
35.695,15.613
34.887,14.684
34.986,13.421
35.563,14.411
34.813,13.918
33.208,14.648
35.115,18.000
35.930,20.215
35.636,18.934
35.592,18.370
36.562,19.086
36.221,16.934
35.813,14.852
34.874,17.106
35.730,16.816
33.567,17.521
35.023,16.980
36.818,18.753
33.759,18.723
33.101,18.556
32.853,15.462
35.312,18.125
35.752,20.810
37.115,18.813
36.737,17.086
35.012,16.734
36.595,17.966
37.171,17.947
39.144,17.963
39.363,20.987
37.396,16.697
37.036,19.382
36.264,19.594
35.087,17.728
37.870,17.289
39.429,18.903
39.650,19.891
40.120,19.226
38.482,19.264
38.615,19.231
38.528,20.237
37.724,19.119
36.597,21.493
36.796,20.782
37.331,21.602
36.180,24.990
41.274,24.202
40.228,24.778
40.472,23.735
42.741,22.386
42.127,24.134
41.252,23.424
41.777,23.338
42.089,24.600
41.491,22.556
40.631,21.230
41.383,23.846
40.324,22.275
40.867,22.664
42.046,22.974
40.953,22.942
40.724,20.799
39.452,22.248
38.925,22.583
40.082,23.248
40.828,23.033
41.805,25.293
43.298,23.997
43.440,23.552
43.718,25.310
44.104,24.448
43.343,23.721
43.354,25.043
42.627,24.719
41.744,24.551
42.278,25.094
41.189,25.060
40.168,25.568
40.271,26.126
40.964,26.306
40.436,26.892
40.370,25.603
41.634,25.248
42.127,25.955
42.201,27.057
43.002,28.207
41.480,28.558
40.096,28.772
41.203,28.393
42.736,28.909
41.798,27.855
39.617,26.672
37.048,27.160
35.988,26.554
37.427,25.543
35.990,26.289
36.563,25.639
37.740,26.299
40.575,26.966
38.696,27.251
34.095,26.588
27.428,24.883
34.679,23.829
36.226,25.414
36.980,25.193
36.956,25.843
37.036,26.313
38.569,26.314
38.002,27.102
36.522,27.374
35.974,26.259
36.955,26.017
36.248,26.319
37.488,26.572
35.732,26.795
37.948,26.816
36.628,27.294
36.141,26.312
32.383,24.875
33.835,25.196
28.936,25.349
31.737,25.461
29.545,25.022
29.372,24.269
28.898,24.378
32.538,25.416
29.909,24.366
28.300,23.871
24.938,24.013
31.309,23.783
28.378,25.099
27.400,25.203
29.061,24.588
28.646,24.735
31.745,24.685
29.700,25.593
31.120,24.050
33.976,24.836
31.100,25.554
29.896,24.494
31.058,24.660
26.197,24.679
25.423,23.713
28.352,22.826
30.500,22.714
27.602,24.695
33.211,24.126
25.731,23.288
28.877,23.695
29.545,22.810
30.057,23.856
26.915,24.295
25.086,23.231
26.106,23.263
25.780,23.828
28.733,23.540
29.735,24.219
25.799,24.546
26.577,23.776
28.112,23.574
29.811,23.404
30.255,23.559
30.881,23.889
31.611,22.794
32.573,23.115
25.636,22.575
30.265,21.507
31.659,23.354
25.719,24.354
28.222,23.714
30.258,22.774
30.834,22.129
31.186,22.598
31.243,22.829
32.459,22.397
31.992,22.698
31.809,22.694
32.081,22.555
31.794,23.144
32.711,21.827
32.035,21.074
31.571,21.220
30.842,20.522
32.033,20.206
33.325,20.963
36.619,21.977
38.055,22.978
35.961,23.795
36.528,24.642
36.304,24.258
38.134,25.846
36.757,23.132
37.655,23.941
37.198,22.882
38.854,22.154
38.659,21.439
25.421,21.597
31.224,21.724
30.965,23.058
30.670,23.250
28.914,22.645
23.438,22.180
28.981,22.221
25.475,22.893
27.067,22.688
29.093,20.590
30.098,21.989
30.346,22.400
29.586,22.099
32.961,21.405
32.712,20.228
32.629,21.362
30.365,22.865
29.267,22.110
30.310,21.748
31.497,22.133
32.305,20.876
31.875,20.539
32.428,20.737
32.885,19.856
32.562,19.845
32.524,18.969
33.625,19.159
33.871,20.120
34.342,20.008
33.380,19.102
33.345,17.952
32.868,18.508
33.410,17.519
31.937,18.960
31.557,19.397
32.303,20.164
31.871,18.118
31.071,16.750
30.575,15.685
30.094,15.402
29.534,14.758
30.527,15.988
30.826,17.286
31.694,17.326
30.718,18.102
30.132,17.281
30.355,16.403
29.579,16.815
29.505,16.518
29.891,17.009
29.221,17.501
27.705,15.626
28.034,15.139
28.985,15.729
28.819,15.612
27.622,16.172
28.230,13.125
28.062,13.453
28.850,14.161
29.809,12.797
29.198,12.044
29.618,12.602
29.484,13.752
29.599,15.411
30.130,13.197
30.492,13.249
30.723,13.419
30.434,13.594
30.036,15.080
30.094,16.787
30.152,15.494
30.392,13.693
29.461,12.950
29.276,13.450
29.535,15.582
29.438,14.409
28.565,13.325
28.670,12.016
28.706,12.073
27.483,12.979
27.899,12.009
28.264,11.310
27.848,13.115
27.058,11.625
28.240,10.477
27.963,9.934
27.518,10.649
27.449,11.597
27.379,10.769
27.441,11.390
26.404,10.788
24.729,10.242
25.636,10.336
25.343,12.113
26.809,12.430
26.557,12.391
26.671,12.791
26.626,12.645
24.696,8.964
24.972,10.171
25.498,12.643
23.799,9.405
25.801,10.788
26.117,13.342
25.213,13.898
26.071,11.880
25.216,10.163
24.836,10.405
25.432,10.952
27.596,12.368
25.811,10.525
24.120,9.755
22.959,9.248
23.845,9.417
25.621,9.638
27.405,11.350
26.575,8.694
26.115,11.282
24.807,9.305
24.340,7.530
25.224,10.540
25.990,12.197
23.541,15.627
25.510,13.979
25.717,11.691
26.547,12.748
26.825,12.464
28.045,11.840
29.137,12.160
28.080,12.169
28.792,10.321
29.343,10.832
28.450,11.529
28.796,12.103
29.810,13.583
29.575,13.307
29.363,12.834
30.750,13.122
31.185,13.042
28.687,12.073
26.878,8.410
25.424,8.231
26.155,8.299
25.352,7.594
26.351,10.905
25.773,11.248
25.164,9.028
24.484,8.328
25.335,7.362
27.851,12.208
28.375,9.928
29.510,10.058
30.490,11.589
24.919,15.488
29.078,13.423
28.280,14.883
29.006,14.438
32.143,16.925
31.548,16.500
30.132,10.866
29.041,10.878
27.157,12.739
29.385,11.037
28.542,12.074
31.127,14.023
30.754,14.523
32.917,16.151
33.177,18.179
34.024,18.852
31.922,16.271
32.882,15.719
32.866,13.873
32.372,16.617
33.642,17.012
34.692,17.410
36.218,18.886
37.139,16.795
35.686,15.027
34.561,14.479
36.090,16.930
36.411,14.749
33.350,12.815
35.502,15.575
37.099,17.047
36.313,18.017
34.787,15.782
35.335,16.613
38.076,18.127
36.973,16.854
36.868,16.111
36.574,17.372
37.092,17.345
37.226,17.682
36.608,18.422
37.660,18.787
38.922,19.301
39.413,17.493
37.757,16.741
37.326,20.395
37.079,20.132
37.671,19.186
37.934,15.348
38.675,17.155
38.838,17.412
38.692,18.760
39.477,19.459
40.497,22.151
40.911,20.295
40.066,21.146
39.508,20.628
37.220,20.634
36.494,21.219
38.518,20.852
39.426,24.939
39.631,22.378
39.773,22.009
40.417,22.595
40.760,22.747
42.941,24.637
42.494,24.594
42.541,23.918
42.090,24.025
41.009,21.887
40.453,21.462
40.635,22.238
38.238,21.202
40.169,23.732
40.912,22.971
42.098,25.067
41.614,24.890
40.517,21.790
39.374,22.031
38.942,22.501
38.349,23.080
38.427,22.394
38.693,24.766
38.193,24.069
35.749,23.940
39.367,23.529
40.357,25.186
41.241,24.613
41.341,25.000
41.861,23.559
42.506,25.356
41.885,24.846
43.138,24.413
43.323,25.219
44.506,26.878
44.919,26.317
44.457,29.015
42.738,27.063
42.197,26.018
42.116,25.635
43.389,26.255
44.709,25.786
44.587,27.756
44.975,28.305
44.994,27.345
45.019,27.149
44.583,27.299
43.309,26.902
42.931,26.538
41.338,26.216
41.752,27.888
40.355,26.476
38.996,25.620
38.196,26.877
38.315,27.016
40.814,25.810
39.305,25.719
39.337,26.316
38.582,27.223
40.511,27.643
40.436,26.992
39.224,27.241
38.521,27.158
39.780,26.554
39.091,26.150
39.246,26.107
39.526,26.392
39.247,26.487
38.427,25.434
37.987,25.585
36.950,25.190
37.337,25.788
34.898,26.517
37.926,25.475
38.416,25.599
40.056,25.852
39.442,26.837
38.664,26.212
37.857,26.794
34.763,27.424
38.890,26.244
39.011,27.693
35.850,26.866
35.535,26.427
37.988,26.506
36.008,26.772
36.693,26.268
31.039,26.001
30.662,25.023
33.253,24.207
33.872,24.199
34.922,24.670
27.564,24.553
24.415,22.724
24.397,22.832
28.520,23.980
30.733,24.324
27.833,24.857
28.269,24.650
30.745,23.969
30.299,25.023
