20000101
28.415,11.469
27.719,11.499
27.743,9.783
27.454,8.289
27.054,8.073
27.633,10.380
28.728,9.313
30.152,9.295
30.755,9.383
31.329,11.884
31.179,9.791
28.992,12.188
26.381,11.700
24.341,7.646
23.295,8.536
23.072,7.332
25.525,8.353
29.078,11.261
31.463,10.600
30.248,9.747
27.446,10.662
27.773,11.374
29.249,12.281
28.741,12.517
30.467,10.510
29.777,12.450
26.666,13.391
25.891,9.861
28.666,9.657
30.862,10.171
29.812,10.865
28.208,10.652
27.744,10.821
28.459,9.631
27.699,11.800
24.790,13.161
24.838,8.627
25.622,10.015
27.396,10.481
26.833,10.654
27.463,8.596
25.297,10.799
24.448,8.374
25.104,9.514
25.263,9.681
27.336,9.166
30.064,12.050
28.478,11.461
28.501,10.858
28.348,11.539
29.550,14.482
29.911,14.860
29.268,14.606
29.388,15.275
25.536,17.922
29.488,13.302
30.037,12.473
32.598,10.761
33.662,14.689
36.031,13.423
36.549,19.009
35.218,14.558
33.967,14.663
31.462,15.730
32.989,12.121
32.075,13.911
30.239,10.826
31.034,16.092
33.749,14.221
34.220,12.472
34.691,15.902
32.777,16.148
31.619,14.621
33.131,12.370
32.511,13.937
34.090,12.750
33.878,16.067
34.374,13.320
35.024,16.055
35.390,15.692
35.551,16.823
33.861,17.754
33.176,16.460
33.145,16.844
34.463,16.641
35.753,18.363
36.282,17.199
37.374,16.491
38.169,17.355
39.737,21.719
40.026,23.604
40.322,24.512
40.803,22.862
42.070,19.715
41.155,21.340
40.952,19.202
42.150,20.065
40.435,18.994
39.937,23.983
40.882,20.859
40.958,18.842
41.861,20.075
42.521,23.201
42.548,24.024
40.308,22.175
41.160,22.633
40.863,22.748
41.942,24.192
40.917,20.950
42.768,25.123
41.893,24.144
40.410,24.886
40.079,25.066
39.584,23.918
40.494,23.845
42.170,24.316
43.035,24.989
42.302,24.793
42.550,26.036
42.267,25.967
42.800,26.008
42.977,25.356
43.846,24.993
44.097,25.045
43.305,25.430
43.569,25.636
43.398,28.471
41.438,25.706
40.680,26.385
40.821,24.866
41.096,25.647
40.688,26.340
39.231,26.806
36.098,24.016
36.592,25.004
39.002,25.443
40.058,26.231
38.994,24.640
40.865,25.441
38.129,25.182
37.509,26.532
40.918,24.642
41.993,27.073
41.416,26.838
41.009,27.011
40.850,27.167
40.869,26.949
41.648,27.197
41.478,26.762
41.714,28.115
38.702,27.100
37.746,27.439
41.464,27.784
42.083,27.871
40.765,28.942
42.835,29.278
43.806,28.258
43.256,29.051
43.892,29.279
42.788,27.959
41.317,26.866
42.509,27.740
42.219,26.913
40.849,27.100
40.650,27.121
40.336,27.494
39.557,26.553
41.304,26.900
41.010,26.496
42.020,25.772
42.316,26.600
40.923,29.226
39.407,27.005
38.323,26.980
39.075,26.133
39.321,25.749
39.016,26.015
39.076,25.473
39.754,26.840
39.093,26.734
43.530,27.626
38.635,28.565
35.118,26.760
33.434,26.222
37.901,24.669
33.092,25.553
36.835,25.333
37.593,26.920
37.324,26.683
29.538,26.696
34.486,25.721
34.408,25.288
33.244,25.803
32.808,25.645
31.038,25.507
26.749,24.313
24.663,23.445
26.962,22.857
30.244,23.059
33.078,24.112
30.021,24.121
31.039,23.396
24.765,23.103
29.541,22.495
31.469,22.960
33.403,22.320
33.781,22.664
34.915,22.849
35.981,23.531
36.732,23.262
28.496,25.303
32.572,24.592
34.747,24.380
34.606,24.466
34.777,24.444
31.734,23.367
35.081,23.292
35.993,23.417
37.236,24.426
37.725,24.386
35.336,26.945
37.584,25.594
35.608,26.114
36.096,24.275
33.454,25.855
26.839,24.536
25.715,23.050
30.123,22.883
29.967,22.354
27.058,23.772
31.432,23.153
26.922,22.666
28.686,22.864
28.018,22.844
30.446,23.070
35.742,24.029
33.651,24.371
36.571,25.801
36.293,25.296
32.141,23.917
31.991,23.842
33.107,23.789
31.030,24.075
26.244,23.575
30.738,22.972
32.747,22.983
34.574,23.423
30.898,23.395
24.202,22.450
34.479,22.335
33.479,21.615
34.657,21.069
33.707,21.700
33.741,21.031
34.678,20.717
35.200,20.317
36.046,20.440
36.528,20.890
36.766,21.183
36.382,21.207
37.202,20.687
35.417,20.849
35.391,20.283
36.008,20.740
36.542,21.868
37.464,20.713
37.336,20.934
37.371,21.942
35.496,25.509
37.159,24.008
37.935,18.824
39.258,24.414
37.964,20.144
38.947,20.601
38.877,20.301
39.148,19.576
39.316,22.191
38.872,18.406
39.223,19.481
38.869,18.414
38.354,18.746
37.428,20.557
36.614,21.298
39.485,21.264
37.927,23.880
37.942,22.724
38.949,22.940
36.876,24.872
38.871,18.291
37.377,19.744
37.619,18.651
38.351,15.707
38.367,17.843
38.382,16.943
38.823,19.247
37.095,18.020
35.396,17.005
34.916,17.252
36.072,17.244
35.656,19.041
35.330,20.282
36.920,18.813
35.955,16.607
35.141,16.924
36.621,18.299
34.555,16.659
34.197,17.737
33.623,17.190
34.135,15.666
34.055,16.427
33.362,16.232
33.297,15.511
33.642,18.299
35.020,19.407
34.988,20.526
33.971,18.838
33.621,17.517
33.835,15.384
33.953,19.472
33.241,17.673
33.438,15.040
32.496,14.123
33.455,13.753
31.458,14.537
30.634,14.457
31.871,12.247
32.272,13.903
32.139,12.663
33.400,17.285
31.544,17.359
30.513,14.510
30.730,12.400
28.887,15.211
27.912,13.656
28.267,12.882
27.147,11.278
27.275,10.088
28.158,8.698
30.040,8.842
31.508,12.720
31.354,14.165
31.195,14.831
31.645,10.699
31.360,13.843
30.514,12.142
29.943,13.249
29.884,12.695
30.712,12.591
30.996,14.362
30.644,14.260
30.685,12.902
30.591,13.737
30.492,14.011
28.551,13.729
28.418,12.019
28.993,12.357
30.878,10.884
30.219,10.034
30.268,12.749
30.495,11.397
29.579,12.272
28.731,11.003
28.876,9.277
29.094,11.044
19.900,12.920
23.982,10.978
24.204,8.537
23.953,8.110
25.301,9.470
24.961,8.940
25.128,9.029
27.916,7.727
26.680,11.583
24.379,9.392
24.328,9.062
25.900,9.144
27.386,10.542
28.373,11.394
27.153,11.371
27.149,10.073
28.538,12.323
28.644,13.627
29.798,13.103
30.002,12.998
31.346,11.807
31.456,13.491
29.115,12.408
27.796,11.447
26.938,9.732
26.505,9.433
27.799,7.177
28.799,9.390
29.628,10.661
30.543,11.675
31.228,9.725
30.315,12.196
30.179,14.809
30.936,13.001
28.316,11.599
28.163,10.297
29.627,9.992
29.035,10.504
29.444,10.415
30.654,9.333
32.139,13.746
32.300,12.868
31.685,11.820
30.597,13.186
33.586,14.548
34.278,15.426
30.396,11.830
27.976,12.602
29.624,12.810
30.794,13.205
31.948,15.148
32.578,15.446
34.551,15.774
33.118,15.530
33.809,14.792
35.774,17.994
35.173,17.358
33.557,16.261
31.946,15.972
32.287,15.630
31.597,15.646
30.980,16.367
31.218,15.469
32.214,15.566
32.020,17.603
33.335,14.725
32.315,15.609
34.228,15.148
34.354,16.063
33.917,17.184
35.384,17.097
34.966,18.057
32.416,16.840
32.650,14.715
34.891,14.830
36.777,20.794
37.344,21.595
36.413,20.449
36.461,17.930
37.664,19.016
36.037,20.043
35.322,16.814
35.012,17.768
33.996,20.610
35.281,19.495
36.680,18.932
36.936,19.579
37.415,18.150
35.438,20.671
32.955,15.927
33.656,14.936
34.663,15.253
35.616,19.927
38.225,19.204
38.047,18.179
39.163,15.617
39.321,20.000
39.518,16.243
40.910,23.782
40.103,22.057
38.483,21.937
38.152,19.496
38.106,19.717
37.787,22.548
38.746,23.347
37.522,22.973
36.188,22.807
36.535,23.180
33.932,23.132
34.780,19.364
35.742,20.054
40.237,21.317
39.096,20.272
40.547,22.527
42.049,20.847
43.196,24.826
42.877,25.906
43.126,24.195
41.609,24.761
41.576,24.419
43.306,23.392
43.340,23.951
44.549,25.727
43.309,25.957
44.139,26.130
43.974,25.378
44.142,25.430
43.596,25.409
42.757,25.647
41.052,24.246
40.455,24.821
42.030,26.043
41.871,25.070
42.657,24.885
42.608,25.301
41.105,24.789
40.613,24.992
40.799,25.645
40.005,25.710
39.185,25.241
38.661,24.865
39.433,26.405
40.473,26.407
40.548,27.683
46.270,27.887
44.162,28.708
42.259,27.587
41.190,26.566
39.783,26.596
38.984,27.161
38.530,24.617
35.202,24.794
37.039,25.932
35.459,25.766
36.468,25.830
36.460,25.767
37.164,25.024
38.089,25.707
36.637,26.009
39.335,26.155
40.375,26.338
39.218,26.894
38.395,27.519
38.103,26.226
36.569,25.935
37.860,25.056
32.807,26.214
32.740,25.303
30.969,23.453
30.664,23.040
35.569,24.411
37.746,25.126
37.233,25.115
37.511,25.041
37.728,24.779
38.836,25.569
39.326,27.033
38.490,26.265
38.321,26.328
38.739,25.783
38.161,25.816
36.941,26.329
33.634,26.494
29.966,26.298
31.892,24.790
31.705,24.092
25.437,23.862
28.612,23.997
32.981,23.460
36.223,23.864
32.334,25.473
32.618,25.291
31.760,24.570
25.260,23.712
28.444,23.705
28.366,23.660
31.272,23.668
26.560,24.076
26.622,24.199
25.843,23.595
27.906,23.824
31.432,24.010
29.298,24.279
26.175,24.040
30.622,23.770
30.684,24.340
31.660,23.927
30.924,23.804
30.104,23.988
32.825,23.523
32.133,24.475
29.133,23.842
29.928,23.616
32.384,24.113
33.346,23.841
34.842,24.091
34.345,22.596
35.558,24.093
33.277,24.440
33.459,23.700
32.412,24.693
33.222,24.530
32.904,24.260
32.265,24.233
30.705,24.419
31.410,24.520
29.877,24.287
31.760,24.485
33.848,24.242
27.849,24.678
24.359,22.789
26.111,22.981
32.304,21.143
31.966,23.002
32.179,22.765
27.602,22.744
31.263,22.373
31.973,23.739
32.566,23.537
33.468,21.905
33.708,21.712
33.555,21.853
32.348,21.760
30.099,21.273
34.242,20.841
35.707,22.397
35.612,22.371
35.889,22.410
36.288,23.064
34.983,23.059
34.698,22.068
33.898,23.157
32.776,21.416
35.313,22.644
34.837,21.286
35.625,21.285
36.162,20.776
35.985,21.921
34.966,22.335
37.189,21.104
37.436,20.308
36.317,23.601
38.655,20.835
36.859,22.266
33.030,23.556
37.477,22.535
39.919,25.225
35.750,25.131
36.951,23.346
38.695,26.246
39.458,19.715
38.630,23.207
40.066,18.209
40.516,23.306
39.103,20.966
38.446,23.898
34.409,23.553
34.600,22.880
36.633,21.689
39.394,21.726
37.886,20.840
37.488,22.674
38.541,21.872
37.794,23.075
34.454,22.548
31.022,22.605
25.645,22.619
33.983,19.734
35.057,21.753
37.114,25.323
37.554,21.589
35.845,20.822
35.660,16.172
36.282,14.817
36.563,15.620
35.746,17.796
35.754,19.162
36.208,19.485
37.053,19.776
37.325,17.050
36.486,16.805
39.047,18.472
38.586,20.920
36.503,18.865
36.316,16.311
35.396,16.012
36.159,18.501
36.201,18.764
35.602,19.840
34.893,16.749
33.648,16.523
34.801,15.494
35.137,19.384
32.446,18.419
31.233,16.576
31.387,14.667
32.048,14.665
31.590,15.468
32.321,15.798
32.240,15.194
31.910,13.258
33.324,14.663
33.126,17.106
33.806,17.752
33.353,16.711
33.625,15.004
32.824,14.099
31.297,13.633
31.556,12.063
29.936,12.132
29.707,11.979
28.532,11.884
28.017,11.544
27.946,11.871
27.909,11.193
29.111,10.911
29.391,11.750
29.921,13.375
30.223,13.298
30.376,12.859
30.093,13.541
30.902,14.160
31.681,14.535
32.711,14.448
32.506,16.895
31.794,13.305
31.935,14.043
29.851,15.455
29.398,14.903
28.960,13.907
29.589,11.730
29.973,14.115
29.824,14.065
30.267,13.431
29.817,15.580
27.919,13.820
27.118,12.037
26.583,10.409
26.541,9.754
27.042,9.814
28.071,10.406
28.760,10.928
29.322,13.377
27.372,12.871
27.861,12.076
27.600,11.502
27.010,11.072
26.965,10.476
26.674,10.147
26.391,10.225
26.075,10.325
25.613,10.224
26.388,11.036
26.662,11.475
26.217,11.393
25.673,10.565
27.351,10.384
28.892,12.238
30.791,11.763
31.616,10.958
30.371,13.198
29.827,14.036
27.003,13.505
25.892,10.723
21.981,12.882
24.097,8.777
23.888,9.526
24.180,9.028
25.279,9.052
26.426,9.895
26.842,9.706
26.445,10.538
25.474,14.150
23.367,10.212
22.523,8.097
23.489,7.890
23.498,7.715
25.366,8.322
28.644,8.974
28.129,11.580
27.441,12.299
28.895,11.449
31.234,12.644
28.872,15.503
26.030,10.858
24.558,8.113
25.191,8.868
19.249,9.873
24.405,13.039
27.291,9.972
28.596,11.552
30.377,11.991
31.589,13.404
32.943,13.835
31.989,18.097
32.207,16.930
33.144,18.507
32.694,17.210
33.023,17.429
34.381,14.526
32.500,16.704
32.757,15.335
30.967,15.608
31.904,15.564
33.401,14.593
34.154,16.603
36.138,18.458
32.351,18.799
30.077,15.257
33.135,15.660
33.093,15.840
33.759,17.060
33.678,17.046
32.582,15.500
32.376,17.184
34.796,19.358
35.068,20.123
31.602,20.656
33.385,18.593
27.963,20.339
33.161,15.168
35.163,18.294
37.328,17.643
37.838,19.466
38.193,19.808
38.153,18.138
36.923,22.558
36.925,20.260
38.318,17.256
36.958,21.019
35.813,17.265
36.009,17.624
36.489,20.287
37.190,21.009
37.595,20.246
39.031,17.864
40.288,21.450
40.947,21.748
40.277,21.318
38.987,16.885
39.639,18.057
40.698,20.773
40.590,24.429
33.672,23.667
32.067,20.470
37.555,20.871
38.954,21.167
38.467,21.122
40.339,22.117
40.403,22.700
39.996,24.266
38.124,21.853
38.566,21.707
39.615,21.982
40.260,23.790
42.437,24.052
40.018,28.432
40.394,23.038
41.331,23.244
40.571,24.237
40.016,25.266
39.566,22.509
41.111,18.196
43.128,20.860
43.633,25.993
43.689,22.548
43.994,23.653
43.666,25.733
45.050,26.270
45.337,28.081
46.133,26.250
46.539,29.026
44.527,27.985
43.226,24.735
42.331,24.397
42.946,25.817
42.828,28.869
43.185,28.295
43.196,26.177
43.657,27.102
43.617,27.860
43.369,27.813
43.942,27.861
42.823,30.686
43.664,28.400
41.261,25.845
41.361,25.638
42.045,26.168
43.131,27.585
43.045,27.210
43.007,27.202
42.161,27.569
40.767,25.893
40.261,24.743
40.775,25.771
40.922,26.867
39.633,27.511
42.132,27.794
40.982,29.053
40.986,26.890
42.532,27.286
41.982,27.244
42.662,27.501
41.626,26.650
41.927,28.241
43.009,27.380
43.236,28.508
44.391,28.920
42.400,31.477
44.349,30.472
43.816,28.627
42.400,30.896
42.280,29.037
41.496,28.552
38.571,27.263
37.985,27.143
39.094,28.070
39.583,27.342
38.658,27.321
40.129,27.269
42.100,27.078
41.839,28.721
40.891,29.066
37.955,29.669
35.802,27.009
32.993,26.719
27.046,24.455
29.121,23.798
35.769,24.907
36.858,24.820
37.276,25.259
36.243,26.058
39.085,25.971
38.046,26.194
38.778,26.102
38.992,26.132
38.661,25.875
36.437,26.550
36.997,25.396
40.783,25.831
38.488,26.389
37.056,26.349
31.913,26.046
31.059,25.244
37.019,23.996
33.353,25.538
33.519,25.263
31.034,24.693
32.642,24.067
27.325,24.890
27.497,25.035
29.061,25.149
27.577,25.134
30.146,24.528
34.544,24.011
37.384,23.623
38.668,24.829
39.240,24.815
39.898,24.162
38.681,25.520
39.410,26.148
39.208,27.346
34.713,26.157
27.358,23.744
29.995,23.136
31.150,23.146
25.783,23.254
31.732,23.116
32.512,23.858
31.982,23.609
25.731,23.861
24.804,23.458
25.411,23.658
26.656,23.979
30.337,22.951
32.466,22.805
33.899,23.332
33.661,23.794
35.777,23.417
31.431,23.007
35.356,22.471
34.259,22.899
31.618,23.907
28.949,23.612
27.196,22.498
28.273,21.981
33.424,21.562
33.870,22.179
27.034,22.871
30.065,21.976
31.732,22.867
34.170,23.827
32.082,24.084
31.676,24.110
34.495,23.573
34.729,24.259
33.733,21.461
34.517,21.596
34.383,22.642
35.661,20.379
32.594,21.471
36.716,21.699
36.299,21.715
35.600,18.995
35.214,20.037
34.197,20.651
33.125,19.951
34.564,19.874
34.312,19.528
35.714,20.133
39.252,21.760
37.596,22.316
38.499,24.237
37.161,24.994
34.368,20.578
37.295,20.314
36.471,23.824
38.029,21.735
37.162,23.100
40.142,23.085
39.458,23.084
39.294,23.844
38.516,21.928
39.384,20.974
39.106,21.875
39.336,22.076
39.977,19.118
39.024,18.984
39.061,17.507
37.658,18.699
37.585,18.792
37.901,24.541
37.712,19.675
37.766,18.497
36.484,20.271
36.828,21.159
36.329,19.857
37.777,17.359
37.056,17.579
36.615,19.196
36.311,19.621
36.172,19.355
34.969,16.537
36.655,19.077
36.226,17.207
35.730,18.034
35.772,15.560
35.353,13.677
35.680,15.026
34.971,16.754
35.877,18.786
35.519,19.546
35.847,19.177
34.919,17.288
34.875,14.606
34.334,14.071
33.026,19.377
33.827,15.188
32.925,17.968
31.987,16.488
32.060,17.853
32.457,18.057
30.964,17.460
30.841,16.557
31.489,17.679
32.097,15.957
34.007,16.245
33.093,14.709
33.407,16.896
32.982,17.015
33.003,16.301
33.580,17.316
33.407,15.487
32.117,14.252
31.354,15.040
33.337,15.736
33.366,16.496
33.049,15.605
31.261,14.930
31.817,15.705
31.886,15.485
30.449,15.502
30.257,14.431
31.033,13.812
30.643,10.716
29.647,14.492
30.019,14.609
31.214,15.387
32.072,17.740
31.405,15.602
30.464,14.132
30.609,12.018
31.431,13.994
32.100,14.611
32.379,14.742
32.664,14.819
33.377,15.279
32.984,13.635
31.991,13.502
30.472,14.832
29.944,14.870
29.863,14.027
29.161,14.196
30.221,12.048
28.260,13.982
25.774,12.217
26.599,11.561
28.060,12.762
25.573,11.335
26.752,10.414
27.136,10.508
23.710,11.872
22.597,7.703
22.589,7.573
24.327,9.767
24.568,10.883
26.866,10.067
29.390,10.231
28.453,14.353
26.307,10.354
27.464,12.025
27.937,16.160
27.820,12.490
29.078,13.688
28.091,13.768
27.562,10.151
28.501,10.180
28.201,10.695
27.461,9.651
27.851,10.072
27.466,10.522
28.507,12.787
29.613,13.319
30.212,13.617
30.704,13.357
31.054,13.133
31.345,13.885
32.168,14.995
32.628,14.890
29.922,14.976
28.337,13.348
29.776,11.373
28.347,16.618
26.554,11.679
27.113,13.022
27.297,12.719
27.003,12.655
29.096,12.229
30.432,12.447
32.140,13.072
29.160,13.648
29.309,13.489
29.447,13.799
29.590,14.812
29.743,13.519
30.413,12.655
30.779,14.726
32.461,15.405
33.443,13.768
30.921,18.748
24.860,18.308
27.266,14.675
28.517,13.710
30.076,14.059
31.523,15.710
33.275,17.250
34.048,17.269
32.641,18.508
33.841,17.674
35.414,18.505
35.323,19.950
35.668,20.169
33.804,19.678
30.581,15.543
28.239,8.765
29.496,10.852
33.152,13.782
33.322,15.152
33.402,14.848
35.424,15.970
34.879,17.792
32.844,17.599
33.066,16.277
35.307,16.602
35.801,19.061
36.014,16.763
35.054,16.040
33.083,19.380
35.388,17.079
35.309,19.590
36.038,19.609
37.884,20.225
38.219,17.690
38.546,20.906
38.685,22.086
39.661,24.281
41.096,24.646
38.626,23.312
38.814,21.589
37.817,21.396
37.315,21.652
39.086,19.478
39.486,23.630
40.249,19.569
39.864,21.194
38.458,21.508
36.528,20.469
37.637,22.250
41.521,22.721
38.783,19.897
40.107,17.686
39.246,23.067
40.455,23.175
38.522,27.693
38.426,22.336
37.166,20.690
38.596,21.976
38.831,22.178
40.847,26.418
39.735,24.908
36.930,24.275
37.946,20.344
40.067,21.336
43.471,23.998
42.672,25.065
41.574,24.076
40.573,22.651
41.215,23.437
41.515,21.612
41.766,20.125
43.426,24.447
44.059,25.838
43.668,27.703
40.845,23.895
38.762,23.577
39.469,19.255
40.064,21.112
39.642,22.147
40.281,22.143
40.277,19.642
43.669,21.940
44.564,24.575
43.724,28.137
43.812,28.638
43.833,27.269
43.895,26.874
45.753,24.556
44.354,28.238
43.400,28.377
42.212,28.264
41.483,25.942
41.528,25.828
41.589,26.219
39.815,25.058
40.629,25.753
42.400,26.270
40.617,26.740
39.173,24.493
38.624,26.825
41.444,25.102
41.126,27.632
43.073,27.276
42.877,26.793
41.939,26.850
42.132,28.475
43.428,28.352
43.983,27.640
42.555,26.666
42.227,27.160
41.476,27.519
41.446,27.239
42.636,27.349
41.970,27.532
41.885,27.009
42.395,28.165
41.570,27.786
41.369,27.143
44.072,28.477
38.969,27.782
35.656,26.363
28.363,25.205
30.501,24.328
31.277,25.064
37.946,25.566
39.789,26.686
38.730,26.422
37.798,27.741
32.040,26.813
35.169,25.908
37.128,26.004
36.616,25.344
37.849,25.411
37.542,25.350
37.439,26.151
39.737,26.617
36.763,26.315
34.833,26.407
28.302,26.002
31.292,25.258
32.324,25.163
33.361,24.737
30.723,24.924
31.925,24.414
30.228,24.732
33.858,24.718
34.185,24.855
35.870,25.295
33.474,25.378
28.307,25.065
33.273,24.826
34.563,25.193
34.390,25.010
31.811,25.474
31.075,25.092
28.770,24.278
31.668,24.924
26.838,24.443
27.432,23.827
29.185,23.582
31.931,24.100
25.837,24.158
26.367,23.473
27.818,23.564
29.174,23.870
29.234,23.682
30.062,23.231
29.115,22.768
29.108,23.140
30.092,23.667
33.631,23.678
34.126,23.893
31.641,25.163
31.222,24.696
31.101,24.268
26.819,24.203
32.911,23.493
31.885,23.907
32.784,23.525
32.938,23.941
31.311,24.020
34.249,24.225
32.159,23.486
31.896,23.141
34.966,22.860
35.196,23.230
37.833,24.137
36.659,25.483
30.686,24.921
27.343,23.749
25.365,22.918
28.671,22.995
31.314,23.759
32.321,22.833
25.134,22.853
29.274,23.354
25.865,23.041
29.775,22.786
29.093,23.593
32.427,23.612
31.555,22.626
31.644,20.982
27.315,22.201
32.310,21.185
34.193,22.697
34.625,23.100
32.875,23.222
33.715,20.805
33.578,21.742
32.560,20.465
31.600,21.844
33.621,22.766
30.831,21.665
32.710,23.083
34.690,22.865
37.240,22.568
37.635,22.019
36.124,22.808
32.637,22.351
32.887,23.505
32.000,21.427
35.144,23.380
35.802,21.579
34.250,23.353
35.609,19.992
35.685,23.696
34.752,21.249
37.619,22.919
35.052,22.354
37.042,19.481
36.181,16.457
33.573,17.713
35.064,19.881
35.634,22.028
36.079,23.795
37.129,20.756
34.858,19.194
35.372,18.507
35.747,19.587
35.547,19.595
35.603,15.439
35.300,16.494
35.994,17.321
36.112,17.206
35.707,17.490
35.367,19.531
34.456,14.729
34.405,14.660
34.008,14.176
33.664,14.931
35.175,13.706
33.620,15.253
34.580,15.645
33.386,17.099
33.516,18.518
33.232,18.306
33.081,17.667
33.999,17.006
33.741,17.697
34.324,18.859
33.241,17.014
34.193,18.419
34.058,21.248
33.298,17.043
33.240,17.140
33.248,19.301
33.595,18.852
32.706,15.783
31.922,15.162
31.390,14.769
30.471,14.233
31.049,14.286
31.855,13.678
31.709,18.153
32.575,17.011
30.622,16.399
31.005,15.234
31.416,14.940
31.892,15.999
31.695,13.527
32.227,16.076
32.526,18.654
31.066,16.909
32.088,16.141
31.309,14.105
31.263,15.642
30.197,14.319
31.044,14.375
31.301,12.235
30.846,14.079
31.046,12.769
31.513,13.618
31.957,15.289
31.861,14.433
32.473,14.492
31.446,16.416
29.994,16.181
30.380,14.993
30.384,13.656
31.054,13.665
30.074,14.879
29.347,15.968
25.301,13.055
25.120,10.645
25.967,10.885
26.137,11.118
26.612,11.751
26.366,11.551
26.830,11.513
27.031,10.499
26.125,11.249
25.916,10.436
27.011,10.844
24.790,8.896
23.468,9.390
24.493,8.638
25.765,9.185
27.614,9.894
26.991,8.181
26.011,10.702
26.554,10.509
26.196,11.576
26.006,12.503
24.946,11.667
22.295,11.951
26.057,11.820
26.577,11.116
28.041,9.380
28.798,10.645
29.925,10.837
30.610,10.891
30.417,13.550
30.979,13.386
32.194,13.692
29.022,12.445
27.224,10.830
26.654,10.031
27.935,12.616
26.170,15.833
24.986,10.462
22.965,10.124
24.215,9.430
24.808,9.750
25.154,10.321
25.150,10.264
25.930,9.679
27.523,11.203
24.679,11.006
24.909,13.687
22.645,8.979
23.662,8.714
26.418,8.393
28.932,9.104
27.455,9.754
27.515,10.583
28.468,8.541
30.220,9.706
30.256,9.081
28.548,13.818
28.735,10.301
30.380,12.643
31.453,14.257
31.343,15.097
31.436,14.264
32.713,13.778
33.200,12.697
31.719,13.875
33.604,14.075
32.283,15.993
33.311,14.247
33.649,16.312
34.488,16.776
35.573,17.116
35.989,16.877
35.929,19.087
34.227,17.164
34.709,16.436
34.901,15.074
34.456,18.097
35.759,17.219
35.245,17.268
36.499,18.591
36.157,19.504
36.733,18.805
37.160,18.162
37.745,16.640
36.752,17.990
38.042,14.596
37.901,20.128
39.411,18.469
39.831,20.549
39.367,21.891
40.229,20.945
41.461,20.244
40.977,21.714
40.703,24.457
40.181,21.170
39.533,18.274
39.700,18.941
40.005,19.747
39.772,21.445
37.133,20.346
35.709,17.215
34.356,15.026
37.534,14.900
38.626,19.720
38.484,17.347
39.190,18.352
38.176,19.393
37.748,21.262
38.479,19.643
38.508,21.303
39.429,22.255
39.569,23.434
39.228,20.058
39.433,20.337
39.274,21.863
39.142,21.095
39.258,19.425
41.143,21.105
40.613,22.247
41.514,21.557
41.066,23.331
40.843,23.408
40.466,20.945
38.139,22.181
37.988,21.738
37.832,20.134
40.430,21.637
41.444,21.522
40.802,22.347
40.455,21.755
40.860,23.673
41.396,21.198
42.270,21.346
42.635,24.328
42.125,23.802
40.558,23.481
39.428,23.930
39.949,21.073
40.170,21.619
42.376,22.560
43.853,25.331
44.207,26.361
43.887,23.377
41.894,29.094
37.881,30.811
35.923,28.472
36.037,26.036
37.703,26.390
37.149,26.483
33.572,26.285
36.527,25.677
40.210,26.269
40.949,26.148
41.710,27.862
43.077,27.834
42.244,26.632
41.620,25.952
41.031,25.751
41.247,26.106
40.995,25.918
40.623,26.235
40.890,26.330
40.408,25.718
42.130,26.169
41.627,25.713
43.200,26.468
43.274,26.146
42.857,27.283
43.236,28.049
42.985,28.280
42.157,27.442
42.082,27.153
42.365,26.989
42.606,26.440
41.170,26.800
38.014,28.719
38.393,28.410
39.664,26.322
40.817,26.502
42.772,28.759
38.977,27.672
42.104,27.140
35.248,28.082
33.905,28.140
35.303,26.377
31.379,25.639
37.932,24.524
38.106,25.718
38.669,25.852
38.648,25.903
38.131,25.697
34.841,26.002
35.671,25.513
34.774,26.023
36.220,24.721
33.215,24.969
33.559,24.353
35.176,24.687
37.493,25.150
35.271,25.257
40.149,26.139
33.829,26.196
38.292,27.551
34.573,26.132
34.485,25.393
33.813,25.106
32.861,24.852
36.122,23.871
34.249,24.194
36.786,24.661
37.503,24.156
38.361,25.177
37.939,26.204
39.040,26.272
38.494,26.785
35.453,25.293
35.819,24.462
35.227,24.760
38.086,24.423
37.118,25.010
38.029,23.942
42.000,24.850
39.841,26.429
34.720,26.105
31.051,25.150
36.598,26.009
33.096,26.553
33.208,25.172
32.682,25.018
32.979,23.709
30.893,24.092
32.447,24.460
34.713,25.850
32.605,26.640
33.032,25.429
28.228,24.092
24.932,23.108
29.036,23.625
28.799,23.217
26.223,23.946
27.431,22.899
30.414,21.624
24.478,23.184
33.041,23.144
27.690,22.773
29.694,22.396
28.831,22.849
31.071,23.321
30.810,23.114
32.237,23.095
32.151,23.618
30.442,23.435
31.405,23.045
34.016,22.520
33.183,22.087
32.761,21.609
33.161,21.152
33.447,21.340
33.970,21.036
33.668,20.981
34.485,20.755
35.397,20.670
33.960,21.397
31.749,23.513
34.354,20.678
40.064,22.164
40.290,23.396
38.195,23.140
35.633,22.784
34.397,21.982
35.627,22.214
34.085,19.929
35.385,20.080
34.748,21.156
32.945,20.580
31.605,20.321
33.863,21.352
36.771,22.178
35.115,22.898
38.557,22.508
36.807,22.942
36.070,21.818
35.637,23.551
37.400,23.166
35.264,22.289
33.329,22.953
36.359,22.637
37.334,23.613
38.260,25.741
32.147,23.317
34.338,22.932
29.394,22.666
30.510,20.493
31.016,22.547
30.609,22.963
36.313,22.170
34.019,21.348
34.330,22.970
33.253,21.842
31.264,21.178
32.815,19.812
33.896,17.049
33.318,18.272
34.609,18.439
32.522,17.189
32.230,16.177
33.258,14.335
33.909,14.864
33.491,15.344
32.808,16.831
34.646,15.860
34.022,15.841
33.377,16.291
33.355,16.366
33.269,18.050
32.579,16.904
34.114,14.604
33.594,20.341
31.801,18.827
31.950,16.313
31.056,15.355
31.490,17.198
31.890,18.486
31.195,17.750
30.974,16.816
30.783,15.647
29.675,16.619
30.945,19.144
31.686,16.439
31.741,15.653
32.231,16.923
32.359,18.290
31.852,15.909
33.313,15.874
32.207,15.131
33.425,16.785
32.941,17.480
33.024,17.022
33.276,21.991
32.464,18.627
32.157,17.391
32.856,15.201
32.493,14.704
31.845,14.878
31.478,17.380
30.758,16.595
30.705,15.597
31.657,16.994
30.249,16.701
29.771,14.956
29.458,10.984
27.509,12.375
28.683,15.281
29.398,14.805
28.559,15.273
29.406,14.883
29.686,14.957
29.720,15.134
30.409,14.991
31.436,15.892
31.343,14.624
30.352,15.337
29.489,15.947
30.252,14.613
30.796,13.413
30.668,14.593
31.325,13.558
30.644,14.636
30.284,12.713
28.833,10.436
27.287,13.149
27.041,13.101
27.526,11.998
26.511,10.558
25.414,12.333
26.243,13.221
25.056,10.629
27.014,10.461
29.107,13.097
28.959,14.861
29.109,16.184
26.032,16.924
24.070,7.352
24.884,8.145
25.207,10.004
25.806,9.904
28.456,11.643
26.920,11.640
26.398,10.553
27.956,11.179
27.524,10.623
26.256,11.068
24.757,10.233
25.835,9.633
26.719,9.071
27.661,10.705
27.337,11.919
25.788,11.246
24.182,9.719
22.343,8.575
23.677,8.843
24.789,8.605
24.659,10.575
26.378,8.153
25.259,10.112
26.419,10.212
25.116,11.748
26.309,9.807
22.768,12.367
25.846,10.759
24.818,10.272
24.608,10.447
25.550,11.929
25.106,10.213
25.480,9.120
27.152,8.910
27.407,9.011
28.471,12.170
29.986,12.145
28.684,12.723
29.940,13.484
31.981,15.411
33.870,17.049
32.128,15.236
32.529,13.295
31.396,17.669
33.350,16.543
31.718,16.463
29.289,15.493
26.161,12.165
25.626,6.715
23.836,6.554
23.795,6.474
24.671,9.240
26.305,9.474
28.370,9.729
30.895,11.944
31.963,14.867
33.070,15.141
35.136,16.409
35.093,18.504
34.867,16.881
34.834,20.798
35.468,18.379
34.291,20.981
33.341,15.646
34.011,17.803
31.575,20.394
32.321,15.202
30.355,17.722
30.302,14.469
31.339,15.491
32.967,16.076
34.468,16.953
36.224,14.765
37.561,18.026
38.273,18.068
38.662,19.608
37.794,18.271
37.672,18.368
36.871,19.274
35.969,18.785
33.244,18.024
33.987,14.276
33.399,17.343
35.338,17.240
37.491,21.126
35.777,18.301
37.079,17.185
36.755,16.816
35.138,19.794
35.250,19.415
37.678,19.053
39.634,18.809
40.407,19.686
39.875,20.866
40.586,19.910
40.859,18.650
38.376,20.265
35.971,17.370
35.622,14.588
34.362,14.799
34.618,17.255
37.282,18.042
38.307,18.938
39.717,18.831
39.600,19.782
39.075,20.585
40.761,20.076
39.263,19.688
41.029,21.225
43.614,23.183
41.907,27.120
39.611,24.400
39.674,26.003
39.920,22.365
38.810,21.046
40.005,24.558
39.683,22.353
39.043,21.535
36.285,22.045
36.140,22.296
36.416,24.447
37.828,23.752
35.744,22.751
35.954,23.606
35.984,23.515
37.310,24.605
39.910,26.162
39.382,25.039
38.833,23.295
39.860,22.703
38.260,20.630
39.704,22.218
40.675,22.600
41.262,23.093
42.163,23.978
42.786,24.918
40.790,26.036
41.528,24.181
43.042,27.227
44.095,27.894
43.371,27.276
41.427,26.454
41.471,26.742
41.735,27.166
41.790,27.997
40.781,26.112
39.616,25.848
41.230,27.500
39.932,26.907
39.516,27.698
42.950,25.885
42.040,27.136
42.655,29.445
41.956,25.930
42.132,27.359
43.619,26.844
43.297,27.055
41.036,25.986
40.591,27.031
42.658,27.770
43.142,26.739
43.172,28.014
41.592,27.223
38.157,28.231
40.446,25.497
40.331,27.478
41.149,27.865
40.050,28.082
41.040,26.874
38.975,29.904
39.413,28.658
39.514,27.818
38.544,26.833
39.210,26.241
38.466,25.832
37.022,26.574
35.338,26.332
37.267,25.488
36.996,25.896
35.864,25.763
36.017,25.461
33.447,25.494
32.172,25.363
31.529,25.006
32.774,25.026
33.520,24.923
35.654,24.758
31.660,25.363
36.053,25.253
35.433,25.859
29.640,25.307
35.722,24.569
26.917,24.819
33.694,24.294
32.844,24.637
34.066,25.313
27.682,25.360
28.393,25.326
34.757,24.282
36.614,25.331
37.178,25.009
36.322,24.812
37.444,24.805
38.291,24.552
31.057,25.315
37.973,26.108
37.614,25.833
33.121,24.874
29.884,24.517
27.929,23.261
30.328,24.183
35.344,24.098
33.457,25.608
32.088,24.960
30.471,24.306
28.682,24.147
30.223,24.158
25.970,23.940
28.229,23.727
28.635,23.041
28.587,21.789
32.006,22.112
31.941,21.989
33.385,22.438
31.676,23.316
33.914,23.632
33.717,22.234
29.371,23.202
29.541,23.588
33.815,22.808
33.295,22.594
33.630,22.850
33.303,22.244
34.632,22.917
34.374,22.241
33.459,22.160
32.943,21.068
33.068,21.860
35.431,21.976
35.494,21.799
36.149,22.086
34.954,21.934
35.805,21.011
36.616,21.608
39.856,24.511
38.922,24.320
40.487,23.754
38.895,24.458
37.794,25.248
40.222,24.405
35.913,24.460
34.198,24.330
33.673,24.073
34.123,22.852
30.697,23.762
32.476,23.703
29.169,23.757
27.618,23.707
28.398,23.313
28.657,22.873
27.282,23.470
31.075,23.088
31.703,23.260
34.815,24.133
34.608,23.548
30.393,24.259
23.889,22.174
30.237,20.903
30.476,21.342
30.260,21.633
31.466,20.826
33.602,20.338
32.734,19.067
32.710,20.278
34.297,20.201
33.285,19.576
33.197,18.318
33.504,18.510
33.278,18.331
34.104,20.880
33.409,19.079
33.453,18.537
33.542,19.075
33.221,19.368
34.391,20.524
34.230,20.738
33.829,19.985
33.711,19.877
33.162,17.174
34.330,17.479
33.223,19.733
29.677,19.961
34.132,17.212
34.253,17.460
33.087,18.242
31.990,15.870
31.857,17.425
32.549,18.628
33.532,18.826
33.085,17.723
33.340,15.904
34.446,17.662
32.922,14.300
32.254,13.624
31.907,14.901
31.501,14.281
31.849,15.627
31.552,16.979
31.543,17.088
30.954,16.598
31.508,14.948
31.321,15.066
30.389,14.914
30.569,11.831
30.777,13.349
31.489,13.263
32.909,15.178
31.990,16.273
32.152,15.032
32.504,15.469
33.285,16.745
31.614,15.578
32.517,13.654
32.453,15.770
32.682,12.616
32.047,13.125
31.284,13.543
30.777,15.657
30.364,15.354
30.490,13.889
29.619,13.201
30.796,12.516
29.971,14.050
28.175,13.928
28.112,13.834
28.231,14.617
26.386,15.711
27.774,14.131
28.529,12.640
28.899,11.150
29.194,11.664
28.860,12.598
27.388,10.630
27.181,12.107
26.396,11.691
26.804,11.030
26.726,9.876
26.988,11.347
26.983,11.773
27.512,12.289
26.612,11.371
26.027,11.925
26.294,10.031
26.925,11.007
27.433,12.481
26.182,12.144
25.350,11.936
24.238,10.805
24.691,9.858
25.457,8.029
27.449,8.984
28.006,8.285
28.300,13.424
26.720,10.953
26.905,10.498
27.675,9.961
26.691,12.393
24.840,9.312
25.319,9.664
25.350,11.302
26.410,12.069
26.159,11.349
26.852,11.096
27.871,10.657
29.298,9.107
28.836,11.350
29.336,11.429
29.075,12.620
29.380,12.518
31.022,9.818
32.252,10.668
29.965,14.090
28.952,12.497
26.539,14.492
25.756,14.698
26.107,11.475
25.704,10.083
25.057,9.615
24.999,10.159
25.433,9.841
26.380,9.696
27.703,9.644
29.187,10.539
29.452,9.973
31.288,12.122
32.563,12.390
32.552,15.029
31.764,14.977
32.227,15.950
31.639,15.010
31.977,12.227
31.986,14.245
31.212,11.634
30.779,11.482
31.967,15.375
32.572,14.167
32.496,13.472
33.513,12.429
34.158,13.668
34.456,15.479
32.350,15.637
33.154,14.077
34.207,14.410
34.982,17.085
35.730,19.714
36.170,19.478
36.836,19.972
36.869,20.112
36.283,16.845
36.068,18.161
36.875,18.964
34.988,23.438
30.825,19.811
33.278,19.962
32.933,17.593
32.965,17.357
34.191,16.644
34.053,13.547
33.354,13.156
33.559,16.376
33.809,16.129
34.067,17.774
22.033,15.081
24.843,14.369
28.516,12.810
31.981,14.741
31.940,14.364
29.957,19.273
30.002,19.899
32.391,16.790
32.623,17.692
33.303,17.716
32.324,21.911
35.990,17.148
35.631,19.787
35.251,18.545
36.669,17.880
35.825,18.682
35.406,18.794
36.023,17.807
34.205,17.506
35.187,17.678
36.599,18.970
36.399,18.061
38.399,17.812
36.367,18.228
37.738,19.755
37.557,19.373
38.045,19.609
39.212,19.668
39.729,21.250
40.464,22.913
40.370,20.672
39.119,20.252
38.358,20.330
38.459,17.678
37.710,16.745
38.467,20.577
38.679,19.597
38.298,23.190
38.718,23.118
36.436,25.039
37.534,17.291
37.901,18.848
39.186,20.696
40.633,24.039
38.736,23.949
38.652,23.051
38.767,21.734
40.433,23.023
40.376,22.403
40.343,22.545
40.464,22.571
41.948,23.795
43.189,26.707
42.343,24.116
42.067,23.714
42.988,25.208
45.669,25.091
44.416,26.991
44.495,28.226
42.706,24.236
42.535,24.586
42.932,24.211
42.576,24.981
42.803,27.694
42.773,25.319
42.046,24.385
41.779,25.006
41.694,25.311
41.986,25.378
42.446,26.576
43.265,27.486
39.078,27.509
38.600,25.550
38.478,26.236
40.903,27.190
40.836,26.675
41.613,27.742
43.227,27.489
43.784,27.126
44.362,28.492
45.190,28.269
44.119,27.845
43.722,29.841
42.605,28.643
38.224,28.255
27.650,25.268
35.873,24.524
36.827,24.964
38.062,26.387
37.692,25.407
37.580,26.038
39.128,26.248
39.162,26.121
40.024,26.825
40.015,26.185
38.339,25.266
37.822,25.408
38.154,26.421
39.880,26.482
39.444,26.320
39.650,25.616
40.528,26.557
39.495,28.133
42.049,27.230
45.459,28.050
42.378,29.646
43.167,30.985
42.594,30.011
37.832,28.760
37.552,28.622
37.633,27.352
31.971,26.757
35.973,25.476
35.869,26.104
38.257,25.685
37.976,25.715
40.743,26.719
40.492,28.903
39.728,30.242
31.895,25.201
28.062,24.807
28.938,25.123
31.448,24.480
27.192,24.560
30.000,24.585
29.832,24.274
34.749,25.142
35.540,24.782
36.130,25.794
35.418,25.211
34.597,25.666
34.810,26.164
28.777,24.159
26.195,23.628
28.003,23.485
35.366,24.340
29.827,24.027
29.283,24.204
30.525,24.400
34.321,23.784
29.299,24.059
29.180,23.454
27.373,23.725
30.135,23.876
27.801,23.805
23.691,23.176
25.452,22.642
29.532,22.956
27.728,23.493
32.197,23.400
33.202,24.646
26.107,23.950
28.992,24.043
26.176,24.064
27.604,24.142
26.934,23.620
30.260,22.567
29.324,23.935
32.317,23.086
30.548,23.316
30.789,23.825
29.942,23.596
28.642,22.804
24.474,23.024
24.545,23.132
26.414,23.131
24.917,22.929
28.730,22.914
29.594,22.318
26.629,21.845
26.412,22.287
25.544,22.057
26.234,21.855
29.857,21.245
32.394,22.444
23.587,22.131
29.693,21.666
30.154,22.402
31.940,23.002
34.030,22.134
34.378,22.983
28.948,23.546
27.088,22.255
29.160,22.045
31.051,22.504
33.040,20.716
31.546,21.984
32.292,23.410
34.353,21.471
33.591,23.191
33.843,23.043
34.168,23.153
35.770,22.974
34.849,23.233
36.949,22.707
36.509,23.407
35.105,23.079
31.179,22.700
32.442,22.401
30.485,23.592
32.193,23.661
32.339,21.579
33.268,23.479
34.523,22.856
34.347,23.697
35.723,22.076
35.640,23.734
35.707,23.096
37.189,21.711
38.145,19.475
36.168,21.715
34.090,20.924
33.716,19.783
33.672,19.767
33.711,19.496
34.530,18.856
34.264,18.935
33.894,18.531
33.097,16.787
33.736,23.964
34.156,24.044
36.103,20.699
37.373,20.241
35.772,20.638
35.742,20.181
34.200,19.303
34.254,19.203
33.272,18.405
35.860,21.597
34.029,21.741
35.366,17.745
34.184,16.465
34.328,19.014
33.770,19.728
33.121,18.446
33.032,17.787
33.142,17.389
33.323,18.177
32.065,17.148
32.386,16.902
31.701,17.275
33.227,16.305
32.987,15.200
30.644,17.639
30.792,19.332
33.241,18.431
34.037,16.290
31.631,17.086
31.020,16.290
30.923,16.728
30.855,14.621
30.752,16.074
30.469,14.400
30.982,15.888
31.225,14.888
30.655,13.210
30.599,15.870
30.468,15.810
31.085,15.295
30.030,14.597
29.447,15.881
28.104,13.341
27.332,12.996
28.158,11.786
28.505,12.624
24.453,14.106
28.498,14.087
28.459,13.687
27.848,14.146
29.925,14.983
30.545,14.040
27.474,13.707
29.142,18.405
28.713,14.850
28.710,13.271
28.310,14.616
29.110,11.575
27.225,12.396
25.709,11.367
27.413,11.466
28.844,13.140
30.277,12.789
30.124,14.822
30.346,16.645
29.338,11.871
29.052,12.687
28.361,11.890
28.514,11.885
27.811,13.211
28.062,13.888
29.525,14.512
28.538,14.210
29.425,12.960
27.536,15.172
26.785,12.101
28.125,11.833
28.854,11.055
27.610,10.788
26.302,11.779
25.702,12.821
25.537,11.235
25.954,10.160
26.308,11.402
25.506,10.868
25.147,9.884
26.818,11.064
28.569,11.552
27.593,12.747
26.993,11.950
26.348,11.234
26.035,11.656
26.298,10.676
27.153,10.757
27.435,12.267
25.951,11.023
27.824,11.784
28.689,10.208
26.746,11.524
26.833,11.519
27.002,11.360
27.612,12.156
29.439,12.501
30.622,13.259
31.725,12.178
31.495,14.734
32.102,17.332
32.904,19.074
31.461,17.423
31.496,15.755
30.444,14.918
31.872,14.433
32.099,15.185
31.631,14.935
31.099,15.006
30.143,12.761
30.976,13.907
30.476,15.243
31.312,14.943
28.436,16.107
28.262,13.763
27.547,10.116
25.810,14.259
26.078,10.210
26.261,13.150
27.936,11.045
27.706,13.273
28.969,13.202
30.745,16.044
31.671,15.045
33.167,15.784
33.119,17.342
31.811,18.770
31.203,18.610
31.804,15.794
31.259,16.299
32.913,13.412
33.077,16.111
29.737,14.939
28.790,15.432
30.387,13.556
32.967,16.156
32.135,17.013
32.436,16.880
31.448,15.911
32.627,16.140
32.651,13.124
32.622,17.909
35.014,17.739
33.233,17.258
31.223,17.678
31.348,15.879
31.807,15.339
34.074,15.773
36.591,18.112
38.191,19.101
37.596,21.594
35.878,20.753
34.384,20.392
35.010,17.474
35.824,19.025
35.706,19.543
35.619,19.102
38.570,19.779
39.020,21.646
39.627,21.883
40.781,22.234
41.830,24.138
40.658,24.063
37.673,22.141
39.151,21.176
38.909,21.526
41.491,22.028
40.491,22.188
41.793,23.361
41.878,22.339
39.594,21.477
39.854,21.220
40.314,19.686
40.667,22.362
40.608,23.353
40.490,21.050
41.419,21.618
41.360,27.893
43.249,26.849
44.956,24.803
42.607,26.593
41.239,25.153
42.816,30.891
40.802,26.170
40.107,23.295
39.962,22.460
40.764,22.398
41.723,24.503
43.391,25.042
42.190,24.836
43.024,27.435
43.278,26.834
42.903,28.189
46.318,26.618
43.474,29.569
44.229,28.032
43.911,26.857
43.935,25.956
43.121,27.110
41.580,27.467
42.694,26.189
43.469,24.602
43.813,24.809
42.904,25.715
42.218,26.559
41.657,25.370
41.326,25.458
41.105,24.845
41.181,25.153
41.345,26.005
42.272,25.729
41.500,25.904
39.765,27.105
37.308,26.238
39.473,24.554
40.504,23.940
40.596,26.000
39.590,24.659
40.120,24.869
41.164,27.383
40.125,26.166
35.969,26.778
39.040,24.174
40.960,27.604
42.064,30.301
42.668,28.687
34.912,28.316
32.127,26.275
31.952,25.685
37.480,25.853
41.981,27.995
42.854,28.814
42.127,28.682
41.857,27.079
41.621,26.895
42.203,27.530
42.963,28.434
40.821,29.080
37.201,28.682
38.848,26.814
39.756,28.142
38.399,26.913
39.617,27.456
38.575,27.748
37.901,26.899
39.133,28.607
39.091,29.861
32.916,27.521
28.440,24.781
30.506,23.549
33.565,25.608
35.117,24.361
32.728,26.093
36.162,26.379
36.706,28.281
32.622,26.420
26.763,25.198
26.345,23.427
29.216,24.191
28.202,24.633
31.601,24.270
30.241,25.321
30.421,24.683
25.518,24.122
30.157,24.131
31.154,24.016
31.301,24.722
32.433,24.512
32.831,24.584
31.423,24.839
30.613,24.132
34.514,23.953
34.905,24.580
34.289,23.922
34.929,24.232
35.269,23.825
32.750,24.239
33.302,24.714
31.255,25.127
31.687,23.982
35.779,24.285
32.018,24.728
34.357,24.338
32.512,24.237
32.687,24.390
32.428,24.085
32.196,24.694
25.902,24.474
30.711,23.973
28.923,23.973
31.644,23.480
31.186,24.771
32.386,25.033
25.332,23.993
27.032,23.694
28.156,23.621
26.124,23.411
25.520,23.640
24.771,23.419
25.930,23.532
29.394,23.500
26.069,24.079
29.588,23.299
35.653,22.237
32.963,23.337
25.322,23.300
29.654,23.138
28.754,23.073
32.329,22.143
33.617,22.646
32.547,25.434
32.271,24.714
34.394,24.523
32.384,23.327
31.076,24.287
28.719,24.472
30.701,24.532
32.106,24.542
31.497,25.032
30.144,25.290
30.922,24.687
29.965,23.979
27.486,23.365
32.212,23.290
28.378,22.822
31.590,22.319
31.403,21.865
32.928,21.650
33.814,21.433
33.855,21.159
34.163,21.872
34.405,21.925
34.261,21.481
36.382,24.686
36.081,23.621
36.351,25.494
33.050,24.972
34.817,24.212
31.930,22.367
30.244,21.969
33.140,22.437
34.412,22.256
32.848,24.157
33.551,21.218
33.644,23.290
35.802,21.397
35.057,21.708
35.466,19.261
35.133,17.625
33.950,18.753
35.096,20.272
34.487,18.567
34.195,15.873
34.197,19.128
33.164,20.121
32.929,20.312
32.724,18.317
35.169,22.503
35.902,19.246
33.712,16.995
35.361,15.473
35.465,17.544
35.785,15.577
35.779,16.567
34.376,14.108
34.742,15.764
34.254,14.927
34.814,15.782
34.217,18.839
34.448,17.057
34.051,17.973
34.046,19.323
34.810,17.897
35.134,18.511
34.454,19.944
33.234,18.916
33.166,18.400
34.452,20.624
34.078,18.859
33.961,17.141
34.926,20.179
36.922,20.292
35.306,17.958
35.433,16.839
35.376,19.237
35.011,22.203
33.871,18.992
33.894,16.977
33.237,17.853
33.716,15.908
32.461,18.057
31.989,15.084
33.773,16.546
31.862,16.417
30.220,13.874
30.579,12.522
31.032,14.003
31.855,13.693
32.221,14.516
33.023,15.533
32.257,15.443
31.483,13.907
31.097,15.074
29.802,10.799
30.166,11.488
29.255,14.023
29.503,15.133
28.076,16.165
28.510,15.505
28.252,16.425
27.992,14.480
27.621,13.383
27.258,14.237
28.144,13.598
27.382,12.523
27.306,10.746
28.631,11.559
28.123,12.162
26.390,14.218
26.501,12.167
24.888,12.384
24.947,11.890
26.005,11.137
25.823,11.609
27.437,11.664
26.886,10.865
29.180,12.683
30.928,13.287
31.161,14.075
32.130,16.899
30.967,15.102
29.525,17.902
28.657,14.941
28.678,13.781
27.013,13.977
26.592,10.772
26.449,10.366
26.799,11.313
25.307,10.760
25.472,11.545
26.093,10.938
26.723,11.324
28.218,12.778
29.544,13.629
29.968,15.089
29.012,12.261
29.751,10.761
28.009,12.391
25.159,11.815
26.929,11.377
26.807,11.466
27.799,12.518
28.060,13.481
29.806,12.148
29.421,11.814
27.394,11.100
25.093,8.732
25.357,9.070
23.629,8.138
24.304,11.007
24.458,8.815
22.379,7.468
24.802,7.497
22.624,7.188
22.628,8.381
25.195,7.938
26.343,10.667
24.361,8.388
23.358,9.039
24.051,6.148
26.272,6.700
24.435,13.057
22.746,6.849
22.133,6.457
22.255,7.181
20.953,6.457
21.922,6.913
22.517,7.188
24.489,7.190
26.015,8.313
26.425,9.410
26.495,8.667
28.505,10.116
30.524,11.901
31.699,13.008
32.719,14.467
32.990,15.545
32.951,14.816
31.964,14.175
32.831,12.283
32.790,13.243
31.909,13.016
31.627,14.423
31.314,14.641
32.033,14.772
32.833,14.484
35.784,13.917
35.978,15.704
35.567,14.335
35.253,13.281
34.739,13.879
35.439,14.930
36.092,14.686
36.276,14.198
36.252,16.950
35.604,17.214
36.122,18.431
36.439,20.347
34.579,23.701
35.076,21.258
32.063,19.685
35.454,18.738
36.526,19.654
36.602,20.883
37.726,20.039
38.599,16.625
37.715,17.775
38.064,16.485
37.887,20.887
39.012,21.254
38.740,22.248
36.415,22.667
36.504,20.371
37.268,22.245
38.099,24.116
38.293,24.261
39.167,18.071
37.689,23.790
36.538,19.247
36.182,17.231
36.646,19.658
33.643,18.255
32.800,18.332
32.463,16.239
35.981,16.662
35.699,20.849
36.826,21.154
38.587,18.737
38.767,25.317
40.377,24.014
40.748,22.702
40.581,23.132
39.427,22.698
39.495,21.221
39.438,21.755
40.106,23.876
41.563,23.102
40.465,18.591
40.366,22.189
40.069,23.056
43.064,27.740
42.083,23.852
43.050,26.749
43.267,25.275
43.215,24.974
42.466,24.268
42.657,22.749
41.923,22.986
41.209,23.021
39.826,24.467
41.125,23.551
41.717,22.886
40.294,22.146
39.736,22.536
38.496,23.222
40.043,25.107
40.728,25.642
39.081,25.857
39.432,24.143
40.538,24.298
41.244,24.081
41.489,24.419
41.706,25.991
40.882,25.352
40.044,24.985
40.718,25.642
40.059,25.141
40.096,24.932
40.094,25.600
39.282,24.684
39.731,25.472
41.778,25.858
41.500,25.923
41.769,24.647
41.681,25.818
41.885,27.759
41.708,26.700
41.792,26.329
40.831,25.819
41.692,26.482
40.605,26.225
39.939,27.443
40.040,27.709
40.468,28.119
39.310,28.156
37.006,26.322
38.959,25.737
38.991,26.775
36.720,26.896
35.562,25.937
36.595,26.101
27.194,24.332
33.587,23.525
31.992,24.972
35.262,24.342
36.097,25.916
34.383,26.840
38.864,25.898
34.017,26.332
31.768,26.966
37.261,25.531
38.284,26.435
39.411,26.757
39.692,27.750
34.449,27.983
37.654,26.909
34.839,25.827
35.283,25.247
35.423,26.384
30.385,25.772
33.069,25.394
35.764,25.068
32.788,25.437
34.841,24.752
36.169,24.821
36.573,25.571
29.179,25.891
32.201,25.491
26.920,24.858
30.442,24.208
28.863,24.244
27.000,23.189
28.231,23.444
31.504,24.297
34.332,24.040
34.949,24.598
35.489,23.927
34.513,25.295
34.932,25.167
33.980,26.282
35.797,24.966
35.175,25.444
34.582,25.188
28.842,24.681
35.002,24.917
34.632,25.141
28.917,24.434
29.358,24.033
35.890,22.360
31.649,24.536
30.578,24.553
30.169,24.138
28.110,23.678
31.840,23.543
30.542,24.041
30.008,24.437
28.927,23.928
28.342,22.882
27.770,23.697
28.221,23.965
32.085,23.889
32.036,23.800
26.084,24.033
27.999,23.084
25.633,23.552
30.901,23.116
30.722,23.373
31.635,23.150
28.245,21.860
31.026,22.267
31.114,21.817
31.819,21.887
31.869,20.247
32.549,19.687
33.518,22.523
32.664,22.921
32.147,24.574
25.844,23.642
33.289,21.836
32.435,22.653
33.450,21.739
32.968,20.849
34.132,20.828
37.997,23.000
35.984,24.870
35.351,24.091
35.591,23.731
31.235,22.775
32.660,22.259
36.791,20.937
34.053,21.500
34.534,22.671
32.643,24.078
31.090,24.038
33.220,24.349
31.527,23.872
30.197,22.240
30.569,22.334
30.686,23.345
30.166,23.849
33.659,22.975
36.679,21.183
33.959,23.277
32.100,21.305
33.409,21.520
34.289,21.315
34.444,21.216
33.561,20.455
33.396,20.149
33.016,20.139
33.416,18.883
33.734,18.053
34.383,20.155
36.060,21.619
37.105,22.628
37.112,22.952
39.248,23.772
35.795,20.275
33.531,21.847
33.947,19.708
33.959,20.533
36.404,26.466
36.978,24.481
37.226,20.229
38.086,18.571
37.147,20.677
36.019,19.181
35.151,21.430
36.071,22.871
35.782,22.145
34.802,20.020
34.360,17.014
35.372,15.987
36.467,18.343
34.970,17.436
36.714,17.169
34.560,16.084
36.205,17.680
35.650,16.455
35.401,15.733
34.384,16.487
33.870,17.273
33.954,19.063
34.300,17.925
35.598,17.327
34.273,16.386
34.440,18.065
34.781,17.761
34.253,17.665
34.119,15.186
35.073,16.402
34.031,15.479
33.676,14.200
32.217,16.055
31.354,13.939
32.036,14.707
32.401,17.324
32.069,17.012
31.927,18.108
31.462,16.437
22.896,20.434
25.347,18.557
30.542,17.059
29.214,15.500
28.853,13.533
29.250,13.292
29.664,12.338
30.377,10.932
30.474,12.062
30.844,14.608
29.304,14.826
29.791,15.303
29.719,19.236
24.042,17.739
29.522,17.087
31.380,17.259
31.774,15.738
32.755,16.794
32.413,17.443
31.835,19.914
31.297,17.135
31.350,15.801
30.937,16.987
30.506,16.451
29.682,15.313
30.259,15.981
29.978,15.926
30.727,14.956
31.005,14.739
31.086,16.289
30.917,17.429
28.199,19.061
29.089,17.950
29.438,15.678
28.246,15.099
28.721,13.951
28.674,12.272
29.511,10.700
29.420,10.892
28.062,9.209
27.174,8.623
28.099,11.649
28.605,12.073
28.113,13.640
27.015,11.704
27.178,11.300
28.612,10.764
28.218,12.162
25.005,13.694
24.944,12.690
25.454,11.679
24.649,11.760
21.879,13.124
25.646,13.161
26.747,12.889
26.062,14.968
26.908,14.742
28.780,16.210
28.155,15.301
30.907,15.992
29.168,17.074
29.975,13.782
28.509,14.445
29.343,15.237
28.152,16.263
31.505,14.225
31.458,14.759
31.403,15.423
30.994,13.225
29.288,11.661
28.826,10.624
29.755,12.073
30.590,12.273
29.956,12.204
29.306,13.597
30.144,11.534
31.261,11.661
30.793,11.016
30.763,12.793
29.384,11.781
28.996,11.970
29.311,14.025
30.534,13.068
32.048,12.820
28.034,13.378
27.075,11.591
27.752,12.054
29.879,10.520
30.639,12.688
29.081,15.098
29.992,13.884
32.434,13.959
31.539,15.521
32.346,15.767
33.807,16.133
34.511,17.702
35.121,18.294
34.645,16.221
34.655,17.405
35.410,16.917
35.943,15.672
35.954,18.493
35.392,16.639
38.156,18.226
38.896,19.679
38.428,20.652
36.456,18.278
36.363,18.375
35.450,15.152
33.820,14.465
34.030,15.603
34.519,18.341
35.286,16.488
36.987,18.191
38.318,18.292
36.673,18.580
36.780,19.198
36.250,18.042
35.945,18.640
36.677,21.164
36.302,19.892
37.629,18.681
36.506,18.327
35.751,16.651
34.808,19.286
34.985,18.995
38.442,20.869
37.163,19.946
37.196,19.793
34.924,17.876
36.712,20.141
37.667,21.130
37.704,21.969
38.579,22.163
39.786,22.667
39.405,21.242
40.246,24.508
39.959,21.833
37.301,23.382
37.287,22.830
36.721,21.270
33.979,18.923
37.384,19.599
36.853,20.320
40.405,20.942
41.885,22.414
41.809,21.310
41.229,24.532
38.450,23.781
40.102,25.086
39.911,23.982
42.314,23.081
43.587,23.505
41.965,24.885
39.535,22.523
40.015,20.241
39.992,18.292
40.199,24.279
40.616,23.967
41.396,25.543
42.872,24.415
44.064,25.070
44.862,27.256
44.511,26.796
42.829,25.612
42.889,24.964
42.786,24.385
40.904,23.238
39.798,23.045
40.383,24.312
40.870,27.462
41.916,25.455
41.878,25.275
42.239,24.381
41.740,24.594
43.210,25.944
44.026,26.642
44.632,26.905
43.934,26.908
44.604,26.864
45.337,27.012
44.447,27.450
42.732,27.182
44.647,27.023
44.811,26.309
44.426,28.859
42.908,27.636
42.078,26.186
42.601,25.414
42.733,25.228
42.885,26.613
43.926,27.950
43.131,27.459
42.361,26.729
42.317,27.729
40.781,27.465
40.537,26.901
41.314,26.835
41.093,27.026
40.444,26.285
41.659,26.413
40.769,26.261
40.723,26.166
41.538,26.787
42.202,26.996
42.152,26.497
41.439,26.726
40.791,26.607
41.531,26.985
40.621,26.303
41.133,26.908
38.754,27.325
38.833,27.999
40.223,26.438
41.167,29.165
41.397,28.186
35.395,27.823
39.770,26.384
33.680,27.256
38.984,25.780
38.340,26.985
39.079,26.332
33.300,24.886
37.548,24.476
37.826,26.292
36.870,26.731
31.503,26.705
39.070,25.506
40.304,25.817
41.489,25.850
43.843,28.506
43.975,27.521
43.572,28.681
33.384,24.353
29.196,24.944
31.863,24.378
33.485,25.003
33.147,25.218
30.308,25.053
33.811,25.083
33.769,25.952
33.056,25.524
27.328,24.412
27.139,23.754
32.271,24.054
27.905,24.687
32.005,24.782
30.360,24.406
24.357,23.667
25.500,23.288
26.095,24.300
27.283,24.307
26.631,23.537
26.242,24.321
30.061,24.343
28.852,23.714
29.555,23.425
27.461,24.397
33.742,23.546
33.403,23.458
31.192,23.732
32.357,23.572
29.787,23.746
30.646,23.944
33.245,24.077
33.636,23.824
33.952,23.638
31.466,23.640
29.895,22.695
30.428,23.272
30.553,22.948
30.065,23.411
33.275,22.737
34.250,23.771
34.774,23.835
35.019,23.965
35.318,23.445
35.045,24.310
35.787,23.563
38.313,23.576
36.630,23.778
29.953,23.816
32.084,23.589
29.681,23.086
28.559,23.967
25.201,23.773
29.236,23.215
31.202,22.385
30.094,24.959
32.499,23.312
35.185,23.093
34.372,24.125
34.857,22.959
36.696,22.898
36.964,23.407
37.318,23.102
31.109,23.360
34.587,22.352
35.226,21.809
36.267,21.930
35.477,22.663
34.595,20.644
34.174,19.394
35.689,19.366
36.891,21.776
37.624,23.017
37.709,21.737
38.242,21.941
38.575,21.969
38.973,23.522
37.685,22.591
37.391,22.149
36.157,22.167
37.444,22.800
38.576,24.449
39.615,24.891
39.509,25.022
40.034,22.811
38.290,24.116
37.251,24.818
33.753,23.529
34.520,22.910
34.944,21.905
34.962,20.307
33.453,19.077
33.497,18.877
33.629,17.547
33.510,18.691
32.881,22.089
33.908,22.032
32.457,22.429
33.780,18.511
34.567,17.960
34.068,20.412
35.568,20.582
34.200,17.208
33.939,17.018
34.127,17.724
35.028,17.319
34.730,18.193
34.823,16.956
33.909,13.690
33.926,13.951
33.871,14.230
34.157,14.513
34.439,16.532
35.105,15.887
34.868,17.350
36.024,15.807
36.084,15.675
33.733,15.079
33.648,13.797
32.206,16.338
32.904,17.769
32.590,17.512
32.729,17.631
33.065,16.669
32.268,18.555
26.640,20.912
23.467,18.215
30.309,17.447
31.219,17.466
31.930,17.513
30.817,16.007
30.823,16.173
29.182,15.735
29.176,15.278
29.735,13.948
29.281,12.722
28.181,11.993
28.560,11.803
29.011,11.832
30.579,12.165
29.963,14.774
29.728,14.437
29.363,13.764
29.560,13.571
28.367,12.420
27.496,10.903
27.883,13.050
27.884,13.302
28.728,13.269
29.217,12.630
28.966,13.708
28.535,13.267
28.813,14.102
29.776,12.250
29.169,11.523
29.987,14.330
30.833,14.618
29.498,14.648
29.415,15.094
29.823,14.951
29.326,14.777
27.082,13.920
27.316,14.162
27.556,13.631
27.456,14.616
26.612,13.631
28.464,13.519
26.928,16.731
27.802,13.793
27.161,10.828
26.373,10.549
26.836,10.816
26.773,12.199
23.723,13.920
26.049,12.097
25.948,11.553
26.450,10.599
27.568,11.885
26.609,15.618
26.059,13.344
26.067,9.657
25.401,9.478
25.670,9.631
26.980,10.107
26.393,9.853
27.404,10.663
28.477,12.542
28.986,14.706
24.677,10.435
24.283,9.830
25.256,8.880
26.743,10.336
27.131,10.904
27.893,10.472
28.049,11.264
28.008,9.953
28.806,11.652
28.575,10.441
28.183,8.626
28.475,7.917
28.598,12.328
29.000,12.740
29.208,9.918
28.745,12.481
28.650,12.190
28.811,13.557
29.275,11.558
28.107,12.104
28.032,13.135
28.743,12.174
29.070,14.529
29.591,14.372
31.756,14.285
32.358,13.640
32.002,17.098
28.741,16.071
27.675,12.070
26.691,11.562
29.278,13.633
29.523,13.718
29.282,14.560
29.229,13.567
30.165,12.003
29.646,13.627
29.790,12.130
31.361,13.234
33.065,12.955
33.467,14.785
33.193,18.802
30.638,15.978
30.197,13.103
31.343,12.446
33.549,17.131
35.411,16.995
35.798,18.028
35.304,17.666
36.075,17.638
34.006,21.299
32.261,17.104
32.218,18.005
32.253,21.178
32.030,16.818
34.388,17.677
34.783,18.334
35.553,18.635
37.145,18.962
37.366,20.334
37.550,18.402
38.051,17.624
38.576,18.922
38.683,19.433
39.411,21.049
41.479,22.346
42.325,23.988
41.401,23.185
40.330,20.685
39.955,22.316
38.162,18.717
37.130,18.275
38.133,17.537
38.783,19.027
38.905,17.600
39.425,18.811
39.896,22.717
38.464,19.138
37.439,20.627
37.412,18.330
37.244,19.263
37.440,17.980
39.014,17.748
40.653,21.274
42.858,23.668
42.476,22.981
42.236,25.469
40.621,29.206
39.666,23.335
39.408,20.222
41.062,22.133
43.054,20.653
42.863,20.008
44.195,24.137
44.227,25.620
43.226,25.053
40.771,23.576
40.491,23.296
39.720,23.641
39.174,23.255
39.422,23.289
40.937,23.684
40.747,24.013
41.209,22.713
41.449,23.581
42.308,24.284
42.575,25.149
41.943,24.894
41.443,25.498
41.349,24.209
42.026,24.644
42.510,25.151
42.783,25.528
42.054,26.122
41.418,24.465
41.076,26.231
41.512,26.874
42.260,27.742
40.888,26.334
42.455,25.304
43.631,26.352
44.015,26.055
42.425,26.353
43.326,24.966
43.490,25.622
42.602,26.210
44.017,26.663
44.208,28.762
47.378,29.393
46.596,26.854
46.433,27.435
45.891,28.443
45.135,28.221
43.750,27.184
42.678,26.279
42.016,26.345
41.803,25.856
41.027,26.020
41.012,25.287
40.727,26.308
41.722,25.585
38.931,27.968
34.941,26.478
39.740,26.730
39.190,26.907
39.042,26.125
31.339,25.801
36.850,23.759
37.917,25.333
41.622,27.297
45.937,28.904
44.646,29.424
44.539,31.076
42.963,30.543
33.659,27.352
37.145,25.843
38.153,25.551
43.541,26.889
44.519,29.247
43.481,28.435
42.808,29.202
41.836,28.430
41.788,28.713
38.119,28.133
40.584,26.792
39.399,28.213
40.183,30.108
41.473,29.084
40.119,29.079
41.393,27.898
41.240,28.054
38.697,27.605
38.925,28.655
36.151,25.394
28.461,25.259
31.129,24.300
33.944,24.514
35.143,24.361
35.639,25.106
33.927,26.087
34.370,25.955
29.846,25.577
33.720,24.981
35.050,24.762
36.372,24.999
36.834,26.661
38.806,26.026
35.550,26.204
33.921,26.242
35.814,25.635
35.543,26.070
34.833,25.186
29.891,24.968
26.136,24.869
26.349,24.536
30.723,23.551
25.998,23.719
30.532,23.519
32.971,23.846
33.746,23.931
32.526,24.510
25.854,24.014
28.557,23.768
29.803,23.820
28.020,23.994
28.539,24.070
30.088,24.333
31.144,23.638
28.672,24.196
27.636,23.536
29.340,23.534
30.607,23.605
31.110,24.222
31.277,24.669
29.734,23.707
31.090,23.917
31.075,23.302
31.755,24.055
31.623,23.922
29.858,24.081
31.111,23.827
31.540,23.324
30.716,23.055
32.526,23.069
31.306,23.316
31.550,22.949
34.707,22.588
32.284,24.084
35.365,24.166
32.370,25.119
34.015,25.443
29.519,24.253
29.150,23.958
30.458,23.732
31.976,22.797
30.724,23.815
29.730,23.452
30.074,24.189
31.618,24.083
32.420,23.950
29.995,24.093
26.862,23.697
27.334,22.441
27.670,22.910
27.748,23.214
28.926,23.470
29.539,22.838
33.565,21.784
35.048,21.045
33.473,21.986
32.978,21.267
33.003,20.876
33.052,19.151
32.518,20.191
32.578,20.758
32.735,20.601
32.716,19.040
32.320,19.290
33.195,20.950
33.871,18.899
33.589,22.374
34.438,23.134
34.096,19.694
34.628,19.469
34.946,20.504
35.282,19.466
37.318,21.460
36.115,21.000
34.745,20.336
35.878,19.883
36.075,19.568
33.360,19.225
32.102,17.540
30.297,19.447
33.152,22.340
35.099,21.552
36.397,22.240
36.421,21.528
35.203,21.826
32.833,22.466
32.432,22.713
33.834,22.658
35.297,19.280
34.660,19.505
33.850,20.128
33.424,18.593
34.150,19.658
34.049,19.279
35.869,21.467
35.066,19.496
34.314,17.836
32.644,19.730
32.620,19.669
32.299,18.397
31.465,17.471
31.349,17.250
31.410,16.553
31.854,16.749
32.579,15.260
31.753,17.445
30.595,17.547
33.055,21.935
32.668,22.974
30.131,22.298
30.223,21.694
29.865,21.326
30.070,20.788
31.853,20.709
30.311,20.419
27.719,19.831
29.716,19.172
29.823,20.444
28.157,16.801
26.971,16.740
20.894,17.928
17.669,15.734
20.610,15.281
25.343,18.235
27.090,16.447
27.096,16.598
27.195,16.107
27.871,16.032
27.656,15.580
26.917,14.600
27.506,15.106
25.493,12.759
26.455,13.083
26.339,14.272
26.288,14.003
25.096,12.365
25.060,11.465
25.127,12.361
23.994,12.047
23.984,10.686
23.436,8.758
23.971,8.003
24.477,10.923
24.863,10.204
25.837,9.957
25.980,9.584
26.022,9.526
25.218,10.993
24.766,10.240
26.352,7.603
26.768,10.353
24.902,8.466
25.768,10.895
25.442,11.009
25.934,10.946
27.588,12.414
20.877,13.955
26.173,15.482
25.644,15.223
22.616,8.984
22.070,8.175
22.182,7.467
20.959,6.553
23.301,7.885
24.402,6.953
23.988,5.996
23.883,6.009
25.015,6.089
23.819,8.992
23.078,6.907
24.585,7.493
25.684,7.430
26.799,8.866
25.577,10.628
24.382,8.630
22.298,7.886
24.409,4.913
26.453,8.707
25.187,10.236
26.349,8.427
26.614,8.339
28.237,10.027
27.297,12.651
27.640,13.848
25.922,11.959
25.160,9.893
24.720,9.710
26.028,11.358
26.710,10.783
26.792,11.462
26.485,12.369
27.943,11.869
29.027,11.710
30.385,10.778
30.523,11.035
31.185,11.142
30.430,11.618
28.944,12.283
28.170,14.288
27.820,12.693
28.536,12.652
30.505,12.644
32.090,12.151
31.192,14.449
29.488,14.893
26.532,12.750
26.141,12.262
25.267,11.824
25.308,11.662
26.668,11.347
27.625,12.196
26.973,12.977
28.639,12.191
30.883,10.885
29.810,13.204
29.199,13.791
28.830,13.498
29.054,14.829
29.685,13.832
32.224,15.015
32.446,15.525
32.367,15.805
32.220,15.211
32.135,16.423
33.564,16.334
35.003,16.948
34.609,17.045
31.534,17.452
31.197,16.250
31.651,15.932
33.078,15.009
35.828,14.638
36.751,16.101
37.134,18.623
37.866,17.560
38.960,18.232
37.758,19.411
35.824,16.977
35.340,16.497
35.913,15.155
34.861,15.148
34.729,15.087
35.217,15.070
37.192,18.162
37.629,19.442
37.926,19.053
36.900,19.491
36.280,16.009
37.143,18.185
35.386,17.286
36.593,16.058
35.629,17.192
34.634,19.124
34.559,19.301
35.562,17.243
36.629,19.337
38.094,20.235
37.479,18.374
39.330,19.744
39.156,21.000
38.374,20.851
39.003,21.131
37.631,22.949
37.852,23.309
39.488,23.773
39.851,25.090
38.975,22.683
37.698,22.856
38.218,20.681
38.347,21.520
38.070,23.659
39.223,22.821
41.305,22.968
40.991,23.265
41.670,23.549
43.019,23.422
44.092,26.048
43.243,26.243
40.587,24.890
40.946,24.403
39.096,25.561
38.670,24.964
38.974,22.764
37.392,21.971
39.018,23.067
38.666,22.156
40.314,21.705
40.763,23.503
40.437,23.906
40.242,22.995
41.143,23.000
40.496,22.876
40.582,23.224
41.231,23.300
41.205,23.799
41.766,25.273
42.584,27.159
42.676,26.266
41.472,25.165
40.434,24.484
39.786,25.221
39.935,26.071
39.941,26.732
40.857,26.149
40.593,24.918
40.846,25.855
41.257,25.789
41.222,25.868
41.048,25.612
40.292,25.194
39.599,25.085
39.397,25.357
39.465,26.415
43.113,26.046
40.833,27.255
43.490,27.514
45.594,28.013
44.952,27.951
42.826,27.594
39.979,26.897
41.428,27.819
41.778,26.555
42.140,25.614
41.004,26.916
38.891,26.077
37.693,25.565
37.299,25.626
38.497,25.988
36.934,25.570
38.511,25.756
38.241,26.557
37.976,26.383
38.160,26.744
34.396,26.050
29.412,25.560
37.408,24.757
37.415,25.576
30.148,24.733
27.547,24.685
29.883,24.346
30.150,23.433
31.573,23.475
32.822,23.353
31.555,23.316
32.510,23.630
33.753,24.365
28.821,24.443
32.560,23.325
31.067,23.503
25.680,23.462
23.997,23.185
30.013,23.221
32.647,23.135
32.246,24.451
27.813,24.148
24.545,23.505
27.716,23.601
30.860,24.507
30.396,24.699
31.849,24.187
30.699,23.383
29.615,23.084
30.535,23.633
24.470,23.269
28.476,23.023
27.556,22.874
30.576,22.893
30.683,23.545
31.314,24.254
28.173,24.424
29.276,23.443
29.296,23.802
28.317,23.530
31.825,23.419
24.675,23.402
28.846,22.970
30.437,23.815
30.736,23.761
30.339,23.713
26.538,23.208
26.532,23.670
24.670,22.695
25.128,23.015
24.290,22.660
26.338,22.632
25.715,23.063
27.459,23.463
24.377,22.936
29.393,22.545
28.985,22.255
29.795,23.043
30.884,22.920
30.184,22.639
29.744,23.484
31.244,24.283
30.073,23.526
30.337,23.454
31.046,22.957
29.379,22.600
29.965,23.043
30.855,23.089
28.354,23.727
29.024,23.915
27.979,24.213
30.248,23.095
29.151,22.746
25.475,23.670
24.210,22.533
25.090,22.650
24.297,22.363
28.037,20.476
28.023,22.626
27.544,22.899
27.280,23.410
26.477,23.242
28.676,22.653
31.285,21.924
30.540,21.444
29.231,22.545
27.490,22.510
28.136,21.499
28.287,21.592
29.402,21.220
29.948,19.537
29.280,19.596
30.002,20.781
30.463,19.629
28.480,19.091
28.229,18.607
31.146,18.109
30.875,18.869
31.701,18.675
31.818,18.625
31.775,19.758
31.098,18.511
30.540,17.768
30.805,16.358
31.662,15.893
32.668,20.192
33.812,20.138
32.963,20.962
33.360,20.806
33.182,20.536
33.243,21.038
33.493,21.615
32.498,19.213
34.639,19.242
35.235,20.626
33.723,20.385
33.446,20.917
34.623,20.856
32.818,17.062
32.572,15.572
32.806,17.841
33.146,17.556
33.368,15.078
33.512,16.690
32.496,17.716
32.194,18.176
32.111,18.058
31.917,16.766
31.296,15.773
31.029,15.028
30.839,14.268
31.688,15.442
31.406,16.217
32.160,17.359
29.935,21.065
33.783,18.811
33.667,18.931
33.169,19.202
33.672,18.388
31.944,16.291
32.465,16.048
33.611,16.596
33.240,18.930
31.755,18.989
31.262,16.984
31.386,14.486
31.627,14.305
31.949,15.547
31.862,13.959
32.791,14.485
31.887,15.151
32.294,16.624
31.055,14.025
29.582,14.256
28.584,14.649
28.366,15.152
28.681,15.075
28.671,15.353
29.673,17.882
30.230,17.792
31.437,16.151
31.179,13.768
30.904,14.656
31.643,15.119
31.860,17.326
31.079,15.734
30.697,13.955
30.216,12.957
30.783,14.268
28.710,15.207
27.768,14.481
26.181,9.680
25.997,9.060
26.652,9.840
26.838,9.533
27.683,11.167
26.733,10.459
26.700,10.356
26.857,9.027
26.938,9.522
26.573,8.148
25.803,10.977
26.140,12.085
26.032,11.665
26.497,10.481
26.342,8.208
25.889,9.408
25.792,9.586
25.679,10.475
24.749,9.901
24.167,9.437
25.578,11.289
24.599,11.760
23.255,10.070
24.113,8.813
25.579,7.625
26.577,10.757
25.390,10.631
24.670,9.676
23.585,8.920
22.907,8.255
21.698,7.481
22.844,7.305
23.439,7.418
23.985,5.758
24.634,5.190
26.986,7.517
25.282,10.274
24.531,9.177
23.198,7.549
21.519,6.504
20.974,5.631
22.807,7.062
24.432,8.158
25.441,9.116
25.576,9.455
25.864,10.104
25.209,10.481
24.777,10.695
24.287,10.511
23.144,10.357
24.351,10.090
24.932,9.921
25.585,9.763
26.638,8.919
28.127,8.897
27.629,11.160
25.938,13.817
26.449,11.503
26.006,11.113
22.168,4.849
22.638,4.766
25.372,7.657
27.253,9.431
29.116,9.762
28.660,11.618
27.405,11.280
27.902,12.282
24.908,10.927
26.476,11.121
28.675,12.461
30.937,13.866
33.435,11.776
32.711,13.025
31.580,13.440
31.223,11.358
29.902,12.748
31.209,12.448
30.560,13.946
32.742,12.543
31.911,13.925
30.830,9.667
30.459,10.194
31.350,10.561
33.047,12.654
34.435,15.212
33.783,15.894
30.461,13.557
31.085,10.220
30.036,9.430
27.508,8.898
28.974,11.074
31.011,11.670
31.958,14.159
30.310,13.348
33.169,14.460
35.361,14.409
37.047,14.940
37.082,17.256
37.443,17.201
38.993,16.911
37.531,17.305
35.637,15.927
36.290,15.729
37.515,17.139
38.625,15.898
37.855,16.548
38.759,15.655
38.495,19.627
39.875,18.605
39.461,21.966
38.330,21.177
39.793,19.498
40.397,21.701
40.864,23.771
41.036,23.684
40.387,20.663
39.447,20.190
39.851,21.676
40.120,19.312
40.353,20.847
40.028,20.953
40.160,22.422
38.572,20.615
38.134,21.302
37.381,19.807
37.241,20.248
37.981,20.914
38.413,20.583
39.228,22.320
37.932,21.253
38.743,21.905
28.208,20.933
35.631,17.226
36.244,20.863
37.016,19.968
36.214,20.276
38.319,20.959
38.407,22.824
38.092,22.907
39.216,21.915
38.923,21.594
38.952,20.864
38.796,17.843
40.049,19.125
40.622,19.607
40.143,21.878
39.078,22.356
39.884,22.835
40.120,23.916
37.106,23.360
41.746,24.520
40.492,25.851
40.158,24.954
38.594,24.057
38.804,24.381
38.161,24.184
40.507,23.697
40.383,24.013
40.359,23.464
41.403,23.761
40.937,23.976
41.628,24.583
41.613,24.855
41.902,25.515
42.515,25.043
42.259,25.917
41.521,25.528
40.071,24.017
41.695,24.924
42.125,25.108
42.418,25.276
42.798,25.656
42.475,25.546
40.612,25.181
40.257,26.139
39.071,25.735
39.564,25.629
40.452,25.489
39.463,24.993
38.477,25.110
37.675,24.484
38.296,25.872
39.160,25.670
37.909,25.533
40.702,25.639
41.289,26.477
39.174,26.440
34.930,26.271
37.500,25.421
38.544,26.358
39.600,26.479
39.829,26.840
38.755,26.313
38.588,25.674
38.769,25.959
38.543,26.448
38.853,26.179
38.561,25.520
37.715,25.951
37.175,25.692
39.625,25.859
40.215,26.510
39.474,26.466
38.619,28.096
43.498,25.879
40.119,25.859
39.191,26.019
26.689,24.808
33.678,24.093
34.078,24.119
32.840,24.209
31.949,24.834
26.934,24.587
28.357,23.614
29.824,24.010
26.412,24.407
26.465,24.338
29.968,23.924
30.697,24.106
31.117,23.553
31.434,23.916
27.669,24.932
30.251,24.126
33.594,25.367
33.212,24.646
29.548,24.536
28.921,23.511
31.592,23.683
30.262,23.810
33.013,23.949
29.194,24.106
30.821,23.063
28.095,23.102
25.832,22.669
25.876,22.165
24.596,22.867
25.412,20.414
31.125,22.076
32.045,23.720
32.253,23.017
30.922,23.774
28.794,23.570
29.807,23.608
32.626,23.512
29.956,23.532
28.273,23.030
27.303,22.951
26.681,22.612
24.810,22.015
25.001,21.631
24.451,20.912
29.258,22.000
32.671,22.352
30.482,23.046
25.660,23.640
29.184,23.276
26.385,22.698
25.771,22.840
23.853,22.820
28.365,22.531
30.733,21.612
30.581,23.444
31.248,21.967
31.576,22.458
30.471,23.972
29.112,23.533
30.272,24.032
31.180,22.985
30.634,23.428
30.906,22.509
28.445,22.095
24.093,22.607
24.067,22.216
27.243,22.413
29.500,22.556
29.804,21.411
24.761,21.706
27.899,21.655
24.509,22.709
30.180,22.777
30.180,22.003
28.169,21.438
28.388,20.952
30.083,18.639
30.460,19.434
29.783,20.195
29.688,21.668
29.032,21.143
29.377,20.614
30.285,19.236
30.356,17.269
31.143,19.858
32.070,18.850
32.755,19.838
33.088,19.909
33.689,20.589
34.361,21.363
34.149,19.958
31.811,22.121
33.663,19.003
33.306,19.330
33.376,21.194
33.300,19.771
33.329,19.973
33.963,18.845
32.161,17.504
32.734,17.227
32.699,17.169
33.164,16.747
33.467,18.081
33.167,18.822
32.739,17.670
32.696,16.643
33.427,19.745
32.060,17.246
32.485,19.833
32.228,17.816
32.255,17.721
32.607,18.532
31.937,16.465
30.384,14.532
30.649,15.245
30.929,15.649
31.186,13.583
31.120,15.920
30.468,16.935
30.048,16.830
29.938,17.040
29.663,14.700
29.569,14.593
29.504,13.229
29.564,12.520
29.400,12.581
30.246,11.841
30.485,13.487
30.048,12.699
30.341,13.103
30.106,13.362
30.684,16.673
29.983,16.318
29.273,14.493
29.196,13.265
29.121,12.362
30.100,11.588
28.944,14.180
28.191,13.909
27.721,13.687
27.981,12.753
29.128,11.634
28.793,12.828
28.891,14.548
29.233,14.098
28.807,13.943
29.098,11.847
29.221,10.925
27.453,14.267
26.495,12.389
27.893,13.154
28.882,14.176
29.254,14.671
29.579,14.990
30.408,15.189
31.463,15.142
31.322,14.432
29.783,12.728
28.638,12.172
27.485,11.680
26.830,10.809
26.630,9.031
26.926,11.745
26.835,13.006
28.049,14.182
27.169,13.450
28.388,11.466
27.213,13.484
25.953,9.290
26.154,9.472
27.219,11.269
26.697,10.818
26.616,10.890
26.213,9.547
25.244,8.317
25.798,7.762
26.304,6.677
25.124,10.775
25.584,10.814
25.821,10.868
26.711,8.427
24.071,9.028
23.380,6.988
24.477,5.721
23.311,6.254
22.402,6.986
22.337,6.317
22.937,6.226
24.484,7.154
25.987,7.969
27.493,7.505
29.490,8.503
29.447,12.321
26.705,10.268
29.119,9.749
27.693,12.257
28.006,9.916
22.369,9.293
21.836,5.745
22.495,6.457
22.733,6.224
23.428,8.116
24.999,8.061
24.880,9.190
24.473,9.520
25.018,8.630
26.194,8.165
26.443,9.098
26.741,9.951
27.265,11.201
27.954,14.259
28.534,13.532
30.539,14.504
29.671,14.176
28.567,13.316
25.510,13.103
25.285,9.886
24.592,9.453
25.054,8.591
26.323,9.000
29.430,11.298
30.499,13.313
30.411,14.851
30.480,14.444
31.381,14.642
29.269,17.165
22.832,11.580
25.543,8.130
26.853,11.331
28.218,12.555
27.979,12.302
30.500,12.890
32.105,13.098
29.590,15.928
27.576,11.859
29.026,12.357
32.332,11.857
30.013,12.461
30.287,11.999
31.154,12.952
33.073,12.493
33.768,14.463
33.351,13.044
34.020,13.247
34.565,14.643
35.759,14.160
36.433,16.166
34.878,14.123
34.057,17.393
34.136,14.173
34.674,15.503
34.403,13.832
32.409,15.615
32.459,17.281
33.486,18.420
32.814,16.338
34.490,15.794
35.513,18.559
35.495,17.012
35.321,15.727
34.065,16.420
35.277,17.287
33.735,18.848
34.356,15.746
36.003,18.011
34.346,18.126
32.892,18.681
32.293,16.310
34.132,17.396
35.037,18.314
36.203,19.284
36.907,17.092
34.435,15.570
35.416,18.347
37.389,17.715
37.978,19.043
38.394,21.470
37.801,17.471
36.712,18.216
36.264,19.787
35.509,19.298
37.329,17.379
38.937,19.345
38.913,20.239
39.499,19.521
37.833,20.208
38.187,19.493
37.354,20.020
36.917,18.958
35.131,21.224
35.301,21.300
35.550,20.372
35.201,22.498
37.367,24.466
39.439,24.737
39.688,23.975
41.407,23.870
41.969,24.624
41.205,23.431
41.112,24.795
41.425,24.079
40.592,22.703
39.743,21.590
40.049,23.913
40.223,23.417
40.715,23.205
41.651,23.320
40.611,24.247
39.804,23.102
38.739,23.596
38.111,23.370
39.100,23.291
40.794,23.207
41.377,24.736
42.343,24.681
42.957,23.841
42.972,25.629
43.247,24.638
43.464,24.137
42.849,26.201
41.959,26.617
40.971,25.412
41.672,25.071
40.757,24.862
39.486,25.355
39.278,25.220
40.007,25.780
40.039,26.652
40.036,25.332
41.072,25.236
40.749,25.679
40.850,26.725
42.461,27.233
41.006,27.201
40.359,28.965
41.399,27.532
41.898,25.133
38.544,25.728
36.353,25.693
32.007,25.714
32.293,25.107
35.349,24.328
33.208,24.952
35.290,24.351
35.247,25.340
39.441,26.037
37.953,26.372
32.810,25.654
27.119,24.220
34.495,23.488
35.496,24.617
34.996,24.455
35.939,24.894
36.126,25.401
37.866,25.045
36.720,25.919
31.056,25.951
34.390,24.913
35.517,24.818
33.983,25.297
35.449,25.185
34.843,25.533
35.897,25.805
33.958,26.273
35.855,26.164
31.691,24.357
32.126,24.293
27.430,24.431
30.818,24.479
29.176,24.234
29.647,23.714
28.935,23.882
30.422,24.530
25.441,23.249
28.224,22.906
23.921,23.101
29.852,23.019
28.518,24.554
28.228,24.383
28.615,24.146
29.212,23.804
31.388,23.887
29.713,24.490
28.994,23.216
32.748,23.891
29.485,24.745
29.818,23.820
28.818,23.738
27.009,23.691
24.743,23.142
26.840,22.136
30.489,21.742
28.221,23.595
31.020,23.604
25.043,22.695
28.256,22.894
29.259,22.427
29.538,23.296
25.871,23.355
25.390,23.001
27.528,22.632
25.563,23.319
28.177,22.919
28.120,23.500
27.132,23.669
25.952,23.177
26.522,22.804
29.815,23.011
29.234,22.902
30.120,23.344
30.411,22.272
31.459,22.408
23.659,22.163
27.224,21.616
29.950,22.566
27.775,23.671
29.283,23.340
29.893,22.800
30.041,21.858
30.445,21.874
30.202,22.341
32.262,21.544
30.629,21.954
29.902,22.310
29.417,22.084
30.089,22.865
30.414,21.369
31.135,20.811
30.942,20.979
30.161,20.217
31.165,19.632
32.380,20.129
34.175,21.498
35.037,22.238
33.887,22.072
34.125,22.693
35.280,22.167
36.404,23.376
35.589,22.255
35.342,23.507
35.240,21.894
36.840,21.008
36.993,20.908
24.486,22.494
28.982,22.168
29.405,22.921
28.506,22.312
24.420,21.344
22.894,21.002
29.403,21.279
24.709,21.985
24.819,20.637
27.353,20.521
28.750,21.024
29.165,21.577
27.371,21.345
31.668,20.100
30.337,19.535
30.706,22.777
29.501,21.420
28.830,21.354
28.376,21.148
30.678,21.265
31.530,20.255
31.238,19.618
31.512,19.605
31.762,19.474
31.795,19.734
32.050,18.981
32.582,18.731
33.334,19.697
33.348,19.150
32.947,18.352
31.842,17.358
30.984,15.426
30.875,15.703
29.146,17.170
29.452,18.006
29.823,18.517
30.391,16.450
30.469,16.461
30.321,15.484
29.557,15.170
29.182,14.001
29.844,15.452
30.131,16.849
29.690,16.602
29.172,15.563
28.704,15.055
29.224,14.788
27.702,15.819
26.877,15.190
27.305,17.901
26.983,15.298
26.506,13.393
27.494,13.809
27.225,13.507
26.865,13.379
25.745,13.646
26.359,11.453
25.985,12.000
26.862,12.012
27.684,10.703
28.964,11.079
28.325,11.233
27.709,12.028
27.224,12.936
28.486,11.496
28.924,11.415
29.044,12.323
28.454,11.985
28.229,12.873
27.745,14.668
28.070,13.061
28.956,10.824
28.633,10.883
27.946,13.479
27.658,13.875
27.788,12.268
27.428,11.522
27.801,10.026
28.003,10.276
26.352,12.095
26.143,10.130
27.188,9.250
26.746,11.604
26.019,10.267
27.465,10.309
27.498,9.088
26.866,9.883
26.187,10.101
26.795,10.341
26.839,10.851
24.504,10.604
23.405,8.989
23.872,9.150
23.370,10.582
24.200,11.024
25.335,10.124
25.376,11.067
26.175,13.890
22.899,9.148
22.961,8.308
22.171,10.805
23.969,9.479
23.167,9.765
23.365,11.141
22.548,11.459
25.604,12.173
24.796,9.845
23.242,10.263
23.449,8.718
26.158,9.354
25.592,10.283
23.391,8.666
21.033,9.447
21.775,7.759
24.224,7.447
26.464,10.008
24.708,9.169
23.657,9.208
24.019,8.381
23.949,6.896
22.724,8.460
24.079,9.522
17.321,14.138
23.433,13.610
23.051,10.693
23.942,11.869
24.063,11.194
25.042,10.275
25.956,9.892
25.272,9.888
26.733,8.954
26.229,8.785
25.917,9.187
26.255,10.355
27.604,11.239
28.157,11.219
27.988,12.961
29.414,13.227
29.774,13.189
27.804,14.430
26.466,9.896
24.283,8.585
24.720,7.702
23.989,8.322
24.630,8.944
24.788,9.683
24.285,9.948
22.541,10.166
24.299,7.739
24.978,10.420
26.758,8.084
28.178,8.431
29.777,11.480
25.710,17.664
28.214,13.055
26.403,13.304
27.070,12.314
31.053,14.534
30.333,15.427
29.638,11.653
28.103,12.792
26.248,12.204
27.430,11.237
27.204,9.373
28.571,10.800
29.162,11.269
30.655,14.251
30.553,16.177
31.311,15.846
30.548,13.249
30.876,15.006
31.889,14.052
31.940,15.178
32.429,14.838
33.771,16.154
34.897,16.448
36.356,16.652
35.505,17.673
34.446,16.487
35.947,16.854
35.403,15.374
33.432,15.249
35.186,16.456
36.146,17.359
35.817,18.593
34.500,17.507
35.194,18.498
37.291,18.559
36.484,18.797
36.395,16.969
36.814,18.960
36.429,17.738
36.908,18.868
35.827,19.131
37.010,19.617
38.097,19.827
38.783,18.688
37.001,19.911
36.476,21.212
36.702,19.382
36.551,19.219
36.750,15.287
37.962,17.168
38.788,17.348
38.425,19.115
38.986,20.164
39.843,23.184
40.618,20.592
39.432,21.595
38.855,21.214
36.861,19.400
35.602,20.922
37.607,19.854
38.232,23.667
38.824,21.693
38.911,22.964
39.933,23.429
40.309,23.781
42.001,25.805
42.884,24.519
41.834,24.643
41.759,25.363
40.306,25.264
39.551,22.292
39.255,22.421
37.846,21.870
37.970,23.263
39.720,22.852
43.040,26.602
41.292,26.513
39.523,24.942
38.215,22.785
37.464,22.667
37.710,22.597
37.331,22.357
37.944,24.030
37.406,24.018
35.573,23.949
38.128,24.067
39.728,24.870
40.593,24.918
40.914,25.457
41.342,24.898
42.151,26.199
41.412,25.674
42.658,24.893
42.528,25.377
43.824,27.271
44.174,27.428
42.598,29.568
42.504,27.486
41.840,26.430
41.703,25.790
42.803,26.066
46.115,26.108
44.312,28.129
43.422,28.926
44.108,27.714
44.892,27.102
44.794,27.762
42.992,27.812
42.368,26.691
41.183,26.526
41.465,27.006
39.546,25.308
37.689,25.090
36.543,25.651
38.260,25.381
39.801,25.085
38.403,24.955
37.704,25.160
36.287,25.737
39.041,26.425
39.344,26.246
38.413,26.255
38.294,26.117
39.139,25.786
38.313,25.412
38.328,25.540
39.088,26.080
39.051,26.188
37.864,24.904
37.538,24.840
37.299,24.383
35.607,25.007
34.124,25.146
37.213,24.873
38.068,25.232
39.537,25.928
38.849,26.532
38.134,25.681
36.076,26.447
35.556,25.983
38.798,25.217
37.882,26.510
33.614,25.313
33.910,25.021
35.642,25.072
34.580,25.663
33.877,25.338
30.977,25.257
29.507,24.030
31.931,23.663
32.657,23.393
32.754,23.842
25.771,23.650
23.548,21.782
23.274,21.853
27.376,22.991
29.628,23.444
27.614,23.999
25.486,23.335
30.736,22.420
28.305,24.020
