20000101
28.340,11.889
27.651,11.941
27.855,10.605
27.319,9.236
26.859,8.665
27.592,11.194
28.554,9.459
29.798,9.293
30.316,9.477
31.075,11.917
30.591,10.497
28.373,12.801
25.577,11.506
24.103,8.419
23.514,8.428
23.115,7.631
25.663,8.845
29.031,12.023
30.992,10.192
29.809,9.786
25.783,10.957
27.403,11.257
28.971,12.297
28.597,12.286
29.910,10.412
29.574,12.499
26.397,13.674
25.941,10.031
29.002,10.037
30.690,10.425
29.101,10.222
27.994,10.541
27.576,10.747
27.984,8.660
26.812,11.917
23.840,11.507
25.058,8.496
25.942,10.290
27.459,10.791
26.708,10.888
26.819,8.850
24.489,10.639
24.271,8.052
25.407,9.721
25.152,9.968
27.188,9.368
29.535,12.134
28.288,11.545
28.192,10.917
28.335,11.991
29.435,14.732
29.930,15.172
29.143,14.451
29.204,15.820
25.825,17.520
29.252,13.064
29.863,12.338
32.391,10.416
33.377,13.986
35.236,13.505
35.881,18.781
34.453,15.134
33.294,15.250
30.823,15.500
32.679,12.349
31.776,13.788
29.622,11.856
30.710,15.897
32.893,14.293
33.591,13.298
34.077,15.571
32.127,15.825
31.291,14.236
32.254,12.247
32.382,14.535
33.572,12.943
33.270,16.058
34.122,13.380
34.097,15.824
35.228,16.438
34.928,17.132
33.699,17.545
32.972,16.473
33.102,17.000
34.344,16.967
35.843,18.593
37.278,18.344
37.097,17.349
37.983,18.697
39.507,22.328
39.276,23.419
39.333,25.459
40.559,22.687
40.633,18.812
40.849,20.797
40.749,19.536
40.630,20.443
39.726,18.758
39.053,23.581
40.460,20.779
40.661,19.635
41.621,20.512
42.124,22.859
42.016,24.144
39.763,21.851
40.822,22.002
40.551,21.959
41.379,23.452
40.577,20.696
41.864,24.365
40.861,23.538
39.760,23.898
39.374,23.429
39.480,23.314
39.828,23.330
41.450,23.482
42.298,24.028
41.688,23.912
41.819,25.116
41.595,25.098
41.761,25.530
41.877,24.704
43.252,24.313
43.421,24.409
42.491,24.434
42.741,24.958
41.934,28.059
41.567,25.001
40.624,25.753
40.643,24.541
40.699,25.198
40.091,26.479
38.506,26.316
35.573,23.341
36.019,24.264
38.807,25.043
39.554,26.117
38.352,24.290
40.671,24.943
38.584,24.733
36.918,25.685
40.336,24.436
41.050,26.575
40.826,26.390
40.308,26.570
40.299,26.379
40.260,26.111
40.759,26.261
40.808,26.270
41.126,27.716
38.137,27.104
37.041,26.998
40.953,27.187
41.189,27.057
40.440,28.143
41.726,28.871
41.099,28.060
43.129,28.287
43.502,29.125
43.086,27.461
41.557,26.766
41.536,26.930
41.318,26.195
40.530,26.329
39.847,26.568
39.496,26.867
39.137,25.940
40.722,26.251
40.459,25.683
41.388,24.998
41.736,25.789
40.684,28.054
39.288,26.697
37.766,26.230
38.657,25.711
38.344,25.025
38.498,25.279
38.507,24.767
39.249,25.891
38.413,26.418
41.010,26.913
37.872,27.969
34.618,26.224
31.641,25.669
36.968,24.234
32.605,25.263
36.159,24.792
37.132,26.196
37.008,26.168
30.076,26.016
33.906,25.549
34.241,24.942
32.468,25.450
33.328,25.503
30.104,25.204
26.346,23.926
24.333,23.164
26.464,22.651
29.447,22.797
32.186,23.623
30.264,23.615
31.803,22.993
24.580,22.849
28.765,22.195
31.054,22.657
33.125,21.920
33.227,22.217
34.565,22.348
35.510,23.057
36.276,22.969
28.020,25.105
32.420,24.358
34.439,23.901
34.532,24.234
34.488,24.100
31.212,22.811
34.204,22.781
35.520,22.882
36.322,23.907
37.424,23.701
34.766,26.242
36.900,25.113
35.262,26.020
34.444,23.753
32.091,25.905
26.481,24.304
26.350,22.804
28.966,22.811
29.881,22.046
25.804,23.417
31.215,22.899
27.081,22.052
27.512,22.598
27.252,22.610
30.602,22.744
36.490,24.013
33.650,24.209
36.624,25.684
36.015,25.187
31.578,23.704
30.884,23.602
32.448,23.396
30.882,23.881
25.576,23.349
29.482,22.720
32.269,23.012
34.414,22.805
29.676,22.666
23.813,22.321
34.117,21.575
32.801,21.083
34.290,20.591
33.410,21.163
33.617,20.713
34.253,20.268
34.626,19.809
35.503,19.965
35.950,20.710
35.942,20.946
34.751,21.418
36.436,20.128
34.711,20.210
34.717,20.529
35.447,20.437
37.645,22.049
37.135,20.795
35.522,21.374
36.820,21.693
35.178,24.239
36.507,23.677
37.697,18.996
39.193,24.744
37.841,19.732
38.316,19.703
39.286,21.043
38.769,21.109
39.227,22.947
39.342,18.295
39.037,20.975
38.523,18.748
38.031,18.980
37.111,22.410
34.276,20.665
38.604,21.063
37.221,22.741
37.239,21.884
37.319,23.338
36.548,23.860
38.881,17.217
37.992,20.025
38.002,19.045
38.537,15.945
38.182,19.181
38.128,17.622
38.358,19.104
36.284,17.541
34.808,16.007
34.568,16.352
35.492,17.283
35.665,17.960
35.164,20.538
36.739,18.868
35.455,17.363
34.988,17.659
36.098,18.227
34.278,17.209
33.965,17.826
33.353,17.369
34.200,16.185
33.725,16.628
32.993,16.314
33.026,14.925
33.357,17.856
34.041,20.032
35.309,20.706
34.363,19.174
33.244,17.654
33.528,16.001
33.701,19.780
33.075,17.886
33.249,16.091
32.326,14.744
32.970,13.979
31.120,14.569
30.661,14.511
31.338,12.536
32.018,13.943
31.809,12.251
32.388,17.400
31.407,17.412
30.216,14.998
30.050,12.974
28.809,15.621
27.650,13.861
28.164,12.675
27.069,11.704
27.322,10.584
28.068,9.970
30.122,10.080
30.955,12.528
31.333,14.065
31.281,15.091
31.457,10.840
31.212,14.665
30.192,11.961
29.645,12.091
29.626,12.544
30.609,12.804
30.718,14.591
30.380,14.026
30.441,12.824
30.373,13.598
29.826,13.758
28.721,13.770
28.377,12.132
29.067,12.499
30.730,11.351
29.929,10.530
30.263,13.247
30.432,11.570
29.538,12.786
28.840,11.316
28.630,9.451
28.920,11.509
18.302,13.401
23.793,10.827
23.859,7.615
24.158,7.923
25.520,9.691
24.914,9.207
25.142,9.555
27.781,8.627
26.301,11.658
24.212,9.435
24.521,9.418
25.822,9.531
27.218,10.911
27.900,11.134
27.149,11.619
27.130,10.544
28.582,12.367
28.626,13.982
29.692,13.464
29.836,12.734
30.975,11.492
30.772,13.366
28.170,13.070
27.157,11.119
26.772,9.515
26.907,9.641
27.823,7.804
28.977,9.788
29.784,11.000
30.448,12.316
30.699,10.135
29.700,12.397
29.718,13.477
30.244,12.626
28.327,11.560
27.993,10.084
28.795,9.918
28.738,10.477
29.292,10.824
30.343,9.189
31.675,13.481
32.179,12.995
31.232,12.162
30.380,12.646
32.769,14.556
33.895,16.155
29.380,11.770
27.667,12.381
29.432,12.546
30.575,13.151
31.684,15.355
32.627,15.678
33.801,15.710
33.022,14.959
33.555,14.896
34.912,18.033
34.246,17.438
32.646,16.308
31.631,16.087
31.986,15.644
31.386,15.738
31.019,16.552
30.940,15.803
32.511,15.634
32.194,18.136
32.565,15.104
32.043,15.955
33.946,14.336
34.676,16.196
34.559,17.647
35.410,17.493
34.759,18.473
32.027,16.147
32.502,13.951
34.604,14.918
35.191,20.495
36.897,21.888
35.677,20.580
36.324,16.920
37.522,19.647
35.345,20.445
34.968,17.200
34.822,17.841
33.424,20.052
34.660,19.870
36.460,19.213
36.478,19.924
36.627,19.037
34.723,20.444
32.491,15.461
33.296,14.879
34.063,15.175
35.505,20.505
37.588,19.417
37.825,18.343
38.932,15.453
39.073,19.167
38.612,16.419
39.504,23.837
39.312,22.020
37.872,21.480
37.541,18.465
37.464,19.242
37.308,21.589
37.097,23.194
37.388,22.727
36.010,22.958
35.683,23.359
33.712,23.157
34.474,19.278
34.664,19.736
38.520,21.326
38.758,19.712
39.933,21.014
41.551,20.199
42.386,24.389
42.342,25.438
42.113,23.453
40.576,24.000
40.732,23.489
42.663,22.757
42.844,23.352
44.030,25.147
42.469,25.332
43.448,25.565
43.181,24.640
43.594,24.471
42.971,24.568
42.122,24.779
40.554,23.557
39.853,24.416
41.361,25.207
41.210,24.165
42.121,24.014
42.185,24.493
40.617,23.947
39.980,24.246
40.103,24.917
39.335,25.003
38.567,24.561
38.136,24.437
38.956,25.833
40.139,25.665
40.265,26.952
44.129,27.106
43.683,28.007
41.876,27.360
40.584,26.149
39.558,26.193
39.445,26.720
37.520,24.244
34.230,24.476
35.824,25.231
35.511,25.309
36.264,25.387
36.089,25.469
36.410,24.936
37.677,25.418
36.188,25.669
38.509,25.681
39.250,26.073
38.935,26.314
38.715,27.310
37.497,26.054
35.577,25.687
37.507,24.644
31.459,25.802
32.267,24.978
30.871,23.320
31.075,22.966
35.384,24.152
37.769,24.911
36.944,24.830
37.249,24.609
37.497,24.267
38.621,25.294
38.951,26.451
38.519,25.642
38.016,25.806
38.464,25.191
37.413,25.164
36.441,25.625
33.161,25.716
29.759,26.202
31.599,24.644
32.344,23.974
25.387,23.929
28.495,23.882
32.622,23.172
35.823,23.570
31.848,25.179
32.011,25.017
31.607,24.352
25.018,23.343
28.147,23.481
27.485,23.390
30.726,23.230
25.836,23.671
25.919,23.851
24.970,23.261
26.992,23.424
30.034,23.891
29.050,23.794
25.329,23.530
30.098,23.372
30.670,24.001
31.035,23.581
30.121,23.579
29.335,23.673
32.018,23.122
30.972,24.125
29.055,23.542
28.483,23.316
31.819,23.591
32.769,23.487
34.030,23.573
34.009,22.150
36.603,24.271
32.109,24.194
33.125,23.448
30.764,24.651
31.357,24.274
30.964,24.076
31.119,23.739
29.686,24.226
30.605,24.088
29.455,24.113
31.381,24.208
32.465,24.118
28.265,24.226
23.839,22.535
27.775,22.613
32.191,20.729
31.931,22.666
32.175,22.216
27.629,22.392
31.097,21.929
30.809,23.419
31.676,23.093
33.073,21.512
33.374,21.288
33.355,21.337
32.229,21.452
30.730,20.929
34.049,20.390
35.348,22.052
35.243,22.002
35.461,22.056
35.538,22.482
34.602,22.463
34.386,21.515
33.689,22.140
31.488,20.588
35.028,21.754
34.392,20.896
34.858,21.047
35.939,20.153
35.436,21.446
34.435,22.919
36.659,20.506
36.352,20.106
36.260,23.354
37.085,20.809
36.199,21.211
31.332,23.545
36.768,21.906
39.073,25.881
35.403,24.519
36.224,22.971
37.746,25.852
38.978,20.914
38.550,22.799
40.221,18.173
39.798,22.800
39.996,20.666
38.739,23.346
33.892,23.163
32.559,22.026
35.541,21.017
38.191,21.200
36.477,20.555
37.338,23.582
38.110,22.936
37.677,23.269
33.792,22.161
29.620,22.345
25.051,21.483
31.659,19.863
34.196,21.732
36.403,25.301
36.332,21.726
36.124,20.805
35.385,17.943
35.896,15.325
35.746,15.938
35.438,17.376
36.032,18.931
35.948,19.633
37.317,20.093
36.693,17.988
36.187,16.742
38.225,18.766
38.307,20.551
37.080,18.898
36.208,17.044
35.158,16.771
35.739,18.169
35.808,19.290
34.866,18.985
34.409,16.046
33.248,15.345
33.697,14.981
34.071,19.413
32.245,18.382
31.147,16.838
31.241,14.888
32.046,14.827
31.504,15.733
32.264,16.085
32.572,15.534
31.841,14.377
33.050,15.209
33.015,17.239
34.093,18.250
33.577,16.803
33.559,15.584
33.153,15.208
31.359,15.362
31.802,12.909
29.951,12.537
29.638,12.633
28.487,12.122
28.442,12.423
28.254,12.529
27.989,11.810
28.924,11.621
29.356,12.639
29.726,13.420
29.998,13.025
30.124,13.100
29.825,13.454
30.744,14.102
31.347,14.384
32.472,13.932
32.317,16.262
31.220,13.454
31.615,13.815
30.046,15.407
29.243,14.932
28.932,13.979
29.364,11.492
29.779,14.285
29.680,14.342
30.142,13.788
29.656,15.496
27.852,14.043
27.265,12.463
26.674,10.891
27.017,10.090
27.427,10.275
28.003,10.633
28.534,10.567
29.218,13.779
27.161,13.195
27.949,12.201
27.089,11.851
27.172,11.354
26.862,11.033
26.857,10.759
26.385,10.827
26.105,11.048
25.507,10.482
26.620,11.380
26.978,11.337
26.106,11.704
25.630,10.958
27.410,10.931
29.036,12.143
30.313,11.744
31.195,11.260
29.959,12.586
29.353,13.688
26.326,12.997
25.501,10.373
22.505,11.827
24.063,8.963
23.597,9.720
23.926,9.249
24.677,9.157
26.715,9.871
26.484,9.889
25.706,10.842
25.068,13.359
23.167,9.937
22.353,8.305
23.292,8.224
23.418,8.080
25.262,8.566
27.992,9.200
27.910,11.664
27.579,12.394
28.864,11.897
30.398,12.375
28.659,14.911
25.413,10.638
24.015,7.800
25.025,8.950
17.620,10.230
24.745,12.533
27.326,9.787
28.732,11.828
30.443,12.338
31.514,13.461
32.306,13.675
31.597,16.293
31.360,17.174
32.768,18.220
32.362,17.390
32.838,16.744
33.641,15.271
31.692,17.249
32.324,15.197
30.660,15.174
31.971,15.949
33.301,15.120
33.931,16.306
35.238,18.966
31.273,17.970
30.653,15.101
32.416,15.992
32.980,15.889
33.185,17.044
33.561,17.345
32.134,15.931
31.746,16.602
34.416,19.491
34.676,19.980
31.711,20.890
33.275,17.460
28.223,20.275
32.858,14.879
34.916,18.282
37.160,16.885
37.805,18.994
38.103,19.508
37.890,18.177
35.997,22.709
36.685,21.372
37.923,17.008
36.251,21.043
35.327,17.107
36.778,18.196
36.274,20.188
37.301,20.974
37.503,20.399
38.742,17.468
39.902,20.919
40.623,21.700
39.716,22.695
38.783,16.926
39.391,18.631
40.247,21.143
39.957,24.486
31.201,23.935
32.065,20.418
36.743,20.490
37.586,21.042
38.059,20.432
40.078,21.396
39.913,22.251
39.088,23.365
37.349,21.208
37.579,20.864
38.713,21.066
39.371,23.321
41.509,23.927
39.656,27.404
39.745,22.874
40.325,22.754
39.866,23.749
39.233,24.744
38.903,22.134
40.878,18.339
42.483,22.120
42.853,25.331
43.154,23.667
43.445,24.079
42.987,25.681
44.060,26.122
44.917,27.441
45.121,25.906
45.260,29.096
43.821,26.798
42.495,24.073
41.663,23.942
42.194,25.600
42.162,28.063
42.132,27.516
42.270,25.413
43.190,26.400
42.959,27.028
42.730,26.985
43.323,27.073
41.584,29.642
43.000,27.396
40.785,24.872
40.916,24.972
41.706,25.656
42.504,26.954
42.363,26.570
41.925,26.528
41.433,26.615
40.133,24.891
39.676,23.995
40.144,24.971
40.297,26.057
39.465,26.836
41.458,27.029
40.658,27.985
40.591,26.244
41.651,26.640
41.444,26.524
42.235,26.733
41.128,25.931
41.312,27.407
42.308,26.429
42.470,27.604
43.762,28.084
41.982,30.292
43.715,29.608
43.220,28.480
41.660,30.173
41.790,28.928
40.848,27.804
37.672,26.651
37.677,26.752
38.537,27.556
38.901,27.008
38.615,26.834
39.983,26.793
41.842,26.882
41.236,28.022
39.223,28.441
37.775,28.993
34.499,26.765
32.981,26.417
26.270,24.093
29.633,23.516
35.242,24.409
36.270,24.253
37.003,24.697
36.020,25.556
38.675,25.572
37.619,25.608
38.184,25.602
38.351,25.710
38.079,25.268
36.432,26.456
36.802,24.859
40.347,25.226
37.701,25.741
36.288,25.618
29.809,25.631
29.184,24.801
34.969,23.466
31.068,24.743
31.618,24.707
29.542,23.977
32.255,23.645
26.352,24.302
26.684,24.517
27.745,24.573
26.829,24.560
28.953,23.991
34.911,23.579
36.837,23.111
38.391,24.312
38.907,24.091
39.611,23.623
37.362,25.016
38.324,25.560
39.050,26.664
34.311,25.786
26.632,23.352
29.034,22.896
29.906,22.750
26.057,22.686
30.041,22.743
32.735,23.280
31.531,23.271
25.026,23.435
24.347,23.110
24.728,23.375
26.056,23.524
30.745,22.415
30.398,22.577
33.379,22.700
31.990,23.557
35.365,22.497
32.225,22.341
34.908,22.162
33.585,22.708
31.633,23.712
28.894,23.620
25.799,22.371
29.389,21.511
33.098,21.261
33.370,21.808
26.687,22.627
29.476,21.855
30.951,22.418
32.262,23.287
30.948,23.853
30.943,23.672
34.196,23.011
34.465,23.845
33.581,21.037
33.994,21.027
33.838,21.614
35.222,20.047
31.695,21.211
36.199,21.455
35.824,21.009
34.979,18.267
34.716,19.747
33.807,20.147
32.838,19.365
34.187,19.717
33.501,18.660
35.756,19.817
37.743,21.982
36.629,22.016
37.989,24.334
36.731,24.047
34.578,20.363
36.337,20.398
35.955,23.608
37.109,20.635
36.753,22.764
38.448,22.544
39.796,23.641
38.802,23.572
38.067,21.784
38.912,19.834
38.632,21.466
38.963,20.955
40.202,18.936
38.813,18.070
38.893,17.851
37.472,18.941
37.500,18.966
37.821,22.367
37.421,19.323
37.585,19.066
36.867,21.386
37.202,21.647
36.097,20.398
37.308,17.673
36.677,16.575
36.148,18.786
35.557,18.742
35.816,18.759
34.822,15.705
36.315,18.802
36.272,17.479
35.450,18.190
36.204,17.064
35.023,14.313
35.385,14.651
34.577,16.614
35.011,18.868
35.160,18.915
35.194,19.134
34.652,17.521
34.664,15.112
34.010,13.819
32.265,19.545
33.040,15.614
32.775,18.023
32.315,16.921
31.965,17.999
30.439,19.489
30.328,16.909
31.151,16.321
31.286,17.765
31.857,15.384
33.814,16.065
33.357,15.369
33.600,17.099
32.850,17.368
32.565,16.248
33.498,17.659
33.276,15.815
31.977,14.860
29.859,16.683
32.845,14.314
33.120,15.992
32.600,15.487
30.591,14.450
31.137,15.750
31.119,15.075
30.297,15.656
30.160,14.951
30.841,13.884
30.305,11.347
29.378,14.377
29.957,14.785
30.964,15.407
31.478,17.199
31.169,15.166
30.318,13.566
30.260,11.496
30.814,13.742
32.067,14.668
32.612,15.337
32.567,15.579
33.135,15.992
32.758,14.123
31.286,13.381
29.786,14.476
29.087,14.487
29.420,13.970
28.846,13.079
30.088,11.864
27.543,14.224
25.629,11.922
26.447,11.339
27.781,12.645
25.416,11.444
26.505,10.281
26.933,12.485
23.038,11.891
22.661,7.754
22.708,7.848
24.341,10.126
24.570,11.246
26.967,10.797
29.142,10.486
28.176,14.216
26.348,10.606
27.339,12.617
28.087,16.099
27.705,13.059
29.310,14.242
27.961,14.380
27.968,10.792
28.675,10.811
28.173,11.291
27.384,10.657
27.758,10.722
27.329,11.009
28.214,13.445
29.539,13.667
29.968,13.764
30.479,13.323
30.806,12.616
31.084,13.610
31.952,15.778
32.251,15.847
29.347,15.011
28.279,13.086
29.289,11.043
26.841,16.237
26.194,11.117
26.837,12.959
27.158,12.768
26.853,12.903
29.263,12.424
30.180,12.470
31.488,12.511
28.920,13.542
29.532,13.741
29.647,14.079
29.424,15.156
29.786,13.994
29.903,12.877
30.650,15.074
32.379,15.942
33.222,14.345
30.386,18.583
24.074,18.036
26.765,14.256
28.395,12.926
29.882,14.172
31.214,15.818
33.005,17.404
33.503,17.513
32.635,18.621
33.922,17.500
34.641,18.688
35.147,19.925
35.159,20.151
32.968,19.659
29.519,15.242
27.992,8.431
29.883,10.996
32.188,13.874
32.805,15.270
33.191,15.272
35.079,16.114
34.593,18.079
32.732,17.341
32.683,16.077
34.825,16.561
35.704,19.316
35.625,16.607
34.667,16.302
32.109,20.238
34.882,16.304
35.011,19.350
35.634,19.312
37.763,20.231
37.811,17.565
38.136,20.779
39.310,21.905
39.413,24.708
39.654,24.521
38.384,23.107
38.392,22.091
37.174,20.957
36.658,21.259
38.740,20.433
39.078,23.511
40.038,19.374
39.083,20.944
38.116,20.828
36.372,19.900
37.430,21.100
40.390,22.330
38.621,20.909
39.777,17.260
38.957,23.786
39.940,21.873
38.120,27.242
37.537,21.496
36.740,19.897
38.013,21.702
38.255,22.049
40.776,26.361
39.030,24.332
36.272,23.177
37.648,19.854
39.661,21.379
41.795,23.689
42.328,24.085
40.666,23.916
39.799,21.964
40.602,22.840
40.553,21.525
41.526,19.765
42.216,24.314
43.527,25.695
42.967,27.094
40.206,22.932
38.007,22.957
39.108,18.618
39.281,20.272
38.970,21.672
39.929,21.692
39.752,19.360
42.730,22.639
44.015,25.053
43.310,27.409
43.336,27.702
43.503,26.558
43.179,26.321
43.281,24.724
43.531,28.374
42.752,27.679
41.671,27.254
40.915,25.176
40.899,25.082
40.796,25.389
39.327,24.368
40.143,25.007
41.857,25.444
39.906,26.011
38.694,23.876
39.007,26.099
41.019,24.314
40.971,26.754
42.187,26.659
41.917,26.091
41.305,26.336
41.353,27.861
42.246,27.676
43.305,26.614
41.918,25.912
41.631,26.396
40.963,26.749
40.834,26.473
41.976,26.659
41.331,26.710
41.379,26.253
41.882,27.247
41.097,27.090
41.004,26.455
41.166,27.906
38.127,27.523
36.418,26.045
27.669,24.875
29.338,24.115
31.373,25.220
37.737,25.559
38.929,26.450
38.846,25.819
37.506,27.383
30.104,26.507
34.505,25.445
36.331,25.709
36.546,25.075
37.639,25.063
37.105,24.858
36.607,25.723
39.380,26.052
35.847,25.456
33.533,25.921
27.530,25.617
30.352,25.082
31.590,24.850
32.583,24.373
29.059,24.481
29.615,23.958
29.989,24.212
33.004,24.392
33.806,24.516
34.860,25.096
32.640,25.206
26.890,24.431
31.581,24.550
33.643,24.866
33.064,24.600
31.487,25.072
30.632,24.584
27.882,23.798
30.205,24.529
26.378,24.191
26.575,23.685
29.771,23.332
31.827,24.038
25.148,23.738
26.512,23.309
26.789,23.340
28.672,23.344
28.532,22.985
29.486,22.823
27.802,22.411
28.238,22.862
29.598,23.523
33.135,23.399
33.240,23.405
30.739,24.843
30.542,24.548
30.421,23.932
26.517,23.883
32.395,23.181
31.399,23.646
31.680,22.803
32.720,23.497
30.067,23.462
33.417,23.477
31.347,23.060
30.738,22.682
34.464,22.235
34.883,22.712
37.425,23.789
35.759,24.633
30.047,24.491
26.870,23.431
24.826,22.678
28.180,22.475
30.964,23.491
31.583,22.546
24.822,22.633
28.549,23.051
25.221,22.649
29.029,22.432
28.907,23.343
31.944,23.206
31.168,22.112
30.814,20.582
27.722,21.617
32.763,20.733
33.612,21.828
33.860,22.605
32.586,23.010
33.010,20.365
32.933,21.210
32.077,19.983
30.389,21.428
32.660,22.372
30.462,21.007
31.229,22.622
33.289,22.205
37.837,22.027
36.973,21.704
33.984,22.413
32.228,21.788
32.320,22.688
32.739,22.011
33.953,22.695
35.038,21.831
33.900,22.918
34.639,20.417
34.400,23.739
34.531,21.427
36.303,22.423
34.697,22.366
36.680,19.897
36.286,16.781
33.546,18.217
35.185,19.810
36.017,22.317
35.643,23.634
36.162,20.307
34.019,18.083
34.839,18.009
35.325,19.251
35.990,20.591
35.209,15.725
34.903,16.626
35.740,18.093
35.722,18.010
35.141,18.207
35.067,19.383
34.206,15.344
34.086,15.168
33.670,15.010
33.516,16.128
34.108,14.059
34.136,16.056
35.057,16.535
33.287,17.498
33.730,18.738
33.697,18.584
32.700,17.423
33.804,16.682
33.450,17.299
34.078,18.783
32.962,17.139
34.047,18.710
33.702,19.377
32.910,16.053
32.787,16.630
32.892,19.016
32.892,19.012
32.487,15.496
31.775,15.350
31.119,15.433
30.186,14.798
30.725,13.118
31.193,13.626
31.185,17.977
32.085,16.449
30.419,16.442
30.851,14.931
31.227,14.682
31.429,15.550
31.126,13.692
31.989,15.677
31.744,18.406
30.974,16.671
31.861,15.642
31.055,13.909
31.086,15.882
30.033,14.026
30.891,14.127
31.014,12.112
30.678,14.048
30.841,13.453
31.206,13.261
31.861,14.717
31.328,14.148
32.036,14.490
30.759,16.041
29.900,16.203
30.149,15.183
30.112,13.797
30.486,14.140
29.578,14.485
28.968,15.649
24.787,12.651
25.218,10.384
26.160,10.838
25.962,11.342
26.804,11.899
26.331,11.572
26.674,11.498
26.550,9.559
25.955,11.126
25.666,10.209
26.271,10.051
24.083,8.753
23.464,9.503
24.487,9.134
25.783,9.814
27.337,9.445
26.516,8.595
25.731,10.495
26.501,10.669
26.139,12.112
26.010,12.835
25.229,12.112
22.442,12.367
26.207,12.117
26.528,11.569
28.262,9.956
28.728,10.964
29.815,11.554
30.263,10.776
30.311,13.772
30.836,13.136
31.848,13.682
28.160,11.879
27.211,9.840
26.305,10.055
27.511,12.663
25.241,15.310
24.338,10.386
22.939,10.167
24.525,9.582
24.738,10.211
25.396,10.493
25.367,10.520
25.719,9.894
27.188,11.128
22.919,10.906
24.577,12.754
22.604,9.251
23.790,9.091
26.646,8.584
28.268,9.248
27.234,9.518
27.937,10.671
28.376,9.477
30.066,10.355
29.793,9.032
27.935,13.650
28.203,9.944
30.163,12.626
31.336,14.462
31.063,14.918
31.022,14.367
32.492,14.350
32.884,12.085
31.045,12.937
33.300,13.946
32.057,15.849
32.965,14.382
33.232,15.910
34.520,16.885
35.889,17.194
35.286,16.910
35.427,18.345
33.428,16.795
34.211,15.927
33.701,14.840
34.078,17.943
35.065,17.325
35.110,17.375
36.214,18.663
35.894,19.844
36.459,18.955
36.836,18.402
37.631,17.306
36.660,18.307
37.284,15.244
37.686,19.856
38.384,19.471
39.151,21.420
38.924,21.160
39.877,21.146
40.662,19.967
40.255,21.312
39.808,24.716
39.839,21.429
39.244,18.346
39.380,17.757
39.094,19.300
38.711,21.199
36.412,20.354
34.836,16.598
33.786,14.317
36.573,14.966
38.196,19.378
38.113,17.238
38.424,18.795
37.672,20.321
36.634,21.452
37.383,19.467
37.994,20.957
39.113,21.954
39.139,23.002
38.844,21.076
38.914,20.231
38.933,21.265
38.689,20.145
38.799,19.099
40.610,20.931
39.974,21.890
40.640,20.986
40.369,22.538
40.083,22.761
39.617,19.873
37.388,21.476
37.455,21.035
37.578,19.318
39.992,20.751
40.456,21.066
40.091,21.984
40.332,21.064
40.480,23.072
41.105,20.837
41.514,21.066
41.535,24.459
41.553,22.931
39.839,22.661
38.943,23.160
39.993,20.817
39.985,21.383
41.784,22.575
43.714,25.069
44.412,26.176
43.764,24.537
40.863,28.070
36.915,29.889
35.548,27.741
32.847,25.604
36.683,25.814
36.360,25.745
33.389,25.673
36.014,25.127
39.251,25.134
40.490,25.258
41.486,27.430
42.255,27.086
41.756,25.587
41.063,25.120
40.380,24.813
40.508,25.220
40.525,25.138
40.107,25.525
40.455,25.786
39.732,25.242
40.950,25.359
40.887,25.090
42.135,25.798
42.800,26.074
42.076,26.702
42.419,27.395
43.028,27.754
41.501,26.985
41.525,26.460
41.886,26.381
41.866,25.704
40.683,26.303
38.561,27.775
37.345,27.864
40.535,25.564
40.929,26.223
42.979,28.195
38.368,27.224
41.189,26.802
34.426,27.352
33.265,27.540
35.564,25.910
31.114,25.419
37.534,24.174
37.724,25.342
38.097,25.395
38.169,25.349
37.563,25.043
33.293,25.512
34.528,24.957
33.460,25.537
35.696,24.290
32.522,24.623
33.447,23.967
34.349,24.347
37.098,24.716
35.049,24.867
39.692,25.662
33.003,25.746
37.229,27.091
33.813,25.522
34.118,25.018
33.440,24.704
31.458,24.297
35.685,23.317
32.364,23.776
35.946,24.011
36.874,23.521
37.769,24.583
37.220,25.632
38.767,25.805
37.421,26.603
34.703,24.837
35.194,23.910
35.393,24.313
37.517,23.923
36.122,24.400
36.780,23.610
39.576,24.128
38.031,25.871
34.988,25.258
30.682,24.786
36.198,25.822
33.122,26.320
33.131,24.658
29.861,24.174
31.609,23.129
28.145,23.482
31.477,23.670
33.941,24.851
32.135,26.455
32.278,24.832
27.390,23.692
24.707,22.908
28.860,23.321
27.797,22.941
25.976,23.714
24.706,21.951
28.598,21.338
23.996,22.742
31.242,22.882
28.493,22.381
28.437,22.186
28.832,22.883
30.690,23.000
29.977,22.678
31.209,22.826
31.904,23.313
30.700,23.112
29.767,22.757
33.397,21.738
32.687,21.526
32.341,21.103
32.999,20.620
33.169,20.890
33.474,20.538
33.043,20.436
33.789,20.330
33.477,20.317
32.852,20.874
31.005,22.900
33.214,19.946
38.043,21.435
37.851,22.581
37.152,22.947
34.826,22.674
33.852,21.421
34.982,22.376
33.339,19.485
34.788,19.412
33.598,21.150
32.268,20.632
30.204,19.721
33.142,20.798
35.788,21.614
33.630,22.703
36.953,23.096
36.975,22.435
36.080,21.739
35.157,23.768
36.990,22.238
35.018,22.362
33.419,22.482
35.929,22.371
36.383,23.226
37.100,25.206
30.748,23.108
33.515,22.360
29.506,22.364
29.640,20.174
30.141,21.987
29.943,22.780
34.592,21.645
33.431,21.547
33.713,21.832
32.377,21.252
30.364,20.955
32.324,18.818
32.703,16.575
32.508,17.962
33.465,18.281
32.023,17.257
31.886,16.294
32.606,14.073
33.736,14.741
32.766,15.731
32.505,17.874
34.316,16.035
34.122,16.779
33.127,17.555
32.984,16.981
33.404,17.712
32.589,17.275
33.319,14.950
32.416,21.054
31.662,19.127
31.591,16.375
30.857,15.474
31.191,16.659
31.396,18.158
30.894,17.731
30.726,17.275
30.762,16.133
29.577,17.113
30.775,17.886
31.813,16.422
31.530,15.840
32.004,17.169
32.046,18.257
31.461,15.018
32.366,16.083
31.961,15.121
32.578,17.477
32.751,17.416
32.360,17.106
32.887,21.404
32.253,18.367
31.895,17.305
32.229,15.081
31.808,15.602
31.418,15.251
31.230,17.617
30.716,16.374
30.441,15.459
31.684,16.972
30.650,16.910
29.535,15.273
29.208,10.894
26.864,12.726
28.464,15.193
29.480,15.360
28.430,15.379
29.299,14.879
29.500,15.064
29.570,15.105
30.342,15.126
31.392,16.127
31.038,15.164
30.319,15.667
29.607,16.046
30.711,14.978
30.990,14.011
30.465,14.579
30.786,13.796
30.709,14.968
30.011,13.209
28.483,10.692
26.977,12.295
26.881,12.786
27.013,11.574
26.492,10.339
24.971,12.333
25.981,13.420
25.250,10.723
26.860,10.787
28.917,13.253
28.722,15.232
28.738,16.884
25.694,15.574
23.598,6.868
24.503,8.063
25.039,9.784
25.808,10.172
28.024,11.681
26.760,11.672
26.374,10.918
27.663,11.359
26.907,10.656
25.992,10.530
24.714,10.221
25.743,9.879
26.565,9.182
27.430,10.989
26.982,12.613
25.509,10.738
23.376,9.692
22.486,8.361
23.640,8.921
24.678,9.001
24.452,11.437
25.774,7.808
24.605,10.067
26.405,10.363
24.724,12.018
25.908,10.245
23.280,12.076
24.739,10.687
24.504,10.049
24.292,10.250
25.201,11.710
24.912,10.497
25.915,9.423
26.931,9.430
26.672,8.516
28.352,11.413
29.402,11.346
28.212,12.577
29.640,13.829
31.481,15.274
33.448,17.326
31.498,13.654
32.011,12.408
31.308,17.333
32.902,15.479
31.078,16.143
28.529,14.681
25.446,11.474
25.036,6.490
23.008,7.131
23.994,6.206
24.355,9.165
26.198,9.797
28.225,10.075
30.623,12.351
32.193,14.967
32.736,14.976
34.876,16.552
34.623,18.055
34.250,17.117
34.486,20.595
34.909,17.592
33.750,20.703
32.906,15.110
33.494,17.311
31.290,20.801
32.423,14.718
29.946,17.702
30.097,14.598
31.077,15.509
32.638,16.023
34.856,17.143
36.126,15.399
37.085,17.579
37.363,18.580
37.721,18.844
36.904,17.771
36.963,17.587
36.026,18.164
34.949,18.209
32.800,17.528
33.368,14.911
33.061,17.485
35.137,16.820
36.889,21.490
34.908,17.830
37.003,17.463
36.597,16.402
34.846,19.437
35.072,19.407
37.240,19.139
38.714,18.922
39.387,19.919
39.420,21.331
40.475,20.815
40.225,19.589
37.749,20.207
35.211,16.631
34.673,14.390
33.609,14.821
35.138,17.220
37.880,18.246
38.037,19.206
39.346,20.516
38.763,19.788
38.591,20.323
39.603,19.883
39.000,18.840
40.059,20.842
42.425,22.871
41.292,26.839
38.965,23.976
39.231,24.829
39.513,22.140
38.461,20.679
39.610,23.033
39.091,21.718
38.594,20.882
36.160,21.455
35.691,21.826
35.970,24.316
37.091,23.467
35.382,22.686
36.431,23.122
35.697,23.293
37.653,24.021
39.423,25.250
38.831,24.474
38.273,22.851
39.426,22.246
37.903,19.917
39.276,21.476
40.138,22.272
40.621,22.169
41.272,23.402
42.216,24.252
40.146,25.376
41.223,23.379
42.147,25.909
43.497,26.380
42.828,26.682
40.663,25.548
41.051,26.072
41.372,26.601
40.851,27.347
40.363,25.828
38.946,25.570
40.406,27.488
38.758,26.421
39.754,27.192
41.512,25.084
40.781,26.718
41.618,28.875
41.403,25.144
41.458,26.828
42.806,26.070
42.449,26.171
40.592,25.380
40.306,26.363
42.198,26.959
42.486,26.037
42.127,27.374
40.845,26.519
37.677,26.044
39.936,24.689
40.167,27.003
40.631,26.965
39.506,27.194
40.290,26.042
38.170,29.239
38.837,28.003
38.639,27.114
38.253,26.359
38.821,25.961
37.982,25.457
36.793,26.228
34.240,25.789
36.910,24.990
34.007,25.394
35.626,25.453
36.048,25.165
32.599,25.199
31.653,25.039
30.546,24.738
32.435,24.550
33.967,24.499
35.764,24.348
32.644,24.951
35.733,24.880
35.203,25.629
28.724,25.161
35.400,24.337
26.463,24.169
32.899,23.820
31.291,24.299
33.344,24.757
26.983,25.008
28.341,24.928
34.296,24.099
36.169,25.101
36.395,24.669
35.216,24.314
36.893,24.307
37.886,24.034
33.176,24.526
37.598,25.418
37.516,25.491
32.324,24.489
28.382,24.347
27.311,22.836
29.174,23.939
34.350,23.861
31.893,25.548
31.085,24.321
29.916,23.986
28.082,23.844
29.456,23.897
25.352,23.648
27.114,23.371
28.376,22.621
28.841,21.459
31.129,22.084
30.988,21.583
32.202,22.192
31.248,22.851
32.805,23.096
33.020,21.854
29.494,22.762
29.627,23.518
33.162,22.394
32.550,22.026
32.929,22.393
32.762,21.732
33.888,22.120
33.862,21.774
33.287,21.804
31.628,20.408
32.259,21.217
35.068,21.566
35.293,21.239
35.420,21.463
34.276,21.409
35.311,20.251
36.210,21.147
38.136,23.257
38.281,24.162
41.399,23.869
39.626,23.251
37.525,24.486
38.206,23.559
36.015,23.704
34.733,23.724
33.113,23.474
33.742,22.645
30.217,23.635
32.381,23.674
28.636,23.697
27.591,23.591
28.285,23.067
27.760,22.842
26.308,23.233
31.016,22.746
31.201,22.892
34.782,24.124
35.057,23.392
29.909,23.911
23.659,22.082
29.858,20.663
30.101,20.868
29.965,21.317
30.929,20.354
32.600,19.610
32.542,18.565
32.653,19.749
33.633,19.839
33.092,18.925
32.893,17.426
33.164,17.986
32.938,18.485
33.899,20.583
33.138,19.023
33.127,18.480
33.286,18.698
32.926,18.786
34.207,19.721
34.181,20.951
33.749,20.204
33.512,20.193
33.005,18.094
34.555,17.866
33.143,19.633
28.313,19.365
33.451,17.849
33.831,17.637
33.147,18.225
32.440,15.453
31.773,17.005
32.180,18.628
33.247,18.628
32.878,17.373
33.162,15.973
34.127,17.765
32.866,14.626
32.174,13.585
31.745,14.411
31.204,13.805
31.564,14.791
31.356,16.494
31.371,17.162
30.764,15.982
31.332,14.467
31.157,14.785
30.928,15.172
30.401,12.145
30.656,13.628
31.180,13.306
32.428,14.772
31.875,15.990
31.837,14.745
31.863,14.889
32.438,16.572
31.523,15.418
32.308,14.117
32.319,15.856
32.279,12.914
31.951,13.225
31.095,14.144
30.601,15.543
30.192,15.156
30.279,13.329
29.355,12.832
30.394,12.256
29.608,13.892
28.289,13.537
27.980,13.822
28.284,14.742
26.538,15.612
27.626,14.117
28.449,12.311
28.626,10.776
29.079,11.750
28.692,12.651
27.286,10.514
27.026,12.198
26.294,11.769
26.714,11.153
26.565,9.740
26.721,11.447
26.762,11.830
27.420,12.474
26.778,11.477
26.201,11.874
26.151,9.806
27.071,10.452
27.290,12.413
26.077,12.220
25.188,11.747
24.244,10.873
24.727,10.016
25.414,8.242
27.311,8.594
27.910,8.089
28.202,13.498
26.476,10.374
26.715,9.858
27.388,9.250
26.252,12.046
24.561,8.888
25.474,9.776
25.557,11.616
26.259,12.382
26.107,11.792
27.119,11.143
27.770,11.138
29.157,9.070
28.583,11.404
29.301,10.656
28.849,12.847
29.327,12.942
30.913,10.254
31.676,11.197
29.369,13.379
28.137,12.415
25.358,14.770
25.553,13.970
25.765,11.034
25.356,9.540
24.522,9.031
25.346,10.345
25.698,9.981
26.374,10.008
27.668,10.262
29.072,10.688
29.270,10.848
31.130,12.686
32.376,13.314
32.269,15.958
31.528,15.531
32.506,16.118
31.575,15.278
31.966,11.883
31.749,14.620
30.934,11.030
30.642,11.136
32.285,15.283
32.890,14.695
32.621,13.800
33.309,13.023
33.838,13.513
33.629,15.971
31.614,15.389
32.546,13.735
33.756,13.959
34.680,16.989
35.513,19.688
35.851,18.199
36.548,19.869
36.533,20.165
35.535,16.433
35.784,18.046
36.481,18.737
33.604,23.041
30.438,19.270
33.069,19.208
33.042,17.310
32.849,17.244
34.015,16.585
33.451,14.240
33.055,13.852
33.188,17.048
33.428,15.066
33.659,17.841
22.100,15.085
23.569,14.805
28.344,12.726
31.323,13.966
31.623,13.495
30.209,19.870
29.240,20.317
32.143,16.506
33.328,18.223
33.258,17.644
32.378,20.792
35.356,16.463
34.465,19.412
35.121,18.302
36.050,17.643
35.100,18.086
34.570,18.762
34.472,17.327
33.938,16.965
35.008,17.467
35.224,19.009
36.135,17.973
37.642,18.039
35.970,17.344
37.232,19.568
37.123,19.222
37.584,19.967
38.796,19.529
39.402,21.700
40.005,22.626
39.903,19.830
38.480,19.627
37.655,19.861
38.115,17.521
37.572,17.098
38.256,20.069
38.289,19.405
37.798,22.965
38.331,22.274
36.056,24.229
36.466,17.393
37.308,18.564
38.868,20.202
39.807,23.508
39.005,23.382
38.199,22.145
37.724,21.591
39.295,23.202
39.864,21.750
39.683,22.246
39.792,22.082
41.443,23.231
42.642,26.092
41.933,23.585
41.119,23.599
41.596,24.823
43.371,25.111
44.098,26.861
43.544,27.447
42.101,23.654
41.912,24.002
42.267,23.375
41.976,24.145
42.272,27.268
42.083,24.567
41.399,23.574
41.261,24.066
41.229,24.524
41.502,24.686
42.017,25.930
42.808,26.859
38.570,26.710
37.630,24.774
38.579,25.570
40.397,26.307
40.141,26.665
41.005,26.914
42.204,26.639
42.950,26.275
43.916,27.584
44.598,27.569
43.459,27.052
43.390,29.043
42.603,27.766
38.142,27.023
26.604,24.631
35.508,23.774
36.321,24.436
37.601,25.674
37.161,24.952
37.321,25.564
38.568,25.518
38.812,25.402
39.397,25.896
39.452,25.341
37.886,24.640
37.434,24.908
38.316,25.537
39.522,25.864
38.932,25.406
39.211,24.978
39.927,26.108
38.863,27.513
41.471,26.755
44.039,27.716
42.058,29.076
42.995,30.691
42.121,29.165
38.113,28.388
36.521,28.032
37.057,26.811
30.776,26.487
35.141,25.160
35.225,25.864
36.688,25.250
37.511,25.235
38.333,26.137
40.334,28.290
40.109,29.886
31.352,24.857
27.435,24.475
28.038,24.813
29.129,24.091
27.037,24.042
29.650,24.203
30.347,24.020
34.868,24.755
34.972,24.298
36.412,25.737
35.200,24.666
34.145,25.402
33.823,25.914
27.207,24.079
25.957,23.428
28.071,23.273
35.364,23.985
28.870,23.791
28.828,24.032
30.763,24.031
33.965,23.330
28.221,23.679
27.342,23.122
26.277,23.467
29.831,23.596
27.148,23.425
23.689,22.978
25.208,22.606
28.803,22.750
27.740,23.008
31.355,23.360
32.272,24.406
26.274,23.801
28.861,23.903
25.191,24.010
28.034,23.853
26.475,23.420
30.064,22.437
28.545,23.837
31.997,22.965
30.468,23.122
30.703,23.667
29.466,23.280
28.319,22.038
24.414,22.931
24.285,22.930
24.915,22.799
23.973,22.755
28.240,22.639
29.131,22.002
25.799,21.695
25.401,21.986
25.850,21.692
26.000,21.675
29.364,21.329
31.771,21.834
23.157,21.381
29.707,21.486
29.987,22.097
31.080,22.879
33.474,21.773
34.476,22.522
28.465,22.816
26.979,22.077
28.908,21.899
31.016,22.188
32.855,20.634
31.160,21.632
31.918,22.864
33.019,20.881
31.228,22.919
33.843,23.092
34.539,22.837
35.735,22.810
34.836,24.225
35.117,21.865
34.665,23.209
34.590,22.351
30.684,22.690
31.671,22.169
29.648,23.310
31.284,23.547
31.228,21.201
31.646,23.213
33.364,22.951
34.127,23.617
35.412,22.022
35.591,24.270
36.119,22.907
37.299,20.797
37.215,18.470
35.445,20.697
33.478,20.229
32.952,18.535
33.326,19.021
33.380,19.000
34.307,18.166
33.918,18.467
33.465,17.807
32.941,16.848
33.064,23.577
33.476,24.470
35.970,20.656
35.940,20.458
35.465,20.654
35.174,18.941
33.868,18.749
33.881,18.404
32.983,17.918
35.785,21.302
33.748,21.407
34.664,18.620
33.586,16.765
34.203,19.129
33.727,20.136
32.871,18.579
32.944,17.931
33.013,17.745
33.079,18.044
31.901,17.173
32.242,17.021
31.642,17.584
32.717,16.542
32.949,15.182
29.351,18.790
30.834,18.527
32.938,17.579
33.776,16.296
31.703,17.031
31.011,16.788
30.890,16.474
30.740,14.951
30.672,16.111
30.366,14.941
30.756,16.047
31.088,15.169
30.456,13.368
30.405,15.572
30.232,15.595
30.710,14.217
29.698,14.902
29.121,15.326
27.536,13.029
27.584,12.549
27.853,11.427
28.302,12.542
25.574,14.075
28.666,13.011
28.508,13.082
27.741,13.705
29.662,14.176
30.076,13.693
24.831,14.601
28.152,18.213
28.367,14.374
28.390,12.605
28.194,14.233
28.479,10.782
26.631,12.271
25.756,11.485
27.384,11.503
28.836,13.317
29.865,12.853
30.167,14.629
30.497,16.887
29.531,11.883
28.941,12.886
28.275,11.716
28.498,11.595
27.768,13.133
27.954,13.876
29.406,14.536
28.333,14.442
29.169,12.646
27.376,15.096
26.864,12.300
28.068,12.315
28.526,10.836
26.993,10.206
25.977,11.748
25.516,12.330
25.291,11.073
25.733,10.070
25.460,11.510
25.361,10.933
25.073,10.339
26.773,11.440
28.213,11.243
27.484,12.441
26.816,12.233
26.051,11.281
25.883,11.777
26.138,10.957
26.930,10.673
27.812,12.677
25.889,11.382
28.017,12.171
28.458,10.716
26.444,11.267
26.937,11.383
27.327,11.432
27.555,12.283
29.482,12.977
30.614,14.042
31.428,12.351
31.165,14.808
31.821,16.990
32.499,19.750
30.721,16.624
30.893,16.033
30.649,15.191
31.816,14.570
31.614,14.775
31.248,14.884
30.791,14.436
29.596,13.024
30.859,13.548
30.353,15.488
30.345,15.648
28.301,16.281
27.406,12.947
27.159,9.863
25.083,13.949
26.000,10.317
26.184,12.883
27.792,10.918
27.587,12.796
28.790,13.396
30.493,15.733
31.447,15.510
32.701,15.913
32.886,17.264
31.490,18.431
30.737,18.319
31.355,16.294
31.191,16.004
32.517,12.885
32.458,16.346
29.879,14.945
29.078,15.129
30.112,13.503
32.598,16.289
32.438,17.323
31.843,16.898
31.035,15.911
32.475,16.692
31.956,12.827
32.132,17.409
34.725,17.434
32.825,17.600
30.731,17.547
31.195,15.395
31.690,15.458
33.730,16.109
36.310,17.952
37.808,18.025
37.069,21.844
34.982,20.380
33.371,19.911
34.446,16.025
35.294,18.790
35.327,19.228
35.463,18.911
37.113,19.847
38.414,21.814
39.248,21.369
40.170,21.316
40.248,23.865
40.291,23.180
36.868,21.822
38.663,20.928
38.628,21.264
40.223,21.952
40.100,21.696
41.560,22.134
41.095,22.447
38.891,21.043
39.024,21.173
39.636,19.493
40.317,22.311
40.112,22.845
40.248,20.398
41.130,21.374
40.464,27.464
42.686,26.763
43.388,24.715
43.226,27.060
41.618,26.407
40.957,28.602
39.971,25.981
39.463,22.841
39.728,21.263
40.327,21.931
41.249,24.171
41.886,24.646
41.739,23.898
42.618,26.583
42.345,26.375
42.574,27.039
44.035,25.916
43.240,28.667
43.645,27.457
43.229,25.925
42.529,25.971
42.130,27.153
41.643,27.890
42.304,25.542
42.830,24.213
43.334,24.139
42.172,25.266
41.445,25.768
40.897,24.514
40.565,24.718
40.298,24.054
40.677,24.374
40.849,25.161
41.296,24.993
40.873,25.088
39.019,25.918
37.348,25.457
38.980,23.810
40.035,23.194
40.063,25.096
39.192,23.817
39.964,24.109
40.711,26.834
39.858,25.086
35.377,26.423
38.075,23.717
40.214,27.341
40.509,29.801
42.078,27.743
33.588,27.898
29.969,25.775
31.715,25.291
37.568,25.671
41.305,27.784
41.898,28.068
41.381,27.938
41.160,26.351
40.981,26.317
41.569,26.834
42.285,27.590
40.143,28.440
37.898,27.350
37.833,26.131
39.079,27.640
37.762,26.427
38.922,27.016
37.960,27.659
36.405,26.155
38.978,28.201
39.117,29.451
32.265,26.943
27.575,24.381
29.850,23.264
32.643,25.156
34.845,23.829
31.146,25.851
36.175,25.740
36.010,27.411
32.999,26.582
26.979,24.856
26.632,23.163
29.354,23.884
28.292,24.324
31.588,23.982
30.673,24.906
30.139,24.552
25.396,23.794
29.577,23.863
30.463,23.844
30.669,24.439
32.169,24.256
32.766,24.324
30.763,24.877
28.435,23.824
33.477,23.645
34.289,24.106
33.848,23.630
34.449,23.808
34.849,23.703
31.787,24.032
32.503,24.374
30.200,24.579
31.894,23.698
34.824,24.119
31.413,24.446
33.742,24.162
31.710,23.842
32.070,24.002
31.789,23.811
31.002,24.477
26.534,24.250
29.670,23.791
28.472,23.793
31.019,23.380
30.640,24.712
32.404,24.443
25.370,23.705
26.708,23.532
27.168,23.310
24.956,23.079
24.921,23.336
24.446,23.187
25.207,23.114
29.269,23.203
25.093,23.735
29.105,22.781
33.710,21.864
32.105,22.675
24.968,23.130
29.272,22.952
28.409,22.915
31.892,22.058
32.638,22.227
31.668,24.952
31.879,24.482
33.882,23.960
31.364,23.173
31.318,24.027
28.308,24.195
30.086,24.189
31.515,24.306
30.743,24.858
29.501,25.136
30.474,24.515
28.391,23.781
27.414,23.256
32.154,23.230
26.297,22.064
31.180,21.717
30.768,21.517
32.613,21.066
33.253,20.923
33.194,20.743
33.612,21.478
33.733,21.449
34.026,20.928
36.284,24.264
35.927,22.799
35.699,25.334
32.555,24.134
34.361,23.643
31.621,22.232
29.072,22.094
33.073,22.693
33.744,22.269
33.227,23.762
33.601,21.368
32.634,22.222
34.656,21.487
34.697,21.807
35.382,19.231
34.552,17.037
33.344,17.810
35.216,18.904
34.006,17.457
33.599,15.500
33.558,18.613
32.846,19.336
32.355,19.400
31.819,17.616
33.968,21.292
35.567,18.899
34.025,17.038
35.058,15.453
34.170,17.835
34.330,15.218
35.521,16.431
34.015,14.055
34.590,15.977
33.938,14.649
33.877,15.513
34.679,18.005
34.274,16.858
33.887,17.855
34.060,19.231
34.534,17.906
35.345,18.801
34.247,20.249
33.396,19.146
33.174,18.945
34.292,20.608
34.168,19.146
34.050,18.387
34.719,19.796
36.125,19.499
35.017,17.306
35.308,16.639
35.015,18.370
34.730,21.168
33.400,18.160
33.902,16.462
32.872,16.818
32.580,15.322
32.209,16.532
31.846,14.904
32.866,16.436
32.185,16.501
30.202,14.610
30.491,12.932
31.268,14.570
31.872,13.228
32.041,14.430
32.568,15.505
32.068,15.515
31.135,14.122
30.964,14.967
29.595,11.368
29.776,11.212
28.777,13.808
28.666,14.616
28.052,15.700
28.367,14.311
27.918,16.105
27.754,14.587
27.572,13.445
27.068,14.403
28.325,13.586
27.533,12.414
27.190,11.084
28.354,11.920
27.793,11.919
25.988,13.464
26.374,11.862
24.654,12.341
24.729,11.554
26.335,11.200
26.248,11.955
27.459,12.018
26.919,10.842
29.063,12.777
31.125,13.338
30.915,13.856
31.809,17.393
30.088,15.031
29.323,17.564
28.777,14.664
28.037,13.557
26.769,14.584
26.599,11.076
26.402,10.411
26.631,11.602
25.577,11.133
25.726,11.859
26.040,11.409
27.075,11.467
27.882,12.940
29.404,13.756
29.716,15.386
28.577,12.450
29.152,10.599
27.258,12.943
24.867,11.662
26.978,11.657
27.051,11.604
28.176,12.989
28.200,13.768
29.834,12.779
29.246,13.015
26.352,11.555
25.185,8.472
25.677,8.869
23.635,8.413
24.642,11.261
24.644,8.608
22.442,7.694
24.429,7.501
22.225,6.931
22.471,8.417
25.068,7.762
25.808,10.902
23.685,7.845
23.510,9.387
23.959,6.484
25.993,7.544
23.740,11.866
22.367,6.036
21.512,6.218
21.369,7.396
20.396,6.434
21.487,6.571
22.377,7.108
24.282,7.238
25.849,8.465
26.420,9.461
26.442,9.056
28.370,10.434
30.512,11.776
31.429,13.125
32.106,14.307
32.718,15.442
32.315,15.223
32.071,14.113
32.651,13.063
32.101,13.276
31.155,12.805
31.402,13.953
31.616,14.741
32.455,14.971
32.898,15.117
35.694,13.704
35.702,16.101
35.182,14.643
34.981,13.335
34.432,13.594
35.130,14.780
35.764,14.493
35.924,13.926
35.563,16.880
35.075,17.169
35.725,18.159
36.459,20.530
34.237,23.142
34.394,21.543
32.505,19.398
35.889,18.506
35.623,19.506
36.575,20.705
37.360,19.966
37.826,16.658
37.140,17.574
37.081,16.090
37.660,20.978
38.329,21.350
38.776,22.611
35.595,23.532
34.477,21.320
36.895,21.626
37.798,22.286
38.469,22.755
38.626,18.754
36.873,23.564
36.107,18.762
35.943,16.956
36.131,18.695
33.188,17.722
33.056,18.580
32.484,15.960
36.005,17.566
35.154,21.146
36.414,21.142
37.913,19.100
38.487,25.149
39.822,23.995
40.303,22.149
39.646,23.070
38.356,22.065
38.784,20.998
38.792,21.765
39.977,23.962
40.199,23.057
39.965,18.632
39.825,22.547
39.660,22.734
41.142,26.998
41.654,23.674
42.093,25.808
42.875,26.017
42.997,24.804
41.836,24.353
42.255,22.518
40.822,22.494
40.451,22.391
39.034,23.917
40.408,22.889
41.022,22.034
39.716,21.252
39.128,21.733
38.118,22.663
39.557,24.027
40.178,24.823
38.755,25.279
38.897,23.350
39.666,23.569
40.583,23.295
40.708,23.719
40.946,25.313
40.150,24.608
39.429,24.031
40.091,24.789
39.563,24.313
39.614,24.203
39.524,24.753
38.837,23.876
39.296,24.739
40.909,24.948
40.709,24.976
41.213,23.907
41.191,25.296
41.194,26.683
41.286,25.806
41.264,25.532
40.262,25.092
40.706,25.654
40.214,25.554
40.449,26.927
40.005,27.055
40.044,27.621
38.947,27.603
36.469,25.954
38.509,25.275
38.471,26.445
36.870,26.442
34.994,25.750
36.485,25.681
27.540,24.037
33.048,23.206
31.785,24.636
35.157,23.895
36.625,25.490
33.991,26.260
38.280,25.437
34.295,25.690
30.943,26.526
36.890,25.076
38.513,25.833
38.902,25.989
39.264,26.972
35.411,27.127
37.205,26.906
34.524,25.707
35.486,24.901
34.732,26.212
30.086,25.978
32.585,25.244
35.404,24.750
33.165,25.196
34.730,24.432
36.089,24.623
36.241,25.171
29.265,25.244
31.870,25.050
25.971,24.444
31.815,23.760
28.774,24.098
27.944,23.059
28.290,23.332
30.912,24.057
34.096,23.728
34.297,24.272
35.204,23.461
34.046,25.012
34.459,24.987
33.458,26.186
35.135,24.774
33.949,25.397
33.755,24.905
29.454,24.803
33.826,25.200
33.238,24.799
28.333,24.174
29.896,23.737
35.498,22.052
31.309,24.231
29.774,24.427
29.341,23.923
27.082,23.358
31.172,23.223
30.290,23.688
29.660,24.073
28.888,23.659
26.641,22.534
26.465,23.299
27.692,23.582
31.237,23.909
30.862,23.673
25.726,23.813
26.300,23.031
25.105,23.232
29.999,22.842
29.896,23.158
30.917,22.540
27.434,21.474
30.576,21.784
30.446,21.037
31.075,21.512
31.299,19.860
31.647,19.269
32.740,22.112
31.564,22.564
31.604,24.185
25.757,23.184
32.812,21.308
32.105,22.458
33.083,21.315
32.487,20.304
33.083,20.456
36.190,22.424
35.719,24.272
34.808,23.488
35.095,22.990
30.374,22.428
32.409,21.762
37.246,19.724
35.247,20.738
34.788,22.241
32.009,23.843
30.407,24.022
32.550,23.887
31.609,23.751
30.059,22.109
29.604,22.244
29.174,23.485
29.145,23.949
33.788,22.704
35.456,19.874
33.418,22.373
31.747,20.889
32.789,21.010
33.736,19.915
34.075,20.522
32.838,19.799
32.791,19.534
32.409,19.999
32.843,18.379
33.433,17.805
34.138,19.792
35.786,21.600
36.848,22.387
36.844,22.608
37.474,23.024
35.138,19.648
33.148,21.341
33.406,19.042
32.986,19.871
34.730,26.602
36.822,24.302
36.915,20.981
37.160,18.310
36.735,21.201
35.673,19.431
34.949,21.780
35.640,22.312
35.735,22.472
34.406,19.848
34.831,17.516
34.505,16.180
36.510,18.355
34.700,17.602
35.761,16.653
34.162,16.490
35.284,17.445
35.300,15.666
34.430,15.772
33.996,16.047
33.557,16.527
33.698,18.749
33.905,17.829
34.584,17.169
33.795,15.601
34.053,17.516
33.724,17.015
34.108,17.509
33.961,15.477
35.178,16.730
33.797,16.302
33.994,15.079
32.428,16.836
31.279,14.027
31.745,15.595
31.536,16.412
31.667,16.984
30.767,17.712
31.140,16.363
24.031,20.307
28.350,19.159
30.407,17.115
29.479,15.742
29.193,13.804
29.887,13.501
30.180,12.727
30.220,11.153
30.332,12.408
30.784,14.803
29.560,15.234
30.159,15.608
29.967,19.860
23.866,17.585
28.905,17.490
31.263,17.820
31.474,16.168
32.519,17.157
32.169,18.398
31.751,20.199
31.205,17.156
31.230,15.342
30.482,17.067
29.998,16.211
29.407,15.052
29.816,15.935
29.869,15.691
30.596,14.598
30.776,15.068
30.812,15.919
30.661,17.820
27.746,19.287
29.142,17.332
29.471,15.420
28.469,15.034
28.731,13.916
28.441,11.696
29.185,10.792
29.095,9.853
27.884,9.129
26.928,8.340
28.081,11.782
28.279,12.973
28.199,13.915
26.991,12.109
27.059,11.310
28.356,10.543
27.847,12.496
24.061,13.706
24.672,12.846
25.632,11.529
25.114,11.916
21.353,13.143
25.679,13.090
26.524,12.742
24.607,14.966
27.622,14.614
28.793,16.038
28.095,15.160
30.679,16.051
28.564,17.331
29.206,13.598
28.547,14.291
29.078,15.561
28.171,16.181
30.841,14.192
31.492,15.206
31.526,15.896
30.006,13.077
28.448,11.155
28.361,10.399
29.341,11.993
30.143,11.937
29.718,11.917
29.157,13.339
29.806,10.976
31.111,12.417
30.318,10.402
30.087,12.311
28.978,11.426
28.738,11.651
29.092,14.117
30.313,13.074
31.327,12.564
27.237,13.244
26.893,11.341
28.057,11.991
29.397,10.438
30.074,12.413
29.093,15.010
29.846,14.124
31.716,13.909
31.832,15.810
32.432,16.149
33.617,16.361
34.398,17.659
34.895,18.398
33.830,16.336
34.012,17.039
35.144,16.989
35.343,15.483
35.544,17.077
35.001,16.006
37.762,17.206
38.549,20.123
37.950,20.920
35.650,17.810
35.760,18.231
34.526,14.551
33.128,14.016
33.731,14.474
33.847,18.140
35.060,16.616
36.430,18.287
37.888,18.712
36.531,18.592
36.626,18.714
36.133,18.257
35.761,18.388
35.868,20.726
35.508,19.277
37.199,19.244
36.238,18.099
35.359,16.369
34.537,19.114
34.753,18.255
36.970,20.822
36.602,19.864
36.253,19.735
34.726,17.858
35.844,19.426
36.835,20.778
37.309,21.921
38.067,21.698
39.571,22.363
39.166,20.677
39.594,24.071
39.495,22.057
36.182,23.546
36.394,22.327
35.924,20.593
33.573,18.226
36.127,19.353
37.378,20.340
38.741,21.145
40.748,21.750
40.922,20.614
40.631,23.538
36.982,22.914
39.343,23.710
40.027,23.374
40.746,22.954
43.054,22.842
41.147,24.619
38.908,21.777
39.714,19.625
39.742,18.232
39.314,23.630
40.346,23.584
41.949,25.746
42.708,24.532
43.240,25.150
44.270,26.736
43.585,26.052
42.083,24.938
42.626,24.517
42.519,23.553
40.080,22.408
39.203,22.588
40.102,23.724
40.596,27.738
41.453,24.653
41.495,24.589
41.581,23.766
41.095,23.780
42.406,25.173
43.108,25.810
44.005,26.075
43.222,26.125
43.656,25.946
44.744,26.278
43.398,26.510
42.165,26.262
43.431,26.261
43.834,25.819
44.217,29.583
42.340,27.060
41.591,25.278
41.858,24.628
42.231,24.229
42.288,25.656
43.395,27.091
42.599,26.583
41.842,25.942
42.081,26.993
40.250,26.703
39.850,26.147
40.694,26.093
40.379,26.320
39.551,25.521
41.111,25.437
40.306,25.407
40.167,25.396
41.163,26.031
41.748,26.346
41.662,25.819
41.060,25.894
40.426,25.843
40.970,26.161
39.950,25.535
40.910,26.222
38.493,27.003
38.530,28.087
39.964,26.063
40.939,28.193
41.111,27.552
34.973,27.309
38.940,25.469
31.821,26.918
38.142,25.282
37.676,26.458
38.731,26.000
33.230,24.466
37.118,24.310
37.304,25.938
36.096,26.353
31.650,26.173
37.218,25.180
38.499,25.235
39.317,25.620
41.994,28.276
42.696,26.857
42.840,27.783
32.796,24.597
28.073,24.494
31.031,23.984
32.911,24.536
32.797,24.811
30.790,24.673
33.516,24.702
33.746,25.878
31.452,25.404
26.136,24.168
26.633,23.647
31.371,23.738
27.030,24.405
31.066,24.478
30.123,24.518
24.450,23.609
25.194,23.216
25.972,23.995
26.498,24.057
25.551,23.257
25.681,24.009
29.557,23.859
28.727,23.217
28.217,23.193
26.394,23.930
33.037,23.004
32.836,22.902
31.039,23.286
32.565,23.238
29.827,23.148
31.196,23.569
32.370,23.885
32.850,23.416
33.328,23.170
32.241,23.348
31.346,22.545
30.558,23.066
30.156,22.606
28.946,23.171
33.068,22.255
33.998,23.517
34.426,23.640
34.587,23.668
34.804,23.246
34.794,24.234
35.339,23.210
37.097,23.313
35.601,23.344
28.699,23.515
32.829,23.175
29.290,22.608
28.788,23.599
24.463,23.574
28.810,23.006
30.438,22.220
29.332,24.619
31.942,23.200
33.836,23.224
33.175,23.717
33.103,22.699
35.237,22.501
36.403,23.094
36.633,22.918
30.888,22.264
33.938,21.473
34.681,21.004
35.705,21.650
34.524,22.023
33.835,20.034
33.610,18.748
35.224,18.836
36.166,20.776
36.860,21.794
37.075,20.780
37.712,21.099
37.786,21.324
38.256,22.530
36.966,22.425
36.403,22.034
35.396,21.802
36.751,22.667
38.336,23.889
39.367,24.776
39.272,24.717
39.960,23.084
38.698,24.059
37.585,24.513
34.177,23.213
34.340,22.464
34.649,21.294
34.801,19.564
33.125,18.405
33.329,18.633
33.426,17.291
33.110,17.471
32.549,21.740
33.331,20.302
33.029,21.763
33.474,17.689
34.217,17.007
33.847,19.896
34.992,18.738
33.895,16.759
33.611,15.877
33.884,16.244
33.731,16.901
34.013,18.066
34.665,16.845
33.743,14.486
33.639,13.898
33.606,14.558
33.944,14.544
34.267,16.332
34.916,15.854
34.389,16.742
34.868,15.616
35.541,15.813
33.620,15.745
33.458,14.139
32.413,16.172
33.360,17.835
32.447,17.268
32.465,17.508
32.793,16.523
32.084,18.074
26.397,20.816
25.209,17.994
30.248,16.589
30.952,17.376
31.188,17.480
30.489,14.893
30.894,16.079
29.153,15.348
29.437,14.672
29.876,13.854
29.505,12.947
28.288,12.281
29.178,12.342
28.977,11.889
30.191,11.901
29.787,14.363
29.516,14.105
29.269,13.174
29.685,13.629
28.381,12.620
27.705,10.991
28.026,13.249
27.903,13.446
28.695,12.944
28.844,12.302
28.634,13.395
28.343,12.943
28.703,13.780
29.422,11.601
28.749,11.273
29.737,13.718
30.673,14.841
29.152,14.148
29.251,14.762
29.498,13.990
29.170,14.831
27.419,14.177
27.599,14.162
27.398,13.892
27.343,14.746
26.454,14.192
27.761,13.599
26.366,14.850
27.651,13.739
26.854,10.456
26.139,10.135
26.525,10.180
26.937,12.285
24.164,13.252
25.971,10.860
25.896,11.487
26.354,10.870
27.574,12.399
26.103,15.474
25.926,13.051
26.098,9.862
25.555,9.935
25.716,9.932
26.674,10.254
26.216,10.002
27.193,10.501
28.176,12.623
28.707,14.558
24.369,10.128
24.424,9.744
25.411,9.041
26.708,10.676
27.032,11.035
28.219,10.591
28.102,11.613
27.965,10.782
29.064,11.640
28.417,11.133
27.972,9.558
28.202,7.917
28.190,12.301
28.939,12.826
28.950,9.428
28.487,11.854
28.209,11.364
28.567,13.391
28.952,10.865
27.925,11.389
27.675,12.792
28.450,12.166
28.949,14.617
29.410,14.075
31.518,14.667
32.137,13.676
31.526,17.379
27.745,15.387
27.886,11.685
26.826,11.949
29.062,13.404
29.593,13.617
28.928,14.101
28.770,13.390
29.956,11.530
28.947,13.303
29.679,12.283
31.096,13.217
32.872,13.590
33.340,15.232
33.028,18.568
29.832,15.535
29.921,13.033
31.081,12.313
33.405,16.947
35.085,16.567
34.974,18.309
34.793,17.500
35.534,17.851
33.266,20.891
31.696,16.664
31.777,17.901
31.568,21.338
31.536,16.638
33.974,17.449
34.980,18.383
35.891,18.926
36.991,19.025
37.075,19.992
37.016,17.580
37.394,17.626
37.759,19.019
38.228,18.953
38.944,20.922
41.643,22.356
41.898,24.160
41.838,22.986
40.002,19.829
39.150,21.841
37.271,17.670
36.732,17.150
37.555,17.813
38.177,18.555
38.218,17.920
38.880,18.203
39.085,22.482
37.742,18.618
36.878,20.094
37.080,17.552
36.727,18.529
37.096,17.404
38.627,18.121
39.568,21.414
42.357,23.502
42.618,22.961
42.194,25.698
39.710,28.757
38.923,22.555
38.687,19.628
40.463,21.369
42.593,20.394
42.088,19.535
43.161,24.539
43.897,25.477
42.541,24.227
40.328,22.492
39.970,22.605
39.197,23.032
38.545,22.719
38.771,22.761
40.388,23.461
40.056,23.806
40.300,22.439
40.773,22.951
41.976,24.436
42.006,24.796
41.515,24.425
40.564,25.238
40.470,24.083
41.724,23.753
42.141,24.626
42.154,24.876
41.216,25.310
40.763,24.270
40.386,25.933
40.776,26.280
41.395,27.258
40.114,25.772
42.035,24.940
43.200,25.694
43.636,25.717
41.920,25.771
42.871,24.204
42.992,24.692
41.926,25.116
42.857,26.228
43.625,28.223
45.351,28.545
45.998,26.089
45.926,27.275
44.817,27.713
44.430,27.351
43.051,26.292
41.887,25.643
41.262,25.757
41.176,25.312
40.417,25.354
40.544,24.595
40.061,25.402
40.634,24.761
38.353,27.420
34.529,25.464
39.083,25.998
38.490,26.241
38.398,25.347
30.270,25.053
35.812,23.131
37.031,24.751
39.380,26.403
43.644,28.206
44.556,28.942
43.900,30.205
42.383,29.589
33.385,27.492
36.748,25.611
37.939,25.851
41.627,26.469
44.197,29.211
43.010,28.419
42.575,28.635
41.167,27.760
41.396,27.985
37.629,27.551
40.090,26.476
38.853,27.685
39.265,29.456
40.820,28.536
40.190,28.505
40.569,27.596
40.699,27.350
37.830,27.454
37.911,27.919
36.198,24.806
27.733,24.919
29.468,24.012
32.381,24.130
33.208,24.139
34.692,24.797
32.889,25.647
33.630,25.457
29.314,25.046
32.463,24.608
33.304,24.298
34.679,24.491
36.498,25.911
37.760,25.708
34.671,25.771
33.210,25.834
35.222,25.201
34.276,25.493
33.429,24.800
28.657,24.678
26.348,24.649
25.694,24.350
29.844,23.405
25.306,23.510
29.749,23.325
32.295,23.514
32.955,23.505
32.133,24.155
25.469,23.920
27.949,23.630
28.948,23.683
27.561,23.760
27.523,23.812
28.968,24.009
30.800,23.222
28.528,24.204
27.478,23.360
28.881,23.411
29.615,23.537
30.470,24.030
30.427,24.431
29.285,23.258
30.566,23.679
30.309,22.927
31.528,23.601
31.383,23.580
28.606,23.899
30.687,23.479
31.183,22.920
29.971,22.863
31.934,22.643
30.366,23.181
31.347,22.964
33.822,22.094
31.576,23.795
34.632,23.730
31.606,24.725
33.727,25.199
29.212,24.113
27.734,23.886
30.322,23.490
31.703,22.721
30.327,23.713
29.365,23.335
29.433,23.890
30.747,23.882
32.399,23.755
29.681,24.024
25.944,23.351
26.737,22.057
27.392,22.740
26.494,22.948
28.351,23.136
28.965,22.516
32.594,21.328
34.589,21.023
32.624,22.568
32.674,21.517
32.536,20.615
32.517,18.925
32.014,19.677
31.685,20.086
32.161,20.007
31.690,18.208
31.888,18.622
33.133,20.272
34.017,18.771
33.793,22.140
35.016,22.793
34.268,20.303
34.761,19.579
34.895,20.683
35.476,19.404
36.292,21.749
36.173,20.496
34.899,20.342
35.821,20.443
34.839,19.066
32.774,18.403
31.725,16.923
28.965,18.799
32.719,21.857
34.844,21.025
35.338,21.953
36.271,21.170
35.430,21.806
32.700,22.718
32.492,22.574
34.461,22.422
34.455,18.786
34.273,18.852
33.459,19.173
33.072,17.430
32.969,18.486
33.803,19.056
35.250,21.354
33.808,18.215
33.183,17.364
32.435,20.506
32.419,19.508
32.143,18.457
31.324,17.520
31.405,17.355
31.318,16.771
32.145,16.970
32.713,15.327
31.689,17.679
30.493,17.661
32.823,21.901
32.406,23.076
28.727,22.328
29.401,21.410
29.685,20.949
29.320,20.583
31.552,20.494
29.557,20.234
27.034,19.691
29.407,19.056
29.496,19.742
27.979,16.389
27.256,16.580
20.641,17.883
17.667,15.686
21.041,15.705
25.222,18.563
26.952,15.898
27.047,16.125
26.972,15.986
27.926,16.048
27.742,15.453
26.823,14.450
27.367,15.098
25.682,12.890
26.330,12.987
26.247,14.448
26.134,14.163
25.106,12.659
24.773,11.149
25.203,12.080
23.772,11.752
23.840,10.522
23.225,8.933
23.615,7.572
24.555,10.884
24.897,10.208
25.780,9.833
25.855,9.461
25.869,9.768
25.181,11.145
24.746,10.535
26.253,7.386
26.280,9.941
24.591,7.972
25.897,10.581
25.389,11.163
26.103,10.845
26.990,12.757
19.983,14.432
25.887,15.556
25.177,14.419
22.368,8.097
22.848,8.912
23.487,8.334
22.256,7.592
25.219,9.226
25.261,8.361
25.536,7.543
25.340,7.163
25.677,7.257
24.633,9.870
24.562,8.045
25.661,8.668
26.283,8.386
26.727,8.251
25.196,9.792
24.607,8.028
23.372,8.978
24.704,5.163
26.514,8.489
26.017,11.367
27.331,9.423
27.137,8.845
28.538,10.603
27.550,13.245
28.309,14.568
26.309,12.498
25.996,10.233
25.552,10.676
27.295,12.417
27.076,11.148
27.680,10.825
27.008,13.422
29.317,13.043
30.129,13.325
31.705,12.082
31.070,11.698
31.414,11.198
30.214,10.950
28.768,11.191
28.975,13.729
28.075,13.075
29.787,13.182
31.128,14.080
32.297,13.247
30.702,13.714
29.195,13.968
26.393,14.020
25.850,11.689
25.680,12.437
25.851,12.652
27.035,12.009
27.519,12.987
28.340,12.981
29.330,13.254
31.223,11.599
29.929,13.716
28.867,14.121
29.384,13.389
30.066,15.423
30.713,14.682
32.506,15.396
32.393,16.236
32.628,16.364
32.773,14.561
32.421,15.224
33.668,16.893
35.365,17.798
34.342,16.737
31.695,17.652
31.594,16.509
32.322,16.410
34.501,15.835
35.383,14.931
36.876,15.523
38.852,19.232
39.303,19.201
39.293,18.757
37.477,18.296
35.703,15.192
35.068,15.909
35.839,14.374
34.738,15.122
34.737,14.890
34.795,14.648
36.187,17.633
37.696,19.473
38.170,19.209
36.796,18.022
35.946,15.285
36.572,16.935
34.819,16.071
36.697,15.423
35.703,16.792
35.005,19.673
35.784,19.221
35.957,17.505
36.840,20.040
38.458,20.352
37.679,18.559
37.360,19.107
38.373,20.363
38.507,20.255
39.227,21.467
37.674,22.763
38.162,23.120
39.256,22.674
40.107,23.117
38.606,22.566
37.719,22.956
38.529,20.491
38.562,21.768
39.887,24.240
39.760,23.567
40.421,23.206
41.227,23.460
41.950,23.367
41.487,22.200
41.928,25.443
41.853,25.870
41.089,24.436
41.374,23.786
39.303,24.921
38.483,23.584
38.946,22.394
37.421,21.563
38.440,22.661
38.373,21.299
39.640,21.556
40.824,22.886
40.312,23.254
40.293,22.704
41.139,22.746
40.218,22.677
40.570,22.988
41.315,22.970
41.201,23.393
41.742,24.423
42.833,26.637
42.330,25.907
41.053,24.724
40.301,24.281
39.762,25.039
39.954,25.993
39.971,26.705
40.767,25.882
39.900,24.500
40.570,25.530
41.083,25.269
41.001,25.589
40.835,25.016
40.142,24.637
39.378,24.862
39.350,24.999
39.643,25.872
43.945,25.555
41.131,25.927
45.036,27.098
46.992,27.827
44.139,27.653
42.926,27.799
40.309,26.982
41.469,28.010
41.690,26.678
42.160,25.659
40.947,26.695
39.525,25.969
38.265,25.798
37.645,25.591
39.239,26.037
37.104,25.702
39.092,25.907
39.251,26.856
38.421,26.500
38.644,26.801
35.158,26.711
32.666,26.470
38.185,25.458
38.070,25.957
34.062,24.950
27.332,24.959
31.322,24.551
30.423,23.778
31.563,23.579
33.353,23.439
32.017,23.517
32.751,23.755
34.173,24.347
28.205,24.341
32.304,23.138
30.508,23.509
25.064,23.554
24.230,23.285
29.919,23.276
31.904,23.102
31.699,24.470
27.084,24.243
24.567,23.594
28.365,23.784
31.593,24.759
30.152,25.067
31.541,24.401
30.912,23.467
29.511,23.252
30.236,23.670
24.679,23.298
27.982,23.281
28.144,22.936
30.816,23.151
31.066,23.773
31.513,24.449
27.693,24.527
30.126,23.406
29.240,23.917
28.106,23.679
31.530,23.445
24.723,23.504
29.421,23.178
30.962,24.028
30.617,23.851
29.784,23.717
25.882,23.470
25.112,23.798
24.600,22.738
24.862,23.019
24.284,22.752
25.442,22.791
25.885,23.560
28.957,23.657
24.771,23.075
29.094,22.745
29.131,22.334
29.829,23.225
29.986,22.940
30.154,23.034
30.152,23.482
30.424,24.424
29.983,23.474
30.072,23.521
29.935,22.993
30.039,22.520
30.748,23.008
31.822,23.140
28.977,23.913
29.282,24.001
27.688,24.287
30.780,23.327
29.981,22.858
26.147,23.932
24.437,22.957
25.326,23.027
23.832,22.269
28.109,20.433
27.374,22.802
28.189,23.027
27.423,23.726
27.016,23.439
29.139,22.530
31.318,21.580
30.878,21.298
30.668,22.533
27.271,22.577
27.787,21.522
29.082,21.658
30.410,20.899
30.403,19.469
29.962,19.303
30.743,20.509
30.648,19.528
28.585,19.036
29.039,18.529
30.849,17.814
31.016,18.060
31.719,18.243
32.042,17.853
31.617,19.494
31.024,17.491
30.351,17.190
30.719,16.205
31.558,15.951
33.100,19.659
33.542,19.902
34.086,20.882
34.629,20.904
34.047,20.909
33.747,21.907
34.038,22.547
33.791,19.717
35.738,19.398
35.683,21.019
34.922,21.030
34.743,19.912
35.268,20.791
34.472,18.082
33.055,16.507
34.388,18.376
33.536,18.024
34.149,15.985
33.423,17.563
32.975,18.492
33.354,19.182
33.298,19.441
32.683,17.703
32.321,16.523
32.380,15.971
32.292,15.170
33.146,16.683
31.916,17.897
32.633,18.342
31.252,22.003
33.211,19.966
33.120,19.095
32.975,19.880
32.730,18.852
32.538,17.242
32.836,16.968
33.469,16.446
32.742,19.543
33.095,19.528
31.670,17.574
32.292,15.118
31.767,15.227
32.466,15.903
32.261,14.564
32.464,14.743
33.040,15.531
32.878,17.815
31.774,15.346
30.309,15.348
29.000,15.477
29.239,16.158
29.343,16.116
29.335,16.288
30.448,18.957
31.056,19.102
32.139,17.557
32.636,15.149
32.381,15.955
31.618,16.394
31.902,18.293
31.446,16.361
30.894,13.486
30.519,13.091
31.040,14.813
29.288,16.029
28.079,14.986
27.155,10.785
27.024,10.429
27.724,10.930
28.155,10.871
28.536,12.435
27.565,12.062
27.493,11.723
27.341,10.019
27.712,10.458
26.961,8.607
26.949,11.792
26.769,12.807
27.053,13.016
27.169,11.393
26.418,8.630
26.583,10.187
26.552,10.504
26.380,11.696
25.610,11.330
25.201,10.509
26.434,12.332
24.716,11.490
24.197,10.412
25.521,9.952
26.013,8.761
26.479,10.503
25.474,10.432
25.049,9.768
24.692,9.580
24.176,9.212
22.657,8.710
24.131,8.801
24.213,8.967
24.596,7.012
25.118,6.382
26.833,8.279
24.463,9.384
24.713,8.472
23.509,7.975
22.173,7.103
21.521,6.976
23.489,8.476
25.053,9.718
25.457,9.659
26.623,10.267
26.445,11.008
25.748,11.282
25.428,11.714
24.629,11.173
24.001,11.371
24.611,11.115
25.382,10.729
26.290,10.808
27.347,10.360
28.877,10.684
27.150,10.544
26.506,13.477
26.627,11.913
25.827,11.189
21.961,4.284
23.271,5.583
26.128,8.889
27.979,10.854
29.192,9.553
28.347,10.690
27.646,12.046
28.046,12.680
25.675,10.925
27.030,12.187
29.522,13.651
31.095,14.800
33.503,12.024
32.295,11.646
31.205,12.021
30.772,11.534
30.343,13.071
31.433,13.040
31.666,14.964
33.250,14.116
31.658,13.441
31.053,10.353
30.300,10.151
30.948,10.286
33.135,12.351
34.146,14.186
33.504,14.238
30.065,12.615
31.089,9.164
29.749,8.488
27.643,8.935
29.567,11.357
31.239,13.022
31.778,14.305
30.515,12.825
34.283,15.167
35.808,16.335
37.263,15.394
36.374,16.148
37.221,15.474
38.958,16.017
37.166,15.393
36.456,16.714
37.295,16.782
37.439,18.464
38.211,16.531
38.246,15.925
38.146,15.323
38.733,19.201
38.609,18.171
39.934,22.371
38.651,21.417
40.368,19.543
40.656,21.716
40.755,21.880
40.855,21.590
40.196,19.919
39.851,20.207
39.645,20.243
40.216,19.159
40.605,20.151
39.752,19.936
39.542,21.303
38.429,19.947
37.976,20.889
37.342,19.484
36.819,19.945
37.790,20.066
38.720,20.642
39.230,21.392
37.618,21.032
38.182,21.394
27.929,20.156
35.549,16.964
36.107,20.480
37.129,19.370
36.203,19.842
37.448,20.334
38.241,21.727
38.283,22.427
39.201,21.737
38.884,21.219
38.919,20.899
39.099,18.173
40.217,18.648
40.991,19.253
40.196,21.735
39.176,22.128
39.956,22.909
40.366,23.826
37.475,23.393
40.168,24.168
40.812,25.006
40.377,24.226
38.363,23.612
39.066,23.957
38.879,23.637
40.693,23.375
39.996,23.298
39.957,22.835
40.737,23.072
41.126,23.414
41.593,24.155
41.684,24.490
42.262,25.402
42.422,24.922
42.079,25.306
41.189,24.967
39.920,23.130
41.052,24.248
41.619,24.411
42.353,24.447
42.521,24.998
42.323,24.874
40.405,24.712
40.106,25.604
39.016,25.423
39.450,25.378
39.808,24.983
39.279,24.549
38.565,25.016
38.336,25.095
38.763,25.546
39.134,25.327
37.848,25.754
39.893,25.362
41.519,26.282
40.867,26.635
35.389,26.273
37.607,25.733
38.990,26.622
39.809,26.442
40.685,26.791
39.054,26.307
38.573,25.705
38.492,25.901
38.493,26.424
38.867,26.095
38.578,25.664
37.749,25.810
37.056,25.655
39.562,25.881
40.055,26.438
39.599,26.495
37.861,27.944
41.523,26.008
39.789,25.187
38.798,26.207
28.194,24.805
34.197,24.242
34.757,24.410
33.738,24.488
33.016,25.044
27.052,24.714
29.654,23.689
29.712,24.311
26.686,24.546
26.310,24.420
30.349,23.848
31.339,24.055
30.784,24.239
31.487,24.023
27.492,24.961
29.833,24.241
34.037,25.594
33.255,24.761
29.527,24.403
29.606,23.435
32.029,23.874
30.352,23.919
33.464,23.940
32.140,23.987
31.493,23.241
27.265,23.258
27.368,22.521
26.255,22.415
25.074,22.701
26.561,20.649
31.233,22.175
31.679,23.714
31.327,22.865
31.121,23.694
28.623,23.672
30.325,23.732
32.192,23.517
30.001,23.827
29.461,23.261
27.199,23.070
28.133,22.752
25.734,21.894
25.454,21.654
24.751,21.078
28.944,21.858
33.100,22.500
30.913,23.099
25.855,24.043
28.693,23.397
27.137,22.923
25.293,22.895
23.840,23.014
28.084,22.669
31.432,21.346
31.077,23.692
31.256,22.336
31.329,22.529
30.733,23.883
29.208,23.660
30.534,24.230
31.504,23.409
31.305,23.492
31.285,22.884
29.206,22.333
24.743,22.736
24.044,22.677
26.626,22.718
29.093,22.754
30.228,21.484
24.966,21.789
28.296,21.698
25.337,23.015
30.299,22.725
30.428,22.137
29.102,21.511
28.367,20.650
30.649,19.202
31.358,19.706
29.820,20.318
29.335,21.734
29.497,21.096
30.415,20.763
30.351,18.830
30.704,17.009
32.244,20.023
33.208,19.410
33.391,19.889
34.061,20.167
34.640,21.332
35.263,21.966
35.564,20.400
33.523,21.230
34.046,18.943
33.747,19.654
33.962,22.079
34.517,20.873
33.489,20.555
33.662,18.687
32.579,17.797
33.121,17.241
33.082,17.169
33.559,16.876
33.748,17.941
32.878,18.277
33.100,17.904
33.086,17.511
32.877,19.556
33.226,17.221
32.917,19.927
32.669,18.878
32.673,18.563
32.174,19.403
32.665,17.621
31.489,15.569
31.266,16.673
31.532,17.092
31.898,14.593
31.682,17.138
31.140,18.198
30.827,18.021
31.024,18.059
30.286,15.842
30.047,15.776
29.992,14.436
29.924,14.390
30.175,14.122
30.431,12.769
31.172,13.991
30.464,13.699
30.901,13.681
30.501,14.702
31.895,16.589
30.382,17.345
29.949,15.819
30.563,14.702
29.824,13.780
30.512,12.389
29.448,15.495
28.773,15.280
28.389,15.039
29.018,14.089
29.434,12.388
29.733,13.027
29.902,15.546
29.766,15.319
29.455,15.285
29.768,12.952
29.566,11.296
28.076,15.227
27.190,13.596
28.553,14.593
29.555,15.813
29.787,16.228
30.212,16.293
31.257,16.929
32.445,16.744
31.424,14.713
29.740,12.247
28.630,11.761
27.549,11.194
27.246,10.977
27.018,9.885
27.174,11.552
27.305,13.235
28.451,15.487
28.105,14.778
29.195,12.927
28.124,14.490
27.273,10.960
27.023,11.269
28.016,12.931
27.521,12.638
27.694,12.587
27.080,11.211
26.507,9.874
26.632,9.612
26.483,7.568
25.553,11.877
26.412,12.064
27.312,11.837
27.104,9.515
24.858,9.512
24.240,8.465
25.351,7.490
24.503,7.674
23.773,8.527
23.274,8.114
23.946,7.901
25.376,9.412
27.161,9.805
28.163,9.050
29.726,9.431
29.162,11.530
27.569,11.147
28.615,9.958
28.032,12.708
27.987,10.858
21.940,9.043
22.428,6.869
23.359,7.661
23.542,7.642
24.256,9.616
25.655,9.591
25.614,10.752
25.126,10.885
26.638,10.130
26.952,9.913
27.083,11.250
27.296,11.363
28.008,13.035
28.671,15.654
29.219,15.066
31.529,15.784
30.278,16.169
28.727,12.781
25.336,13.249
25.912,9.343
25.115,10.522
25.845,9.759
26.901,10.327
29.989,13.067
31.317,14.788
31.250,16.345
31.169,15.741
31.678,16.179
29.278,17.302
22.696,11.058
26.384,8.466
27.675,12.335
28.975,13.473
28.776,13.381
31.030,14.609
31.869,13.090
29.386,15.537
28.488,11.926
29.600,13.783
32.413,13.529
29.628,10.945
30.835,11.463
32.071,14.204
33.492,13.851
34.440,15.653
33.863,14.702
35.139,14.480
35.338,16.215
35.366,15.914
36.349,17.834
34.681,14.699
33.835,15.469
34.429,13.523
34.998,14.762
34.332,13.564
32.665,14.906
34.000,17.873
35.139,19.357
34.006,17.715
34.834,16.980
35.843,18.820
35.710,16.708
35.274,15.082
34.198,16.356
34.891,17.046
33.327,18.080
34.508,16.086
36.271,18.529
33.665,18.165
32.537,18.363
32.125,15.607
34.468,17.754
35.226,19.181
36.427,18.995
36.634,16.436
34.492,15.996
35.765,18.177
36.427,17.641
38.349,18.595
38.631,21.216
37.349,16.707
36.384,18.210
36.020,19.404
34.980,18.253
36.894,17.060
38.923,18.765
39.129,19.848
39.384,19.380
37.615,19.590
37.994,19.012
37.719,19.850
37.142,18.695
35.239,20.921
35.751,20.509
36.083,20.667
35.338,23.640
38.772,24.093
38.820,24.583
39.880,23.684
42.119,22.814
41.516,24.185
40.971,23.189
41.275,23.754
41.013,24.110
40.599,22.683
39.547,21.316
40.021,23.629
39.883,22.488
40.566,22.619
41.566,22.884
40.281,23.454
39.544,21.491
38.639,22.675
38.014,22.688
39.344,22.904
40.619,22.832
41.484,25.068
42.630,24.196
42.356,23.543
43.009,25.174
42.881,24.175
42.604,23.570
42.616,25.420
41.798,25.477
40.860,24.801
41.483,24.602
40.550,24.474
39.320,24.955
39.213,25.202
40.351,25.555
39.873,26.322
39.841,25.037
40.960,24.727
40.994,25.377
40.854,26.403
41.009,27.219
40.359,27.484
39.510,28.293
40.446,27.530
41.783,28.261
40.359,25.783
37.558,25.588
33.635,26.012
33.888,25.455
36.056,24.621
33.979,25.291
35.672,24.648
36.080,25.430
40.855,26.121
38.655,26.508
32.779,25.748
26.265,24.332
33.817,23.316
35.472,24.629
35.587,24.386
35.941,24.882
36.132,25.551
37.649,25.203
36.708,26.096
33.158,26.224
34.290,25.090
35.605,24.904
34.136,25.415
35.638,25.431
34.391,25.716
36.361,25.828
33.998,26.247
35.062,25.676
31.583,24.236
32.264,24.461
27.483,24.556
30.459,24.753
28.569,24.277
28.924,23.669
28.437,23.843
31.082,24.684
27.028,23.437
27.445,23.098
23.984,23.288
30.015,23.099
27.733,24.552
26.966,24.557
28.116,24.060
28.304,24.114
30.792,23.962
29.606,24.825
29.677,23.341
33.158,23.969
29.215,24.685
29.226,23.942
29.706,23.906
26.115,24.056
24.694,23.125
26.297,22.188
29.959,21.854
27.832,23.785
32.006,23.645
25.028,22.723
28.021,23.078
28.880,22.288
29.067,23.333
25.854,23.660
24.527,22.679
25.891,22.583
25.001,23.272
27.633,22.950
28.450,23.631
26.518,23.758
25.769,23.242
26.851,22.992
29.399,23.071
29.286,23.003
30.215,23.364
30.653,22.267
31.688,22.461
23.674,22.143
28.680,21.491
30.071,22.897
26.222,23.677
28.642,23.192
29.719,22.538
29.969,21.660
30.403,21.923
30.437,22.519
32.395,21.694
30.738,22.108
30.626,22.249
30.333,22.147
30.608,22.898
31.144,21.277
31.211,20.680
30.698,20.905
29.499,19.920
31.261,19.357
32.614,20.235
35.314,21.271
36.037,22.232
34.434,22.367
34.657,23.410
35.306,22.827
37.976,23.928
36.107,22.201
36.633,23.179
36.532,22.175
37.553,20.977
37.620,20.516
24.333,22.197
29.199,21.692
29.200,22.663
29.467,22.377
26.680,21.773
22.766,21.336
29.367,21.590
24.569,22.243
25.481,21.091
28.138,20.570
29.271,21.254
29.886,21.911
28.162,21.409
32.226,20.510
31.253,19.429
31.164,22.459
29.264,21.982
28.687,21.635
29.204,21.326
31.042,21.541
31.426,20.148
31.158,19.547
31.476,19.819
31.969,18.968
31.937,19.578
31.871,18.503
32.883,18.694
33.195,19.480
33.538,19.379
32.587,18.472
32.461,17.389
31.532,16.676
32.267,16.404
30.216,18.181
30.227,18.551
30.766,19.396
31.102,17.265
30.469,16.269
30.144,15.263
29.535,14.691
28.975,13.794
29.861,15.380
29.974,17.081
30.712,16.633
29.797,16.569
29.130,15.957
29.521,15.185
28.351,15.709
27.787,15.649
28.770,16.436
28.134,16.317
26.773,14.315
27.439,14.385
27.943,14.382
27.680,14.118
26.376,14.877
27.082,12.434
26.827,12.900
27.567,13.319
28.772,11.824
28.966,11.364
28.726,11.799
28.330,12.803
28.367,14.418
29.174,12.478
29.580,12.313
29.869,12.880
29.387,12.860
28.882,14.063
28.787,15.845
28.666,14.459
29.529,12.088
28.730,11.817
28.470,13.286
28.526,14.756
28.524,13.131
28.045,12.317
27.953,10.848
28.075,10.969
26.702,12.524
26.748,10.960
27.444,10.219
27.046,12.531
26.353,10.970
27.676,10.131
27.627,9.129
26.985,9.827
26.531,10.757
26.912,10.363
26.972,10.866
25.568,10.823
23.913,9.862
24.792,9.627
24.020,11.522
25.295,12.008
25.805,11.337
25.882,12.291
26.399,12.686
23.659,9.191
23.768,9.259
23.697,11.910
23.443,9.323
24.547,10.192
24.667,12.371
23.494,12.463
25.376,11.939
24.561,9.661
23.965,10.331
24.236,10.136
26.611,11.202
25.505,10.312
23.627,9.439
21.801,9.464
22.470,8.784
24.806,9.048
26.937,11.016
25.464,8.590
25.037,10.288
24.295,9.084
23.748,6.959
23.819,9.517
24.714,11.010
20.237,15.101
24.469,13.398
24.174,11.207
25.020,12.451
25.036,11.802
26.506,11.178
27.026,11.223
26.521,11.318
27.604,9.495
27.819,9.416
26.851,10.251
27.288,11.469
28.461,12.565
28.600,11.903
28.461,12.594
29.910,12.938
30.046,13.158
27.777,13.125
26.431,8.635
24.537,8.063
25.298,7.967
24.425,7.704
25.185,10.292
24.911,10.422
24.215,9.120
23.308,8.861
24.426,7.333
26.609,11.337
27.334,8.987
28.666,9.250
29.578,11.263
25.188,16.039
28.335,13.089
27.053,14.129
27.688,13.436
31.461,15.579
30.745,16.070
29.675,10.966
28.418,11.782
26.608,12.303
28.381,11.016
27.534,10.836
29.744,12.269
29.629,12.857
31.917,15.103
31.612,17.134
32.918,17.245
30.915,14.343
31.603,15.274
31.687,13.626
31.790,15.785
32.951,15.951
33.762,16.965
35.372,17.733
36.467,16.537
34.862,15.800
34.338,15.004
35.487,16.950
35.690,14.999
32.833,13.483
35.112,15.722
36.462,16.896
35.558,18.298
34.379,16.249
34.965,17.145
37.435,18.127
36.223,17.565
36.290,16.176
36.468,17.773
36.590,17.386
36.415,17.971
35.509,18.574
36.907,19.254
38.236,19.532
38.364,17.833
36.759,17.749
36.222,20.542
36.661,19.628
36.837,19.464
37.159,15.148
38.173,16.934
38.127,17.152
38.290,18.502
39.070,19.584
40.001,22.696
40.528,20.336
39.213,21.256
38.976,20.656
36.877,19.839
35.789,20.891
37.785,20.114
38.635,24.114
39.018,21.761
39.101,22.503
39.973,22.736
40.255,23.072
41.853,25.176
41.737,24.455
42.023,24.066
41.081,24.472
40.152,23.703
39.379,21.630
39.272,21.986
37.458,21.196
38.573,23.306
40.095,22.760
41.069,25.677
40.991,25.586
39.384,23.124
38.182,22.168
37.710,22.243
37.571,22.437
37.106,22.002
37.982,24.026
37.031,23.688
35.415,23.688
38.460,23.485
39.894,24.942
40.734,24.494
40.641,24.940
41.500,23.869
42.120,25.701
40.945,24.748
42.595,24.256
42.521,25.008
44.514,26.673
44.378,26.233
42.606,29.707
42.176,26.945
41.543,25.764
41.309,25.198
42.839,25.679
43.966,25.671
43.028,27.578
43.367,28.338
44.054,27.140
44.156,26.515
44.082,27.010
42.686,26.917
42.214,26.142
40.947,26.052
41.311,26.996
39.646,25.401
37.763,24.763
36.891,25.793
37.811,25.645
40.082,24.915
38.407,24.865
37.743,25.164
36.403,26.013
39.131,26.593
39.475,26.172
38.388,26.284
37.784,26.117
39.000,25.651
38.255,25.195
38.469,25.317
38.418,25.742
38.692,25.819
37.688,24.615
37.299,24.637
36.870,24.212
35.941,24.853
33.729,25.271
37.161,24.582
37.473,24.853
39.394,25.486
38.574,26.177
37.738,25.390
36.231,26.130
33.486,26.255
38.263,25.094
38.184,26.945
34.063,25.554
34.047,25.267
35.533,25.299
34.097,25.756
34.599,25.395
29.695,25.241
30.738,24.235
31.893,23.524
32.772,23.297
33.207,23.826
26.482,23.764
23.612,21.933
23.645,22.076
27.122,23.232
29.622,23.627
27.229,24.103
27.294,23.902
31.153,22.970
28.991,24.173
