20000101
30.057,13.861
29.266,14.720
29.467,13.650
28.675,13.283
28.394,11.326
28.951,12.138
29.744,12.243
30.437,10.222
30.787,9.491
32.071,12.575
31.461,14.631
28.680,11.555
25.504,11.963
24.971,10.574
24.284,8.911
24.917,8.486
27.499,9.765
30.988,13.136
31.155,11.395
30.619,10.696
25.817,10.377
28.169,10.070
29.913,12.652
29.978,12.517
31.080,11.381
30.540,14.014
27.618,14.915
27.576,11.617
30.411,11.289
31.875,12.796
29.252,8.258
28.627,10.092
29.105,12.585
28.361,8.310
27.292,11.212
24.003,10.767
26.595,9.848
27.917,12.013
28.854,13.022
28.298,12.833
27.514,11.089
25.204,11.174
25.349,8.857
26.382,10.914
26.741,11.164
28.401,10.313
30.468,13.058
29.324,12.578
29.619,11.014
30.400,14.157
31.532,17.054
30.858,16.022
30.596,15.524
31.055,17.480
28.460,19.364
30.465,15.332
31.014,12.787
33.428,11.937
34.412,13.829
36.226,14.554
36.563,16.640
35.214,16.751
34.346,15.655
31.959,14.572
32.388,12.408
32.621,14.694
29.665,12.729
31.419,16.453
33.616,15.459
34.286,13.259
35.331,15.464
33.135,15.892
31.916,14.609
32.842,15.528
33.511,15.648
33.914,16.035
34.231,15.454
35.116,13.642
35.425,15.941
36.394,17.528
35.749,15.585
35.041,17.493
34.190,17.589
34.793,18.736
36.054,19.248
37.502,20.549
39.101,21.957
38.556,20.509
39.519,21.770
40.372,22.530
39.839,22.819
40.218,24.721
41.215,21.800
40.748,18.123
41.432,20.819
41.581,18.802
41.313,21.041
40.294,18.283
39.610,21.815
41.399,19.398
41.708,22.045
42.674,21.030
42.910,21.724
42.391,23.089
40.773,20.271
41.427,21.078
41.504,20.403
41.774,20.461
41.558,19.966
42.231,22.361
41.535,21.845
40.803,22.015
40.327,21.822
40.919,23.646
40.836,23.379
42.082,23.680
43.045,24.232
42.852,24.135
42.675,25.030
42.749,25.346
42.374,25.512
42.391,23.661
43.793,23.667
43.524,23.905
42.599,23.068
43.388,22.696
43.288,27.319
42.766,25.577
42.596,26.317
42.313,26.127
42.095,26.278
41.093,28.254
39.737,27.304
37.544,24.307
38.277,24.948
39.950,26.189
40.408,27.020
39.395,25.917
41.095,26.101
40.595,25.899
40.846,26.896
42.252,26.274
43.245,27.725
42.369,27.259
41.958,27.332
41.674,26.743
41.490,26.588
41.945,26.387
41.720,26.459
41.996,28.351
39.227,28.696
38.742,27.996
41.728,27.881
42.148,27.524
42.570,28.358
43.491,29.921
41.783,29.408
45.603,29.573
45.349,31.285
44.174,28.682
44.148,28.906
42.646,27.530
42.449,27.127
42.147,27.227
40.626,27.752
40.410,27.580
40.352,27.084
41.755,27.056
41.651,26.373
42.426,25.783
42.695,26.223
41.973,27.374
40.528,27.833
38.698,26.961
39.571,26.719
39.614,25.913
39.590,26.187
39.480,25.757
39.866,26.286
39.855,27.361
40.186,27.458
40.180,28.555
36.431,26.950
31.111,26.423
37.985,25.097
34.194,26.552
37.270,26.202
38.581,27.106
37.998,27.322
34.502,26.787
34.270,27.134
36.403,26.307
34.104,26.522
36.257,26.817
33.948,26.954
28.553,24.692
25.131,23.588
28.280,23.731
30.842,23.793
33.188,24.252
32.451,24.184
34.907,23.997
27.042,24.112
29.667,23.402
32.944,23.812
35.102,23.305
35.256,23.455
36.507,23.541
37.487,24.283
38.023,24.664
30.338,26.401
33.816,25.967
36.609,25.254
36.509,25.874
36.294,25.373
33.004,24.139
34.767,23.958
37.192,23.640
37.669,24.830
38.540,24.693
37.014,26.465
37.963,26.566
36.716,26.986
35.810,25.417
35.419,26.825
29.257,25.130
29.343,23.854
30.491,24.233
31.816,23.246
26.888,24.577
33.325,24.065
27.201,22.878
27.020,23.630
29.744,23.270
34.760,23.151
37.699,24.419
36.062,25.291
37.701,27.254
37.755,26.773
34.002,24.926
33.528,25.040
34.140,24.678
33.171,25.250
27.175,24.883
30.329,24.015
33.600,24.657
36.435,24.019
33.775,23.367
28.604,24.235
35.799,22.019
34.249,22.294
35.980,21.730
35.486,22.514
36.003,22.275
35.596,21.779
35.708,20.743
36.389,20.711
37.672,21.999
37.200,21.792
34.532,21.643
36.864,20.455
35.438,19.689
36.131,20.998
36.775,20.131
40.229,22.996
38.978,22.881
36.887,25.047
38.595,24.493
38.132,21.884
38.223,23.690
39.173,21.959
40.441,23.648
39.644,23.935
39.824,19.626
40.950,21.949
40.000,22.356
40.998,25.541
40.539,22.203
41.754,20.612
39.785,20.414
39.313,23.021
37.850,24.941
33.228,20.759
39.921,21.729
39.466,23.284
38.427,22.214
37.967,23.084
37.571,23.067
38.455,16.389
39.806,21.097
40.817,20.504
39.921,20.041
39.697,22.522
39.274,18.974
39.182,18.099
37.077,15.854
35.943,15.653
35.541,16.895
36.182,18.242
36.570,17.720
37.417,21.794
37.911,20.643
37.130,19.662
36.964,18.811
35.833,16.668
35.557,17.670
35.937,20.097
35.035,18.825
35.965,19.285
35.094,18.576
33.845,17.523
34.076,15.945
34.510,18.155
35.223,20.431
35.732,22.060
36.378,20.952
34.467,19.053
34.509,16.653
35.580,21.028
34.397,19.423
34.577,19.863
33.787,17.334
33.570,16.325
31.476,15.912
31.761,14.890
32.287,14.120
33.190,14.671
32.670,13.034
33.176,18.383
31.872,18.224
31.386,17.467
30.706,15.323
30.086,16.592
29.578,15.060
29.476,13.638
28.651,13.487
29.127,12.807
29.677,12.887
30.947,12.774
31.809,13.452
32.384,14.565
32.685,16.983
32.537,14.021
32.399,16.594
31.028,12.951
30.941,11.777
30.735,12.532
31.458,13.843
31.595,14.894
31.409,14.996
31.564,13.597
31.429,13.817
30.679,15.094
29.219,14.504
29.368,13.017
30.604,14.055
31.300,14.425
30.648,12.915
31.577,14.382
31.126,13.789
31.407,15.067
30.535,13.830
29.497,12.666
30.366,13.779
20.697,15.604
25.082,12.438
24.597,6.605
25.544,8.585
26.965,11.097
26.874,10.840
26.751,11.588
28.879,11.770
27.358,13.035
25.494,10.244
26.250,10.453
27.656,11.138
28.441,12.661
28.216,10.966
28.372,12.140
28.778,12.134
29.262,12.864
30.087,15.056
30.890,15.557
30.858,14.190
31.485,12.305
31.200,14.237
28.031,12.457
27.390,10.138
27.509,9.841
28.878,10.322
29.083,9.456
30.092,11.343
31.778,12.589
31.858,14.890
30.965,10.950
29.800,13.643
29.521,12.254
30.506,11.587
29.464,11.161
28.788,8.486
29.090,9.571
29.461,8.986
30.388,10.820
31.081,9.657
32.416,13.448
33.001,13.534
31.439,11.800
31.544,12.439
33.521,13.796
34.879,18.706
29.305,12.191
28.643,12.512
30.588,12.188
31.775,14.977
33.418,16.851
34.361,17.073
34.422,17.238
32.872,14.258
34.591,14.728
35.420,16.167
34.722,15.300
33.590,16.109
33.255,17.696
33.333,17.465
32.826,17.545
33.513,17.570
32.258,17.917
33.982,16.833
33.635,19.892
32.893,16.815
33.197,17.346
34.398,13.232
35.990,16.481
36.835,19.133
37.272,20.513
36.157,20.160
33.956,18.861
34.565,14.319
35.627,15.172
35.729,20.109
37.415,22.964
36.915,20.076
37.603,16.537
38.384,21.745
36.376,20.482
35.796,18.329
35.920,19.526
34.561,21.683
36.178,20.156
37.077,19.141
36.919,20.450
37.532,20.919
35.149,20.855
33.660,16.392
33.867,15.022
35.221,17.247
36.836,22.505
37.913,20.053
39.014,19.025
39.938,16.134
40.145,20.352
39.782,19.231
40.477,19.739
40.109,21.887
38.891,18.163
38.441,17.510
38.383,19.168
38.049,19.616
36.711,24.515
37.584,22.695
36.973,23.364
36.935,21.506
35.472,24.218
35.960,20.944
35.423,21.427
38.506,22.780
39.460,19.276
40.853,19.924
42.177,19.672
43.360,22.625
42.695,24.041
42.330,21.105
41.262,21.863
41.374,21.411
42.923,22.062
43.411,23.607
44.454,24.211
43.196,24.295
43.540,24.489
44.263,24.646
44.525,24.236
44.042,24.189
42.982,24.051
41.798,23.861
41.029,25.332
42.375,25.590
42.125,24.378
43.028,24.323
42.894,24.395
41.734,23.820
40.863,24.820
41.002,25.809
40.245,25.921
39.489,25.741
38.870,25.670
40.040,26.071
41.266,26.245
41.515,27.243
43.397,26.917
44.379,27.648
42.938,29.009
41.920,27.719
40.703,27.076
41.035,27.751
37.118,25.871
35.197,25.964
36.528,26.157
37.800,26.534
38.071,26.564
37.212,26.567
37.894,26.794
39.578,26.681
37.585,27.197
39.446,27.251
39.899,27.856
41.487,27.919
39.368,29.056
38.703,27.289
36.719,26.364
39.245,25.730
32.215,26.362
34.673,25.514
32.901,25.169
35.302,24.320
37.993,25.958
39.868,26.438
38.601,26.594
38.974,25.859
39.318,25.405
40.315,26.515
40.401,26.904
40.377,26.668
40.446,26.845
39.891,26.279
38.321,26.132
38.061,26.354
36.062,26.651
33.013,28.083
34.435,26.395
36.515,25.810
27.162,25.377
30.635,24.904
34.614,24.220
36.772,24.860
33.660,26.304
33.154,26.403
33.689,25.206
26.342,24.032
30.450,24.343
30.179,24.330
32.519,23.978
27.740,24.820
27.128,25.004
26.416,24.392
27.287,24.429
31.493,24.904
30.969,24.684
28.594,24.419
31.760,24.182
31.643,24.809
32.433,23.892
30.958,24.513
30.938,24.292
32.481,24.394
32.084,24.768
31.954,24.988
28.992,24.562
34.261,24.561
35.078,24.726
35.088,24.411
35.375,23.018
38.200,25.912
33.720,25.602
35.615,24.439
29.026,25.817
31.392,25.308
31.028,24.938
32.246,24.565
31.059,25.605
32.424,24.346
30.432,24.918
33.830,24.885
34.183,25.192
32.833,24.834
24.469,23.474
33.688,23.172
33.835,22.164
33.800,23.188
34.790,23.330
30.741,23.980
33.246,23.374
33.600,24.045
33.838,24.051
34.586,22.885
35.459,22.671
35.447,22.722
34.720,22.820
34.265,22.483
36.133,21.948
37.240,23.491
36.827,23.172
37.371,22.906
37.516,23.390
36.572,23.756
36.143,23.183
35.934,22.943
34.042,22.040
36.846,22.712
36.011,22.589
36.606,22.824
37.492,22.140
36.520,22.055
35.924,23.339
38.899,22.180
39.297,22.645
39.057,23.655
38.091,21.852
37.447,21.295
35.382,25.963
37.262,24.486
41.448,28.217
38.645,26.207
38.785,22.462
39.251,26.783
37.829,25.728
40.474,23.600
42.263,22.043
40.597,21.064
42.681,21.498
40.659,20.990
36.401,23.848
33.879,23.764
37.310,22.197
39.749,23.710
37.159,22.688
39.542,26.647
39.358,27.454
39.367,25.938
36.278,24.058
29.744,23.632
25.481,21.903
32.334,22.230
35.596,22.591
35.604,23.789
35.881,21.964
38.433,20.916
36.742,21.916
37.074,19.772
36.759,17.462
36.328,17.128
37.170,17.558
37.768,21.442
38.536,21.935
37.726,20.097
37.406,17.143
38.774,18.573
38.329,19.147
38.590,19.244
37.565,20.880
36.713,21.564
37.034,18.734
36.812,19.157
35.868,17.526
35.110,15.831
34.353,15.845
34.537,15.442
34.930,20.233
33.766,18.981
32.915,18.350
33.037,16.287
33.730,16.964
33.838,17.344
34.698,17.561
34.308,16.782
33.570,17.195
34.335,17.293
34.629,18.977
36.000,20.564
35.083,18.602
34.960,19.364
33.955,19.550
33.781,18.909
32.581,17.518
31.728,16.062
31.456,15.735
30.688,14.690
30.571,15.040
30.583,15.158
29.976,14.383
30.685,14.391
31.188,15.111
31.058,15.537
31.149,15.059
31.101,13.893
30.817,13.821
31.906,15.807
32.474,15.382
33.285,14.020
33.383,15.326
32.015,13.700
32.253,15.328
30.751,16.493
31.165,15.597
31.042,15.149
30.495,14.345
30.290,15.026
31.582,16.049
31.388,16.446
30.944,16.455
29.544,14.637
29.583,14.506
29.088,13.122
29.074,11.655
29.279,12.115
29.331,12.691
29.686,11.430
29.918,14.830
28.673,14.292
29.068,13.093
28.456,13.375
28.657,12.969
28.319,13.238
29.086,13.403
28.180,13.171
27.735,13.267
27.359,12.308
28.420,12.868
28.623,12.592
28.303,13.307
27.460,13.173
29.314,13.062
30.700,12.932
31.379,13.591
31.534,13.252
30.733,12.401
30.060,13.713
26.441,12.165
26.369,10.932
23.678,10.292
24.255,9.971
24.675,10.540
25.175,10.063
25.381,9.983
27.820,10.170
27.432,10.655
26.577,11.673
26.080,12.549
24.467,10.450
24.364,9.500
24.745,9.713
24.940,10.020
27.413,10.052
28.686,10.976
29.198,12.254
28.478,13.396
30.231,13.498
30.676,12.662
29.337,13.876
25.586,10.837
24.414,8.171
26.411,9.477
20.532,11.963
26.134,11.919
29.296,10.382
30.637,13.412
31.971,13.916
33.003,15.087
33.245,15.487
33.466,14.455
32.705,18.745
33.372,19.195
33.370,18.800
33.834,15.099
33.584,16.531
31.963,18.296
32.623,13.730
31.762,15.647
33.857,17.875
34.555,17.981
34.947,17.112
36.245,20.114
31.325,16.890
32.831,16.439
33.153,17.351
34.068,16.942
34.527,16.902
34.905,18.616
33.158,15.205
32.276,16.047
35.177,19.499
35.548,20.932
34.250,22.831
35.195,16.196
31.062,20.838
34.248,16.135
36.010,16.857
38.884,16.209
40.559,18.556
39.508,20.941
39.110,20.296
36.234,21.693
37.724,22.094
38.660,17.180
37.200,20.521
36.145,17.861
38.856,19.186
37.598,21.149
37.781,21.588
38.860,20.576
39.685,17.057
40.769,19.341
41.214,21.358
40.933,23.908
39.958,19.735
40.377,19.321
40.702,20.750
40.838,24.435
36.115,25.730
34.843,23.389
37.565,20.955
38.547,20.382
38.885,19.919
41.062,20.232
39.995,21.526
39.422,22.014
38.130,21.161
38.339,19.344
39.144,19.398
39.776,22.111
41.634,22.466
41.002,26.199
41.045,21.913
41.446,21.430
41.282,22.854
40.239,23.312
40.214,21.529
42.056,17.505
43.317,23.120
43.597,23.236
44.425,23.784
44.553,23.489
43.848,23.864
44.478,25.005
45.548,25.929
45.977,24.584
46.248,29.387
44.842,22.734
43.504,23.407
42.567,22.823
43.342,25.855
43.182,28.569
43.087,28.039
43.512,26.165
43.876,27.240
43.554,27.534
43.228,27.363
43.495,27.149
41.609,30.118
44.025,27.332
41.894,25.509
42.035,25.826
43.043,26.431
43.522,27.544
43.054,26.986
42.538,26.826
42.291,26.789
41.069,25.283
40.892,24.927
40.988,25.859
41.305,26.797
42.513,27.539
42.634,27.226
42.080,27.467
42.309,26.812
42.809,27.400
42.846,27.132
43.361,27.141
42.238,26.605
42.273,27.877
42.867,26.906
42.697,27.796
44.334,28.184
43.751,29.713
44.709,30.394
44.244,29.793
41.847,30.476
40.879,30.729
42.424,28.980
37.879,27.548
39.895,28.425
40.298,28.394
39.999,28.498
39.248,28.141
42.088,27.751
43.268,28.602
42.596,28.518
40.788,28.740
42.271,29.627
33.792,28.177
33.491,26.773
26.480,24.546
31.563,24.422
36.382,24.737
37.433,25.130
38.166,25.690
37.829,26.683
39.995,26.752
39.019,26.498
39.047,26.581
39.197,26.908
39.396,26.416
38.119,27.505
40.506,26.034
41.400,26.298
38.486,26.689
37.595,26.263
29.450,26.625
29.208,26.189
32.553,25.332
31.570,25.374
29.193,25.835
30.322,24.783
33.337,25.394
27.541,25.258
27.846,25.474
27.899,25.531
27.824,25.569
28.953,24.979
37.319,24.861
37.899,24.262
39.131,25.181
39.727,24.478
40.661,24.580
39.591,25.877
38.454,27.454
40.188,27.391
34.598,26.626
28.880,24.133
30.381,23.713
30.078,23.219
28.725,23.135
28.798,23.264
33.686,23.616
31.139,24.079
26.275,24.589
25.560,24.118
25.405,24.312
29.821,24.166
34.735,23.341
30.574,23.770
34.858,23.482
32.101,24.717
36.306,22.906
35.418,23.052
36.659,23.957
36.352,24.720
35.314,24.653
31.647,25.461
28.120,23.668
32.919,22.544
34.162,21.923
34.653,22.814
27.335,23.659
31.140,23.256
32.983,23.346
33.042,23.829
32.409,24.567
34.360,24.303
36.476,23.648
36.754,24.235
35.483,21.893
35.500,21.471
34.996,20.677
37.086,21.061
33.330,21.922
37.761,21.190
37.541,21.375
36.491,18.964
36.390,20.133
35.685,20.713
35.087,20.295
35.721,21.344
35.528,20.556
38.525,22.043
39.335,23.906
37.326,22.561
38.909,25.067
37.636,24.781
37.148,24.614
37.440,22.859
39.354,26.350
39.728,22.448
38.367,25.109
38.812,22.639
39.705,21.239
39.714,23.112
39.018,20.817
39.769,18.185
39.476,19.129
40.038,18.462
40.694,18.772
41.131,19.484
40.430,21.137
39.134,21.988
39.281,21.966
39.523,21.002
39.718,19.556
40.237,22.630
39.592,24.128
38.703,24.571
37.699,22.564
38.531,19.990
37.708,17.071
36.963,18.294
36.698,17.070
36.906,17.321
36.277,16.189
36.653,17.598
38.151,20.750
37.336,21.050
36.287,19.754
36.228,15.864
36.505,15.909
35.497,16.159
36.122,18.683
36.932,18.810
36.374,18.665
35.972,17.300
36.115,16.962
35.346,15.635
33.273,17.969
31.289,19.387
34.206,19.060
34.614,20.746
33.728,21.351
28.317,19.438
31.385,16.898
33.080,17.262
32.499,19.226
32.791,15.752
34.013,16.764
35.108,17.254
35.409,18.685
34.350,18.970
33.807,17.606
34.771,19.134
33.871,17.670
33.177,17.284
28.190,18.324
33.544,13.148
33.534,15.558
33.049,15.193
30.716,12.346
31.950,15.396
31.917,14.086
32.295,16.102
31.908,16.159
31.953,15.540
31.003,12.511
30.520,14.348
31.937,15.998
31.735,16.420
32.033,17.162
31.888,15.436
31.175,13.855
30.797,11.502
31.306,11.809
32.682,15.506
33.985,18.329
33.791,18.136
34.070,18.659
33.658,14.908
31.713,13.391
30.368,13.777
29.713,13.966
29.981,12.714
29.921,10.963
31.502,12.387
28.039,13.122
26.972,12.684
27.676,11.557
28.226,13.295
26.664,12.604
27.603,11.467
26.737,15.593
23.427,11.644
24.437,8.848
24.516,9.801
25.988,11.995
26.427,13.131
28.631,13.049
30.207,12.133
29.293,14.831
28.690,11.397
29.444,14.134
30.539,16.594
29.687,15.226
30.397,16.362
29.652,15.653
29.908,12.675
30.415,12.993
30.405,14.295
29.072,13.599
29.455,13.804
28.853,12.950
29.593,15.828
30.769,15.278
30.816,14.430
31.416,13.523
31.788,12.758
32.146,13.468
33.368,17.378
33.408,19.297
29.961,15.632
29.683,13.949
29.989,11.500
25.626,16.452
27.124,11.744
28.108,14.381
28.631,14.030
28.555,14.161
30.079,13.766
31.449,14.459
31.627,11.705
30.101,14.622
30.878,15.037
31.864,16.170
31.088,17.187
31.273,15.955
31.295,14.566
32.654,16.492
34.008,17.917
34.313,15.602
31.417,17.484
25.958,18.966
27.863,14.789
29.978,12.331
31.342,16.055
32.566,17.476
33.956,17.918
33.882,17.968
34.317,19.071
34.974,16.992
35.227,17.727
36.059,18.704
36.108,19.417
33.554,20.690
28.874,15.935
28.854,9.222
31.010,11.664
33.375,15.085
34.051,15.863
34.404,17.410
36.150,16.814
35.502,17.590
34.025,17.261
34.187,16.726
35.695,18.057
37.139,20.945
36.266,16.601
35.339,16.530
35.161,21.464
35.636,16.773
35.993,18.270
36.456,18.638
38.782,20.662
38.376,16.733
38.620,19.300
39.662,20.036
40.125,25.443
40.130,24.915
39.296,21.314
39.209,22.402
38.063,19.599
37.559,20.152
39.412,21.120
39.666,23.546
41.059,20.194
39.814,20.806
38.971,20.977
38.295,21.037
40.145,22.714
40.281,24.922
40.161,22.352
40.754,18.660
40.284,23.222
41.554,21.033
39.416,25.787
37.607,20.557
37.719,19.449
39.064,22.450
38.674,22.128
40.977,24.406
39.482,24.199
37.424,22.531
38.616,19.939
41.513,22.301
41.865,24.328
43.015,22.446
40.926,22.756
40.672,20.897
41.504,22.492
41.646,21.999
42.469,20.539
43.270,23.353
44.571,24.961
43.533,25.635
41.316,21.286
38.904,23.621
39.856,17.583
39.904,19.032
40.014,21.588
40.472,21.862
40.584,19.573
41.990,22.240
43.798,23.886
43.991,25.207
44.031,26.360
43.864,26.397
43.652,25.680
43.831,24.583
43.892,28.501
43.656,27.252
42.457,27.166
41.884,26.028
41.802,25.844
41.477,25.807
40.387,25.458
41.217,25.982
42.437,25.872
40.701,26.474
39.690,24.398
40.378,26.659
41.784,25.170
42.610,26.730
42.806,26.827
42.742,26.175
42.344,25.866
43.270,29.015
43.449,29.342
44.221,26.864
42.797,26.878
42.598,27.322
42.076,27.743
41.778,27.531
42.792,27.815
42.205,27.408
42.295,27.065
43.155,27.721
42.097,28.022
42.589,27.532
39.076,28.387
39.502,29.198
38.859,27.150
29.548,26.055
31.393,25.330
35.112,26.636
40.099,26.631
41.548,27.684
40.743,26.978
39.836,28.301
31.488,27.735
36.457,26.881
37.618,27.065
38.046,26.692
39.326,26.659
37.983,26.254
37.294,26.977
38.618,27.170
36.927,26.135
35.731,26.946
28.249,26.390
31.075,26.047
34.160,25.961
33.695,25.413
28.999,25.290
29.262,24.823
31.980,24.928
33.930,25.438
35.681,25.536
36.071,26.250
34.905,26.485
27.785,25.001
31.244,25.182
33.968,25.752
34.623,25.388
32.537,25.727
32.551,25.279
29.247,24.760
30.215,25.293
26.490,24.967
27.665,24.572
30.407,24.122
32.837,24.919
26.233,24.260
29.754,24.215
27.919,24.188
30.374,23.872
29.073,23.781
30.270,23.517
29.363,23.157
29.249,23.657
30.582,24.511
34.151,24.045
34.560,24.409
29.807,25.885
32.001,25.562
31.148,24.615
27.356,24.369
32.526,23.867
33.944,24.190
33.106,23.227
34.374,24.482
31.855,24.606
33.812,24.329
32.608,23.818
31.667,23.766
35.664,23.223
36.456,23.818
38.062,24.571
36.087,25.678
33.004,24.465
28.539,23.926
26.258,23.413
29.982,23.195
32.384,23.905
32.207,23.310
25.584,23.940
28.960,23.456
26.531,23.643
28.811,23.378
31.565,23.830
32.584,23.368
32.568,22.718
31.743,21.416
30.231,22.455
34.226,21.893
34.676,22.417
34.849,23.638
33.166,24.492
34.123,21.371
34.324,21.988
32.690,21.317
31.922,22.746
34.051,24.001
32.440,21.911
33.680,23.763
33.132,23.147
37.642,22.698
35.951,22.381
35.584,22.997
34.672,22.855
34.671,22.964
34.746,24.901
35.480,23.921
36.125,24.513
34.793,23.953
36.124,24.569
36.017,23.530
37.912,23.407
36.682,23.382
36.538,24.403
39.276,22.299
38.786,18.586
35.716,20.942
37.765,21.536
37.560,25.506
37.399,24.229
37.051,20.819
35.376,18.495
35.735,18.187
36.337,17.730
36.868,21.104
36.316,17.170
35.968,18.941
37.091,20.749
37.316,20.571
36.416,19.869
36.430,20.189
36.016,18.229
35.315,18.121
34.934,19.023
35.239,19.021
35.420,17.671
36.314,17.130
35.807,19.580
35.111,19.959
36.156,20.248
35.485,19.848
33.907,18.574
35.165,15.824
34.719,17.570
35.195,19.752
34.520,18.407
35.460,21.987
34.605,17.231
33.789,16.860
33.578,16.613
33.879,19.078
34.172,20.571
33.577,15.762
33.105,17.625
32.365,17.515
31.317,17.575
32.006,14.880
32.080,14.219
31.633,17.666
32.550,17.785
31.343,17.267
30.728,15.349
31.721,14.674
31.593,15.722
31.220,13.576
32.442,15.488
32.409,18.786
31.910,16.938
32.326,15.303
31.661,14.122
31.801,17.319
31.062,14.285
31.895,15.615
31.639,13.104
31.641,14.095
31.843,14.662
32.081,13.999
32.435,15.043
32.404,14.961
32.600,16.416
31.050,15.136
30.842,17.257
31.161,15.958
30.696,14.765
30.396,15.302
29.949,15.155
29.373,16.157
25.291,13.155
26.163,10.584
27.357,11.805
28.075,12.641
28.353,13.575
27.892,13.254
27.965,13.484
26.902,9.464
27.875,11.982
26.561,11.602
25.997,9.891
23.920,9.283
24.893,10.515
26.219,10.837
27.838,11.650
28.032,10.051
27.075,9.731
26.341,10.485
27.144,11.249
27.719,13.764
27.965,14.890
27.215,14.397
25.405,14.016
28.443,14.189
28.674,13.776
29.690,13.292
29.894,13.591
31.093,13.583
30.749,11.366
31.461,14.369
31.748,13.034
32.450,14.178
28.354,11.252
28.928,8.365
27.125,11.832
28.030,14.460
25.301,14.845
24.965,10.646
24.125,11.573
26.104,11.041
26.005,11.956
26.777,11.540
27.351,12.294
27.344,12.222
28.130,12.753
20.474,10.572
25.183,9.915
24.179,11.118
25.567,10.745
28.297,9.991
28.440,10.222
28.200,9.300
29.785,11.076
29.735,12.270
31.285,12.285
30.049,9.513
28.833,14.414
28.470,10.328
31.099,13.419
32.705,16.290
31.995,15.822
32.129,15.578
33.576,15.614
33.605,11.632
31.240,10.596
33.172,12.618
33.216,16.723
33.638,14.200
34.189,14.920
34.832,17.443
36.257,17.551
36.081,18.465
35.812,15.767
34.453,13.974
34.714,13.673
33.949,12.469
34.507,17.895
36.272,17.869
36.020,18.145
36.812,18.503
36.947,21.258
37.375,19.580
37.875,19.228
38.965,18.601
38.156,20.244
37.709,18.305
38.579,18.136
39.193,19.738
39.701,20.145
39.389,17.932
40.882,20.298
40.819,19.514
40.850,21.168
40.595,22.974
40.466,20.095
40.320,17.028
40.392,17.429
39.907,17.804
39.032,20.406
37.131,20.340
35.030,15.943
34.821,13.938
37.108,16.308
39.024,20.263
38.680,17.822
38.619,18.227
37.874,19.498
36.376,19.536
37.711,17.809
38.453,18.965
39.845,20.899
39.612,22.289
39.703,21.542
39.693,18.874
39.724,22.219
39.508,20.460
39.387,18.827
40.934,20.345
40.419,20.343
41.610,20.676
41.426,21.999
40.811,22.353
40.504,20.586
38.238,21.666
38.275,21.199
38.662,20.505
40.748,21.628
40.760,20.699
41.059,21.926
40.883,21.183
41.381,21.565
42.131,21.569
42.436,22.047
41.635,23.590
42.114,22.151
40.433,22.596
40.306,23.873
40.456,20.855
40.715,21.858
42.523,24.433
44.708,26.360
45.488,26.697
45.172,25.669
38.894,26.860
36.686,28.873
37.579,27.952
31.902,26.131
37.504,25.313
37.359,26.166
37.733,26.726
39.736,25.871
40.366,25.484
41.314,25.432
43.951,28.022
43.251,26.785
42.971,25.464
42.044,25.860
41.328,25.297
41.129,25.836
41.450,25.878
40.991,25.945
41.460,26.384
40.838,25.956
41.461,25.465
41.828,24.682
42.530,25.700
43.421,26.144
42.504,26.694
43.122,28.025
44.026,28.282
42.425,27.502
42.812,27.237
42.879,27.455
42.412,26.483
41.456,27.065
39.318,28.203
38.644,29.130
42.427,26.908
42.770,28.090
42.307,28.967
40.118,28.264
40.714,28.608
34.866,28.448
33.967,27.836
38.699,26.902
33.420,26.713
39.008,25.610
39.061,26.586
39.141,26.858
39.339,26.461
38.391,25.983
33.155,26.648
34.801,26.039
33.351,26.240
36.493,25.497
34.751,26.037
34.820,25.165
36.424,25.625
38.241,25.356
36.975,26.141
40.630,26.717
36.553,27.162
36.879,27.672
34.258,25.995
34.843,26.104
33.865,25.981
32.204,25.291
36.772,24.585
30.146,25.395
37.182,24.911
37.596,24.560
38.630,25.368
39.025,26.388
40.212,26.893
37.949,28.425
36.951,26.939
37.202,25.316
37.393,25.748
38.778,25.181
36.249,25.458
38.310,25.364
39.703,25.234
39.577,27.075
37.710,26.074
33.580,26.230
37.048,27.281
35.885,27.768
35.881,26.256
30.007,25.100
33.971,24.157
28.155,24.290
32.790,24.045
34.473,25.596
35.414,27.734
34.104,26.125
28.084,24.650
26.435,23.719
31.405,23.889
29.835,23.845
29.558,24.426
25.258,22.170
25.682,22.210
25.347,23.362
31.582,23.502
33.214,23.161
29.138,23.174
32.018,23.967
32.395,23.471
29.459,23.096
31.456,23.220
34.827,23.348
33.579,24.134
29.427,24.040
34.838,22.244
34.714,22.550
34.727,22.286
35.443,22.116
35.847,22.480
35.837,22.010
35.128,21.647
35.199,21.464
34.278,21.661
33.700,22.874
34.177,24.599
34.839,21.842
38.125,21.865
38.916,23.970
38.742,24.099
36.687,23.897
36.221,22.398
36.470,25.538
34.817,21.575
36.130,22.162
34.365,22.589
34.471,22.921
32.678,21.686
35.198,22.983
37.673,23.694
35.059,24.620
37.705,24.125
39.641,23.145
39.971,24.653
37.379,26.431
39.435,23.588
36.000,25.381
35.430,24.199
37.621,23.836
38.222,24.466
37.725,25.918
29.666,23.956
34.761,23.879
31.115,23.513
30.470,21.772
31.585,22.732
32.155,23.709
35.326,22.246
34.708,23.444
34.729,22.148
32.596,21.688
30.602,22.217
33.352,19.968
33.562,18.000
33.832,18.714
34.982,19.480
33.580,18.286
33.584,17.934
33.807,15.264
35.385,16.061
33.973,18.598
35.125,19.272
35.727,17.668
35.319,19.667
34.836,19.555
35.178,18.540
35.492,19.597
34.577,19.863
34.534,18.686
33.540,20.282
33.611,19.867
33.425,18.182
32.597,17.991
33.165,17.978
33.267,19.252
32.539,19.647
32.173,19.787
32.527,19.358
31.921,19.162
32.646,19.292
33.419,17.906
32.962,17.784
33.573,19.442
32.211,20.382
32.405,15.537
33.373,18.336
33.346,18.131
33.992,19.156
33.786,19.037
33.696,19.499
34.357,20.818
33.478,18.955
33.080,18.649
33.131,14.999
32.794,15.722
32.440,15.984
32.515,18.460
32.710,15.818
31.784,17.814
32.006,19.349
32.655,18.537
30.984,17.359
30.287,12.342
28.194,16.211
29.683,17.098
31.085,17.218
29.852,17.236
30.896,16.478
30.709,16.986
31.015,17.048
32.358,17.114
32.439,18.195
32.304,17.333
32.159,18.007
32.191,17.322
32.301,16.849
31.733,16.121
31.434,16.464
31.823,15.851
32.345,16.273
31.169,15.033
29.368,11.887
28.052,12.922
28.129,13.652
27.858,12.140
27.180,10.648
25.738,13.382
27.415,14.908
26.580,11.881
28.159,12.573
30.269,15.210
30.015,16.084
29.888,16.782
26.185,14.580
24.035,6.091
25.195,9.924
26.606,10.439
27.880,11.344
28.528,12.726
27.910,12.162
28.397,11.924
28.536,12.349
27.829,10.701
26.797,10.454
26.617,10.907
27.383,11.856
27.795,11.505
28.387,12.004
28.024,14.910
26.859,11.089
23.576,9.358
23.527,9.454
25.584,9.892
26.682,11.058
25.442,13.112
26.173,7.653
25.285,10.930
27.817,11.461
25.435,13.864
26.953,10.824
26.239,12.391
25.141,11.902
25.947,10.389
26.278,11.187
26.329,12.599
26.356,12.200
27.466,11.110
28.151,12.236
26.830,8.155
29.322,11.614
29.951,9.858
28.928,11.791
30.503,13.472
32.231,16.827
34.374,19.539
32.419,14.803
32.621,13.088
32.750,17.816
33.197,15.346
32.250,15.357
29.289,14.142
26.097,11.611
25.843,6.563
22.931,7.392
24.961,6.759
25.544,9.699
27.145,10.987
29.190,11.299
31.401,13.714
33.526,15.853
33.175,16.111
35.943,18.124
35.255,21.039
35.076,19.531
35.781,21.277
34.960,17.059
34.080,18.799
32.828,13.798
34.076,15.368
32.583,19.559
33.189,13.714
31.520,17.786
30.783,14.534
32.046,16.520
34.249,17.883
36.591,18.752
37.241,17.546
37.847,17.700
37.519,17.045
38.224,16.178
37.648,15.119
37.612,15.909
36.914,15.815
35.516,17.340
33.556,17.093
34.172,15.797
34.024,18.218
36.285,15.953
37.655,21.250
35.759,17.898
37.999,17.510
37.413,15.638
35.898,19.634
36.531,20.523
37.817,20.170
38.976,20.234
39.802,20.583
40.941,23.255
41.844,21.951
41.208,19.466
38.790,19.385
35.961,16.713
35.235,14.506
34.572,16.026
37.689,17.611
40.210,19.548
39.434,21.493
39.875,20.881
39.620,18.769
39.874,20.042
40.556,18.158
40.213,17.897
40.848,18.715
42.310,21.611
41.623,24.944
40.223,22.685
39.756,23.624
40.119,21.421
39.468,21.686
40.460,21.904
39.974,21.658
39.850,20.995
39.215,23.222
37.699,22.779
39.349,26.109
38.564,23.856
37.797,22.895
37.749,23.106
38.106,23.378
40.284,24.393
40.750,25.155
40.126,24.664
39.999,22.433
40.184,21.912
39.057,19.563
40.368,20.714
41.236,21.915
41.708,21.194
42.339,22.900
42.847,24.215
41.110,25.096
42.231,23.767
43.284,25.500
43.926,25.020
44.012,26.001
41.396,25.310
42.198,26.642
42.391,27.250
41.847,26.646
41.263,27.117
41.461,26.699
41.984,29.385
39.251,26.407
41.450,26.009
41.963,25.151
41.524,26.760
42.383,28.907
41.995,25.910
42.864,27.705
44.189,26.418
43.217,26.365
41.584,26.080
41.968,26.615
42.890,27.078
43.238,25.893
42.717,27.832
41.646,27.087
39.291,27.815
41.012,26.788
41.571,28.175
41.465,27.385
40.904,27.248
40.939,26.326
39.225,29.213
39.628,28.902
39.402,27.891
39.980,27.433
39.703,27.383
39.324,27.084
38.045,26.902
35.939,26.793
37.976,25.880
34.937,26.420
38.575,26.805
38.369,26.385
33.298,26.348
33.889,25.861
29.181,25.280
34.938,24.940
36.875,25.346
37.993,25.369
35.980,26.330
38.536,26.928
37.750,27.261
33.211,26.907
37.410,26.665
28.363,25.726
34.575,25.112
33.539,25.985
34.243,25.787
28.072,26.067
30.747,26.103
36.805,25.612
37.529,26.622
37.313,25.923
35.151,25.482
37.620,25.309
39.177,25.099
38.887,25.336
39.632,25.809
39.126,26.835
33.546,25.403
30.075,25.603
27.175,23.689
29.702,24.737
35.426,24.566
33.419,26.478
31.196,24.964
29.394,24.542
29.622,24.424
31.378,24.672
26.693,24.400
27.261,24.246
29.266,24.157
31.851,23.112
30.610,23.984
30.268,22.649
31.654,23.614
33.051,23.029
34.023,23.618
33.901,22.898
32.839,23.788
32.294,25.014
34.539,23.454
33.954,23.034
35.122,23.327
35.057,22.818
35.564,22.839
35.746,23.255
34.811,23.164
30.677,21.733
32.164,23.834
36.574,21.568
36.818,22.274
36.539,23.447
35.946,22.596
36.387,21.505
37.421,21.809
38.496,24.410
39.841,25.193
42.032,26.293
42.962,24.352
38.684,26.184
38.595,24.895
37.914,25.601
37.745,24.669
34.686,25.071
35.633,25.436
31.551,24.842
34.516,24.771
30.427,24.888
30.067,24.101
30.892,23.926
30.490,23.942
28.349,24.024
32.545,23.306
34.149,23.899
37.011,25.253
37.084,25.873
34.238,25.165
24.973,23.108
31.227,21.423
31.488,21.237
31.596,22.389
32.074,21.527
33.719,20.827
34.007,20.964
33.958,20.759
34.909,20.132
34.680,19.726
34.332,18.935
34.621,19.029
34.450,20.270
35.606,21.411
34.917,21.874
36.018,19.460
35.347,20.068
35.054,21.249
37.138,20.139
36.003,23.896
36.035,23.666
35.396,21.853
35.996,21.397
37.254,22.145
35.218,21.142
33.625,22.453
35.273,19.773
35.041,19.296
33.806,19.774
34.160,17.905
33.597,17.851
34.264,20.321
34.229,19.361
34.665,18.264
35.101,18.578
35.075,19.345
34.495,16.745
33.897,15.296
33.262,15.725
32.534,14.961
33.004,15.890
33.482,16.963
32.910,18.815
32.939,16.568
32.807,14.805
32.977,16.683
33.234,17.707
32.127,15.188
32.125,16.754
32.426,15.081
32.873,15.422
33.283,16.349
33.041,15.794
32.568,15.126
33.627,17.191
32.855,16.461
33.402,14.709
33.768,17.136
33.607,15.192
33.391,15.563
32.370,15.271
32.021,17.032
31.561,14.842
31.672,14.522
30.598,14.289
31.226,12.917
30.202,14.343
29.365,13.809
29.321,14.606
30.356,15.652
29.477,16.026
29.620,15.420
29.724,13.792
29.862,13.132
30.475,14.103
30.020,13.887
29.120,12.522
28.767,13.609
28.187,12.976
28.210,12.583
28.364,11.773
28.543,13.094
28.229,12.980
28.858,13.660
28.576,12.466
27.390,12.722
27.282,10.701
27.669,10.462
28.638,13.050
27.417,12.779
26.559,12.163
26.210,11.557
26.236,10.684
26.818,9.119
28.383,9.310
28.518,8.904
29.391,15.277
27.589,12.908
27.883,10.567
28.550,10.370
26.469,12.649
24.557,8.557
26.667,10.098
26.855,12.121
27.957,13.149
28.151,13.009
28.772,11.938
28.973,12.921
30.247,11.415
29.370,12.727
29.575,10.487
29.922,12.970
31.043,13.922
32.258,13.955
32.826,14.734
29.980,11.623
28.091,12.040
24.321,13.364
26.618,12.241
27.280,11.026
25.842,9.294
25.270,7.712
27.073,11.460
27.639,11.073
28.302,11.504
29.479,12.243
30.488,11.805
30.608,13.148
32.351,14.759
33.493,16.441
33.397,17.505
33.036,18.311
33.682,17.822
33.609,17.459
33.339,13.277
32.783,12.051
31.883,10.811
31.871,11.377
34.070,16.017
34.660,16.581
33.840,15.271
34.569,14.059
34.809,13.801
34.352,15.731
32.614,13.166
32.830,12.676
34.125,13.910
35.428,16.355
36.450,18.282
36.675,17.398
37.519,19.474
37.353,18.884
36.424,15.060
36.614,17.573
37.284,18.667
35.245,22.620
33.106,19.803
33.993,18.849
34.556,18.005
34.231,18.374
35.392,18.005
34.414,16.488
33.813,14.709
33.906,16.134
35.248,14.310
34.221,19.977
27.796,18.331
24.887,16.268
30.809,12.878
32.730,14.872
32.537,14.343
33.199,21.133
31.632,21.370
33.230,15.061
35.041,19.164
35.574,19.564
34.866,20.562
36.131,17.312
34.971,19.697
36.203,17.599
36.931,19.013
35.737,17.286
34.916,19.163
34.231,15.912
35.789,15.693
36.146,16.898
36.450,20.157
37.262,18.934
38.417,17.070
36.877,15.064
37.672,18.714
37.770,18.439
38.409,19.750
39.421,18.725
40.320,20.838
40.792,21.450
40.622,19.189
39.407,19.778
37.921,19.294
38.736,17.881
38.707,18.665
39.643,21.173
38.965,20.259
38.521,23.258
39.038,20.243
37.530,21.541
37.546,17.451
38.345,19.582
39.719,19.874
40.342,22.410
40.186,21.888
38.481,20.742
38.734,21.735
40.352,22.360
40.450,21.473
40.150,22.346
40.461,22.717
42.177,23.465
43.023,24.371
42.677,23.102
41.930,23.454
42.272,24.444
43.833,24.118
45.033,24.857
43.880,25.714
43.107,21.695
43.109,22.670
43.101,22.905
43.327,23.875
43.666,27.176
42.741,24.669
42.318,24.236
41.853,24.524
42.022,25.042
42.234,25.345
43.000,26.102
43.310,26.097
40.320,26.804
37.735,25.620
40.155,25.949
41.370,26.674
41.237,27.277
42.082,27.337
43.192,27.032
43.370,26.700
44.705,27.619
45.458,27.987
44.783,27.423
44.603,28.955
41.599,27.836
33.052,26.195
27.783,24.887
36.805,23.417
37.526,24.927
38.715,25.754
38.159,26.092
39.373,26.456
39.316,26.062
40.971,26.186
40.980,26.649
40.459,25.927
39.236,25.718
38.721,26.039
39.777,26.245
40.643,26.584
40.006,25.687
40.242,25.542
40.601,26.709
40.146,27.982
42.137,27.607
43.326,28.524
43.809,29.612
44.424,30.181
42.930,29.517
40.538,30.306
37.810,29.770
38.496,27.837
33.240,27.697
34.326,26.282
36.877,26.979
36.871,26.238
38.238,26.419
38.628,27.144
42.401,29.309
40.599,31.278
32.905,26.177
29.877,25.433
30.948,25.873
29.410,25.220
29.576,24.968
32.325,25.105
33.168,25.632
36.347,26.103
35.980,25.436
38.690,27.097
37.473,25.959
36.083,26.870
35.900,27.328
29.335,25.969
28.201,24.901
28.749,24.902
34.606,24.844
28.905,25.021
30.051,24.987
34.322,24.539
35.299,24.360
27.924,24.509
29.206,23.902
27.068,24.336
31.151,24.356
28.769,24.559
25.428,24.061
26.479,23.710
29.280,23.535
30.754,23.470
31.544,24.622
31.217,24.804
29.845,24.553
30.084,24.685
26.663,24.945
30.709,24.274
29.322,24.265
30.288,24.090
29.427,24.823
33.049,24.091
30.545,23.904
32.146,24.620
29.048,23.751
31.187,22.627
26.213,23.731
26.146,23.730
25.586,23.655
24.097,23.563
28.831,23.336
28.879,22.517
25.971,22.443
27.098,22.703
29.598,22.089
28.713,22.925
30.133,22.292
32.590,22.223
27.516,21.857
32.242,22.714
31.592,22.677
33.666,23.729
33.685,21.808
35.052,23.188
33.121,23.398
28.215,23.208
30.520,23.018
31.418,23.102
33.724,22.876
32.365,22.586
33.291,22.341
33.640,22.606
29.261,25.510
36.609,24.504
36.666,24.544
38.598,24.188
35.258,25.799
35.141,22.739
35.131,23.789
35.544,22.962
32.470,24.748
32.056,23.691
31.042,24.372
32.534,24.557
32.099,23.999
31.284,24.090
33.582,23.754
33.974,24.697
36.698,23.674
37.391,25.381
37.842,23.703
37.673,20.766
37.409,19.473
36.422,20.351
35.120,20.579
34.311,20.152
34.509,20.783
34.599,19.785
35.745,19.825
35.086,18.695
34.637,17.984
34.667,20.137
34.019,21.658
34.172,24.687
37.115,21.496
37.015,21.421
36.690,19.353
36.495,19.617
35.225,19.479
35.014,20.508
34.532,21.463
36.920,21.115
35.177,22.749
35.514,21.562
35.252,19.886
35.695,21.063
35.363,22.188
34.631,20.433
35.578,20.238
35.384,20.393
34.745,20.216
33.833,19.441
33.745,20.125
33.347,19.927
33.694,18.030
34.160,17.309
30.296,19.137
32.858,16.712
34.702,17.569
34.283,17.372
33.543,18.966
32.604,18.879
32.822,17.243
32.077,17.740
32.151,18.294
31.755,18.041
32.041,17.929
32.422,17.327
31.644,15.737
31.609,16.956
31.347,15.685
31.337,14.033
31.279,17.800
30.599,15.984
28.584,14.015
29.086,13.532
28.784,12.790
29.552,14.351
28.661,14.250
30.103,13.428
30.166,14.027
28.885,14.357
30.460,14.571
30.951,15.128
22.960,15.907
27.672,18.572
28.592,13.928
28.569,12.572
28.989,14.202
28.380,10.784
27.416,13.111
27.514,12.310
28.745,12.882
30.342,14.624
30.738,14.445
31.458,15.473
32.063,17.417
30.566,13.539
30.234,15.107
29.539,13.254
29.514,12.775
29.239,14.502
29.419,15.352
30.769,16.719
28.929,16.767
30.087,16.233
28.311,16.251
28.508,13.517
29.453,14.536
29.030,12.444
26.750,10.197
27.192,12.365
26.520,12.459
26.151,11.768
26.471,10.076
25.757,12.531
26.622,11.189
26.466,12.389
28.343,13.405
28.754,11.552
28.349,12.890
27.863,13.553
26.623,11.343
26.970,12.148
27.440,11.772
27.515,11.904
28.591,13.302
28.241,12.161
29.165,13.647
29.353,12.678
26.875,11.497
28.829,11.802
28.686,12.141
29.478,12.421
30.996,14.479
32.017,15.817
31.817,13.435
31.550,15.759
32.634,16.601
32.446,20.802
31.398,16.898
31.728,17.857
31.753,16.508
32.861,15.693
31.882,14.702
31.555,13.540
31.682,13.451
30.076,13.450
31.187,13.755
31.469,17.161
30.359,18.550
29.901,18.324
27.639,12.472
27.725,10.240
26.196,13.160
27.318,12.528
28.530,14.182
28.839,12.000
28.829,13.093
29.960,14.980
31.921,15.345
32.572,17.406
33.693,18.048
33.796,18.287
32.998,19.893
32.668,19.490
31.851,16.363
32.402,17.264
33.240,13.553
33.026,15.041
30.996,16.804
31.097,15.971
31.151,15.408
33.803,17.652
33.901,18.856
32.078,17.806
32.235,16.940
33.515,15.899
32.909,13.764
32.563,17.083
35.641,18.889
33.932,19.856
31.612,18.060
32.285,16.324
33.154,17.265
34.834,18.404
37.531,19.182
38.498,17.312
37.185,21.772
35.820,19.941
33.388,19.640
34.720,14.576
35.777,19.505
35.996,19.904
36.806,20.251
37.755,20.634
39.590,22.663
40.315,20.484
41.281,19.021
41.209,22.388
40.961,22.000
39.194,24.121
38.858,20.317
39.294,21.998
40.355,22.589
41.323,21.465
42.653,21.714
41.993,21.783
39.644,19.547
40.118,20.728
40.731,19.578
41.038,22.716
40.674,21.331
41.144,19.429
42.040,21.305
42.542,26.029
43.303,26.122
43.230,24.491
43.236,24.835
41.546,25.872
42.054,25.180
40.946,22.926
40.727,22.578
40.429,20.603
41.051,22.117
41.932,23.095
42.706,23.427
42.278,21.603
42.979,25.087
42.934,24.849
43.367,25.525
44.388,25.251
45.144,25.794
43.871,26.225
43.631,24.030
43.798,25.176
42.636,27.764
43.137,27.764
43.202,26.355
43.764,25.637
43.867,24.557
42.990,25.522
42.384,25.960
41.835,24.885
41.293,25.189
40.953,24.742
41.412,25.352
41.597,25.357
42.307,25.200
41.734,25.562
39.945,25.926
39.391,25.890
40.708,24.675
40.939,23.965
41.620,25.406
40.731,24.455
41.183,24.641
41.545,26.952
41.141,24.609
37.080,27.086
39.981,24.788
41.003,28.445
43.640,29.183
42.942,27.097
34.744,29.066
31.251,27.893
34.497,27.195
38.932,27.585
41.727,28.862
42.458,28.772
42.323,28.532
41.975,27.289
41.709,27.443
42.317,27.790
42.721,28.272
41.316,29.080
41.248,27.876
38.852,26.981
39.962,28.914
37.890,27.740
39.486,28.392
41.036,28.074
37.319,26.303
41.857,29.361
40.857,30.556
33.965,28.109
28.812,25.529
30.957,24.413
33.237,25.697
35.846,24.620
31.750,27.046
36.118,26.935
37.348,27.689
33.493,28.526
28.711,25.538
29.070,24.047
31.593,24.677
31.114,25.451
33.456,24.966
32.903,25.833
32.819,25.428
28.066,24.724
31.428,24.661
30.887,24.793
32.448,25.141
33.810,25.316
34.656,25.238
33.157,26.218
28.874,25.192
34.750,24.990
35.907,25.552
35.384,25.110
35.796,25.130
36.266,26.005
34.607,25.848
35.103,25.738
32.411,25.681
34.954,24.852
36.762,26.011
31.108,25.929
34.285,25.278
33.141,24.698
33.671,24.932
33.551,24.981
30.069,25.600
30.632,25.187
31.277,24.828
30.099,24.909
32.801,24.452
32.115,25.894
33.431,24.701
26.640,24.587
27.688,24.555
27.931,23.931
26.032,23.937
25.897,24.078
25.482,24.105
25.888,23.946
30.751,24.065
25.540,24.605
30.275,22.924
33.907,22.649
32.235,22.941
26.526,24.212
30.538,23.749
30.807,23.948
32.557,23.292
33.685,22.396
33.127,25.575
33.459,25.352
34.234,24.663
32.226,23.993
34.796,24.552
30.226,24.677
31.766,24.562
32.411,25.103
32.263,25.629
31.827,25.925
32.648,25.459
30.317,24.805
31.947,23.849
33.402,23.644
26.574,23.609
32.688,22.225
32.520,22.437
33.990,21.956
34.548,22.423
34.834,21.360
34.656,23.104
35.117,22.724
35.540,22.981
38.211,24.913
36.597,25.135
37.758,26.748
35.434,24.908
36.800,24.325
34.086,24.020
29.904,23.836
34.970,23.979
33.865,23.679
36.886,24.290
36.097,23.793
35.333,22.838
35.841,21.499
36.311,20.864
36.641,20.067
35.766,18.522
34.209,17.382
36.653,16.895
35.014,17.760
34.933,16.807
35.055,19.695
34.292,18.974
33.945,19.861
32.353,19.003
34.760,21.267
35.312,18.289
36.677,17.618
35.887,17.684
35.317,18.380
35.200,16.057
35.783,15.079
35.556,16.227
36.602,15.698
35.024,14.944
34.691,15.753
36.213,16.304
36.765,17.698
35.270,20.611
35.579,19.017
36.822,18.664
37.501,20.635
36.436,20.776
35.930,20.969
35.039,21.021
35.974,21.264
36.063,21.044
35.798,20.082
36.246,20.746
37.056,18.974
36.136,17.447
36.427,17.997
35.808,17.720
35.652,19.755
34.435,19.364
35.191,16.100
33.804,15.648
33.681,15.796
33.291,15.506
33.264,16.021
33.453,18.160
33.442,17.149
31.581,16.911
32.487,15.725
32.673,16.410
32.210,13.598
32.623,15.278
32.990,15.767
32.788,16.087
31.996,15.616
32.167,16.154
30.654,13.909
30.492,11.996
29.736,14.046
29.750,14.118
29.593,15.369
29.350,15.864
29.213,17.261
29.568,15.582
29.007,15.234
28.736,16.125
29.810,14.769
29.233,13.586
28.419,13.375
29.309,14.203
28.291,13.509
26.533,13.540
26.511,12.212
25.782,13.169
26.033,12.096
27.832,12.214
28.006,13.006
28.985,13.574
28.096,12.878
30.713,15.146
32.395,15.352
32.116,15.529
32.399,19.033
29.682,16.510
30.105,18.378
29.060,14.515
28.467,13.478
27.972,13.334
27.064,11.768
27.751,10.755
28.163,12.395
26.720,12.000
27.310,12.449
27.548,12.651
28.636,11.977
28.726,13.721
29.490,16.118
30.423,17.118
29.787,15.060
30.035,11.946
26.951,14.168
25.492,12.317
28.855,12.385
29.216,11.802
30.576,14.579
30.101,14.657
31.027,15.517
30.560,16.391
26.230,11.883
25.391,8.703
25.972,8.439
25.127,8.931
25.415,11.699
25.061,8.762
24.536,8.558
24.357,6.722
23.167,7.280
23.635,8.819
25.927,9.278
26.361,11.214
24.380,8.661
25.610,10.373
25.356,9.523
27.085,11.042
23.662,10.963
22.881,6.011
22.291,6.929
21.281,7.941
20.857,6.714
22.096,6.536
23.447,7.577
25.397,7.863
27.083,9.223
27.783,10.229
28.438,10.196
30.366,11.891
32.529,13.547
32.554,14.701
33.035,14.039
33.643,14.623
33.559,16.680
33.947,14.826
33.810,16.173
32.612,11.878
31.923,13.248
32.094,13.229
32.492,15.555
34.231,16.011
35.204,17.195
36.385,14.603
36.788,15.917
35.725,13.165
35.663,12.417
35.374,13.576
36.138,14.821
36.404,13.864
36.672,13.955
36.381,15.099
36.005,14.156
36.635,18.431
38.154,21.390
34.808,22.016
34.512,22.766
34.687,20.211
37.856,20.016
36.969,21.047
37.165,20.875
38.262,18.320
38.214,17.164
37.413,15.926
38.061,15.883
38.977,20.941
39.323,20.694
38.667,23.390
35.763,26.387
36.278,25.087
38.210,20.821
38.459,20.813
41.828,21.962
39.570,19.336
38.089,22.085
36.720,18.339
37.218,18.821
36.776,18.181
35.332,17.741
34.700,19.904
34.787,17.655
37.577,20.265
35.792,23.603
37.635,22.074
38.630,21.241
40.076,26.319
40.478,23.928
41.218,21.296
40.616,22.884
39.170,21.165
39.720,20.535
39.114,21.448
40.997,24.792
40.045,23.773
40.451,18.937
39.998,22.504
40.475,20.862
41.523,26.420
42.017,23.727
42.745,22.585
43.506,23.631
43.708,23.790
42.655,23.107
42.876,22.126
41.080,20.886
41.115,21.193
40.150,22.430
41.677,23.064
42.046,22.342
40.953,21.900
40.027,22.420
39.893,23.706
40.494,24.502
40.941,24.970
39.416,26.185
39.731,23.898
41.232,24.183
41.419,24.019
41.958,24.561
41.657,25.967
41.071,25.050
40.613,24.385
41.150,25.334
40.539,25.073
40.694,24.983
40.592,25.251
40.091,24.534
40.626,25.509
41.802,25.601
41.806,24.992
42.381,23.791
42.000,25.428
42.166,26.831
42.502,26.190
41.925,25.950
41.342,25.772
41.870,26.261
41.350,26.425
41.949,27.977
41.527,27.699
40.804,28.903
39.412,28.588
37.406,27.638
40.275,26.649
40.683,27.510
38.746,27.654
36.047,27.324
38.640,27.060
30.599,24.905
33.571,24.140
34.569,25.660
35.605,24.750
37.889,26.279
36.015,27.326
39.144,26.611
36.981,26.510
31.565,27.681
38.345,26.154
40.600,26.933
40.003,26.598
40.718,27.500
39.285,27.497
38.628,28.203
36.417,27.992
37.791,26.065
36.253,27.456
32.828,27.435
34.405,26.464
36.545,25.545
36.544,25.989
37.324,25.936
37.899,26.393
38.133,26.571
32.585,26.405
34.468,26.511
28.627,25.474
34.812,24.610
31.224,25.578
30.828,24.399
31.342,25.007
31.364,25.146
35.291,24.956
35.242,25.286
36.754,24.485
35.956,26.242
36.354,27.015
35.415,27.616
36.746,26.874
35.694,27.760
35.501,26.595
35.050,26.815
36.367,27.558
33.798,26.359
30.403,25.646
33.236,25.065
37.246,23.086
33.440,25.735
31.379,25.583
30.503,24.909
26.690,24.492
32.241,23.887
32.663,24.086
31.863,24.615
31.461,24.462
27.124,23.634
26.969,24.229
29.298,24.373
32.307,24.855
31.518,24.800
26.259,24.735
25.825,24.171
25.861,23.980
30.585,23.635
30.582,24.108
30.677,23.154
29.606,22.344
31.941,22.440
31.754,21.465
31.651,22.687
32.035,20.985
33.326,20.728
34.195,23.749
33.923,23.937
35.961,25.261
30.118,23.972
34.420,22.118
33.893,23.600
34.433,22.471
34.214,21.618
33.878,21.284
36.803,22.672
36.883,24.164
36.076,24.871
36.384,23.908
33.784,23.781
34.986,22.949
37.758,21.261
39.286,21.904
37.798,23.345
33.603,25.363
33.377,25.237
33.833,24.648
33.007,24.981
32.990,23.554
31.285,23.369
28.183,23.751
31.215,23.855
35.374,23.280
35.985,21.251
34.864,22.788
33.818,21.973
33.686,21.369
34.835,20.749
35.230,20.649
34.197,20.193
34.047,19.604
33.749,20.059
33.896,19.703
34.676,20.303
35.357,21.657
37.667,22.557
39.917,24.081
38.991,24.442
37.742,23.764
36.218,21.815
34.384,22.155
34.945,19.690
34.205,21.111
35.415,26.361
38.319,25.084
38.345,21.891
38.563,19.261
37.972,20.454
37.478,20.329
37.308,22.996
36.769,24.055
36.211,24.720
35.802,21.912
35.944,19.151
35.622,17.815
37.263,19.435
36.245,20.354
36.695,18.061
35.522,18.091
36.450,17.420
35.967,16.506
35.348,17.484
34.832,17.004
34.594,16.877
34.712,18.364
34.881,17.198
35.607,16.854
34.760,15.636
34.891,16.464
34.513,15.964
35.610,17.357
34.931,18.569
36.276,18.336
35.024,18.971
35.503,18.544
34.872,18.990
32.789,16.136
32.874,16.535
32.501,16.449
32.448,18.151
31.505,18.100
33.240,18.113
29.087,20.643
30.955,19.479
31.439,18.416
31.864,16.498
31.560,15.681
31.885,15.061
31.713,14.129
31.310,14.561
31.599,14.949
32.133,16.463
31.579,16.818
32.102,16.940
31.668,21.809
26.006,19.339
30.681,19.076
32.175,19.809
32.878,19.037
33.661,20.180
33.579,21.662
33.143,22.307
32.635,19.039
32.324,17.235
31.064,17.988
30.631,16.135
30.092,14.891
30.351,16.284
31.480,15.967
32.020,17.206
32.025,18.421
31.916,17.704
31.993,20.628
29.917,21.127
30.258,18.223
29.648,15.926
30.373,15.411
29.879,14.455
29.029,10.796
29.607,10.461
29.508,9.269
28.427,9.283
27.848,8.367
29.151,12.001
29.009,13.020
29.787,14.509
28.546,13.236
28.342,12.095
29.395,11.607
28.259,11.920
23.642,13.876
25.524,11.866
26.229,12.474
27.023,12.948
24.403,13.795
27.361,13.614
28.141,13.293
26.340,16.142
29.942,15.701
30.832,17.766
30.368,16.965
32.124,18.336
29.156,18.512
28.960,15.174
30.418,14.933
30.351,16.696
30.205,16.731
31.182,16.735
33.322,16.952
33.346,17.486
29.793,12.995
27.856,9.819
28.609,10.743
29.779,12.780
30.444,12.058
30.406,12.505
30.482,13.261
30.858,11.700
32.113,14.294
30.648,10.008
30.629,11.967
29.589,11.078
29.554,10.311
30.621,14.757
31.715,14.281
31.262,13.354
27.678,12.863
28.059,11.725
29.463,12.571
29.905,11.350
30.389,12.430
30.882,15.773
31.201,15.458
32.809,15.540
33.782,17.101
34.713,17.732
35.743,18.964
36.496,19.532
35.914,19.753
34.377,17.138
34.264,15.153
35.865,15.993
36.055,16.576
36.153,16.362
36.007,17.235
38.228,17.333
39.109,18.466
38.427,20.179
36.038,16.603
36.154,16.434
34.803,14.668
32.802,12.721
34.483,13.828
34.795,18.706
36.780,17.027
38.107,20.140
38.456,21.555
37.908,19.777
37.796,17.757
37.234,19.882
36.993,19.595
36.682,18.498
36.156,17.536
37.636,18.250
36.457,17.772
36.654,17.987
36.170,20.063
37.077,21.350
38.246,21.473
36.825,19.700
36.526,20.819
35.909,18.579
36.680,19.574
36.866,19.954
38.016,22.657
39.270,22.128
40.440,23.007
40.295,20.750
40.330,22.995
40.172,22.887
36.266,24.860
37.051,22.256
36.135,19.868
34.084,17.816
35.984,20.908
38.822,22.049
39.666,22.544
41.038,20.166
41.478,19.489
40.612,20.646
36.159,21.521
39.313,22.736
40.227,23.234
41.559,23.501
43.469,21.108
41.856,22.350
40.056,21.212
40.571,19.340
40.354,19.226
40.028,22.904
41.397,22.842
44.591,26.326
44.109,23.337
43.994,24.648
45.075,25.240
43.981,24.007
42.816,23.074
43.475,24.284
43.349,22.315
41.310,22.971
40.316,22.194
41.057,23.601
41.797,27.355
42.133,22.877
42.141,23.171
42.376,23.648
41.911,24.385
43.283,25.788
44.242,26.099
44.930,26.075
44.162,26.060
44.563,25.808
45.311,26.350
43.912,26.032
43.685,25.715
43.970,25.584
44.166,27.133
45.333,31.319
43.408,27.646
42.966,25.388
42.899,25.384
43.384,24.495
43.364,25.974
44.268,27.386
43.758,27.161
42.908,26.645
43.012,27.973
41.550,27.465
40.650,27.077
41.654,27.029
41.131,27.194
40.430,26.385
41.960,25.859
41.730,25.927
41.458,26.202
42.298,26.889
42.820,26.970
42.626,26.439
42.231,26.416
42.351,26.789
42.861,27.069
41.564,26.291
42.424,27.056
40.901,28.875
41.177,29.827
42.122,27.721
42.543,28.035
42.915,27.270
38.586,28.317
40.348,25.679
32.744,27.191
38.869,26.088
38.334,27.229
40.278,27.540
36.193,25.647
38.255,25.840
38.610,27.184
36.780,27.610
34.635,27.365
36.402,26.114
39.431,26.557
40.633,27.472
42.507,29.292
43.444,27.971
44.382,28.645
33.699,27.717
28.803,25.214
32.557,24.892
34.383,25.487
33.875,25.856
33.532,25.735
35.689,25.684
35.878,27.546
33.429,26.194
27.307,25.244
28.944,24.676
32.758,24.636
27.990,25.328
32.129,25.209
31.834,26.100
27.569,24.502
26.606,24.240
28.674,24.759
29.147,25.033
26.232,24.191
26.531,24.819
30.551,24.601
31.151,24.019
26.833,24.255
28.002,24.523
33.973,23.598
34.010,23.478
33.617,24.110
34.629,24.525
33.763,24.322
34.788,24.953
34.555,25.463
35.302,25.196
35.362,24.930
34.986,24.924
34.510,24.257
33.476,24.610
31.480,24.346
28.940,24.507
35.080,23.541
36.298,24.941
36.496,25.236
36.437,25.160
37.052,24.879
36.452,25.060
36.833,25.133
38.935,24.918
37.742,24.397
29.585,25.397
35.741,25.175
32.075,23.872
31.108,24.659
26.324,24.282
30.006,23.738
30.935,23.549
31.900,25.159
33.906,24.267
35.101,24.380
33.026,24.417
33.802,23.529
35.791,23.386
37.542,23.701
37.594,24.110
35.420,21.792
35.425,22.176
35.860,21.828
36.754,22.410
35.868,21.692
34.978,20.935
34.747,20.279
36.392,20.344
37.458,20.917
38.327,22.064
37.922,21.278
38.742,21.492
38.583,21.180
39.018,21.785
38.006,22.380
37.563,22.714
36.293,22.310
37.344,22.753
39.128,24.197
40.765,25.797
41.903,26.496
41.505,23.381
41.126,25.102
39.745,25.982
38.185,25.289
36.514,23.419
36.561,21.794
36.847,20.711
34.976,18.999
34.725,20.875
34.852,20.315
34.792,18.445
34.207,23.566
34.993,20.273
34.805,21.636
35.365,16.642
35.733,19.975
35.939,17.957
35.994,17.793
35.147,16.890
34.613,15.276
34.914,14.835
34.891,16.192
35.073,17.214
35.151,17.054
35.091,16.826
34.684,14.763
34.772,15.681
35.100,15.435
35.679,16.912
36.537,17.934
35.760,17.111
35.802,15.905
35.547,16.278
35.085,18.550
34.845,17.408
34.157,18.258
34.357,19.253
33.984,18.625
33.927,19.452
34.187,19.167
33.635,20.614
28.071,21.880
29.750,19.775
31.180,16.111
31.862,19.140
31.731,19.415
31.233,16.731
31.727,17.009
30.424,15.702
30.988,15.178
31.148,15.487
30.429,15.058
30.354,14.072
30.848,14.732
30.270,14.606
31.019,11.335
31.002,13.875
30.695,15.537
30.548,14.389
31.184,16.026
29.775,15.047
29.423,13.809
29.735,14.618
29.526,15.204
29.984,14.464
29.326,12.273
29.292,13.702
28.904,13.695
29.887,14.161
30.012,12.156
29.245,11.572
30.392,13.833
31.451,15.759
29.633,14.290
30.308,15.864
30.094,14.104
30.051,15.747
29.509,15.580
29.210,15.393
28.933,15.896
29.238,16.485
28.376,17.390
28.717,15.484
27.690,14.395
28.359,15.206
27.692,11.304
26.975,9.379
27.285,9.658
27.999,13.264
27.676,13.291
27.137,10.132
27.296,12.065
27.837,13.314
29.300,14.777
26.573,17.284
27.197,13.293
27.546,11.192
27.331,11.950
27.540,11.854
27.730,11.586
26.999,11.379
27.994,11.284
29.095,12.988
29.044,14.763
24.916,10.081
26.027,10.029
27.131,10.119
28.513,12.179
29.228,11.883
29.074,11.702
29.657,13.496
29.522,13.449
30.820,12.814
29.769,14.299
29.243,12.660
29.117,8.920
29.302,12.953
30.418,14.018
30.006,9.683
29.702,12.792
28.875,9.661
29.716,13.713
29.653,12.054
29.058,10.928
28.962,12.366
29.976,13.947
30.480,16.766
30.786,15.627
32.551,16.549
33.276,14.857
32.426,17.749
28.265,15.011
29.544,12.201
29.636,13.896
29.411,13.674
29.364,13.809
29.518,13.606
29.263,13.643
30.837,12.971
29.693,13.371
30.558,12.419
32.016,13.381
34.044,15.844
34.769,17.166
33.005,19.718
29.935,13.959
31.091,12.195
32.204,12.817
34.498,15.881
35.935,15.130
35.774,16.409
35.195,14.871
35.780,16.664
33.907,20.422
32.739,15.778
32.303,17.610
32.139,20.815
31.996,16.196
33.626,18.195
36.032,19.164
37.922,20.273
37.599,20.656
37.627,19.754
38.033,17.082
38.401,17.942
38.339,17.510
38.948,17.689
39.892,18.889
41.449,22.721
42.419,24.551
41.932,23.631
40.934,19.538
39.406,19.234
37.703,16.090
37.226,14.876
37.938,17.094
38.160,16.859
38.230,16.940
39.132,17.133
39.316,20.365
38.855,17.485
37.972,19.848
38.155,18.209
37.995,20.060
37.988,17.248
39.383,17.755
40.363,20.110
42.843,23.635
43.628,23.397
44.523,24.825
40.258,28.723
39.859,20.592
39.864,18.775
40.956,20.810
42.323,20.735
43.029,20.974
43.937,22.985
44.352,23.743
43.118,21.719
41.689,20.980
41.187,23.331
40.519,23.745
39.643,23.321
40.104,22.560
40.919,23.133
40.800,22.543
41.485,22.769
41.074,22.035
42.722,24.428
42.442,24.296
42.253,24.167
40.904,25.174
41.517,23.007
42.829,22.607
43.143,24.284
42.826,25.026
41.868,24.396
41.685,24.842
41.164,26.509
41.782,26.268
42.239,27.206
40.912,25.364
42.619,24.856
43.769,25.562
44.312,25.568
43.827,25.163
43.682,24.605
43.767,24.833
43.091,25.092
43.095,25.526
44.203,27.383
45.984,27.305
46.498,26.026
46.439,27.851
45.843,27.809
45.362,27.423
43.870,26.844
42.604,26.841
41.945,27.028
42.137,26.748
41.404,26.592
41.497,25.849
40.918,25.738
41.639,25.295
38.919,28.424
35.820,25.998
40.009,26.882
39.376,27.327
39.214,26.347
30.818,25.539
35.908,23.861
37.503,25.413
39.897,26.171
41.965,28.193
43.865,29.364
44.534,29.849
43.791,29.721
36.454,29.393
38.506,27.625
39.237,28.024
41.003,27.607
45.591,31.039
43.319,31.117
43.989,29.079
42.049,28.672
42.270,28.867
38.996,28.479
40.338,27.986
41.586,28.995
41.895,30.888
42.184,29.826
42.482,29.495
41.792,28.814
41.874,28.020
41.202,28.892
39.295,28.815
38.375,26.224
29.434,25.958
31.253,25.272
32.811,25.196
34.083,25.237
35.919,25.635
34.652,26.270
34.970,26.275
31.266,26.040
32.877,25.828
32.891,24.888
34.810,25.723
37.279,26.587
38.885,26.742
36.611,26.775
34.034,27.105
36.806,26.087
35.901,26.592
34.372,25.870
29.062,25.570
29.607,25.565
27.410,25.100
30.783,24.447
27.461,24.610
31.327,24.296
33.327,24.230
34.008,24.461
34.836,25.200
26.569,24.917
28.576,24.620
31.043,24.667
29.635,24.844
28.150,24.484
27.578,24.489
32.224,23.896
30.899,25.369
29.214,24.172
30.126,24.470
30.419,24.591
31.695,25.030
31.205,25.051
30.260,23.948
31.732,24.321
31.845,23.810
33.029,24.143
32.819,24.229
29.578,24.607
31.665,24.087
32.318,23.602
29.889,23.686
32.390,23.067
29.658,23.552
32.807,23.361
33.867,22.990
32.559,24.838
36.573,24.978
34.464,25.415
35.068,25.901
30.275,25.423
29.977,24.787
31.800,24.062
32.536,23.341
31.896,24.445
30.571,24.290
31.142,24.767
31.609,24.729
33.512,24.427
30.924,25.260
27.253,24.173
28.691,22.465
28.609,23.653
26.680,23.742
29.183,23.458
30.356,23.499
32.438,21.880
33.966,22.029
33.012,23.910
33.293,22.447
33.448,20.326
33.170,20.009
32.694,19.888
32.105,20.723
32.349,19.336
31.930,17.469
32.784,18.792
34.391,21.505
35.587,20.690
35.523,23.069
36.134,22.308
35.906,22.641
36.279,21.569
37.328,22.724
36.632,21.847
36.912,23.689
37.732,20.582
36.737,22.344
37.360,21.379
35.704,19.429
33.405,18.416
32.652,19.224
30.811,20.848
33.674,21.201
36.078,21.568
36.011,21.976
37.058,20.996
37.252,22.724
35.372,24.634
36.079,24.357
36.682,23.966
35.711,21.258
35.377,20.972
34.156,18.286
33.892,17.561
33.687,17.709
34.929,18.144
36.059,21.123
34.479,19.055
33.666,19.823
34.522,22.639
34.593,20.579
34.370,19.688
32.752,19.374
33.075,18.992
32.990,18.252
34.051,18.835
34.653,18.221
33.322,19.347
32.103,18.956
34.034,23.468
33.902,24.693
29.200,23.810
29.859,22.508
31.566,21.642
30.429,21.551
32.616,22.045
30.884,21.074
28.281,21.157
30.567,19.990
30.702,19.886
29.989,16.383
29.621,17.691
21.758,19.277
19.673,17.026
22.257,17.822
25.104,18.901
27.973,16.070
28.985,16.479
28.390,16.752
29.666,17.669
29.209,16.383
28.606,16.008
28.844,16.686
27.373,14.990
27.368,14.180
28.048,15.922
27.988,16.186
26.850,14.462
26.006,11.912
26.256,12.435
24.963,12.258
24.867,11.096
24.143,9.734
24.465,7.931
26.287,11.543
26.377,11.951
26.973,11.794
27.351,11.489
27.209,12.247
27.018,12.360
26.871,11.616
27.325,9.021
26.614,8.879
25.417,8.808
26.846,11.393
27.153,12.272
27.523,11.640
27.338,14.443
23.462,16.846
26.964,16.677
25.817,12.943
23.396,7.935
23.840,9.238
23.545,8.508
24.284,7.833
25.352,9.420
25.534,7.869
26.792,7.945
25.881,6.695
25.960,8.183
25.553,9.367
25.053,8.155
25.944,6.947
26.641,8.526
26.948,8.868
25.950,9.927
24.884,9.081
24.499,8.486
24.928,5.798
26.705,8.616
26.941,11.434
27.554,8.225
27.713,8.792
28.803,10.932
27.909,12.696
28.282,14.572
26.516,11.217
26.687,10.633
27.375,10.881
27.674,11.241
27.556,9.920
27.887,10.901
28.805,13.851
30.293,13.195
31.586,13.181
32.768,12.025
32.234,12.046
31.588,12.048
30.694,11.237
29.641,11.650
29.932,12.515
29.260,11.864
30.811,13.132
32.431,14.803
33.049,14.591
31.595,13.228
30.064,13.484
28.409,16.876
26.493,12.520
27.888,12.302
27.295,13.980
28.151,11.776
28.545,13.224
29.634,12.686
30.807,13.404
31.672,12.263
30.134,13.923
29.953,14.514
30.566,12.873
30.890,14.898
32.657,14.797
32.822,15.275
32.545,15.123
33.622,16.485
33.133,14.715
32.761,13.878
34.462,16.451
35.670,17.114
34.789,17.657
32.441,17.413
32.685,15.476
33.815,15.873
35.149,15.987
36.219,14.679
37.802,15.722
40.500,17.916
40.475,19.730
40.077,19.706
38.698,18.243
36.683,15.358
36.197,16.579
36.193,14.678
35.430,15.529
35.270,15.515
35.474,15.308
38.124,17.110
38.594,18.098
38.839,19.973
38.206,17.045
37.407,15.929
37.570,17.257
36.142,16.499
37.512,16.662
36.424,17.415
36.253,19.374
37.633,18.842
38.341,16.810
38.611,19.515
39.344,20.456
38.642,18.087
38.209,19.408
39.206,21.449
39.136,20.421
39.471,22.622
38.309,23.310
39.248,22.979
40.501,22.019
40.925,22.674
39.824,23.211
38.510,23.481
39.297,19.112
39.811,21.069
41.281,24.099
41.162,24.253
41.377,22.503
41.949,20.650
42.137,21.017
42.196,21.850
42.727,24.447
42.542,24.919
41.576,24.308
41.655,23.372
40.653,24.964
39.471,22.281
39.669,22.974
38.706,22.692
39.930,23.475
39.057,21.355
41.013,22.281
41.568,23.466
41.868,22.863
41.019,23.407
41.444,23.312
40.705,23.775
41.453,24.092
42.062,24.153
41.776,23.999
42.485,24.421
44.545,27.315
43.809,26.596
42.407,25.191
41.024,25.408
41.090,26.141
41.372,27.149
40.951,27.683
41.314,26.518
40.667,25.020
41.142,26.050
41.478,25.629
41.320,25.939
41.056,25.099
41.065,24.954
40.328,26.173
40.502,26.146
40.770,26.266
43.869,26.135
44.208,25.179
47.875,28.151
47.599,27.304
45.084,28.120
44.011,28.730
41.517,29.160
42.395,29.203
42.294,28.642
42.975,27.204
42.100,27.664
41.187,27.231
39.703,27.706
39.438,26.692
41.053,27.318
37.198,27.323
41.016,27.143
40.573,28.004
39.566,28.035
39.773,28.180
36.126,28.021
36.844,28.466
39.650,27.556
40.179,27.232
38.683,27.581
30.634,26.836
35.597,26.357
33.886,25.973
32.485,25.354
35.258,25.173
34.348,25.253
35.727,24.895
37.333,25.911
28.986,24.382
31.979,23.440
29.792,24.695
25.993,24.329
25.944,24.177
30.812,24.283
32.767,24.104
31.440,25.347
27.004,25.094
25.879,24.696
31.480,24.702
32.913,26.059
31.651,25.987
33.239,25.528
32.621,24.561
30.685,24.524
31.296,24.652
27.711,24.359
27.471,24.405
29.202,24.397
31.686,24.604
32.345,25.252
32.029,25.406
28.643,24.973
30.618,24.107
29.277,24.673
28.821,24.624
32.199,24.099
27.367,24.580
31.018,24.414
31.954,24.818
32.544,24.276
31.125,24.694
25.916,24.771
26.100,24.660
25.525,23.701
25.520,23.667
24.548,23.424
25.449,23.529
27.458,24.290
30.184,24.230
26.413,23.712
28.484,23.274
29.295,23.358
30.928,24.067
31.449,23.426
29.370,24.122
30.816,23.653
32.010,25.334
30.302,24.109
30.547,24.154
30.615,23.651
31.549,23.074
31.234,24.008
31.818,24.007
29.725,24.846
30.004,24.452
26.584,24.194
30.321,23.575
31.263,23.639
28.579,24.398
26.040,23.893
25.929,24.146
24.111,22.967
29.091,21.477
25.740,23.790
30.156,23.856
28.607,24.063
28.695,24.152
29.549,23.891
31.341,23.187
31.676,21.976
31.595,23.206
28.592,23.606
27.171,22.319
30.661,22.268
31.465,20.915
30.911,20.291
30.790,20.389
32.091,21.048
31.103,20.868
29.777,20.318
31.075,20.062
31.589,19.428
31.829,19.834
32.065,19.811
32.456,19.810
32.565,20.470
32.018,18.503
31.561,18.592
31.096,18.055
32.129,18.491
33.383,19.827
33.731,19.982
35.552,21.599
34.915,22.209
35.872,20.941
35.222,22.501
35.497,23.120
36.349,21.266
36.880,21.232
36.928,22.478
36.154,23.485
36.242,21.627
37.397,21.985
35.954,20.396
34.147,18.423
35.544,18.936
35.059,20.444
34.065,18.955
34.423,19.225
34.786,19.408
34.971,20.401
34.978,20.976
33.804,19.412
33.972,18.195
33.704,17.961
33.718,17.055
34.302,18.540
33.420,19.537
33.949,19.937
33.922,24.158
34.299,21.661
33.921,19.966
34.553,20.444
33.558,19.725
34.226,19.123
33.922,19.134
34.500,17.416
33.589,19.947
34.617,20.022
33.043,18.247
33.875,16.654
33.307,17.385
33.620,16.674
33.543,15.650
33.251,15.223
33.884,16.125
34.253,18.667
33.620,16.516
31.838,17.059
30.113,16.690
30.811,17.746
31.112,17.637
31.163,17.316
32.224,19.976
32.404,21.038
32.762,18.876
33.638,17.061
33.029,16.233
32.434,17.162
33.102,18.328
32.274,17.138
31.585,13.854
31.162,13.312
31.628,15.503
30.065,17.010
28.756,14.520
28.544,10.486
28.325,9.814
29.273,8.621
29.249,10.487
29.638,13.375
28.854,12.668
28.991,11.714
28.292,10.079
28.722,9.953
27.563,8.736
27.887,11.470
28.382,11.928
28.668,12.639
27.882,10.835
26.846,7.990
27.323,8.894
27.648,9.590
28.251,10.827
27.752,11.805
26.606,10.692
27.071,11.758
24.968,10.908
25.823,10.082
26.586,10.090
26.820,8.459
27.051,12.050
25.075,11.766
25.631,10.412
24.591,8.707
24.621,8.302
24.670,8.612
25.383,8.443
26.488,8.832
25.848,7.146
26.085,7.769
27.630,9.240
26.260,9.895
24.986,7.812
23.977,7.465
23.354,5.763
23.029,6.521
25.088,8.290
26.001,10.474
26.156,9.014
27.667,9.569
27.201,11.752
26.178,10.606
26.821,11.540
25.943,10.365
26.107,11.396
26.501,11.542
26.764,11.247
27.798,10.568
28.855,9.579
30.152,9.825
27.360,10.658
27.240,13.773
26.983,11.098
25.120,10.035
22.193,4.454
24.488,2.712
27.440,7.360
30.114,10.323
29.268,9.258
29.302,10.987
28.395,12.144
28.007,11.975
27.713,10.044
28.331,13.018
30.603,13.772
32.027,13.444
33.574,11.802
33.412,11.093
32.026,11.785
31.082,12.774
30.308,12.496
31.410,11.667
33.398,14.346
33.984,14.131
32.368,13.060
31.895,10.185
30.197,11.383
31.479,12.130
33.738,12.515
35.291,14.347
34.344,13.844
30.674,13.047
31.359,9.214
30.210,9.189
28.507,9.402
31.153,9.410
32.367,12.485
31.977,13.129
31.217,13.706
35.211,14.989
36.556,16.991
37.804,15.651
36.936,15.681
37.466,15.486
39.122,15.820
38.004,15.549
37.102,16.952
38.146,16.096
38.274,17.122
38.929,15.896
39.037,15.337
38.890,15.438
39.349,17.877
39.464,18.647
40.909,20.834
39.313,19.845
41.216,19.897
41.087,21.615
41.495,20.532
41.154,19.539
41.161,19.655
40.379,20.252
40.543,19.049
40.686,19.351
41.144,19.890
41.144,19.768
40.942,20.160
39.585,19.171
39.574,20.690
38.776,20.195
38.249,20.142
38.335,19.511
39.602,20.386
39.515,21.043
38.391,20.899
37.236,20.579
28.128,20.616
36.062,17.952
37.062,20.590
37.373,19.190
36.375,20.321
38.276,20.701
38.421,21.391
38.926,21.239
39.888,21.729
40.429,21.201
40.116,21.065
39.847,18.870
40.732,19.107
41.778,20.658
40.562,22.382
40.821,23.202
40.721,23.901
41.189,24.916
40.670,24.897
41.104,24.788
42.398,25.006
41.030,24.181
39.364,24.007
40.300,24.574
40.153,24.235
41.784,24.023
41.370,23.513
40.566,23.139
41.751,23.466
41.744,24.105
42.150,24.505
42.484,24.967
42.995,26.283
43.404,25.537
43.136,25.882
41.816,25.597
40.924,23.542
42.095,24.945
42.672,24.673
42.992,24.684
42.985,25.462
42.978,25.427
41.758,25.663
41.046,26.276
40.239,26.493
40.495,26.653
41.253,26.164
40.820,25.419
40.208,25.792
39.828,26.463
40.365,26.645
39.966,26.286
38.423,27.564
42.501,27.057
41.921,27.507
37.151,28.225
37.699,27.830
37.816,27.872
40.466,28.190
41.046,27.982
41.226,28.224
40.165,27.844
39.569,27.207
39.943,27.533
40.012,27.768
40.394,27.345
39.822,27.246
38.946,27.195
37.920,27.061
40.359,26.870
40.519,27.624
40.879,28.026
40.266,28.630
41.747,27.599
40.066,26.025
38.444,26.998
29.696,25.501
35.041,25.110
35.562,25.646
35.580,25.660
35.652,26.371
31.042,26.021
33.015,24.442
31.291,25.595
27.682,25.331
27.599,25.389
31.324,24.352
30.830,24.641
27.344,24.835
31.741,24.619
27.591,25.869
28.722,25.211
35.747,25.844
36.622,25.666
31.787,26.014
32.091,24.900
32.920,25.042
32.141,25.146
34.518,24.774
35.188,25.188
35.106,25.221
29.802,24.760
30.697,24.058
28.767,23.812
28.124,23.257
30.538,22.269
31.911,23.420
30.966,24.557
32.204,23.935
33.976,24.403
30.666,24.533
33.083,24.792
35.132,24.897
33.692,25.147
32.846,24.298
29.658,24.076
27.813,23.989
26.838,22.619
26.026,22.775
25.974,22.197
30.190,22.285
33.449,23.360
31.728,24.497
27.637,24.914
29.347,24.212
28.919,23.946
27.108,23.518
24.719,23.740
27.371,23.837
33.199,22.551
31.509,24.289
31.533,24.385
33.289,24.891
31.932,24.831
30.575,25.306
30.960,25.017
32.394,24.745
32.115,24.701
31.486,24.048
30.343,23.702
26.859,23.934
25.003,23.804
26.926,23.620
27.853,23.985
31.328,23.464
26.083,23.376
29.376,23.375
27.945,23.984
31.092,23.094
30.963,23.241
30.338,22.906
28.941,22.017
31.485,21.424
32.390,21.354
29.818,21.883
30.197,22.896
30.123,22.542
32.008,22.659
31.111,21.334
31.510,18.847
33.871,21.781
33.845,21.682
35.528,22.219
35.294,22.399
36.178,22.416
36.306,23.292
36.441,25.302
34.962,22.505
34.254,21.025
34.724,22.158
34.589,23.003
36.289,23.076
35.028,21.624
34.781,19.628
33.915,18.797
34.213,17.975
34.276,18.273
34.744,18.722
34.606,18.324
33.983,18.197
34.839,18.168
35.162,19.962
34.129,20.964
34.831,18.715
34.327,20.715
34.028,20.339
34.009,20.305
33.652,20.210
33.319,18.558
33.478,16.589
32.891,18.546
33.067,19.509
34.135,16.288
33.223,18.603
33.236,19.343
33.077,19.722
32.711,18.862
31.862,16.969
32.051,17.015
31.719,16.527
31.556,16.559
31.366,15.424
31.693,14.715
32.885,15.374
32.008,15.447
32.214,15.790
32.017,17.196
33.327,17.894
31.989,18.732
31.581,18.001
32.413,15.866
31.974,14.046
31.454,13.394
31.283,16.380
30.305,16.452
30.216,15.633
30.761,13.995
30.219,13.308
30.391,12.968
31.335,16.193
31.290,15.651
31.463,15.964
31.036,13.550
30.213,12.745
29.340,16.413
29.377,14.442
29.877,15.206
30.932,17.399
31.262,18.314
32.175,17.670
32.752,17.728
32.943,17.043
31.996,15.359
30.505,12.091
29.323,12.386
28.279,11.641
28.439,11.524
28.173,10.785
27.907,12.833
28.460,13.778
29.672,15.297
30.064,16.229
29.413,13.159
28.877,14.713
28.334,11.010
29.150,10.574
29.991,13.164
29.875,12.238
29.155,12.519
28.955,9.979
28.142,9.155
27.970,9.985
26.934,8.136
26.264,12.549
27.426,12.263
27.796,11.532
26.943,8.550
26.071,8.708
25.654,8.836
25.714,7.103
25.270,6.738
25.430,8.908
25.180,8.172
25.685,7.433
27.154,8.415
27.772,9.610
28.687,9.427
30.003,10.712
29.882,11.846
28.929,10.810
29.195,10.221
28.470,13.016
28.418,12.664
22.551,8.933
23.696,6.774
24.964,7.961
25.901,7.661
26.224,10.413
27.158,9.473
27.300,12.442
27.090,11.010
27.728,10.888
29.144,10.103
29.438,11.979
28.817,11.244
29.889,13.678
30.538,17.249
31.046,16.372
32.320,14.930
32.038,16.804
29.070,13.709
26.381,13.356
25.904,7.798
26.428,10.979
27.815,9.745
28.366,9.667
31.423,11.919
32.717,15.545
33.029,17.579
32.616,17.653
32.958,19.407
30.832,15.429
24.051,11.949
27.051,10.210
29.017,12.878
30.450,12.548
31.116,13.840
32.399,14.835
32.324,13.080
30.458,15.645
30.193,12.320
30.907,14.530
33.475,13.994
29.967,11.519
31.427,11.110
32.687,15.348
33.588,14.003
35.094,15.358
34.988,14.716
36.860,14.933
37.330,17.652
37.457,18.522
38.052,18.723
36.029,16.248
35.107,15.159
34.951,13.259
35.606,14.311
34.901,14.693
33.163,14.308
35.222,16.693
35.629,20.240
35.602,18.553
36.568,18.780
36.685,17.983
35.991,17.655
35.626,14.879
35.044,18.024
35.657,16.836
33.569,17.412
35.094,17.580
36.896,17.909
33.072,19.948
33.422,18.765
33.254,16.032
35.517,17.791
36.526,20.656
37.177,18.393
36.413,18.733
35.023,17.349
37.011,17.378
37.290,17.580
39.328,17.470
39.330,20.896
36.534,17.088
37.277,21.743
36.143,20.144
35.392,17.988
38.831,17.812
39.573,19.097
39.631,20.329
40.151,19.665
38.841,19.473
38.908,19.571
38.821,20.606
37.822,19.509
37.249,22.444
37.317,21.208
37.409,21.973
36.629,25.154
41.258,24.052
40.547,25.202
40.465,24.069
43.471,22.239
42.576,24.077
41.022,24.101
41.767,23.502
42.151,24.382
41.694,22.300
41.276,21.582
41.638,24.215
40.617,22.540
40.813,23.037
41.866,23.379
41.291,22.770
40.808,21.325
39.591,23.097
39.272,23.140
40.488,23.703
41.046,23.433
41.789,25.353
43.310,24.380
44.013,23.693
43.905,25.289
44.192,24.677
43.674,24.234
43.728,24.887
42.748,24.375
41.955,24.521
42.469,25.342
41.224,25.360
40.603,25.969
40.453,26.714
41.019,26.748
40.606,27.087
40.370,25.875
41.524,25.594
42.230,26.250
41.692,27.290
44.603,28.893
42.079,28.431
39.791,29.088
41.775,28.764
43.119,29.184
41.665,29.740
41.147,27.740
39.224,27.927
36.496,26.914
37.652,25.914
36.569,26.635
36.436,25.951
38.086,26.590
39.737,27.323
38.604,27.606
33.691,26.612
27.475,25.165
34.581,24.115
36.086,25.701
36.988,25.515
37.023,26.241
37.183,26.465
38.401,26.817
38.469,27.385
37.136,27.904
36.073,26.773
36.363,26.538
36.607,26.635
37.072,26.997
35.674,27.305
37.854,27.183
38.496,27.599
35.904,26.683
31.731,25.276
33.923,25.344
29.095,25.605
31.370,25.744
29.750,25.151
28.870,24.429
28.826,24.345
30.956,25.457
30.777,24.618
28.248,24.051
24.886,24.078
31.051,24.033
29.199,25.127
27.874,25.328
29.436,24.670
29.501,24.712
31.298,24.948
29.007,25.815
31.774,24.177
33.717,25.500
31.532,25.900
29.407,24.646
30.454,25.051
26.291,24.847
25.627,23.935
28.635,22.999
30.478,23.182
27.009,24.993
33.290,24.438
25.713,23.409
28.611,23.871
29.555,23.060
29.987,24.087
27.155,24.378
25.070,23.995
26.317,23.937
26.014,24.020
28.723,23.764
29.139,24.404
25.500,24.681
26.960,23.971
28.093,23.718
29.589,23.193
29.630,23.309
30.175,23.867
31.564,23.073
32.478,23.387
25.451,23.448
31.249,22.505
32.466,23.509
26.124,24.510
27.951,23.938
30.745,22.622
31.041,22.395
31.227,23.008
30.484,22.999
31.287,22.884
32.099,22.957
31.322,22.975
32.286,22.891
32.176,23.134
33.062,22.275
31.961,21.615
31.555,21.878
31.163,21.432
32.181,20.892
33.358,21.477
36.197,22.289
37.449,23.333
36.325,24.496
37.290,24.967
36.277,24.632
37.252,26.254
37.019,23.736
36.345,24.130
37.610,23.326
38.735,23.533
38.933,22.128
27.964,21.202
32.201,21.423
31.529,23.638
30.235,23.803
29.142,22.710
23.724,22.528
27.638,22.370
25.559,23.075
27.854,23.114
29.226,21.649
30.075,22.369
29.951,22.476
29.823,22.489
32.789,21.686
32.999,20.832
32.900,21.039
30.367,23.692
29.494,22.262
30.818,21.871
31.108,22.305
32.194,21.347
32.078,21.264
32.685,21.526
32.942,20.711
32.726,20.172
32.512,19.382
33.494,19.338
34.038,20.845
34.277,20.500
33.474,19.475
33.439,18.198
33.231,19.572
33.449,18.216
32.460,18.766
31.814,19.682
32.383,20.021
31.901,17.816
31.137,17.199
30.708,15.788
30.209,16.107
29.473,15.473
30.561,16.326
31.427,17.167
31.837,17.889
30.977,18.706
30.309,17.695
30.539,17.136
29.651,17.426
30.132,17.391
29.520,16.927
29.385,17.616
27.840,15.764
28.296,14.981
28.975,15.378
28.993,16.006
28.079,16.471
28.490,13.117
28.183,13.062
29.223,14.024
29.746,12.975
29.219,12.259
29.581,12.875
29.798,14.176
29.719,15.357
29.966,13.240
30.365,13.249
30.586,13.241
30.368,13.518
30.149,15.108
30.301,16.578
30.355,15.313
30.595,14.476
29.388,12.809
29.286,13.470
29.590,15.156
29.452,14.463
28.567,13.723
28.515,12.385
28.523,12.239
27.656,12.522
28.100,12.416
28.432,11.560
28.005,12.914
27.035,11.579
28.006,10.686
27.649,10.250
27.425,11.004
27.636,11.565
27.247,10.716
27.353,11.568
25.981,10.286
24.760,9.660
25.578,9.906
24.991,11.744
26.727,11.668
26.323,12.069
26.425,11.547
25.990,12.165
24.136,8.218
25.363,9.702
25.668,11.578
23.370,8.854
25.195,10.282
26.070,12.866
26.356,13.965
25.841,11.915
25.151,9.812
25.010,9.503
25.526,10.069
27.590,11.491
25.391,10.921
23.770,8.566
23.057,8.476
24.127,9.071
25.318,8.693
26.853,10.338
25.679,9.135
25.850,10.952
24.539,8.080
24.545,7.621
25.389,10.370
26.105,11.543
24.936,15.057
25.338,13.577
26.390,11.371
26.551,12.139
27.824,12.120
28.352,11.037
29.807,11.459
28.490,11.257
29.088,10.090
29.739,11.299
29.001,11.660
29.183,11.144
30.254,12.985
29.973,13.732
29.582,12.885
30.920,13.307
31.463,12.825
28.826,12.297
26.804,8.580
25.519,8.669
26.243,7.294
25.467,7.354
26.734,11.009
26.069,11.285
25.063,10.677
25.173,8.125
25.779,7.086
28.183,12.247
28.562,10.217
29.635,9.695
30.736,11.374
25.767,15.629
29.057,13.180
28.782,14.326
29.602,13.936
32.165,16.853
32.001,15.990
30.357,10.544
28.999,10.512
27.046,12.643
29.752,10.564
28.780,11.633
31.422,13.716
31.133,14.990
32.633,16.343
33.788,18.034
33.707,18.973
32.342,17.818
33.318,15.739
33.171,14.626
32.278,16.832
33.463,16.414
35.133,16.894
36.454,18.454
37.342,16.453
36.057,15.302
34.213,14.924
36.221,16.194
36.542,13.827
33.620,13.194
35.485,16.046
37.179,17.392
36.266,18.419
34.856,15.843
35.426,16.789
38.133,18.231
37.463,17.629
36.711,17.119
36.639,17.777
37.105,17.271
37.398,18.239
36.895,18.961
37.793,18.252
38.842,19.358
39.384,17.477
38.210,16.931
38.002,21.372
37.116,19.655
37.671,16.733
37.957,15.490
38.560,17.442
38.756,17.508
38.565,19.490
39.252,19.738
40.468,21.919
40.872,20.158
40.187,21.088
39.570,20.709
37.360,20.833
37.300,21.084
39.911,21.117
39.626,24.978
39.729,22.577
39.862,21.802
40.241,22.745
40.725,22.652
44.099,24.038
43.059,24.896
42.562,24.053
42.137,23.978
41.267,21.309
41.065,21.744
40.838,22.894
38.434,21.390
40.249,24.015
40.976,22.880
42.272,24.583
41.705,24.544
41.122,21.174
39.491,22.469
38.917,23.015
38.526,23.507
38.616,23.068
38.754,25.221
38.258,24.315
35.792,24.254
39.361,23.637
40.141,25.169
41.140,24.699
41.718,24.951
41.823,23.654
42.399,25.135
41.735,24.988
43.212,24.672
43.377,25.492
45.252,27.083
45.201,27.276
44.784,28.302
42.652,27.225
42.264,26.151
42.483,25.975
43.169,26.589
44.659,25.930
45.046,28.006
45.268,28.258
44.830,27.400
45.250,27.579
44.373,27.566
43.558,27.015
43.025,26.898
41.341,26.073
42.046,28.312
40.285,27.216
39.180,26.454
38.811,27.500
37.818,27.942
40.654,26.886
39.217,26.435
39.743,27.209
39.770,27.911
40.789,28.070
40.725,27.418
39.399,27.808
38.158,27.768
39.904,27.087
39.280,26.786
39.504,26.587
39.566,26.726
39.274,26.827
38.543,25.990
38.075,26.198
35.964,25.893
37.489,26.463
35.301,27.000
38.018,26.125
38.723,26.162
40.103,26.262
39.750,27.230
38.501,26.683
38.524,27.054
36.521,28.067
38.966,27.147
38.856,27.908
36.519,27.906
34.409,26.865
38.128,26.930
35.791,27.071
36.437,26.600
31.547,26.118
29.599,25.368
33.413,24.500
33.936,24.611
34.914,25.052
27.308,24.918
24.907,22.765
24.639,23.111
28.522,24.263
29.946,24.514
28.241,25.133
27.868,24.996
28.978,24.517
30.967,24.816
