20000101
3.349
3.195
2.225
1.819
1.458
1.967
1.778
1.788
1.668
2.005
2.470
3.075
2.760
2.185
3.865
5.907
5.923
3.872
3.140
2.779
3.211
3.386
1.226
1.805
2.474
2.361
4.753
5.266
3.036
2.380
3.993
3.413
2.434
2.926
3.746
3.880
3.178
3.228
2.651
2.914
3.471
2.828
2.435
3.878
5.503
3.139
2.591
3.056
2.427
2.011
2.201
3.417
3.688
4.554
5.239
3.097
2.455
1.700
1.911
2.279
4.166
4.089
4.206
4.700
1.947
2.517
3.015
3.120
2.471
3.374
5.313
5.542
3.539
1.451
1.659
2.894
3.368
1.801
2.751
2.959
2.979
3.114
3.062
4.699
3.627
3.058
3.062
2.828
2.057
2.197
2.719
3.298
3.536
2.361
2.496
2.546
2.129
3.055
4.023
1.820
2.364
1.781
2.351
3.255
3.747
3.511
2.600
3.055
2.772
3.176
3.456
3.973
4.769
3.943
4.753
4.908
5.349
5.124
5.044
4.682
4.606
4.099
3.388
3.742
3.457
2.526
2.726
2.413
3.573
3.679
3.326
4.129
4.482
3.437
3.304
4.102
4.234
3.936
3.077
2.789
4.803
4.157
5.090
4.645
4.893
5.145
5.358
4.308
3.750
4.468
3.937
3.976
4.173
3.221
2.757
3.712
3.258
2.461
2.591
3.214
3.234
3.955
4.669
4.528
4.851
4.801
5.003
5.107
5.040
4.286
4.027
4.610
4.428
5.076
4.300
4.814
4.744
5.016
4.547
3.510
3.359
2.759
2.505
3.406
3.027
2.261
2.422
3.035
3.709
2.972
3.821
3.609
3.648
3.396
3.429
4.131
5.297
5.353
4.040
4.265
4.167
4.709
4.668
4.365
4.287
4.554
4.238
4.102
3.805
3.220
2.750
2.898
4.260
4.738
5.382
4.030
3.695
3.173
3.151
2.961
3.195
4.065
2.350
2.192
2.761
3.644
3.688
3.920
3.542
3.621
3.264
2.388
3.015
2.215
1.621
1.503
1.630
3.288
2.954
2.488
3.180
4.222
4.631
3.813
3.012
3.288
3.827
3.855
2.681
2.953
3.244
2.345
3.404
3.470
3.076
2.648
2.296
2.178
2.722
2.629
2.872
2.914
2.090
1.623
1.960
1.686
1.410
1.541
1.127
1.116
1.161
1.964
1.288
2.298
2.265
1.992
2.799
1.735
1.296
1.279
1.059
1.560
2.106
1.414
1.070
1.827
2.576
2.471
1.487
2.282
2.403
1.548
1.747
1.574
2.241
2.234
2.777
2.317
1.387
1.216
1.905
1.661
1.408
1.699
1.807
2.101
3.226
2.872
2.443
1.849
2.188
1.435
1.459
1.652
2.313
2.321
1.966
1.794
2.226
2.792
2.302
1.572
2.396
2.485
3.233
1.822
1.690
1.702
2.306
2.721
1.985
2.703
4.187
3.983
3.538
4.297
3.774
3.427
2.086
1.680
2.284
2.929
1.686
1.785
2.789
1.947
1.816
1.348
1.722
1.657
1.390
1.558
1.844
3.306
2.992
3.042
2.280
1.836
2.136
2.338
3.327
2.655
2.348
2.724
3.964
5.152
2.449
2.353
3.563
3.631
3.513
2.701
2.700
3.340
3.597
3.602
3.348
2.313
3.783
3.475
2.670
4.762
3.700
2.842
2.467
3.175
3.336
3.128
2.658
3.779
2.521
2.840
3.095
2.453
1.958
2.473
2.095
3.736
5.075
3.080
2.233
2.179
1.653
1.728
2.259
3.033
2.365
2.323
1.757
4.472
4.226
2.783
2.816
2.107
1.957
2.931
3.547
1.991
2.692
2.708
3.830
3.991
1.798
1.862
2.751
4.720
5.149
3.932
3.572
3.239
2.783
1.803
2.856
3.718
2.969
1.739
1.776
2.533
2.184
1.972
2.444
1.785
2.065
2.561
3.289
3.547
2.756
1.932
1.655
2.834
3.345
2.701
4.194
3.634
3.015
1.667
3.353
2.322
2.354
2.820
1.891
1.626
2.596
3.218
3.832
3.386
3.174
2.950
1.783
2.063
2.714
2.942
3.052
2.105
2.140
1.456
1.986
2.087
2.041
2.874
3.391
3.301
3.578
4.198
3.542
3.176
3.412
3.660
4.006
3.497
3.288
4.240
4.371
4.036
4.439
4.938
4.535
4.142
4.281
4.372
4.627
4.382
5.046
4.444
4.368
4.465
3.952
3.414
2.383
3.355
4.699
4.854
3.231
3.617
4.589
4.151
4.416
4.138
3.906
3.681
3.728
4.015
2.776
2.500
2.818
2.892
3.026
2.719
3.074
4.050
3.935
3.382
3.092
2.837
2.804
3.816
5.094
4.932
5.346
5.324
5.060
4.195
5.315
5.044
5.070
4.192
3.263
3.204
3.117
3.375
4.456
3.417
3.047
2.604
2.721
2.793
3.333
3.618
4.349
3.580
4.376
4.641
4.741
3.879
3.895
4.051
2.634
3.845
2.618
3.282
3.265
3.075
3.280
3.246
3.783
3.696
4.032
2.912
2.811
3.687
2.293
1.830
2.842
2.547
2.554
2.832
2.772
1.713
2.099
2.804
3.274
2.670
2.497
4.176
3.340
2.341
3.151
2.771
2.524
2.288
2.477
2.519
2.502
3.400
3.630
3.828
4.201
3.964
3.473
3.367
3.015
3.074
3.612
3.969
3.265
1.766
2.302
2.607
3.202
3.073
2.280
2.308
1.667
1.047
1.519
1.828
2.189
2.156
2.135
1.558
1.907
1.874
1.681
2.159
1.701
1.174
1.385
1.465
2.193
2.618
2.323
1.520
1.658
2.141
2.348
2.500
2.774
2.036
2.324
2.487
1.864
1.597
1.533
2.328
1.923
1.874
2.247
1.511
1.202
1.445
1.141
1.830
1.561
1.928
1.559
1.284
1.842
2.230
1.468
1.471
1.427
1.537
2.198
1.805
1.653
0.948
2.437
4.250
3.592
3.218
3.238
2.995
3.166
2.438
2.525
2.095
2.568
3.127
2.910
2.658
1.754
2.115
1.738
2.116
2.484
2.757
2.867
3.180
2.964
2.982
2.665
2.218
1.800
1.135
1.401
1.783
1.564
1.820
2.004
2.287
2.144
1.152
4.029
3.242
1.951
1.879
2.967
2.201
3.816
4.744
4.054
3.684
3.187
2.893
2.399
1.766
2.908
4.504
3.715
3.537
3.791
2.966
3.155
3.226
3.456
3.975
3.536
3.186
4.005
3.887
3.203
2.504
1.639
2.399
2.781
3.666
3.376
1.855
2.555
2.514
4.703
4.240
3.102
2.226
2.370
3.655
2.371
3.008
3.832
4.208
4.446
3.704
2.591
2.990
4.130
4.560
3.026
2.478
2.893
2.908
5.939
7.091
4.074
4.206
4.592
3.505
2.561
3.093
2.553
2.477
3.044
2.751
2.042
3.031
3.004
3.311
2.523
3.630
2.487
2.310
2.704
4.561
3.426
2.474
2.657
2.305
2.318
3.556
3.490
1.979
3.742
3.053
1.910
3.587
1.400
1.936
1.480
2.639
2.464
2.385
3.098
2.341
2.548
4.164
3.742
1.799
2.386
2.670
3.062
2.260
2.871
3.724
2.541
1.197
2.049
2.735
2.496
3.469
2.077
2.899
2.561
2.265
2.158
3.073
3.822
3.999
3.550
3.637
3.466
3.280
2.947
3.876
4.003
4.140
4.099
3.880
1.867
2.325
4.324
3.376
2.126
3.486
3.303
2.758
2.402
2.731
3.985
3.874
3.631
4.230
5.534
5.490
4.782
4.711
4.507
4.278
4.071
5.143
5.523
6.563
6.390
5.667
4.818
4.221
4.235
4.918
5.000
5.041
5.076
4.546
3.442
3.812
4.163
3.667
3.212
3.519
3.757
4.589
4.602
4.451
3.877
3.727
3.630
4.010
4.387
3.901
3.369
2.823
4.319
4.180
4.412
4.175
4.647
4.425
4.218
4.790
3.444
1.930
2.304
3.093
4.041
4.489
4.398
4.673
5.402
5.407
5.317
5.338
5.200
5.477
4.890
3.976
4.064
4.899
4.914
5.027
4.431
4.288
4.300
4.126
4.721
4.698
5.160
4.329
4.084
4.321
4.218
3.933
3.708
4.283
4.583
3.944
3.038
3.059
3.689
3.408
3.584
3.618
2.563
3.093
2.946
2.994
3.532
3.665
4.251
3.978
3.663
3.227
4.187
3.580
4.116
4.255
3.921
3.266
2.642
2.203
1.638
2.730
3.538
3.086
2.692
3.478
3.349
2.576
2.106
2.499
3.093
3.537
3.458
4.008
4.134
3.643
3.536
3.605
3.206
4.256
3.971
2.703
3.015
3.419
3.276
2.709
1.605
1.457
1.628
2.547
3.357
3.395
2.238
1.795
1.740
1.463
2.519
1.791
1.204
2.136
2.194
2.253
1.913
1.633
1.644
1.404
1.540
1.331
1.993
1.887
1.739
1.392
2.670
2.730
1.648
2.566
2.970
2.640
2.549
2.008
2.128
1.975
2.141
1.946
1.414
1.809
1.827
1.825
1.629
1.634
2.192
1.640
0.986
0.983
1.686
2.336
2.673
2.121
2.549
2.161
2.401
1.839
2.194
2.256
1.955
2.076
2.344
2.273
2.030
2.197
1.885
1.757
2.247
1.988
2.333
2.511
2.447
1.815
2.121
3.222
3.175
2.559
2.285
2.245
2.256
3.288
3.380
3.136
2.193
2.164
1.266
2.464
2.816
2.048
1.919
1.278
2.495
2.817
2.412
2.177
1.796
2.626
3.409
2.404
2.115
2.592
2.846
2.436
1.943
3.282
4.444
3.079
2.546
5.115
3.173
2.203
3.175
4.552
3.579
4.519
4.728
3.601
5.147
3.893
2.832
3.383
3.256
3.378
2.878
2.583
2.772
3.021
2.818
2.159
1.408
2.405
2.882
4.051
2.492
2.638
4.417
2.053
4.722
6.190
5.082
3.856
2.447
3.062
2.056
2.408
3.134
4.738
4.362
2.793
2.972
2.141
2.661
4.173
6.808
4.737
2.047
2.548
2.242
2.612
1.676
2.654
1.814
2.914
2.723
3.204
4.294
3.644
3.346
3.502
2.261
2.801
2.651
2.467
2.605
2.659
2.982
2.410
2.421
2.560
2.689
1.691
2.366
2.451
1.680
2.265
2.540
2.632
2.118
2.921
3.168
3.231
2.524
3.638
4.062
2.559
2.439
2.035
4.040
4.396
1.975
1.474
1.837
1.752
2.052
2.605
2.236
3.380
3.780
3.497
3.687
3.376
1.983
4.299
4.654
2.651
1.869
1.734
2.080
3.283
3.665
3.849
2.777
1.978
1.734
2.225
3.680
4.664
4.965
3.310
3.633
3.998
3.540
1.738
1.910
2.099
2.851
4.080
3.020
3.320
1.792
3.732
4.368
4.771
4.987
4.845
5.298
4.940
4.746
4.047
4.267
4.022
4.227
3.931
3.334
3.464
3.909
3.483
3.689
3.942
4.876
5.151
5.682
6.026
5.713
5.424
5.022
4.755
4.955
3.982
3.928
2.943
3.462
3.119
3.336
2.800
3.268
3.889
3.525
3.866
4.413
3.593
4.100
4.603
4.293
4.572
4.887
3.528
2.570
2.669
3.392
3.264
2.902
3.925
4.192
4.697
5.017
4.296
3.859
3.060
3.333
2.743
2.950
2.842
2.995
3.866
4.133
4.318
3.654
3.790
4.960
3.913
3.376
2.789
3.752
4.032
3.706
4.587
3.681
3.153
3.230
3.316
2.666
1.779
2.157
2.572
3.404
3.786
3.168
3.556
2.952
3.330
3.505
4.074
4.254
4.116
3.841
3.415
2.685
1.783
2.388
2.901
4.482
3.922
3.253
3.358
3.050
4.512
3.381
3.485
3.162
3.046
3.477
3.283
2.818
2.718
3.919
3.496
3.745
2.984
3.663
3.096
2.895
2.728
3.227
2.675
2.777
3.225
3.171
2.341
2.460
2.843
2.157
1.572
1.446
2.383
1.804
1.545
1.734
1.437
1.165
1.833
1.809
1.823
2.380
2.619
2.070
2.208
2.677
2.685
1.858
1.698
1.610
1.110
1.639
1.507
1.649
1.885
1.726
1.436
1.499
1.331
1.990
1.645
1.499
2.192
3.167
2.938
2.413
2.102
1.764
1.514
1.804
1.672
2.352
1.990
1.655
1.676
2.175
3.182
2.139
1.897
1.863
1.655
1.741
2.097
2.048
1.945
3.198
2.863
2.851
2.548
1.792
2.017
1.319
2.402
2.549
2.512
2.245
2.064
2.248
2.195
2.416
1.953
1.976
1.787
2.354
2.203
2.161
1.617
3.192
2.465
2.040
2.540
3.022
3.835
3.605
3.122
3.918
3.155
2.624
2.641
2.447
2.594
2.373
2.934
2.873
4.596
3.663
3.062
2.071
1.646
2.428
2.220
4.711
4.856
5.958
5.937
4.137
3.835
2.477
2.111
2.099
2.057
1.815
2.328
2.269
2.959
2.007
2.187
2.071
4.043
2.600
2.629
3.254
2.763
3.289
3.927
3.051
2.835
3.450
2.148
3.977
4.430
3.530
3.678
2.396
2.972
2.281
2.197
2.682
3.300
3.170
3.657
3.140
2.605
2.513
1.909
2.118
3.637
1.469
0.946
2.048
2.082
2.094
1.885
1.983
2.889
3.262
2.990
1.842
2.836
3.098
3.138
3.167
3.606
3.201
2.208
3.119
1.928
1.166
2.781
1.553
2.538
2.642
1.657
1.748
2.559
3.447
3.608
2.016
1.982
3.082
3.532
3.779
3.461
3.027
2.182
2.883
2.502
2.609
2.460
3.418
2.930
2.768
2.229
3.144
2.919
3.641
4.058
3.309
2.819
3.185
3.373
3.595
4.052
4.296
4.356
4.422
3.757
3.204
3.103
3.245
3.714
3.194
1.945
1.935
2.394
3.105
3.593
3.789
4.297
1.267
1.788
1.741
2.277
2.242
2.450
3.339
1.601
2.579
4.313
3.930
3.845
4.448
3.782
4.035
3.520
3.086
4.876
5.083
5.697
5.353
5.803
6.229
4.270
4.107
3.913
3.553
3.048
3.112
2.711
3.383
4.084
3.296
4.324
4.110
3.903
4.205
3.527
2.593
1.764
1.507
2.131
3.035
2.475
2.676
2.127
1.646
3.774
3.882
5.457
5.407
6.020
6.080
6.012
5.370
4.612
3.787
3.339
2.915
2.957
3.439
3.702
2.821
2.994
2.152
3.245
3.806
4.348
4.623
4.305
4.720
3.990
4.349
4.094
4.151
3.565
2.576
2.694
4.064
3.959
4.188
3.987
3.970
2.688
3.452
3.943
3.484
2.988
3.565
3.200
2.562
3.983
3.218
3.153
1.910
1.377
1.656
2.664
3.419
2.839
3.034
2.962
2.862
3.967
3.024
3.195
3.169
3.578
2.756
2.783
3.035
3.017
2.804
2.931
3.825
4.153
4.417
4.304
4.229
3.763
3.658
3.737
3.441
3.351
2.296
2.292
2.197
1.977
1.769
1.983
2.429
3.173
3.256
3.058
2.257
2.185
2.466
2.763
2.129
1.575
1.728
2.079
1.882
1.754
1.496
1.475
1.421
1.716
1.979
1.479
1.487
1.621
1.923
1.616
2.216
1.360
1.117
1.442
1.999
2.530
2.838
2.668
2.363
2.203
1.037
2.192
1.748
1.748
1.169
0.992
1.270
1.484
1.438
1.199
1.385
1.493
1.211
1.848
2.719
2.090
1.582
1.583
2.049
2.103
2.635
1.382
2.038
3.476
3.694
3.044
2.678
2.703
3.272
2.187
2.051
1.395
1.247
1.641
1.502
1.651
1.398
1.810
2.407
2.197
1.503
1.234
1.231
1.984
1.760
1.232
1.802
3.095
2.165
1.452
1.238
1.767
2.032
1.803
1.437
2.306
2.437
2.383
2.278
2.467
3.365
3.482
3.100
2.428
2.292
2.085
2.448
1.783
1.983
2.582
1.364
2.743
1.399
3.452
4.101
3.771
3.065
2.565
1.736
2.578
3.759
1.879
1.348
2.982
4.104
3.230
3.269
4.229
2.939
2.107
2.724
3.072
3.165
2.239
1.336
2.202
2.999
3.929
3.093
3.647
4.014
2.489
2.088
2.696
3.424
4.262
3.822
1.860
2.376
3.508
4.096
4.641
3.872
3.217
2.792
2.575
2.349
3.107
2.579
1.850
2.468
3.526
3.394
2.008
2.236
2.940
5.115
5.003
5.283
3.468
2.661
2.766
4.801
4.095
3.028
2.194
2.968
2.972
1.904
2.685
1.616
2.820
2.897
2.652
3.078
2.998
2.674
2.271
3.482
2.769
2.918
2.383
2.637
1.409
2.573
2.665
2.924
3.009
3.272
3.159
4.138
2.951
3.734
1.490
1.965
3.430
4.241
3.013
2.869
2.989
3.965
3.179
2.084
2.354
2.398
1.863
2.105
4.143
3.564
3.157
1.911
3.395
3.091
2.602
3.030
3.212
2.212
2.080
1.679
1.871
1.846
3.419
3.230
3.038
2.996
2.989
2.602
3.408
3.569
2.206
2.478
1.421
2.936
2.350
2.776
1.859
2.585
4.227
3.608
3.807
4.023
2.783
3.333
3.786
3.777
3.543
3.396
3.936
3.825
3.546
3.449
3.465
4.092
3.158
3.246
2.983
2.985
2.528
2.384
3.090
1.397
1.481
2.830
3.326
3.990
3.868
3.912
4.162
3.695
3.384
3.251
3.091
3.651
4.100
2.908
2.696
3.342
3.652
3.578
2.913
3.297
2.841
3.869
3.749
3.798
4.026
3.198
3.416
4.200
3.439
2.462
2.758
3.434
4.055
3.004
3.057
3.859
4.490
4.517
4.289
3.844
2.529
3.675
2.816
4.062
3.839
4.414
3.996
3.182
3.474
3.802
4.139
4.238
3.943
4.125
3.228
4.188
2.947
3.237
4.116
3.260
2.319
1.374
2.794
3.071
3.260
3.169
3.445
3.620
3.349
2.534
1.856
2.530
2.594
2.863
2.102
2.637
2.885
2.014
2.425
3.136
3.235
3.284
3.252
3.350
3.509
3.836
4.107
3.058
2.557
2.163
2.429
2.626
2.266
1.517
1.654
1.823
1.481
1.811
1.954
1.861
1.290
1.174
1.745
1.599
2.906
2.493
1.372
2.747
4.059
3.178
4.281
1.090
1.231
2.533
1.872
2.609
3.543
2.929
2.778
2.238
1.338
1.807
1.536
1.313
1.414
1.531
1.171
0.770
0.774
1.386
0.913
1.003
2.050
2.100
1.803
1.990
2.769
3.090
2.795
2.187
2.095
1.839
1.351
1.668
2.043
1.957
2.803
2.455
2.141
2.528
1.533
1.597
2.024
1.326
1.084
1.454
1.826
1.334
2.378
1.827
1.433
2.076
2.662
2.000
1.872
1.687
1.720
1.473
1.449
1.857
1.990
1.894
1.347
1.835
1.556
1.577
1.506
2.116
2.312
1.599
1.405
1.569
2.477
2.254
2.862
4.130
4.183
3.728
2.682
1.946
1.680
2.924
2.955
3.795
3.649
3.320
2.708
3.133
3.463
3.999
3.096
3.113
2.176
2.025
2.795
3.808
3.437
4.302
3.479
2.265
1.653
0.818
2.564
2.180
1.499
1.896
2.430
2.095
4.530
4.638
3.891
4.646
3.389
2.298
1.625
2.501
1.594
1.718
3.028
1.796
2.297
3.304
3.229
2.496
2.241
3.356
3.496
2.232
3.418
3.164
3.197
3.181
2.229
1.620
2.367
2.405
2.287
3.149
3.363
2.443
1.778
1.933
1.480
1.683
1.854
2.528
1.819
1.722
1.792
2.764
3.992
3.219
2.198
1.292
2.476
2.016
2.595
2.646
2.277
2.401
2.852
2.838
2.870
3.102
3.210
1.786
2.727
2.831
1.748
1.935
2.023
2.752
3.911
2.304
1.593
2.098
1.864
3.325
1.643
2.012
1.682
2.678
1.858
2.837
1.776
2.650
2.023
3.696
3.325
2.275
1.867
1.992
3.334
2.688
2.943
3.395
3.188
2.561
2.539
2.521
1.967
2.812
2.785
3.857
3.229
2.412
2.278
1.805
2.401
3.048
2.870
3.513
1.841
2.554
2.205
3.215
2.741
3.114
2.459
2.260
2.811
2.902
2.604
3.229
3.859
3.135
3.391
2.773
1.790
2.014
3.364
3.654
3.874
3.709
4.213
4.072
3.770
3.774
3.833
3.558
3.423
2.680
3.595
3.734
4.460
4.017
4.556
3.623
4.089
4.564
4.873
4.280
4.457
4.224
3.601
3.874
3.069
3.227
4.217
3.959
4.485
4.135
3.635
3.955
3.908
4.138
5.068
4.805
4.663
3.332
3.723
3.977
3.129
2.776
2.652
2.679
3.282
2.462
2.352
2.810
2.444
2.422
2.286
2.573
3.153
3.638
2.511
2.679
3.075
3.306
2.473
4.550
3.882
3.666
4.472
4.178
4.553
3.922
3.881
4.281
3.747
2.880
2.622
3.540
4.056
2.542
1.845
2.130
3.229
3.346
2.850
3.365
3.618
3.193
2.977
2.135
3.232
4.437
3.752
2.774
2.290
1.301
2.499
2.190
3.645
3.652
3.966
3.708
2.004
2.743
2.169
1.907
1.785
1.804
2.441
3.970
4.144
3.796
3.872
3.573
3.162
2.735
3.357
3.822
3.272
2.662
2.615
3.215
3.788
2.715
1.492
1.744
1.595
1.880
3.024
3.016
1.615
1.366
1.501
1.577
1.176
1.411
1.909
2.349
1.741
1.290
1.691
1.900
2.341
2.373
2.056
2.308
2.362
2.141
2.156
1.770
1.714
1.768
2.061
2.494
1.672
1.420
2.201
2.415
2.316
1.503
1.320
1.456
1.525
1.824
1.695
1.650
2.217
1.444
1.677
1.670
1.895
1.870
1.095
1.200
1.080
1.766
1.498
1.107
2.362
3.170
3.132
2.405
2.866
3.236
2.853
3.512
2.831
1.815
1.923
1.734
1.241
2.280
1.468
2.865
2.295
2.143
2.304
2.602
2.312
1.938
2.009
0.940
1.822
1.979
1.487
1.275
2.197
2.176
2.518
2.291
2.494
2.291
2.444
2.542
2.413
2.609
2.881
3.225
2.852
2.709
2.301
2.414
2.711
2.181
3.570
3.181
3.331
2.094
2.791
4.034
2.352
2.240
1.984
1.598
3.228
3.040
2.853
2.419
1.560
2.677
3.913
2.840
2.921
2.744
1.518
1.944
1.733
2.047
2.844
3.246
4.513
3.090
2.685
2.035
3.411
3.149
4.692
2.849
2.312
2.355
4.332
3.127
2.266
2.898
2.761
3.377
4.235
4.467
3.653
3.216
2.428
2.449
3.476
3.265
2.318
2.532
2.772
3.058
1.650
2.305
2.735
1.378
2.606
3.700
5.591
4.802
2.950
4.368
2.137
2.678
1.871
1.902
1.784
2.070
3.131
3.156
2.757
3.002
3.210
2.489
1.570
2.704
3.710
3.761
3.498
2.883
2.981
3.209
3.149
2.648
2.586
2.388
3.042
3.329
4.200
3.477
3.104
3.637
2.476
2.123
2.431
2.667
4.201
3.855
2.269
2.612
3.414
2.811
2.324
2.736
2.565
2.790
2.556
2.194
2.742
3.189
3.037
2.592
2.275
2.163
3.140
3.757
2.075
1.540
2.546
2.946
2.510
2.255
2.557
2.588
1.898
1.566
3.087
1.990
3.952
3.753
4.048
2.935
3.055
2.368
2.698
2.919
3.258
3.328
2.722
3.014
3.415
3.583
2.333
3.817
3.448
4.117
3.800
3.648
4.318
4.357
3.943
4.566
4.913
4.326
3.324
4.045
4.286
4.699
4.377
4.011
3.406
4.149
3.865
4.063
3.581
2.971
3.528
2.334
2.543
1.735
3.103
3.490
1.635
2.107
3.416
4.101
4.144
4.852
5.534
5.431
4.447
4.235
3.786
4.302
3.149
3.827
4.046
3.756
2.638
1.708
2.389
4.115
4.674
4.215
3.075
3.984
2.485
1.575
2.620
2.484
2.794
5.751
5.689
4.601
4.343
4.621
3.548
2.233
4.139
3.375
3.102
3.217
3.146
3.020
2.488
2.501
2.844
3.639
3.970
4.164
3.743
2.792
1.867
2.289
2.978
3.374
2.683
2.965
2.236
2.177
2.792
2.716
2.359
2.636
2.970
1.903
1.517
1.638
3.683
3.314
3.074
3.820
4.166
4.539
3.775
3.318
3.544
3.581
2.723
3.124
2.554
2.426
2.715
1.869
1.558
1.776
1.073
1.674
1.955
1.681
2.443
2.003
1.811
2.328
2.933
2.609
2.924
2.543
2.753
2.431
2.721
2.031
1.736
2.594
2.831
2.828
2.496
1.292
1.640
1.814
2.210
1.810
1.101
0.868
2.057
2.309
2.224
1.775
1.290
1.853
1.612
1.963
2.095
2.078
2.083
2.100
1.824
1.873
2.034
1.861
1.367
1.127
1.743
1.505
1.154
1.044
1.485
1.621
1.255
1.074
1.446
1.564
1.016
1.547
1.878
2.229
2.613
2.254
1.331
1.919
3.612
3.822
3.647
3.726
3.512
2.153
1.809
1.647
1.939
1.859
2.100
1.819
1.314
2.104
2.208
1.679
1.825
1.660
2.492
2.164
2.724
2.663
2.201
2.274
1.978
2.116
1.677
2.043
1.343
1.639
2.166
1.936
2.055
1.862
3.298
4.022
3.412
3.485
3.257
2.934
2.202
2.145
2.475
3.089
3.890
6.244
4.772
4.454
4.546
2.767
1.977
2.570
2.523
2.348
1.547
2.507
1.818
2.908
2.089
2.323
1.675
2.997
3.573
2.628
4.458
5.497
3.847
3.648
2.267
3.159
2.406
2.046
2.513
2.947
4.561
3.995
4.466
3.652
2.223
2.518
3.636
2.246
3.379
4.115
2.909
2.079
3.672
3.428
2.020
2.928
2.561
3.531
2.258
3.876
2.435
3.470
3.369
2.302
2.575
3.617
2.178
3.650
4.450
3.649
4.074
4.546
4.363
3.670
2.402
2.456
1.837
2.669
2.754
2.878
2.142
2.987
2.663
1.458
3.196
3.416
3.823
2.317
1.661
2.426
1.965
1.572
1.846
2.377
2.134
3.146
2.679
2.337
2.992
1.994
4.689
4.998
3.198
2.229
2.105
2.237
2.580
3.009
1.724
2.397
1.992
1.939
2.203
2.344
1.644
2.032
2.130
2.218
2.679
3.124
3.014
3.299
3.412
3.648
1.754
2.114
3.229
1.936
1.324
2.817
2.963
2.903
3.859
3.795
3.520
3.520
2.112
2.564
2.685
2.592
2.672
3.225
2.640
3.176
3.105
2.962
3.039
3.081
3.842
3.968
3.806
4.013
4.393
4.179
4.165
3.419
3.975
3.561
4.043
3.490
3.901
3.910
3.869
4.968
5.153
5.070
5.345
5.995
5.567
4.624
4.937
4.606
4.905
3.891
3.679
3.344
4.219
4.196
4.540
3.555
3.965
4.073
3.432
3.041
3.561
4.260
4.678
4.134
2.644
3.288
3.108
3.646
2.630
3.720
3.816
4.786
5.269
5.016
5.603
5.665
5.163
4.230
4.496
4.504
4.800
3.668
4.424
4.009
4.138
3.939
3.301
3.270
3.808
3.810
4.325
4.781
5.347
4.477
4.378
3.338
2.851
4.340
4.590
4.104
3.602
3.925
4.000
3.609
3.184
3.721
3.115
3.442
3.227
3.018
1.749
3.342
3.194
3.774
2.523
1.433
2.782
3.113
3.269
3.163
3.280
2.892
3.094
3.762
4.202
3.079
3.426
2.851
2.472
3.752
4.536
3.667
3.592
3.207
3.414
2.994
3.227
2.908
3.146
2.710
2.100
2.071
2.290
2.677
2.501
2.973
2.866
2.651
2.072
1.186
1.610
1.419
2.558
2.428
1.975
1.407
1.469
1.672
1.999
2.335
2.266
2.066
3.187
2.003
1.745
1.045
1.696
2.224
2.752
2.578
2.600
1.960
2.025
2.593
3.187
2.887
2.891
2.598
2.096
1.533
2.074
1.894
2.911
3.188
2.118
2.522
2.093
1.428
1.776
1.303
1.266
1.095
1.741
1.533
2.749
2.677
1.591
1.352
1.377
1.292
2.112
2.440
1.357
1.308
1.902
2.204
1.537
1.890
1.578
2.218
2.340
1.942
1.513
2.135
1.753
1.473
1.644
1.558
2.010
2.474
1.906
1.706
1.580
1.785
2.826
2.223
3.607
2.867
2.816
2.579
4.411
3.767
3.193
2.478
2.174
2.284
3.681
4.632
4.609
3.709
3.242
2.532
2.474
1.831
2.264
2.622
2.867
2.446
1.756
2.815
3.076
2.976
2.994
2.387
3.038
3.012
1.821
3.130
2.730
3.499
2.324
3.891
2.470
2.443
2.138
2.411
2.044
1.113
1.852
1.990
3.504
3.534
2.767
2.695
2.223
2.281
2.445
4.088
5.289
5.049
5.069
5.126
4.317
4.099
2.733
2.827
2.876
2.309
2.426
3.724
3.275
3.179
2.291
3.532
3.031
3.320
3.030
1.958
2.676
2.534
2.588
3.763
2.028
2.487
1.980
2.761
2.311
1.704
3.503
2.801
2.881
4.181
2.413
2.493
1.922
2.229
2.968
2.952
2.744
3.349
3.220
2.853
2.226
3.246
2.658
3.342
2.588
3.117
2.310
1.869
2.482
2.740
2.827
3.245
2.417
2.762
3.002
2.275
1.853
2.319
2.579
2.775
3.181
2.407
2.292
2.322
2.542
2.718
2.938
2.804
2.397
1.316
1.637
2.545
3.208
2.337
2.491
3.610
3.519
2.787
2.555
2.732
2.535
2.980
3.168
4.238
3.050
3.970
3.690
1.979
3.734
2.665
2.446
3.024
3.710
3.712
3.131
2.247
2.058
1.581
3.836
4.373
3.003
2.355
3.263
2.156
2.243
1.411
2.645
2.926
3.259
3.479
3.395
3.073
3.620
3.585
2.759
3.090
2.696
3.331
3.994
4.633
3.892
4.336
4.907
4.905
4.871
3.971
4.212
3.632
4.673
3.946
3.514
4.166
2.895
3.898
5.253
4.476
4.376
5.078
4.680
4.477
4.871
5.171
5.252
4.990
4.922
4.400
3.817
4.027
4.018
3.731
4.282
3.756
3.986
4.284
4.476
4.048
2.342
2.627
3.175
3.631
4.120
3.970
2.756
3.630
3.000
3.012
2.724
3.177
2.930
4.271
4.132
2.679
2.197
3.657
2.644
3.377
3.754
4.866
4.958
3.587
3.177
3.432
3.806
3.795
3.731
1.465
3.286
4.052
2.989
3.177
3.605
2.491
2.934
4.087
3.980
4.384
4.331
4.250
3.730
4.371
4.072
3.764
3.283
3.896
4.350
4.248
4.211
3.445
2.755
3.774
3.366
3.031
3.887
2.872
3.271
3.576
3.225
3.407
3.280
2.796
3.194
3.449
2.884
2.940
2.519
2.724
3.062
3.383
1.789
2.666
3.894
3.011
2.034
2.296
2.919
2.459
3.527
3.018
2.979
3.246
4.047
3.900
3.782
2.400
2.340
2.649
2.498
2.315
1.867
2.243
2.617
2.607
2.501
2.509
2.324
2.682
2.635
2.469
2.504
2.195
1.715
2.279
1.900
3.398
3.303
2.009
1.937
1.752
3.528
3.186
2.603
1.969
1.948
1.922
2.030
1.212
1.959
1.860
2.606
2.545
1.891
1.947
1.854
1.718
2.013
1.940
1.381
1.242
1.487
1.306
2.186
1.962
1.372
1.630
1.139
1.926
1.618
2.783
2.475
2.289
1.713
2.028
2.777
4.273
5.479
2.309
1.826
1.726
1.761
1.389
1.710
2.377
2.010
1.878
2.546
2.501
1.810
1.139
2.344
1.521
1.746
1.730
2.153
2.285
2.879
2.809
1.728
1.537
2.392
1.759
2.361
1.666
1.909
1.749
2.196
1.629
2.333
2.015
2.698
3.272
2.989
3.423
2.722
1.618
2.296
1.442
1.589
2.974
1.854
2.152
2.682
2.607
2.027
2.729
3.819
2.902
2.163
4.136
3.564
3.859
3.943
2.656
3.261
2.380
2.513
3.398
2.641
4.535
4.260
3.935
3.041
2.482
2.851
3.102
2.887
2.286
1.965
1.577
2.016
2.200
1.998
2.223
1.395
2.430
2.771
1.877
1.968
2.936
3.449
2.809
2.497
2.111
3.511
5.096
2.785
4.333
1.972
1.914
2.233
2.421
2.208
2.997
3.079
2.289
1.741
2.773
2.808
3.426
1.707
1.675
1.707
2.384
2.812
2.576
2.835
3.905
3.901
2.385
3.422
2.864
1.857
3.357
3.494
2.936
2.861
1.886
2.282
3.294
2.324
1.777
1.954
2.925
2.104
2.099
3.559
3.263
3.314
2.924
2.939
2.994
2.506
3.572
3.839
4.615
3.602
4.015
2.885
2.306
1.761
2.057
1.805
2.269
3.988
4.350
3.394
3.570
2.092
1.594
2.106
2.628
3.346
4.388
4.808
5.343
4.615
3.808
3.352
3.378
3.282
3.155
2.782
3.298
3.199
3.014
3.202
1.975
3.203
3.677
3.986
3.678
3.873
3.912
3.809
3.892
2.961
2.870
2.798
3.867
3.804
3.578
3.670
3.365
3.096
1.930
2.394
3.995
4.230
5.101
5.806
6.230
6.028
5.889
4.919
4.224
4.054
4.244
4.118
3.254
5.074
5.148
4.701
5.609
3.194
2.547
2.363
3.036
2.564
3.259
3.799
3.274
2.408
2.437
2.870
2.764
4.701
4.918
5.118
4.781
4.252
3.296
2.874
2.958
4.350
4.180
4.265
4.252
2.845
3.810
2.403
1.929
3.111
2.720
2.284
3.204
4.130
4.812
4.539
4.110
3.512
3.154
3.647
2.720
3.212
3.438
3.148
3.062
3.152
3.105
2.981
3.557
3.165
3.598
3.613
2.330
2.592
2.019
2.766
2.408
2.019
3.430
3.857
2.866
1.879
3.143
3.340
2.718
2.415
2.267
2.789
2.970
2.757
2.016
2.324
2.445
2.774
2.758
3.246
3.508
3.053
2.768
1.698
1.136
0.916
1.027
1.239
1.700
1.956
2.558
2.740
2.356
2.472
2.661
2.872
2.085
1.937
2.096
3.749
2.644
2.482
2.597
2.444
2.092
1.882
1.734
2.016
1.593
1.888
2.911
2.128
2.242
1.705
1.419
1.294
1.973
1.350
1.838
1.432
1.691
1.811
1.965
1.759
1.254
2.283
2.409
1.165
2.045
2.343
2.292
1.680
1.132
1.431
2.040
1.765
3.152
3.124
2.817
1.682
1.464
2.063
2.046
1.886
1.695
1.528
1.452
1.436
1.425
2.399
3.765
3.183
3.295
3.476
2.897
2.728
2.727
3.390
4.418
4.034
1.954
2.171
1.459
1.013
1.601
1.762
1.615
2.107
2.078
1.925
2.270
2.509
3.865
6.009
3.567
0.977
1.808
2.420
2.823
3.890
3.227
3.050
4.618
3.831
3.727
4.480
3.787
4.261
3.364
2.726
3.346
2.580
2.092
1.313
2.433
2.364
2.096
1.949
1.605
4.119
3.396
1.872
1.997
1.527
1.849
3.650
2.924
3.266
2.865
2.958
2.050
2.449
4.036
3.624
5.211
4.478
3.946
4.387
3.381
2.004
4.521
4.464
3.044
1.812
2.752
3.010
2.273
4.267
3.103
2.088
3.577
3.312
2.186
2.168
2.363
2.223
3.520
4.104
5.609
3.884
3.390
1.803
4.281
3.896
3.795
3.035
2.390
1.952
2.703
3.534
2.166
2.070
2.888
2.731
2.496
3.099
3.793
3.838
2.962
3.136
3.301
2.577
2.916
3.836
3.103
2.979
2.604
2.348
1.989
3.711
4.025
3.581
3.968
4.027
2.633
2.756
2.379
3.041
3.289
3.251
3.482
4.367
3.464
1.951
2.111
3.478
2.762
1.989
4.163
4.680
3.818
3.266
3.383
2.844
1.526
1.791
1.978
2.618
4.467
3.957
4.026
4.197
2.901
2.007
2.287
3.135
1.997
2.086
2.692
2.053
1.609
2.117
2.885
2.823
2.601
1.942
1.861
2.381
4.217
2.788
1.999
2.533
3.068
2.729
1.446
2.281
2.454
2.618
2.549
2.764
3.405
2.923
2.533
5.155
3.997
4.129
4.262
4.190
2.621
3.482
4.064
4.157
4.124
4.635
4.023
3.558
3.142
3.354
3.014
4.183
4.728
5.385
5.919
5.688
4.658
4.240
3.974
4.145
3.677
4.062
4.140
4.492
4.789
5.187
3.485
2.812
2.578
2.310
2.703
3.738
4.666
4.056
3.821
4.468
4.219
4.544
4.079
4.855
4.969
5.077
4.175
4.263
4.964
5.157
5.134
4.364
4.125
4.843
4.730
4.203
3.734
3.823
4.578
4.167
3.513
3.214
2.906
2.384
3.009
2.077
2.714
3.302
4.062
3.963
3.775
3.832
3.061
1.749
2.111
1.478
1.857
3.958
4.710
4.810
4.265
3.660
3.178
2.130
1.873
2.288
3.093
2.999
2.789
2.979
3.114
2.864
1.994
2.345
2.412
3.237
3.622
3.551
3.334
4.717
4.810
3.939
3.582
3.429
4.543
3.476
2.602
2.436
2.223
1.403
1.889
1.853
2.148
2.323
2.423
2.612
2.136
1.558
1.957
1.439
1.296
2.731
1.319
1.890
3.451
4.018
4.684
4.802
3.046
3.024
2.168
1.970
3.044
2.234
1.822
2.235
2.939
2.911
2.415
2.847
2.178
2.747
2.114
1.524
2.306
1.912
1.929
2.461
2.150
2.057
1.635
2.189
2.401
2.501
1.763
1.160
2.053
1.678
1.798
2.098
1.717
1.789
1.569
2.040
1.586
1.809
1.781
1.231
1.683
2.000
1.653
1.160
2.451
1.788
1.436
1.996
3.033
2.398
2.549
2.615
2.286
2.367
2.682
3.074
1.912
2.458
1.666
1.678
1.905
1.808
1.553
1.681
1.861
2.178
2.980
2.439
1.637
1.656
1.588
1.811
1.590
2.506
3.557
3.400
3.917
3.237
3.733
3.531
3.764
4.460
4.207
3.205
3.024
3.173
2.413
1.839
1.796
1.732
1.696
2.534
2.034
3.494
3.947
4.383
3.961
3.281
3.195
3.566
3.368
2.341
2.537
2.068
3.025
4.204
4.089
2.810
2.046
2.607
4.111
4.947
4.627
4.131
5.024
4.041
4.704
3.990
2.985
3.006
3.010
2.099
3.187
4.251
4.269
3.774
4.055
3.356
2.440
2.641
4.047
2.647
2.629
2.438
3.852
4.838
3.810
2.132
2.407
2.730
2.639
3.505
3.746
5.522
4.704
4.503
4.531
3.931
2.956
4.021
2.560
3.144
4.097
3.434
4.660
4.658
3.928
3.601
4.056
2.676
3.632
3.770
4.831
3.799
2.731
2.346
4.317
3.822
3.456
2.589
3.116
4.277
3.080
3.526
2.543
3.289
2.836
2.974
3.551
4.286
5.144
3.368
3.550
1.694
3.206
3.450
3.703
2.946
3.028
2.525
3.268
3.800
3.787
3.690
4.118
2.836
3.177
2.588
2.274
2.609
2.138
2.856
2.232
2.762
2.421
2.141
3.501
3.701
3.754
3.477
3.290
3.892
3.364
2.965
3.723
4.164
4.124
4.160
3.923
3.935
3.748
3.235
3.801
3.939
3.731
3.136
2.403
3.362
2.620
3.602
2.566
3.285
2.847
3.166
3.987
3.914
2.441
2.897
2.823
3.754
3.075
3.683
3.339
2.193
2.692
3.219
4.017
4.007
3.922
3.331
3.415
4.067
4.479
4.324
3.352
3.294
3.505
3.525
4.113
4.620
5.044
4.675
3.980
3.893
4.092
4.770
4.702
4.920
5.194
5.415
5.180
4.706
4.086
3.254
3.761
4.761
4.616
3.694
2.157
1.937
2.703
3.296
4.266
4.338
4.806
5.088
5.581
5.329
5.464
5.390
5.082
5.341
5.897
5.069
4.437
4.564
4.094
3.974
3.920
4.426
4.333
3.226
4.418
4.282
3.723
3.160
5.458
4.309
3.242
3.710
3.941
3.274
2.944
3.000
3.361
3.843
3.024
2.838
3.107
3.746
4.044
3.230
3.572
4.080
3.744
4.274
3.379
3.168
2.761
3.918
3.312
4.046
3.082
2.729
2.877
3.669
3.684
3.240
2.891
2.626
4.289
4.413
3.428
2.862
2.791
2.112
2.195
2.244
2.522
3.390
3.116
3.002
3.197
2.133
1.828
1.611
1.576
1.097
1.164
1.409
1.647
1.142
1.762
2.007
2.010
3.200
3.769
3.391
2.330
1.521
1.880
2.803
3.161
3.036
2.869
2.369
1.546
1.377
1.120
1.424
1.312
1.425
2.102
1.827
1.344
1.450
1.156
1.994
2.299
2.802
2.608
1.790
1.521
1.453
1.275
2.055
1.815
1.722
0.922
1.456
1.454
1.136
1.173
1.651
1.196
1.239
1.284
1.476
1.602
2.514
2.825
2.106
1.453
2.383
2.875
3.779
3.364
2.999
3.464
4.304
4.938
4.492
3.941
3.589
3.405
3.466
2.228
1.388
1.597
2.533
2.397
2.491
2.619
3.063
3.297
3.334
3.263
2.105
2.785
3.653
3.074
3.027
2.406
2.809
2.637
2.817
2.780
2.141
1.816
3.770
4.279
4.234
4.363
4.191
4.041
4.331
2.805
2.847
1.869
2.110
2.157
2.008
2.383
1.951
1.887
2.933
4.887
3.002
4.075
4.080
4.576
4.831
4.650
4.521
4.031
3.718
3.040
2.451
1.909
3.906
4.553
3.059
3.522
4.127
3.010
3.500
4.613
5.061
5.069
4.460
3.786
2.666
1.929
3.257
2.585
2.934
1.560
3.366
3.653
4.455
5.455
5.052
5.459
5.542
5.555
5.359
4.597
4.307
4.089
4.315
4.101
4.400
4.023
3.360
3.507
4.106
3.968
1.764
5.186
4.910
4.625
3.825
4.208
3.899
3.493
4.304
3.660
4.916
2.184
3.401
3.346
3.932
3.870
3.256
3.907
4.001
3.854
4.476
3.797
3.144
4.474
3.373
3.028
1.990
2.656
3.163
2.528
2.603
2.687
3.944
2.258
2.734
3.303
1.747
3.480
3.875
3.597
2.173
2.289
3.051
2.239
2.656
3.121
3.396
2.909
3.429
3.301
3.624
3.606
2.082
2.309
2.179
3.543
3.010
1.933
1.594
2.379
2.788
3.407
3.086
3.242
3.408
2.420
3.027
2.620
3.348
4.355
3.843
3.104
3.381
3.247
2.385
1.734
1.861
2.344
2.478
3.278
2.525
2.782
3.679
2.930
2.819
2.981
3.799
4.117
3.871
3.225
3.387
3.932
4.087
4.356
3.965
2.886
2.085
2.539
3.016
3.802
4.022
3.796
3.946
4.499
5.022
4.674
4.738
4.750
5.130
4.627
4.412
4.657
4.127
3.587
3.729
3.690
3.328
2.775
3.783
4.231
4.406
3.060
2.556
2.890
3.471
3.319
2.636
2.210
1.969
3.071
2.586
3.314
1.525
2.570
3.482
3.915
4.025
3.983
3.805
3.690
3.302
4.772
4.257
4.438
4.445
3.728
4.741
3.775
3.550
3.286
2.886
2.320
2.774
3.088
3.066
2.520
1.727
2.809
3.482
3.550
2.929
2.766
3.633
3.501
2.718
2.507
2.805
1.897
2.077
2.782
3.190
3.050
2.847
4.075
3.019
3.190
2.179
2.717
3.648
2.723
2.992
2.602
2.430
3.207
3.792
4.037
3.295
2.637
2.490
3.295
3.242
2.736
2.728
3.229
3.546
4.077
2.986
2.448
2.625
3.438
3.798
3.764
3.551
2.834
2.781
2.635
2.604
2.130
2.354
2.886
3.064
3.085
2.838
1.960
1.383
1.013
1.686
1.643
1.207
1.845
1.336
1.880
1.993
2.026
1.748
1.479
0.941
2.098
2.184
1.901
1.234
2.680
4.759
3.062
4.159
4.010
2.076
1.410
1.568
2.016
1.963
2.352
1.756
1.506
1.630
2.043
2.035
1.757
1.524
1.659
1.372
2.098
1.794
1.422
1.464
1.446
1.451
1.472
2.158
2.530
3.749
4.044
3.418
2.002
1.497
2.202
1.342
1.546
1.562
1.615
1.826
1.935
2.222
2.073
1.609
0.949
2.209
2.923
1.943
1.297
1.797
2.824
3.852
3.692
3.852
3.288
2.665
1.613
2.013
3.115
3.123
2.349
2.020
2.314
2.791
3.607
4.264
3.255
2.411
2.584
2.460
3.123
2.902
2.103
1.687
1.728
1.938
2.737
2.013
1.385
2.055
1.870
1.765
1.705
1.746
1.702
1.988
2.531
2.793
2.708
4.300
4.021
2.588
3.105
2.413
2.960
4.092
2.880
2.070
5.681
4.388
2.771
2.369
1.952
2.714
4.102
4.060
2.551
3.929
4.750
4.674
3.648
3.292
2.385
3.681
3.665
2.165
5.514
3.734
2.256
1.268
3.843
3.381
3.968
3.597
4.054
3.275
1.976
2.337
3.455
3.316
2.499
2.279
2.083
1.617
2.721
4.211
3.542
1.886
2.912
1.159
3.515
4.172
3.857
1.242
1.264
3.175
2.530
1.896
2.845
1.994
2.073
4.940
4.398
3.522
2.387
2.795
2.925
2.899
2.875
2.991
2.901
1.888
2.123
3.076
3.611
1.884
1.557
3.336
2.160
3.147
2.545
2.361
2.849
4.340
3.533
2.435
3.032
4.072
3.214
2.649
3.382
2.994
3.077
2.656
4.374
4.001
3.740
2.937
3.771
4.705
2.098
2.571
3.655
4.358
4.366
2.377
1.977
2.175
2.704
2.446
3.074
2.782
2.825
3.107
3.497
3.371
1.830
1.965
1.753
2.475
2.984
1.830
2.993
2.545
2.111
1.449
2.614
3.619
4.428
4.068
3.716
3.666
2.243
1.933
2.768
4.196
4.609
4.171
3.788
4.137
3.560
3.239
3.904
3.421
2.990
2.469
2.518
3.265
3.366
3.677
4.178
3.739
2.401
1.935
1.804
3.236
4.735
4.641
4.303
3.285
2.438
2.138
3.051
3.229
4.237
4.328
4.537
4.272
3.978
4.554
4.340
4.501
4.201
4.120
3.652
4.349
4.401
3.797
5.175
5.808
5.770
5.826
5.251
5.213
4.287
4.373
4.949
5.225
5.347
5.061
4.888
4.648
4.962
4.262
4.093
4.748
4.523
4.102
4.510
3.821
3.879
2.680
2.770
3.249
2.765
2.709
3.115
3.329
4.129
4.311
4.501
4.856
5.354
3.692
3.298
3.031
3.204
3.338
2.287
2.102
