20000101
3.605
3.595
2.465
1.964
2.009
2.745
2.017
1.974
1.858
2.290
2.643
3.174
3.215
3.066
3.505
5.861
6.292
4.394
3.476
2.936
3.105
3.350
1.268
1.723
2.595
2.645
4.689
5.217
3.092
3.005
3.923
3.171
3.059
2.783
3.954
4.309
3.215
3.467
3.008
2.892
3.357
3.217
3.210
3.975
5.606
3.819
3.322
3.187
2.683
2.211
2.960
4.088
3.609
5.028
5.555
3.886
2.954
1.723
1.913
2.476
4.430
4.418
4.593
4.836
2.165
3.007
3.447
3.864
2.823
3.763
5.147
5.750
3.449
1.832
2.099
2.968
3.252
2.158
3.272
3.360
3.533
3.459
3.817
4.925
3.750
2.997
2.941
2.760
3.022
2.639
3.254
4.102
3.759
2.361
2.510
2.529
2.558
3.350
4.444
2.784
2.748
2.274
2.936
3.398
3.546
3.464
2.927
3.282
3.157
3.623
4.024
4.404
5.099
4.384
5.245
5.037
5.325
5.167
5.397
4.857
4.964
4.386
3.257
3.677
3.418
3.077
3.029
2.552
3.578
3.613
3.406
3.949
4.265
2.938
3.445
4.423
4.218
3.940
2.787
3.026
4.544
4.052
4.729
4.349
4.582
4.735
4.848
4.018
3.674
4.142
3.811
3.705
4.002
3.459
2.755
3.585
3.785
2.229
2.942
3.532
3.656
3.733
4.672
4.398
5.065
4.848
5.094
5.350
4.909
4.150
3.632
4.150
4.047
5.074
4.249
4.566
4.670
4.772
4.609
3.465
3.231
3.014
2.166
2.893
2.651
1.807
2.165
3.057
3.678
3.389
3.392
3.335
3.349
3.269
3.120
3.803
4.987
5.186
3.784
3.715
4.031
4.759
4.169
3.991
3.864
4.267
3.732
3.723
3.491
2.946
2.547
2.525
3.990
4.250
4.855
3.612
3.622
3.135
3.074
2.977
3.174
3.637
2.256
1.983
2.338
3.191
3.624
3.364
3.172
3.172
2.717
2.223
2.582
1.632
1.459
1.748
1.658
3.295
3.654
2.475
2.816
3.802
4.148
3.321
2.639
3.091
3.410
3.218
2.492
2.608
2.778
2.200
3.004
3.295
2.839
2.255
2.285
2.199
2.408
1.926
2.513
2.643
2.122
1.770
1.546
1.394
1.414
1.937
1.219
1.446
1.428
1.742
1.926
2.144
2.262
2.287
3.254
1.998
1.811
1.642
1.546
2.013
1.722
1.101
0.995
2.366
2.569
2.675
2.106
2.058
2.136
1.887
2.139
1.486
2.506
2.311
2.544
2.210
1.916
1.529
1.947
1.946
1.765
1.952
2.139
2.043
3.394
2.985
2.234
2.468
2.390
1.618
1.648
2.416
2.322
2.699
2.433
2.353
2.719
2.742
2.512
1.434
2.512
3.008
2.744
2.383
2.275
1.988
2.884
2.720
2.894
2.887
3.837
3.916
3.406
4.709
4.576
4.147
2.739
2.129
2.185
2.844
2.321
2.535
3.008
2.420
2.183
1.950
2.267
2.323
2.317
2.451
2.607
2.850
2.509
2.887
2.509
2.407
2.255
2.293
3.518
2.717
2.916
3.259
4.523
4.346
2.990
2.182
3.803
3.982
4.160
3.837
3.237
3.178
3.652
3.964
4.080
3.273
3.449
3.815
3.296
4.724
5.077
3.469
3.215
3.623
3.856
3.414
2.976
3.415
2.993
2.996
3.253
3.306
2.765
3.131
3.381
3.783
4.174
3.470
2.712
2.578
2.200
2.256
2.724
3.391
3.257
2.672
2.018
5.276
4.453
3.625
2.513
2.588
2.567
3.165
3.900
2.109
3.223
3.339
4.012
3.931
2.374
2.222
3.025
4.461
5.274
4.124
4.032
3.741
3.632
2.208
2.763
3.653
3.247
2.391
1.961
2.665
2.263
2.441
2.861
2.370
2.235
3.334
3.671
2.909
3.114
2.062
1.964
3.401
4.082
3.802
4.857
3.787
3.370
2.487
3.097
2.632
2.816
2.740
2.183
1.925
2.667
3.444
4.070
3.292
3.748
3.145
1.838
2.889
3.225
3.288
3.575
2.416
2.979
2.153
2.682
2.197
2.326
3.376
4.298
3.765
3.859
4.504
3.564
3.127
3.576
3.997
3.691
3.289
3.202
4.101
4.153
3.980
4.628
4.935
4.255
3.814
4.022
3.966
4.349
4.310
5.021
4.791
4.151
4.403
3.821
3.271
2.861
3.517
4.906
5.078
3.780
4.307
4.801
3.798
3.667
3.828
3.620
3.275
3.504
3.742
2.770
2.431
2.762
2.705
2.542
2.824
2.679
3.672
3.050
2.875
3.667
3.121
3.069
4.058
4.770
4.791
4.803
4.726
4.568
4.072
5.054
4.694
4.651
3.881
3.018
2.702
2.998
2.980
4.437
3.058
3.063
2.726
2.353
2.693
2.991
3.482
3.983
3.170
4.087
4.412
4.470
3.586
3.431
3.621
2.303
3.024
2.219
2.873
2.987
2.728
2.851
2.801
3.192
3.279
3.823
2.681
2.598
3.477
2.201
1.563
2.938
2.553
2.574
2.352
2.411
1.923
2.298
2.169
2.796
2.478
2.176
3.705
2.801
2.438
2.916
2.647
2.327
1.966
2.141
2.203
2.000
2.900
3.379
3.572
4.067
3.704
3.341
3.184
2.681
2.897
3.340
3.872
3.272
1.836
1.904
2.501
3.079
3.002
2.259
2.200
1.569
1.209
1.496
2.464
2.398
2.328
2.162
1.644
1.939
1.585
1.633
2.368
2.210
1.966
1.529
1.965
2.048
2.719
1.849
1.354
1.700
2.484
1.864
2.534
2.693
2.500
2.123
2.306
2.218
1.882
2.146
2.383
2.262
1.844
2.827
1.637
1.303
1.547
1.577
2.067
2.307
2.305
1.751
1.978
2.158
2.025
2.431
1.917
1.442
1.726
2.539
1.809
1.547
1.302
2.996
3.883
3.448
3.248
3.588
3.054
3.331
2.531
2.662
2.838
2.670
3.099
2.822
3.303
2.477
2.726
1.506
1.941
2.391
2.576
2.841
3.199
3.016
3.447
2.888
2.427
2.166
1.710
1.667
2.036
2.096
2.322
2.242
2.277
2.200
2.099
3.428
3.230
2.541
2.225
2.920
3.081
3.274
4.821
4.447
4.163
3.498
3.013
2.690
2.574
3.470
4.425
3.825
3.648
3.622
3.018
3.523
3.813
4.260
4.342
3.600
3.125
4.148
4.543
3.424
2.418
2.150
2.830
2.660
3.453
3.430
2.391
2.477
3.041
4.530
4.103
3.448
2.525
3.129
3.822
2.890
3.384
3.843
4.388
4.978
4.060
3.341
3.421
3.801
4.278
3.603
3.003
3.181
3.283
5.752
7.951
4.529
4.198
5.016
3.805
3.310
3.622
2.674
3.353
3.939
2.995
2.580
3.350
3.771
3.362
2.571
3.968
3.118
2.748
3.394
4.910
2.896
3.268
3.214
2.872
2.759
3.422
3.260
2.848
3.652
3.856
2.032
3.890
1.433
1.792
1.520
1.571
2.043
2.246
3.740
2.914
2.858
4.246
3.621
1.973
2.776
3.174
3.202
2.503
3.104
3.706
2.885
1.959
2.128
2.825
3.342
3.102
2.432
3.387
3.497
2.880
2.812
3.639
4.417
4.123
3.658
3.794
3.600
3.704
3.443
4.518
4.305
4.191
4.261
3.940
2.420
3.017
4.521
3.514
2.999
3.802
3.979
3.612
3.391
3.320
4.345
3.768
3.701
4.280
5.959
5.739
4.840
4.589
4.673
4.366
4.342
4.826
5.302
5.776
5.682
5.302
4.639
4.062
4.011
4.886
4.783
4.630
4.584
4.316
3.503
3.404
4.010
3.492
3.158
3.680
3.627
4.274
4.331
4.221
3.631
3.862
3.836
4.410
4.379
3.661
3.353
2.976
4.161
4.345
4.182
3.689
4.131
4.353
4.116
4.677
3.821
2.497
2.666
2.174
3.573
3.554
3.934
4.037
4.965
4.711
4.685
4.826
4.829
5.241
4.600
3.872
4.080
4.638
4.610
5.038
3.980
3.929
3.336
3.012
3.622
3.562
4.400
3.867
3.607
4.100
4.248
3.568
3.548
3.887
4.115
3.545
2.923
2.491
3.537
3.272
2.974
2.957
2.330
3.122
2.831
2.103
3.293
3.216
3.856
3.755
3.147
2.748
3.823
3.012
3.490
3.701
3.551
3.210
2.720
2.320
1.671
2.588
3.875
3.498
2.673
3.426
3.016
2.716
2.293
2.656
3.169
3.146
3.158
3.390
3.676
2.974
2.613
3.231
2.527
3.730
3.363
2.411
2.843
3.217
3.217
2.590
1.578
1.599
1.666
2.321
3.339
3.004
2.126
1.816
1.299
1.710
2.178
2.320
1.497
2.197
2.362
2.287
2.279
1.911
1.693
1.565
1.611
1.987
2.435
2.170
1.882
2.215
2.881
2.453
2.048
2.466
2.926
2.588
2.516
2.657
2.409
1.871
2.478
2.542
1.592
1.420
1.833
2.017
1.788
1.824
2.351
2.073
1.461
1.448
1.957
2.751
2.949
2.640
3.103
3.273
3.073
2.104
2.974
2.616
1.936
2.171
2.524
2.938
2.323
2.625
2.001
2.277
2.707
2.356
2.611
2.878
2.896
2.739
2.708
2.973
3.568
3.079
2.781
2.650
2.419
3.856
3.524
3.285
2.432
2.454
1.858
2.187
2.840
2.839
2.947
2.385
2.872
2.950
2.710
2.599
1.771
3.044
4.041
2.745
2.633
2.776
3.251
2.841
2.889
4.473
4.651
3.789
2.957
5.283
3.507
2.819
3.251
4.494
4.678
4.603
4.845
4.703
4.772
4.068
2.996
3.742
4.115
4.160
3.569
3.562
3.582
3.357
3.139
2.431
1.519
2.257
3.753
3.906
2.590
3.006
4.695
2.648
4.407
6.105
5.011
4.130
3.085
3.424
2.426
2.799
3.471
4.939
4.643
3.601
3.149
2.725
2.756
4.154
6.102
4.494
2.568
3.191
2.781
3.104
2.311
3.034
2.119
3.201
3.310
3.875
4.554
4.526
3.159
3.273
2.580
3.001
3.485
2.937
3.287
3.077
3.227
2.761
2.924
2.453
3.044
2.005
3.008
2.972
1.638
2.734
2.762
3.241
2.646
3.409
3.371
2.975
3.404
3.842
4.043
3.616
3.314
2.803
3.977
4.328
2.622
1.736
2.265
2.017
2.629
2.251
3.387
4.232
3.944
3.665
4.069
3.710
2.653
4.410
5.005
2.649
2.240
2.268
2.535
3.783
4.053
4.069
3.063
2.522
2.403
3.240
4.207
4.658
4.977
3.153
3.335
3.758
3.465
2.483
2.110
2.700
3.504
4.575
3.631
4.071
3.105
4.985
4.749
4.668
5.230
4.951
5.512
5.043
4.748
4.349
4.381
4.037
4.587
3.774
3.188
3.713
4.177
3.525
3.544
3.765
4.499
5.072
5.377
5.669
5.669
5.280
4.593
4.538
4.769
3.728
3.719
2.703
3.316
3.481
4.010
2.264
3.541
3.675
3.302
3.720
4.066
3.000
3.708
4.279
4.035
4.241
4.334
3.384
2.244
2.116
2.994
2.558
2.822
3.685
3.751
4.375
4.560
3.765
2.951
2.857
2.898
2.468
2.776
2.603
2.817
3.420
3.594
3.902
3.503
3.427
4.517
3.718
3.411
2.710
3.501
3.865
3.320
4.381
3.416
2.888
2.980
2.999
2.426
1.643
2.057
2.081
3.167
3.299
2.708
3.023
2.826
3.019
3.351
3.354
3.751
3.439
3.612
3.043
2.593
1.863
2.933
2.951
4.075
3.587
2.861
3.012
2.728
3.795
2.926
3.010
2.906
2.737
3.021
3.025
2.351
2.510
3.582
2.870
2.984
2.576
3.107
2.655
2.365
2.195
2.656
2.148
1.919
2.186
3.079
2.034
2.142
2.529
2.114
1.709
1.686
1.835
1.535
1.649
1.614
1.579
1.530
1.513
1.866
1.730
2.890
2.529
2.263
2.447
2.804
2.502
1.894
1.686
2.072
1.654
1.660
2.109
1.886
1.918
2.237
1.834
1.986
2.077
2.402
1.968
1.718
2.271
3.368
3.177
2.393
2.497
2.237
1.753
2.233
1.945
2.415
1.966
1.566
1.432
2.167
3.822
2.390
2.319
2.168
2.009
1.704
2.187
2.335
2.285
3.273
3.181
3.043
2.706
2.241
2.417
2.101
2.824
2.696
2.613
2.429
2.267
2.781
2.641
2.662
2.393
2.234
2.018
2.642
2.424
2.071
2.182
3.754
2.481
2.410
2.734
3.426
4.223
3.249
3.245
3.957
3.486
2.649
3.166
2.820
3.101
3.048
3.325
3.832
4.623
4.386
3.499
2.202
2.644
2.610
2.873
4.666
4.743
5.961
6.510
4.644
4.249
2.451
2.107
2.807
2.372
2.424
2.593
2.592
3.132
2.480
2.681
2.849
3.590
2.532
3.379
3.235
3.231
3.534
4.196
3.022
3.311
3.460
2.504
4.061
4.499
3.879
4.077
2.853
2.229
2.748
2.258
2.299
3.932
3.084
3.721
4.327
3.340
3.154
2.615
2.534
3.655
1.813
1.501
2.408
2.574
2.526
2.158
2.820
2.909
3.489
3.427
2.606
3.123
3.506
3.534
3.232
3.753
3.536
2.814
3.420
2.246
2.138
3.126
2.658
3.046
3.030
2.429
2.172
3.303
4.156
4.136
2.397
2.330
3.361
3.808
4.164
3.728
3.134
2.216
3.042
3.436
3.572
3.444
4.057
3.329
3.164
3.024
3.725
3.110
3.483
3.862
3.149
2.774
3.149
3.403
3.591
3.975
4.124
4.227
4.575
3.683
3.035
2.995
3.391
3.699
3.502
2.305
2.410
2.908
3.747
3.478
3.554
4.040
1.545
1.664
2.407
2.920
2.246
2.364
3.317
2.887
3.492
3.818
3.052
3.972
4.251
3.751
3.695
3.273
3.280
4.364
4.569
5.388
4.722
5.229
5.589
4.020
4.097
3.760
3.580
3.301
3.812
3.452
3.539
4.322
3.620
4.536
4.329
3.934
3.936
3.331
2.210
1.632
1.926
2.459
2.904
2.076
2.790
1.814
2.305
3.119
3.738
4.928
5.249
5.537
5.581
5.495
4.652
3.765
2.943
2.870
2.532
2.354
3.088
3.335
2.765
3.026
1.730
2.757
3.370
3.936
4.148
3.964
4.446
3.271
3.767
3.793
3.893
3.543
2.587
2.591
3.530
3.947
3.941
3.965
3.739
2.486
2.995
3.608
3.779
2.812
3.220
3.004
2.891
3.990
2.969
2.631
2.475
1.844
1.636
2.442
2.838
2.500
2.724
2.500
2.337
3.317
2.732
2.247
2.989
3.407
2.150
2.397
2.734
2.587
2.353
3.082
3.452
3.631
4.071
3.940
3.891
3.563
3.356
3.377
2.991
3.028
1.977
1.913
1.696
2.022
1.602
2.132
2.424
3.014
3.047
3.087
2.184
2.019
2.297
2.631
1.975
1.438
1.772
1.919
1.735
1.829
1.238
1.389
1.437
1.496
1.890
1.653
1.843
1.755
2.115
1.729
2.296
1.963
1.190
1.492
1.707
2.394
2.634
2.555
2.646
2.034
1.276
2.477
2.050
2.160
1.444
1.076
1.252
1.485
2.154
1.209
1.763
2.153
1.671
2.045
2.576
2.454
2.393
1.650
2.039
2.898
3.131
1.336
2.223
3.659
4.147
3.356
2.835
2.573
3.353
2.538
2.071
1.624
1.718
1.993
1.700
1.676
1.886
2.615
2.540
2.468
1.613
1.662
1.882
2.418
1.624
1.501
2.341
2.916
2.695
1.597
0.903
2.118
2.453
1.813
2.042
2.294
2.538
2.636
2.677
2.666
3.755
3.885
3.392
2.601
2.289
2.508
2.685
2.261
2.184
2.401
2.010
2.623
1.772
3.374
4.081
3.551
3.314
3.300
2.494
3.076
4.415
1.862
1.868
2.738
4.293
3.521
2.796
3.827
2.962
2.732
2.764
2.536
3.355
2.610
1.960
2.862
3.374
4.324
2.801
3.562
4.486
2.893
2.487
2.743
3.323
4.428
3.911
2.673
3.044
2.955
3.995
4.340
4.380
2.932
3.419
2.984
2.436
3.104
2.493
1.660
2.661
3.877
3.144
2.538
2.530
3.271
5.390
5.063
5.146
3.349
2.967
2.349
4.389
3.922
3.681
2.939
2.737
2.843
2.801
3.173
2.452
3.539
3.527
3.460
3.300
2.910
3.004
2.160
3.597
3.317
3.304
2.990
2.770
2.449
3.077
3.241
3.354
3.576
3.560
3.529
4.354
3.097
3.812
1.769
2.366
3.729
4.005
3.375
3.257
3.628
3.920
3.419
2.680
2.800
3.167
2.804
2.802
4.154
3.345
3.327
2.778
2.913
2.850
3.403
2.990
3.516
3.060
2.759
2.204
2.389
2.231
3.763
3.434
3.014
3.246
3.085
3.024
3.588
3.639
2.685
2.153
2.418
3.252
2.924
3.492
2.337
2.771
4.154
3.494
3.454
3.650
2.556
3.531
4.157
3.724
3.434
3.407
3.986
3.654
3.473
3.445
3.965
4.325
3.250
3.504
3.496
3.109
2.354
2.637
2.959
2.281
2.226
3.296
4.225
3.941
3.810
3.829
3.982
3.507
3.317
3.290
3.134
3.780
4.129
3.310
2.594
3.509
3.577
3.387
2.811
2.448
2.734
4.044
3.970
3.882
3.572
3.206
2.893
3.677
2.911
1.958
2.432
3.222
3.364
2.686
3.017
3.958
4.092
4.279
3.787
3.879
2.623
3.458
2.143
3.599
3.230
3.810
3.548
3.133
3.410
3.474
3.814
4.059
3.628
3.884
3.478
4.016
3.250
2.958
3.131
2.496
2.020
1.107
3.117
2.863
2.980
2.733
3.234
3.440
2.929
2.451
2.033
2.501
2.002
2.638
1.976
2.502
2.664
2.078
2.186
2.936
2.870
2.934
3.059
2.874
3.148
3.716
3.465
2.732
2.520
2.282
2.185
2.224
2.030
1.545
2.396
2.052
1.846
1.849
1.905
2.034
1.192
1.366
1.839
1.696
3.132
3.123
1.354
2.487
3.762
3.684
3.644
1.464
1.125
1.706
1.762
1.932
2.986
2.540
2.489
2.081
1.026
1.656
1.613
1.630
1.480
1.443
1.169
1.330
1.143
1.522
0.898
0.902
1.674
2.272
1.953
1.907
3.006
3.294
2.903
2.521
2.105
1.809
1.461
2.210
2.487
1.584
2.626
2.999
1.807
2.534
2.385
1.910
2.349
1.754
1.472
1.152
1.666
1.484
2.604
2.204
1.684
2.048
2.858
2.176
2.287
1.842
2.121
1.588
1.804
2.173
2.104
2.108
1.567
2.266
1.931
1.974
1.652
2.124
2.297
1.776
1.549
2.082
2.616
2.353
2.724
3.794
3.522
3.444
2.456
2.025
2.265
2.536
2.704
3.929
3.885
3.392
2.640
2.906
3.462
4.176
2.679
2.865
2.566
2.467
2.507
3.505
3.233
4.006
3.859
2.644
1.938
1.203
2.432
2.274
2.064
2.037
3.206
2.703
4.220
3.888
3.481
4.641
3.435
2.528
2.159
3.018
1.762
2.425
2.893
2.213
2.270
3.123
3.348
3.313
2.718
2.936
3.630
2.176
3.482
3.272
3.548
3.662
2.709
1.855
2.707
3.449
2.775
3.471
3.438
3.072
2.380
2.316
1.879
1.904
1.861
2.342
2.098
2.238
2.190
3.241
4.312
3.232
2.576
2.348
2.869
2.462
2.941
2.998
2.809
2.925
3.595
2.914
2.435
3.025
2.751
2.698
3.552
3.045
2.591
2.714
2.388
3.378
3.800
2.454
1.952
2.231
2.191
2.457
1.864
2.437
1.529
2.882
1.616
3.093
2.237
3.014
2.956
3.790
3.947
3.138
2.158
2.194
3.596
3.200
3.380
3.586
3.329
2.897
3.034
2.931
2.478
2.958
2.732
4.023
3.202
2.583
2.455
2.281
2.646
3.814
3.373
4.008
2.278
2.935
2.873
3.978
3.512
3.133
2.386
2.839
3.184
3.255
2.521
2.912
3.934
3.371
3.473
3.668
2.681
2.824
3.981
3.581
3.725
3.672
4.127
4.114
3.808
3.610
3.597
3.276
3.177
2.999
3.858
3.292
3.925
4.168
4.096
3.449
3.905
4.308
4.619
3.880
4.008
3.863
3.337
3.538
2.530
2.693
3.990
3.927
4.192
3.792
3.877
3.753
3.873
3.728
4.718
4.419
4.120
3.250
3.649
3.817
3.067
3.099
2.737
2.774
3.162
2.681
2.750
2.777
2.323
2.577
2.253
2.272
2.631
3.125
2.185
2.427
2.503
2.610
2.508
4.317
3.537
3.316
3.923
3.879
4.312
3.600
3.774
3.849
3.909
3.051
1.977
3.290
3.404
2.363
1.597
1.785
2.597
2.904
2.975
3.142
3.582
2.770
2.468
2.436
2.681
3.905
3.665
2.513
1.931
2.288
3.275
2.794
3.124
3.158
3.661
3.773
2.605
2.686
2.101
1.695
1.606
1.608
2.029
3.437
3.693
3.645
3.874
3.099
2.814
2.345
3.202
3.737
3.234
2.085
2.346
2.634
3.381
2.495
1.495
1.750
2.039
1.584
2.815
3.125
1.857
1.375
1.375
1.422
1.391
1.486
1.653
2.558
1.501
1.282
1.579
1.847
2.190
2.045
1.880
1.932
2.014
1.733
1.956
1.832
1.813
2.268
1.791
2.343
1.233
1.396
1.958
2.382
1.972
1.544
1.432
1.556
1.652
1.863
1.765
1.605
1.629
1.686
1.455
1.535
2.047
1.786
1.161
1.281
1.201
1.813
1.891
1.738
2.082
3.456
3.173
2.664
2.777
3.175
2.768
3.709
2.941
1.934
2.131
1.604
1.346
1.881
2.006
3.153
2.803
2.084
1.925
2.512
2.361
2.112
2.104
1.224
2.070
1.946
1.805
1.793
2.283
2.525
2.640
2.532
2.716
2.247
1.990
2.579
2.512
2.596
3.445
2.788
2.786
2.590
2.628
2.588
2.865
2.556
3.865
3.657
3.293
2.716
2.536
3.693
2.532
2.395
2.373
2.247
3.211
3.465
3.363
2.754
2.110
2.925
3.972
3.462
3.097
2.668
2.417
2.050
1.951
2.300
3.695
3.382
4.766
3.675
2.908
2.648
3.944
3.388
4.386
3.243
2.880
2.473
4.150
3.371
3.036
2.996
2.283
3.023
4.037
4.903
4.065
3.617
3.165
2.942
4.161
2.609
3.446
3.360
3.416
2.991
2.475
2.543
2.844
1.316
3.376
4.283
5.586
4.653
3.183
4.486
2.533
2.778
2.367
2.177
2.184
2.782
3.977
3.505
3.158
3.439
3.805
3.010
2.154
2.629
3.752
4.166
3.071
3.206
3.484
3.819
3.687
3.151
3.102
3.221
3.215
3.520
4.470
3.939
3.307
3.595
3.334
2.828
2.534
3.983
4.499
4.322
2.886
2.858
3.624
3.307
2.614
3.319
2.521
3.095
3.230
2.959
3.226
3.145
3.213
2.978
2.506
2.587
3.284
3.891
2.651
2.070
3.460
3.264
2.773
2.358
2.010
3.431
3.185
2.321
2.835
2.548
3.950
3.670
3.616
3.192
3.247
3.103
3.134
3.393
3.896
3.802
3.775
3.115
3.817
3.530
2.303
3.306
3.136
3.914
3.717
3.530
4.138
4.219
3.819
4.621
4.732
4.102
3.326
3.934
4.041
4.425
4.005
3.962
3.374
4.148
3.668
3.904
3.193
3.216
3.197
2.557
2.953
2.412
3.004
3.085
2.018
1.867
3.025
4.049
4.470
4.948
5.605
5.468
4.271
4.209
3.498
4.188
2.881
4.013
3.964
3.782
2.552
1.665
2.117
4.251
4.987
4.492
2.930
3.618
2.322
1.392
2.569
3.615
2.998
5.251
5.177
4.371
4.032
4.564
3.456
2.851
3.448
3.053
2.720
2.800
2.778
2.973
2.232
1.802
2.557
3.311
3.558
3.872
3.731
2.744
1.746
1.854
2.916
3.270
2.418
2.692
1.996
1.986
2.453
2.126
2.090
2.187
2.597
1.439
2.194
1.910
3.308
3.287
2.871
3.678
3.918
4.241
3.578
3.030
3.405
3.277
2.645
2.626
2.100
2.079
2.642
1.912
1.340
1.624
1.008
1.808
1.678
1.564
2.179
1.793
1.482
2.024
2.631
2.299
2.419
2.358
2.723
1.924
2.434
1.885
1.678
2.297
2.572
2.483
2.235
1.478
2.027
1.782
2.198
1.858
1.194
1.109
2.253
2.287
2.186
1.893
1.680
1.900
2.176
2.129
1.919
1.765
1.726
2.183
1.787
1.998
1.700
2.264
1.841
1.098
2.107
1.972
1.661
0.981
2.069
1.762
1.484
1.457
1.676
1.510
1.562
1.679
1.748
2.377
2.790
2.467
1.851
2.105
3.938
4.045
3.501
3.773
3.670
2.661
2.047
1.585
1.966
2.065
2.080
1.787
1.573
2.147
2.110
2.007
1.856
1.934
2.565
2.191
2.402
2.825
2.496
2.620
2.587
2.694
2.259
2.418
1.771
1.565
2.103
2.118
2.788
2.379
3.766
3.743
3.591
3.578
3.335
2.598
2.906
2.499
2.823
3.429
3.562
5.582
4.269
4.251
4.274
3.344
2.124
2.679
2.623
2.701
2.170
2.913
2.628
2.847
2.903
2.467
2.437
2.821
3.704
3.242
4.328
5.370
3.625
4.028
2.606
3.876
2.064
2.051
3.397
3.020
4.421
3.655
4.326
3.570
2.985
3.197
3.821
2.778
3.255
4.184
2.989
2.689
3.388
3.777
3.274
3.348
3.090
3.893
2.736
3.588
2.562
3.852
3.627
2.789
2.788
3.967
3.085
3.352
3.968
3.175
3.869
4.276
4.355
3.719
3.061
3.052
2.786
2.664
3.249
2.926
2.589
3.285
2.772
1.959
3.168
3.154
4.175
2.758
2.589
2.910
2.689
2.121
1.845
2.411
2.311
3.423
2.993
2.694
3.839
2.213
4.777
4.211
3.100
3.238
2.076
2.819
3.245
3.003
2.220
2.500
3.105
2.580
2.850
2.589
1.963
3.126
2.542
2.744
2.896
3.268
3.189
3.222
3.186
3.446
1.537
1.803
3.798
2.402
2.556
3.513
3.436
3.466
3.681
4.164
3.671
3.474
2.357
2.797
2.992
3.346
3.434
4.111
3.620
3.775
3.811
3.641
3.700
3.159
3.841
3.951
4.395
4.242
4.273
3.972
4.144
3.224
3.731
3.589
4.176
3.612
4.074
4.043
3.792
5.069
5.250
4.948
5.299
5.515
5.148
4.226
4.483
4.345
4.406
4.070
3.601
3.398
4.378
4.316
4.277
3.560
3.705
4.231
3.823
3.249
3.603
4.101
4.185
3.927
2.672
3.574
3.364
3.589
3.083
3.356
3.529
4.488
4.822
4.313
5.010
5.229
4.427
3.785
4.391
4.227
4.445
3.955
4.143
3.499
3.933
3.223
3.125
3.135
3.144
3.560
4.047
4.351
4.849
3.945
3.826
2.613
2.518
3.897
4.167
3.819
3.219
3.933
3.876
3.382
3.061
3.444
3.326
3.265
3.034
2.891
1.653
3.007
2.608
2.997
2.340
1.655
2.684
2.671
2.804
2.662
2.875
2.694
2.956
3.645
3.847
3.013
3.368
3.062
2.892
4.398
4.723
3.386
3.088
2.577
2.937
2.632
2.800
2.461
2.823
2.341
1.803
1.673
1.939
2.459
2.134
2.622
2.787
2.525
2.034
1.405
1.907
1.666
2.262
2.628
2.116
1.592
1.334
1.721
1.855
2.183
1.977
1.518
3.395
2.075
1.724
1.476
2.199
2.557
2.524
2.335
2.188
1.761
1.951
2.286
2.966
2.528
2.575
2.322
2.089
1.531
2.001
1.914
2.756
2.832
2.003
2.261
2.025
1.526
1.295
1.641
1.503
1.686
2.250
1.647
2.599
2.516
1.922
1.989
1.593
1.112
2.016
2.074
1.625
1.565
2.153
2.550
1.726
1.829
1.569
2.040
2.352
2.077
1.390
2.206
1.844
1.655
1.947
2.242
1.979
2.237
2.399
1.791
1.879
1.715
2.963
2.644
3.561
3.585
2.673
3.148
4.194
3.955
3.107
2.542
2.285
2.708
4.193
5.344
4.941
4.207
4.372
2.754
2.311
1.772
2.275
2.867
3.165
3.184
1.958
3.356
3.067
3.073
3.002
2.302
3.026
3.474
1.722
3.474
3.403
3.209
2.469
3.582
2.965
2.751
2.615
2.572
2.398
1.541
2.302
2.543
3.238
3.077
2.992
2.925
2.624
2.455
2.989
3.628
5.455
5.388
4.159
4.559
4.149
3.723
2.843
2.957
3.429
2.418
2.883
3.665
3.732
2.818
2.752
3.614
3.974
3.344
3.336
2.412
3.131
3.049
3.020
2.821
2.430
3.214
2.609
3.101
2.674
2.453
3.714
3.547
2.998
4.575
2.557
2.804
2.299
2.798
2.966
3.559
3.333
3.663
3.680
2.950
2.988
3.749
2.998
3.598
3.243
2.941
3.009
3.055
2.568
3.746
3.784
3.617
3.132
3.341
3.216
2.544
2.630
2.709
3.259
3.478
3.621
2.486
3.059
2.671
3.082
3.249
3.369
3.203
2.764
1.445
1.893
3.049
3.585
2.433
2.756
3.575
4.109
3.256
2.845
3.028
2.711
3.822
3.514
4.894
3.487
4.374
3.796
2.270
3.697
3.289
2.611
3.842
4.440
3.787
3.777
2.166
2.500
2.054
4.194
4.110
3.017
2.999
3.669
2.687
2.587
1.829
3.304
3.587
3.693
3.945
3.382
2.937
3.758
3.399
2.833
3.501
3.038
3.725
4.177
4.547
3.795
4.063
4.499
4.485
4.204
3.674
3.687
3.909
4.202
4.028
3.755
3.952
3.214
3.730
4.601
4.165
4.056
4.780
4.514
4.257
4.553
4.902
5.129
4.908
4.866
4.121
3.686
3.669
3.801
3.607
4.050
3.733
3.700
3.930
4.414
4.071
2.561
2.402
3.264
3.539
4.118
3.702
2.512
3.532
3.033
2.843
2.798
3.010
2.848
4.200
4.029
2.455
2.052
3.416
2.996
3.559
3.525
4.853
4.512
3.091
2.727
2.949
3.360
3.109
3.095
1.394
3.012
3.551
2.777
3.067
3.277
2.528
3.090
3.866
3.576
4.003
3.932
3.784
3.485
4.117
3.737
3.222
3.063
3.471
3.771
3.799
3.932
3.406
2.649
3.291
3.018
2.781
3.624
2.783
3.120
3.232
2.676
3.082
2.983
2.677
3.047
3.378
2.694
2.969
2.485
2.492
2.458
3.171
1.610
2.130
3.782
3.359
2.008
1.881
2.870
2.840
3.031
2.827
2.902
3.156
4.137
3.146
3.179
2.182
2.576
2.581
2.481
1.943
1.805
2.230
2.499
2.385
2.373
2.155
2.207
2.432
2.478
2.194
2.464
2.442
1.991
2.093
1.732
3.142
3.272
2.269
2.137
1.709
3.300
3.151
2.739
2.278
2.058
1.871
1.700
2.143
1.938
2.016
2.776
2.403
1.951
1.971
1.873
1.713
2.317
1.864
1.630
1.280
1.815
1.352
2.301
2.223
1.711
1.765
1.164
1.998
2.204
2.453
2.290
1.964
1.909
2.075
2.900
4.515
5.220
2.127
2.236
1.802
1.595
2.207
2.552
1.943
1.726
1.722
2.817
2.865
2.281
1.939
2.000
2.042
1.732
1.940
2.249
2.094
3.361
3.347
2.394
2.259
2.662
2.399
2.548
1.834
2.325
2.258
2.747
2.312
2.981
2.384
3.123
3.066
3.213
3.822
2.802
2.280
2.533
2.026
2.671
3.160
2.177
2.506
2.744
3.043
2.315
2.860
4.455
3.941
2.920
3.703
3.568
4.628
4.542
3.407
3.889
2.872
1.863
3.738
4.019
4.524
4.782
4.387
2.991
2.610
2.811
3.569
3.042
2.180
2.504
2.331
2.702
3.238
2.776
2.959
2.353
2.910
3.114
2.419
2.476
2.867
3.868
2.635
3.242
2.884
4.093
5.001
2.555
3.799
2.743
2.655
2.833
3.332
2.688
3.206
3.536
2.573
2.376
3.207
3.451
3.627
2.358
1.690
2.265
2.784
3.305
2.887
3.234
4.224
4.097
2.959
3.902
3.255
2.378
3.296
3.583
3.608
3.346
2.255
2.786
3.438
2.559
2.292
2.115
2.730
2.341
2.671
4.002
3.209
2.975
2.870
2.946
2.958
2.827
4.061
3.980
4.494
3.455
4.317
2.763
2.614
2.645
2.149
2.224
2.489
4.160
4.460
3.284
3.484
2.152
1.844
2.679
3.279
3.836
4.273
4.923
5.493
4.900
4.077
3.952
3.802
3.370
3.252
3.167
3.489
3.376
3.410
3.236
2.496
3.516
3.566
3.972
4.293
4.294
4.421
4.436
4.376
3.483
3.003
2.992
3.737
3.554
3.482
3.620
3.606
3.622
2.525
2.822
4.007
4.101
5.271
5.911
6.351
6.104
5.963
4.888
4.049
3.851
4.400
4.199
3.116
4.774
5.011
4.691
5.624
3.044
2.714
3.039
3.557
3.712
3.615
4.245
3.306
2.548
2.725
3.123
3.025
4.433
4.680
4.894
4.772
4.270
3.187
2.808
2.940
4.300
4.081
4.225
4.327
2.501
3.719
2.243
1.659
3.094
2.798
2.387
2.825
3.582
4.355
4.234
3.753
3.145
2.716
3.417
2.587
2.915
3.171
3.030
2.785
2.834
2.559
2.733
2.874
3.082
3.679
3.707
2.464
2.206
1.652
2.495
1.904
2.097
2.806
3.269
2.391
1.607
2.771
2.907
2.517
2.121
1.930
2.576
2.601
2.555
1.944
2.134
2.214
2.410
2.484
3.039
3.144
2.794
2.558
1.863
1.088
1.100
0.992
1.420
1.804
1.751
2.488
2.451
2.218
2.067
2.292
2.458
1.874
1.806
1.851
3.492
2.744
2.367
2.294
2.303
1.975
1.967
2.173
1.968
2.155
2.193
2.728
1.887
1.854
2.133
1.819
1.364
1.985
1.844
1.544
0.925
1.870
1.583
1.879
1.802
1.381
1.803
2.258
1.572
2.366
2.403
2.305
1.476
1.268
1.554
2.677
2.146
2.341
3.079
2.648
1.642
1.764
2.229
1.965
2.029
1.911
1.745
1.580
1.548
1.606
2.453
3.158
2.941
3.293
3.762
3.035
2.752
2.420
3.377
4.502
4.358
2.442
2.169
1.632
1.694
1.952
2.058
1.175
2.256
2.202
2.524
2.299
2.309
4.533
6.895
3.250
1.123
1.549
1.771
2.506
3.931
2.774
2.620
4.046
3.946
3.712
4.424
3.807
4.367
3.403
2.862
2.862
2.833
2.642
1.265
2.349
2.682
2.304
2.141
2.294
4.408
3.794
2.330
2.138
1.659
1.583
3.360
2.866
3.789
3.308
3.284
2.604
2.681
3.250
3.066
4.953
3.574
3.306
4.334
3.344
2.571
3.574
3.822
3.103
1.997
2.474
2.887
2.454
3.243
2.879
2.393
2.545
2.607
2.759
2.384
2.645
2.381
3.392
3.524
5.079
3.839
3.092
2.797
4.146
3.458
3.751
2.857
2.803
2.755
2.973
3.061
2.433
2.381
2.553
3.401
2.694
3.299
3.543
3.051
3.197
2.643
4.026
2.742
3.534
2.893
3.640
3.107
2.841
2.854
2.338
3.364
4.141
3.539
3.623
3.787
2.962
2.909
2.602
3.331
3.595
3.443
3.075
3.372
3.456
2.462
2.533
2.373
2.377
3.034
4.070
4.140
3.262
2.948
3.051
2.414
2.196
1.790
2.345
3.424
4.428
3.581
4.051
4.006
3.269
2.395
2.567
2.695
2.138
2.861
2.755
2.396
2.599
2.911
3.149
3.555
2.916
2.651
2.786
2.908
3.976
2.753
2.368
2.728
2.511
3.438
2.136
2.789
3.866
3.786
3.660
4.271
4.655
3.706
3.370
4.779
3.795
3.688
3.807
3.634
2.451
3.190
3.875
3.788
3.990
4.359
3.684
3.389
3.235
2.865
2.736
3.525
4.090
4.422
5.097
4.706
3.967
3.645
3.525
3.730
3.452
3.870
4.059
4.183
4.319
4.280
2.850
2.327
2.124
1.893
2.473
3.251
4.059
3.722
3.295
4.304
4.176
4.170
3.575
4.277
4.419
4.391
3.555
3.873
4.172
4.764
5.636
4.489
3.956
5.156
4.271
4.329
2.671
3.631
3.552
3.644
2.925
2.805
2.461
1.827
2.452
2.048
2.488
2.405
3.447
2.934
3.232
3.226
2.426
1.015
1.991
1.154
1.961
3.157
3.922
3.910
3.496
2.635
2.555
1.835
1.882
2.073
2.912
2.290
2.274
2.383
2.847
2.344
1.374
2.013
2.039
2.644
2.994
2.714
3.023
4.790
4.729
3.764
3.846
3.688
3.814
2.761
2.119
2.024
1.703
1.598
1.972
1.665
1.973
2.343
2.452
2.004
1.701
1.357
2.032
1.714
1.682
1.859
1.006
1.539
3.018
4.005
5.354
4.872
2.797
2.951
2.016
1.682
2.815
2.605
1.686
1.892
2.731
2.557
1.887
2.277
1.889
2.517
1.905
1.631
1.970
1.647
1.817
2.290
1.795
1.900
1.527
2.028
1.938
2.027
1.638
1.573
2.320
2.460
2.179
1.811
1.775
2.086
1.264
2.139
1.521
1.845
1.832
1.218
1.530
2.087
1.604
1.164
1.903
2.258
1.916
2.132
2.686
2.439
2.332
2.257
2.312
2.257
2.400
2.932
2.305
2.025
2.106
1.979
2.196
1.834
1.456
1.887
2.043
1.904
2.190
2.284
1.679
1.990
2.232
2.203
1.944
1.959
3.266
3.137
3.882
3.195
3.661
3.526
3.670
4.200
3.803
2.939
2.553
2.628
2.526
1.869
1.984
2.111
1.882
2.804
2.276
3.088
3.402
4.429
3.623
2.746
2.720
3.200
3.185
2.747
2.860
2.227
3.108
3.460
3.614
2.838
2.102
2.952
3.343
4.428
3.976
3.767
3.597
3.739
4.083
3.614
2.726
2.751
2.553
2.458
3.124
3.345
3.691
3.190
3.825
3.558
2.960
2.624
3.421
2.873
2.601
2.667
3.728
5.353
4.702
2.459
2.315
3.225
2.764
4.356
3.053
5.085
4.580
3.930
4.255
4.078
3.638
3.540
2.710
3.181
4.094
4.202
4.229
4.385
4.127
2.993
3.681
2.884
3.365
2.428
4.568
3.252
2.909
2.800
3.732
3.389
3.130
2.727
2.951
3.755
3.404
3.615
2.739
3.108
3.143
2.828
3.152
3.855
4.366
3.345
3.721
2.439
2.481
4.083
3.999
3.521
3.082
3.100
3.432
3.697
3.555
3.690
3.941
2.845
2.899
3.016
2.773
3.065
3.080
3.233
3.450
2.548
2.678
2.497
3.987
4.173
3.762
3.674
3.387
3.534
3.140
3.343
3.522
3.713
3.643
3.670
3.525
3.558
3.604
3.280
3.844
3.868
4.369
3.415
3.016
3.977
3.187
3.628
3.101
3.413
3.439
3.603
3.942
3.447
2.518
2.763
2.982
3.121
2.903
3.369
2.788
1.718
3.490
4.302
3.861
3.844
3.442
3.233
3.318
3.667
3.984
4.067
3.528
3.287
3.115
3.566
3.855
4.291
4.516
4.032
3.603
3.529
3.447
4.042
3.845
4.336
4.231
4.570
4.503
4.289
3.409
3.190
3.345
4.104
4.130
3.359
2.037
1.738
2.679
3.280
3.808
3.921
4.433
4.646
5.304
5.033
4.815
4.800
4.302
4.590
4.970
4.221
3.922
4.032
3.738
3.510
3.712
3.746
3.966
2.884
3.864
3.661
3.180
2.687
4.249
4.105
2.747
3.211
3.578
3.064
2.753
2.333
2.725
3.438
2.595
2.250
2.599
3.125
3.464
3.048
3.124
3.265
3.562
3.738
2.581
2.619
2.140
3.580
3.003
3.450
2.754
2.519
2.763
3.294
3.239
2.704
2.492
2.447
3.715
4.120
2.693
2.088
2.352
1.711
1.877
1.909
2.259
2.931
2.802
2.404
2.654
1.741
1.514
1.280
1.578
1.113
1.229
1.470
1.826
1.258
1.346
1.857
2.062
3.145
4.382
4.656
2.489
1.524
1.983
3.117
2.980
2.663
2.562
2.330
1.569
1.415
1.196
1.263
1.375
1.608
2.205
1.371
1.443
1.177
1.271
1.813
1.771
2.492
2.575
1.791
1.578
1.609
1.558
1.866
1.327
1.737
2.339
1.859
1.386
1.353
1.415
1.280
1.213
1.568
1.647
1.703
1.102
2.026
2.535
2.088
1.797
2.730
2.747
3.973
3.575
3.053
3.637
4.271
4.832
4.323
3.700
3.501
3.389
3.556
2.515
1.705
1.523
2.086
2.125
2.505
2.579
3.004
3.443
3.418
2.999
2.097
2.772
3.589
3.370
2.869
2.551
2.009
2.106
2.964
2.811
2.282
1.605
3.017
3.860
3.958
4.721
4.759
4.300
4.652
3.050
2.771
1.945
2.299
2.205
1.888
2.185
1.624
1.921
2.569
5.062
2.851
3.339
3.860
4.634
5.158
5.022
4.511
3.829
3.919
3.158
2.220
2.327
3.371
3.169
2.771
2.697
3.711
2.866
2.447
4.342
4.616
5.383
4.607
3.010
2.412
2.229
2.975
2.647
3.027
2.058
3.329
3.724
4.181
5.342
5.086
5.655
5.540
5.445
5.308
4.544
4.539
4.409
4.754
4.402
4.247
4.063
3.181
4.228
3.797
3.465
2.098
4.755
4.476
4.967
4.338
4.015
3.523
4.389
5.204
3.692
4.547
1.755
3.343
3.486
3.890
4.670
3.567
4.443
3.238
3.850
4.450
3.424
2.647
3.999
2.907
2.807
2.897
2.398
3.005
2.928
2.482
2.782
3.645
2.495
3.004
2.905
2.511
2.710
3.663
3.449
2.520
2.609
3.292
3.045
2.993
3.335
3.636
3.187
3.115
3.370
3.773
3.497
2.568
2.274
2.701
3.730
3.142
1.993
2.252
2.486
3.393
3.630
3.414
3.700
3.409
2.689
3.245
3.350
3.308
3.742
3.091
3.001
3.039
2.469
2.330
1.867
2.549
2.361
4.024
3.830
3.215
3.238
3.890
3.390
3.249
3.254
3.433
3.563
3.140
2.743
3.409
3.929
3.663
4.095
3.924
3.022
2.298
3.126
3.106
3.451
3.526
3.284
3.533
4.248
4.553
4.207
4.320
4.135
4.368
4.343
3.943
4.200
4.315
3.898
3.597
3.551
2.711
2.463
3.082
3.490
4.145
3.851
3.059
3.447
3.516
3.516
3.121
2.593
1.781
2.744
2.565
3.010
1.657
2.059
2.820
3.398
3.478
3.335
3.263
3.501
3.258
4.283
3.882
4.166
4.028
3.140
3.725
3.378
3.816
2.635
2.589
2.031
2.358
2.663
2.503
2.321
1.909
2.814
2.776
3.101
2.232
2.589
2.937
2.811
2.167
1.983
2.662
1.753
2.108
2.514
2.609
2.084
2.782
3.723
2.737
2.342
2.440
2.726
3.587
2.587
2.303
2.047
2.044
2.458
3.238
3.486
2.706
2.273
2.170
3.081
3.366
2.081
2.247
2.670
2.992
3.471
2.467
1.957
2.203
3.251
2.960
2.768
2.778
2.204
2.229
2.257
2.224
1.892
2.225
2.776
2.681
2.522
2.246
1.795
1.372
1.196
1.601
1.489
1.214
1.423
1.972
2.286
2.091
2.716
1.446
1.851
1.917
1.409
1.781
2.270
1.606
2.944
5.535
3.890
5.034
3.740
2.152
1.583
1.412
1.590
1.872
2.354
1.392
1.521
1.894
1.675
2.162
1.578
2.050
2.071
1.876
2.287
2.385
1.669
2.096
1.878
2.095
1.464
2.023
1.703
3.592
3.754
3.028
2.082
1.885
1.483
1.305
1.560
1.644
1.679
1.524
1.561
2.308
1.950
1.134
1.361
1.639
2.352
2.347
1.972
1.958
2.238
3.807
3.627
3.944
3.217
2.299
1.794
1.789
2.925
3.268
2.225
1.932
1.694
2.663
3.715
4.266
2.893
2.346
2.829
1.794
2.993
2.744
2.135
1.901
2.029
1.821
2.490
2.274
1.902
2.128
1.882
1.706
1.699
1.926
1.670
1.976
2.285
3.015
2.289
3.691
3.403
2.758
3.340
3.033
2.437
3.875
3.050
2.848
4.448
4.287
2.599
2.406
2.238
1.862
4.219
4.599
2.986
3.626
4.015
4.408
3.753
3.028
2.162
3.060
3.378
1.825
5.387
4.246
2.385
1.800
3.394
2.537
3.701
3.483
3.976
3.869
2.202
2.927
3.771
3.810
3.041
2.468
2.479
2.149
2.446
4.007
3.153
2.603
2.841
1.389
4.020
4.514
2.989
1.544
1.927
3.139
2.510
2.019
2.867
2.044
2.925
4.653
4.961
4.021
2.638
2.476
3.054
3.358
2.272
3.033
2.909
2.755
2.445
2.972
3.526
1.747
2.183
2.970
2.714
3.338
2.892
3.164
2.893
4.207
3.140
2.459
2.987
3.479
2.997
2.534
3.581
3.262
3.099
2.978
4.212
3.799
3.572
2.914
3.847
4.728
2.423
2.523
3.542
3.879
3.898
2.244
2.164
2.273
2.892
2.817
3.087
2.876
2.788
3.107
3.341
3.180
1.896
1.882
2.063
2.953
3.218
2.308
3.284
3.074
2.285
2.407
3.057
3.628
4.195
3.598
3.341
3.212
2.614
2.213
3.549
4.606
4.240
3.621
3.278
3.931
3.479
3.164
3.951
2.682
2.590
3.485
3.203
3.752
3.788
4.042
4.007
3.203
2.738
2.513
2.787
3.718
4.341
4.088
3.698
3.178
2.810
3.010
3.015
2.682
3.875
3.940
3.818
3.506
3.073
4.436
4.374
3.988
3.863
3.858
3.511
4.014
4.176
3.562
4.802
4.945
4.709
4.880
5.377
4.620
3.853
4.003
4.396
4.947
5.020
4.563
4.426
4.261
4.647
3.603
3.368
4.248
4.069
3.752
3.211
3.427
3.334
2.711
2.364
2.760
2.184
2.377
2.972
3.369
3.451
3.607
3.890
4.647
4.874
3.791
2.715
2.529
2.764
2.879
2.063
2.193
