20000101
3.349
3.545
2.718
2.431
2.441
2.840
2.097
1.880
1.799
2.239
2.573
3.040
3.168
3.317
3.371
5.099
5.619
4.136
3.277
2.788
2.843
3.196
1.391
1.682
2.441
2.650
4.464
4.640
3.093
3.116
3.662
3.027
3.071
2.818
3.898
4.318
3.225
3.319
3.123
2.935
3.419
3.241
3.372
3.981
5.081
3.701
3.515
2.981
2.765
2.068
3.176
4.084
3.580
4.859
5.453
4.117
2.891
1.844
1.900
2.452
4.222
4.328
4.656
4.919
2.431
3.000
3.445
4.001
2.824
3.683
4.931
5.832
3.176
2.030
1.985
2.918
2.964
2.301
3.212
3.125
3.473
3.349
4.006
4.815
3.634
3.093
2.944
2.366
3.333
2.785
3.135
4.259
3.519
2.079
2.426
2.521
2.374
3.184
4.166
2.942
2.920
2.392
2.908
3.276
3.156
3.083
2.825
3.037
3.084
3.616
3.876
4.329
4.860
4.348
5.284
4.949
5.172
5.037
5.346
4.771
4.724
4.277
3.053
3.477
3.161
3.017
2.958
2.443
3.442
3.537
3.304
3.629
3.980
2.751
3.366
4.255
4.120
3.900
2.697
2.938
4.396
3.888
4.397
4.000
4.169
4.286
4.493
3.678
3.447
3.705
3.610
3.537
3.737
3.293
2.632
3.328
3.905
2.018
2.804
3.603
3.791
3.556
4.497
4.272
4.952
4.899
5.179
5.389
4.746
3.930
3.209
3.788
3.772
4.875
3.988
4.346
4.630
4.573
4.410
3.343
3.061
3.045
1.911
2.893
2.561
1.432
2.020
2.943
3.526
3.500
3.252
3.223
3.240
3.178
3.116
3.743
4.507
5.035
3.693
3.457
3.837
4.543
3.871
3.536
3.776
4.023
3.403
3.435
3.288
2.695
2.493
2.614
3.714
4.043
4.535
3.391
3.482
3.081
2.947
2.840
3.027
3.446
2.232
1.984
2.300
2.890
3.522
3.248
3.010
3.007
2.421
2.238
2.383
1.783
1.443
1.755
1.735
3.141
3.949
2.602
2.676
3.672
3.933
3.165
2.623
2.896
3.098
3.209
2.570
2.460
2.695
2.239
2.811
3.108
2.666
2.090
2.134
2.151
2.292
1.792
2.292
2.378
2.085
1.809
1.520
1.243
1.633
2.036
1.426
1.697
1.508
1.514
2.056
1.999
2.245
2.283
3.282
2.218
1.817
1.695
1.860
2.152
1.600
1.072
0.794
2.427
2.520
2.556
2.288
2.125
2.020
1.984
2.239
1.555
2.423
2.169
2.317
1.900
2.228
1.855
1.578
1.943
1.668
2.028
2.146
1.696
3.153
2.825
2.256
2.526
2.273
1.603
1.746
2.666
2.487
2.664
2.421
2.277
2.847
2.879
2.523
1.734
2.537
3.096
2.384
2.414
2.182
1.936
3.097
2.767
2.970
2.493
3.375
3.563
3.097
4.411
4.527
4.071
2.868
2.400
2.417
2.653
2.559
2.630
2.778
2.373
2.154
2.298
2.261
2.377
2.566
2.600
2.892
2.820
2.296
2.788
2.782
2.498
2.508
2.570
3.276
2.613
2.877
3.230
5.175
3.995
2.967
2.164
3.588
3.684
4.025
3.851
3.249
3.180
3.446
3.871
3.874
3.442
3.271
3.727
3.405
4.060
4.833
3.406
3.153
3.550
3.736
3.278
3.112
2.861
3.059
2.933
2.897
3.444
2.901
3.290
4.006
3.699
3.559
3.155
2.684
2.514
2.269
2.478
2.789
3.240
3.275
2.525
2.197
5.157
4.412
3.910
2.375
2.684
2.735
3.166
3.639
2.424
3.054
3.260
3.796
3.719
2.521
2.230
3.248
4.083
4.896
4.075
4.275
3.845
3.652
2.395
2.654
3.363
3.271
2.715
2.045
2.627
2.498
2.509
2.817
2.522
2.291
3.427
3.569
2.510
3.032
2.288
1.940
3.406
3.892
4.143
5.113
3.912
3.273
2.567
2.956
2.756
2.684
2.438
2.157
1.819
2.478
3.149
3.884
3.143
3.590
2.918
1.808
3.206
3.044
3.332
3.459
2.560
3.027
2.226
2.623
2.123
2.578
3.368
4.110
3.650
3.639
4.381
3.382
2.924
3.416
3.856
3.402
2.986
2.979
3.902
3.877
3.931
4.773
4.912
4.108
3.549
3.800
3.727
4.085
4.246
4.870
4.751
4.074
4.101
3.625
2.946
2.947
3.288
4.863
5.132
4.069
4.587
4.994
3.664
3.310
3.641
3.464
3.192
3.189
3.601
2.762
2.405
2.653
2.727
2.233
3.004
2.384
3.562
2.614
2.575
4.010
3.137
3.052
3.656
4.785
4.748
4.380
4.435
4.146
4.094
4.885
4.510
4.326
3.722
2.909
2.366
2.987
2.839
4.441
2.964
3.112
2.822
2.109
2.575
2.800
3.447
3.766
3.178
3.981
4.286
4.299
3.466
3.072
3.304
2.382
2.809
2.078
2.546
2.735
2.553
2.627
2.487
3.033
3.311
3.676
2.628
2.515
3.275
2.109
1.494
2.884
2.661
2.491
2.084
2.301
1.939
2.289
1.831
2.536
2.430
2.024
3.391
2.819
2.508
2.822
2.469
2.327
1.900
2.087
2.123
1.879
2.773
3.301
3.590
3.985
3.606
3.131
3.054
2.468
2.774
3.131
3.688
3.271
1.966
1.945
2.547
2.979
2.941
2.258
2.127
1.700
1.497
1.545
2.495
2.472
2.260
2.163
1.418
1.666
1.605
1.725
2.425
2.482
2.181
1.519
2.091
1.988
2.908
1.922
1.518
1.912
2.582
1.820
2.551
2.477
2.744
2.105
2.084
2.469
1.758
2.185
2.125
2.256
1.465
2.977
1.530
1.222
1.318
1.652
2.095
2.477
2.327
1.632
2.404
2.124
1.834
2.569
1.773
1.427
1.725
2.549
1.641
1.511
1.474
3.130
3.522
3.308
2.850
3.390
2.805
3.149
2.243
2.392
2.912
2.768
3.050
2.736
3.537
3.056
2.543
1.712
2.267
2.289
2.234
2.603
2.910
2.869
3.316
2.734
2.501
2.260
1.847
1.679
2.110
2.272
2.308
2.123
2.069
2.225
2.738
2.892
2.985
2.644
2.370
2.925
3.233
3.160
4.243
4.259
3.910
3.157
2.746
2.766
2.808
3.557
4.087
3.693
3.632
3.395
2.876
3.430
3.593
4.237
4.166
3.731
3.102
3.956
4.482
3.230
2.353
2.416
2.692
2.436
3.360
3.293
2.415
2.763
3.196
4.186
3.776
3.321
2.481
3.065
3.612
3.083
3.504
3.473
4.074
4.836
3.830
3.334
3.507
3.536
3.925
3.484
3.177
3.195
3.333
5.197
7.312
4.345
3.865
4.789
3.802
3.379
3.468
2.679
3.388
4.093
2.914
2.591
3.169
3.738
3.280
2.692
3.938
3.074
2.723
3.421
4.639
2.798
3.365
3.111
2.730
2.672
3.207
2.862
2.951
3.484
4.069
2.055
4.092
1.672
1.828
1.494
1.819
1.775
2.841
3.692
2.940
2.908
4.208
3.406
1.953
2.933
3.103
2.807
2.415
2.911
3.418
2.944
2.023
2.042
2.649
3.611
2.871
2.418
3.436
3.538
2.979
2.990
3.594
4.363
4.036
3.552
3.623
3.360
3.545
3.365
4.600
4.200
4.104
4.179
3.746
2.527
3.114
4.221
3.414
3.234
3.765
3.886
3.555
3.477
3.426
4.071
3.390
3.465
4.209
5.949
5.739
4.920
4.570
4.688
4.183
4.222
4.363
5.136
5.564
5.073
4.819
4.246
3.779
3.670
4.848
4.659
4.465
4.346
4.161
3.526
3.224
3.756
3.269
2.955
3.529
3.443
3.955
4.092
4.075
3.299
3.638
3.809
4.373
4.218
3.579
3.210
2.894
4.066
4.242
3.964
3.381
3.887
4.274
3.912
4.639
3.876
2.748
2.811
2.123
3.520
3.236
3.712
3.750
4.630
4.271
4.388
4.471
4.534
4.933
4.317
3.829
4.144
4.275
4.429
4.918
3.801
3.666
2.788
2.455
3.192
3.242
4.213
3.787
3.469
3.999
4.280
3.522
3.587
3.547
3.782
3.205
2.734
2.198
3.311
3.032
2.704
2.720
2.321
2.933
2.635
1.825
3.155
3.085
3.813
3.643
2.933
2.567
3.498
2.763
3.193
3.284
3.360
3.132
2.663
2.255
1.735
2.566
4.130
3.762
2.689
3.381
2.822
2.507
2.301
2.590
3.019
2.935
2.886
3.043
3.278
2.661
2.227
2.951
2.318
3.289
3.050
2.210
2.680
3.065
3.190
2.524
1.607
1.535
1.703
2.262
3.185
2.776
2.051
1.910
1.557
1.864
1.930
2.639
1.771
2.138
2.197
2.168
2.244
1.889
1.515
1.383
1.605
2.220
2.470
2.193
1.768
2.346
2.936
2.497
2.178
2.384
2.748
2.412
2.369
2.655
2.327
1.836
2.534
2.627
1.777
1.441
1.754
1.975
1.562
1.761
2.308
2.040
1.550
1.416
1.696
2.581
3.023
2.910
3.370
3.760
3.229
2.314
3.149
2.494
1.982
2.253
2.444
2.966
2.477
2.733
2.251
2.397
2.527
2.331
2.615
2.739
2.728
2.882
2.856
2.431
3.336
2.959
2.708
2.643
2.395
3.631
3.391
3.156
2.371
2.318
1.976
2.231
2.839
3.094
3.062
2.485
2.776
2.760
2.631
2.409
1.693
2.984
3.898
2.695
2.796
2.793
3.126
2.724
3.242
4.777
4.330
3.881
2.974
4.839
3.467
2.852
3.402
3.963
4.542
4.119
4.409
4.658
4.119
3.768
2.877
3.549
4.013
4.111
3.618
3.708
3.599
3.177
2.956
2.355
1.628
2.352
4.039
3.564
2.603
2.875
4.393
2.784
4.244
5.461
4.646
4.045
3.123
3.281
2.385
2.912
3.476
4.850
4.584
3.681
3.147
3.053
2.565
3.948
6.043
4.244
2.649
3.387
2.994
2.969
2.430
3.069
2.408
2.981
3.171
3.830
4.525
4.886
3.313
3.146
2.739
3.029
3.521
2.810
3.226
3.039
3.259
2.973
3.039
2.214
2.959
2.206
3.217
2.879
1.783
2.646
2.850
3.087
2.715
3.610
3.146
2.707
3.465
3.709
3.792
3.852
3.298
2.936
3.632
3.941
2.891
1.698
2.576
1.842
2.916
2.032
3.818
4.379
3.791
3.504
4.042
3.518
2.755
4.342
5.012
2.504
2.251
2.388
2.716
3.783
4.020
3.933
2.998
2.539
2.645
3.344
4.166
4.536
4.824
2.958
3.023
3.432
3.158
2.675
2.401
2.681
3.535
4.297
3.625
3.992
3.526
4.939
4.678
4.613
5.233
4.949
5.469
5.076
4.688
4.512
4.357
3.859
4.575
3.459
3.130
3.523
4.018
3.480
3.381
3.651
4.324
5.081
5.320
5.498
5.664
5.119
4.264
4.225
4.409
3.497
3.424
2.382
3.166
3.700
4.268
2.035
3.461
3.407
3.254
3.792
3.920
2.797
3.463
3.982
3.868
4.090
3.874
3.163
1.843
2.009
2.792
2.377
2.817
3.515
3.521
4.204
4.284
3.471
2.580
2.836
2.746
2.318
2.512
2.457
2.760
3.212
3.320
3.703
3.425
3.232
4.305
3.809
3.517
2.819
3.424
3.780
3.034
4.109
3.136
2.843
2.766
2.783
2.316
1.570
2.096
1.888
2.979
3.015
2.442
2.716
2.661
2.824
3.085
2.959
3.400
3.142
3.458
2.950
2.512
1.817
3.194
2.741
3.832
3.201
2.642
2.743
2.472
3.203
2.581
2.759
2.575
2.569
2.740
2.688
2.234
2.377
3.317
2.516
2.594
2.442
2.746
2.421
2.034
2.055
2.293
1.883
1.513
1.772
2.942
1.789
2.049
2.358
2.170
1.790
1.974
1.564
1.524
1.793
1.587
1.751
1.664
1.505
2.031
1.787
3.159
2.555
2.173
2.154
2.884
2.390
1.752
1.547
2.003
1.589
1.644
2.227
1.698
1.669
2.061
1.882
1.942
1.972
2.337
1.777
1.441
2.323
3.300
3.076
2.437
2.530
2.244
1.590
2.171
1.754
2.157
1.907
1.518
1.474
2.037
3.871
2.251
2.346
2.237
2.015
1.760
2.087
2.227
2.287
3.014
3.138
2.817
2.612
2.450
2.300
2.421
2.800
2.565
2.451
2.375
2.326
2.685
2.649
2.485
2.356
2.078
2.066
2.593
2.287
1.993
2.415
3.406
2.251
2.587
2.659
3.259
4.508
3.017
3.279
3.720
3.554
2.737
3.191
2.685
3.024
3.138
3.173
4.103
4.188
4.161
3.435
2.286
2.770
2.595
3.017
4.005
4.398
5.165
6.112
4.373
4.011
2.473
2.361
2.857
2.084
2.459
2.564
2.498
3.094
2.587
2.703
3.120
3.525
2.487
3.549
3.215
3.332
3.536
3.931
3.135
3.312
3.140
2.666
4.024
4.034
3.812
3.841
2.806
2.116
3.041
2.464
2.133
4.036
3.168
3.629
4.420
3.241
3.238
2.669
2.521
3.437
1.939
1.742
2.261
2.542
2.612
2.372
2.724
2.494
3.323
3.330
2.629
3.079
3.308
3.333
2.915
3.502
3.459
2.904
3.220
2.485
2.438
2.996
2.975
2.915
2.835
2.706
2.523
3.333
3.988
3.786
2.304
2.414
3.215
3.699
4.248
3.704
3.019
1.995
2.850
3.379
3.569
3.459
3.860
3.062
2.932
3.011
3.554
3.014
3.098
3.409
2.911
2.562
2.999
3.169
3.485
3.866
4.025
4.171
4.593
3.558
2.880
2.786
3.284
3.595
3.414
2.351
2.414
2.919
3.756
3.207
3.377
3.919
1.722
1.802
2.483
2.922
2.147
2.212
3.042
3.118
3.680
3.397
2.530
3.626
3.986
3.729
3.398
2.854
3.340
3.859
4.299
5.345
4.454
4.866
5.025
3.685
3.809
3.579
3.409
3.201
3.827
3.543
3.382
3.995
3.510
4.514
4.381
3.852
3.606
3.108
2.042
1.566
2.058
2.545
2.585
1.934
2.663
1.846
2.552
2.942
3.709
4.643
5.217
5.442
5.396
5.160
4.403
3.442
2.784
2.635
2.478
2.383
3.128
3.206
2.791
2.985
1.843
2.558
3.219
3.839
3.932
3.883
4.243
2.987
3.627
3.454
3.715
3.392
2.477
2.444
3.411
3.930
3.893
3.885
3.555
2.436
2.632
3.490
3.817
2.819
2.995
2.969
3.108
3.692
2.852
2.204
2.261
2.102
1.693
2.400
2.484
2.387
2.575
2.327
2.302
2.812
2.331
1.972
2.782
3.388
1.835
2.227
2.591
2.426
1.973
3.040
3.210
3.300
3.817
3.709
3.688
3.457
3.191
3.132
2.749
2.842
1.894
1.718
1.653
2.038
1.528
2.124
2.386
2.914
2.898
3.006
2.193
2.047
2.226
2.582
2.167
1.492
1.777
2.085
1.729
1.999
1.443
1.520
1.313
1.332
1.657
1.631
1.850
1.805
2.238
1.665
2.119
2.264
1.279
1.490
1.488
2.156
2.285
2.611
2.859
1.974
1.414
2.505
2.241
2.152
1.363
1.057
1.182
1.357
2.198
1.168
1.818
2.308
1.716
2.062
2.491
2.372
2.447
1.738
2.170
3.013
3.118
1.404
2.379
3.503
4.125
3.305
2.796
2.312
3.089
2.367
2.040
1.721
2.053
2.127
1.861
1.930
2.011
2.632
2.269
2.281
1.452
1.622
1.984
2.384
1.606
1.664
2.583
2.652
2.726
1.272
0.967
2.376
2.356
2.000
2.171
2.313
2.310
2.620
2.775
2.775
3.611
3.651
3.130
2.573
2.144
2.571
2.537
2.294
2.317
2.328
2.295
2.510
1.872
3.342
3.930
3.179
3.250
3.371
2.482
2.935
4.456
2.003
1.963
2.709
4.000
3.321
2.713
3.469
2.945
2.551
2.562
2.436
3.065
2.757
2.173
2.897
3.170
4.115
2.976
3.132
4.273
2.872
2.339
2.801
3.021
4.262
3.341
2.834
3.274
3.039
3.899
4.200
4.473
2.936
3.460
2.898
2.142
2.857
2.310
1.738
2.556
3.909
2.923
2.596
2.435
3.142
5.232
4.773
4.957
3.289
3.013
2.411
4.021
3.698
3.522
2.960
2.844
2.833
2.959
3.239
2.620
3.562
3.595
3.427
3.124
2.503
2.930
1.805
3.394
3.536
3.234
3.184
2.812
2.652
3.003
3.074
3.117
3.435
3.374
3.352
4.278
2.985
3.738
1.801
2.413
3.714
3.739
3.291
3.294
3.718
3.894
3.388
2.750
2.864
3.229
2.921
2.952
4.104
3.113
3.218
3.057
2.664
2.585
3.463
2.825
3.361
3.184
2.762
2.408
2.404
2.309
3.480
3.158
2.929
3.069
2.932
3.047
3.490
3.640
2.829
2.061
2.823
3.220
3.029
3.296
2.581
2.759
3.913
3.299
3.052
3.204
2.335
3.476
4.182
3.536
3.241
3.347
3.909
3.467
3.234
3.108
3.967
4.247
3.184
3.450
3.447
2.920
2.291
2.671
2.853
2.572
2.583
3.034
4.343
3.824
3.636
3.662
3.768
3.230
3.033
3.094
2.993
3.725
4.029
3.504
2.625
3.305
3.399
3.077
2.654
2.474
2.663
4.216
4.061
3.904
3.389
3.231
2.788
3.442
2.751
1.785
2.411
2.922
3.061
2.482
3.047
3.853
3.792
4.075
3.558
3.785
2.946
3.311
2.113
3.420
3.122
3.399
3.322
3.120
3.311
3.254
3.680
3.940
3.647
3.677
3.283
3.812
3.387
2.818
2.746
2.176
1.819
1.040
3.177
2.828
2.771
2.625
3.039
3.270
2.770
2.317
2.107
2.339
1.881
2.445
1.775
2.467
2.593
2.229
2.131
2.863
2.691
2.875
3.053
2.685
2.971
3.613
2.972
2.504
2.507
2.311
2.122
2.154
1.922
1.663
2.427
2.103
2.323
1.889
1.871
1.975
1.264
1.389
1.945
1.777
2.980
3.081
1.555
2.509
3.688
3.852
3.383
1.747
1.105
1.491
1.816
1.488
2.689
2.591
2.405
2.076
1.238
1.506
1.669
1.695
1.287
1.423
1.200
1.437
1.425
1.592
1.244
1.245
1.693
2.208
1.819
1.905
3.156
3.257
2.883
2.758
2.246
2.385
1.500
2.219
2.733
1.583
2.467
3.058
1.504
2.578
2.507
1.875
2.226
1.925
1.616
1.562
1.423
1.455
2.629
2.262
1.449
1.966
2.820
2.326
2.296
1.589
2.036
1.625
1.855
2.129
2.056
1.987
1.354
2.186
1.900
1.983
1.416
2.138
2.109
1.962
1.636
2.357
2.487
2.301
2.565
3.219
2.872
3.089
2.354
2.161
2.334
2.406
2.367
3.626
3.574
3.083
2.608
2.556
3.034
3.753
2.562
2.749
2.568
2.632
2.686
3.535
3.344
3.400
3.632
2.478
1.852
1.345
2.481
2.170
2.030
1.937
3.436
3.000
3.852
3.425
3.142
4.064
3.306
2.512
2.314
2.860
2.066
2.594
2.657
2.209
2.191
2.993
3.308
3.336
2.700
2.509
3.324
1.992
3.260
3.003
3.400
3.499
2.755
2.016
2.825
3.709
2.823
3.428
3.310
3.243
2.528
1.900
2.027
1.818
2.150
2.415
2.271
2.224
1.977
3.167
4.183
3.060
2.496
2.688
2.666
2.545
2.791
2.802
2.690
2.864
3.599
2.876
2.489
2.854
2.783
3.094
3.503
2.994
2.786
2.767
2.348
3.381
3.735
2.511
2.197
2.199
2.442
2.252
2.355
2.824
1.584
2.699
1.948
3.078
2.556
2.806
3.099
3.523
4.001
3.172
1.902
2.207
3.411
3.168
3.297
3.499
3.172
2.951
2.964
2.812
2.587
2.914
2.650
4.023
2.980
2.433
2.360
2.322
2.646
3.818
3.307
3.844
2.265
2.963
2.852
3.807
3.326
2.864
2.262
3.022
3.230
3.259
2.355
2.653
3.806
3.327
3.314
3.587
2.984
2.866
3.890
3.355
3.390
3.477
3.906
4.081
3.702
3.440
3.338
2.995
2.952
3.040
3.700
3.305
3.638
4.160
3.746
3.370
3.725
3.977
4.227
3.484
3.585
3.467
3.074
3.245
2.443
2.312
3.638
3.751
3.816
3.511
3.624
3.605
3.741
3.575
4.216
4.200
3.784
3.218
3.391
3.579
2.844
3.081
2.732
2.718
2.982
2.756
2.828
2.741
2.184
2.647
2.376
2.347
2.315
2.978
2.104
2.272
2.218
2.397
2.688
4.259
3.359
3.343
3.730
3.724
4.253
3.470
3.700
3.684
3.878
3.065
1.850
3.164
3.186
2.198
1.501
1.635
2.372
2.719
3.037
3.007
3.604
2.610
2.286
2.857
2.669
3.587
3.576
2.425
1.780
2.716
3.290
2.974
2.793
2.864
3.451
3.449
2.729
2.495
2.178
1.618
1.618
1.573
1.786
3.232
3.364
3.533
3.725
2.727
2.608
2.134
3.058
3.607
3.195
1.984
2.049
2.354
3.162
2.425
1.670
1.680
2.084
1.637
2.706
3.114
1.917
1.295
1.388
1.395
1.467
1.308
1.665
2.487
1.417
1.424
1.647
1.877
2.037
1.850
1.892
1.709
1.849
1.577
1.810
1.707
2.181
2.675
2.067
2.049
1.372
1.345
1.896
2.201
1.887
1.537
1.642
1.419
1.593
1.923
1.969
1.468
1.383
1.682
1.394
1.386
2.052
1.888
1.377
1.445
1.326
1.764
2.059
1.729
2.018
3.363
3.050
2.564
2.599
3.001
2.669
3.703
2.856
1.944
2.176
1.294
1.389
1.748
2.093
3.105
2.891
1.956
1.653
2.355
2.466
2.010
1.887
1.266
1.979
1.636
1.660
1.911
2.094
2.522
2.570
2.407
2.525
2.124
1.933
2.403
2.312
2.399
3.608
2.230
2.721
2.546
2.618
2.484
2.827
2.541
3.697
3.603
3.038
2.632
2.501
3.055
2.486
2.460
2.457
2.464
2.899
3.463
3.574
2.984
2.453
3.341
3.670
3.551
2.792
2.455
2.546
1.827
1.879
2.310
4.036
3.260
4.403
3.616
2.582
2.671
3.711
3.161
3.726
3.133
2.739
2.520
3.542
3.303
3.018
2.906
2.184
2.904
3.499
4.514
3.827
3.283
3.288
3.074
4.063
2.899
3.626
3.443
3.193
2.553
2.631
2.474
2.674
1.662
3.450
4.341
5.279
4.391
3.150
4.254
2.742
2.774
2.428
1.986
2.069
2.723
3.861
3.508
2.970
3.296
3.626
3.097
2.216
2.644
3.573
3.905
3.119
3.109
3.420
3.831
4.036
3.242
2.838
3.257
2.975
3.269
4.314
4.037
3.218
3.464
3.473
2.849
2.416
4.152
4.049
4.191
3.002
2.732
3.507
3.333
2.474
3.071
2.212
3.072
3.426
3.047
3.199
3.010
3.094
2.958
2.439
2.652
3.134
3.639
2.831
2.406
3.657
3.224
2.702
2.262
1.869
3.941
3.617
2.786
2.579
2.802
3.667
3.529
3.209
2.954
3.061
3.216
3.079
3.366
3.861
3.784
3.915
3.074
3.667
3.227
2.185
2.870
2.946
3.657
3.494
3.248
3.875
4.059
3.719
4.574
4.637
3.799
3.150
3.580
3.800
4.125
3.813
3.743
3.145
3.964
3.545
3.554
2.839
3.071
2.913
2.495
2.964
2.693
2.731
3.169
2.349
2.126
2.773
3.842
4.453
4.867
5.566
5.445
4.146
4.034
3.393
4.047
2.708
4.040
3.785
3.687
2.498
1.717
2.118
4.138
4.908
4.634
2.922
3.371
2.160
1.428
2.534
4.040
3.541
5.150
4.824
4.130
3.818
4.413
3.447
3.267
3.053
2.927
2.487
2.643
2.722
3.063
2.107
1.815
2.490
3.167
3.456
3.657
3.610
2.848
2.025
1.973
3.100
3.289
2.299
2.507
1.984
1.951
2.374
1.854
2.037
2.051
2.489
1.291
2.652
2.167
3.193
3.216
2.900
3.593
3.645
3.931
3.279
2.864
3.183
3.046
2.553
2.270
1.910
1.874
2.559
1.921
1.182
1.599
1.062
1.878
1.717
1.604
2.048
1.690
1.419
1.833
2.488
2.169
2.437
2.464
2.691
1.671
2.293
1.960
1.759
2.202
2.376
2.216
2.137
1.500
2.101
1.687
2.007
2.068
1.390
1.291
2.126
2.278
2.087
2.078
1.747
1.964
2.313
2.126
1.921
1.650
1.597
2.132
1.710
1.994
1.628
2.303
1.825
1.423
2.166
2.200
1.595
0.835
2.022
1.599
1.305
1.685
1.653
1.445
1.483
1.508
1.546
2.485
2.660
2.646
2.035
2.122
3.813
3.806
3.204
3.604
3.562
2.743
1.925
1.349
1.982
1.905
1.890
1.610
1.497
1.974
1.888
1.945
1.802
1.905
2.553
2.304
2.067
2.874
2.443
2.546
2.594
2.593
2.212
2.491
1.689
1.417
2.075
1.953
2.798
2.391
4.020
3.244
3.333
3.329
3.054
2.358
2.889
2.403
2.844
3.453
3.413
4.873
3.757
3.770
3.671
3.302
2.165
2.728
2.708
2.733
2.466
2.816
2.955
2.799
3.152
2.314
2.816
2.808
3.450
3.181
3.674
4.678
3.377
3.668
2.597
3.747
1.914
2.063
3.494
3.392
3.894
3.260
3.819
3.161
3.144
3.255
3.627
2.907
3.226
3.859
2.901
3.142
3.219
3.568
3.769
3.265
3.033
3.736
2.720
3.313
2.668
3.923
3.663
3.042
2.674
3.838
3.521
3.564
3.811
3.082
3.728
3.837
3.932
3.471
2.995
3.020
2.880
2.489
3.152
2.783
2.714
3.240
2.707
2.113
3.155
2.945
3.855
2.788
2.753
2.740
2.637
2.233
1.854
2.307
2.324
3.117
2.774
2.736
3.749
2.298
5.063
3.638
3.100
3.442
2.175
2.996
3.259
2.799
2.343
2.434
3.319
2.670
2.974
2.373
2.103
3.198
2.362
2.898
2.857
3.118
3.051
2.983
2.973
3.296
1.653
1.951
3.914
2.566
2.823
3.732
3.527
3.314
3.464
4.140
3.485
3.225
2.398
2.615
2.893
3.309
3.269
3.994
3.629
3.531
3.757
3.413
3.617
2.970
3.686
3.734
4.446
4.082
4.229
3.888
4.200
3.096
3.553
3.472
3.972
3.553
4.066
4.141
3.735
4.981
5.160
4.871
5.270
5.388
5.030
4.092
4.344
4.261
4.092
3.945
3.406
3.224
4.165
4.352
4.038
3.443
3.532
4.273
3.749
3.211
3.531
3.792
3.854
3.707
2.566
3.747
3.584
3.527
3.390
3.194
3.413
4.194
4.416
3.903
4.889
4.783
4.085
3.632
4.121
3.963
4.212
3.841
4.051
3.475
3.740
2.811
3.038
3.121
2.833
3.512
3.946
4.085
4.752
3.893
3.611
2.392
2.334
3.650
3.863
3.752
3.131
3.965
3.835
3.273
2.960
3.206
3.388
3.184
2.972
2.764
2.015
3.026
2.551
2.644
2.578
1.768
2.757
2.468
2.661
2.498
2.678
2.507
2.788
3.521
3.637
2.862
3.186
2.949
3.023
4.570
4.483
3.192
2.831
2.302
2.582
2.423
2.670
2.330
2.657
2.217
1.830
1.581
1.862
2.502
2.085
2.503
2.812
2.435
1.934
1.448
1.905
1.638
2.192
2.667
2.330
1.880
1.381
1.729
1.738
2.042
1.826
1.341
3.158
2.063
1.636
1.594
2.228
2.554
2.256
2.212
2.091
1.683
1.959
2.189
2.833
2.460
2.520
2.284
2.096
1.723
1.988
1.767
2.536
2.765
2.022
2.133
1.915
1.591
1.035
1.674
1.545
1.769
2.195
1.562
2.258
2.769
2.158
2.221
1.544
0.954
2.088
2.069
1.743
1.360
2.161
2.417
1.852
1.831
1.494
1.681
2.259
1.895
1.107
1.881
1.626
1.427
1.991
2.245
2.071
2.120
2.365
1.775
1.745
1.492
2.913
2.630
3.143
3.668
2.255
3.302
3.601
3.663
2.677
2.322
2.194
2.616
4.076
5.152
4.395
3.944
4.413
2.507
2.467
1.628
2.268
3.012
3.113
3.276
1.801
3.692
2.944
2.990
2.706
2.295
2.971
3.369
1.962
3.620
3.465
2.316
2.647
3.452
2.945
2.611
2.486
2.362
2.342
1.691
2.374
2.622
3.029
3.054
2.915
2.794
2.466
2.204
3.121
3.037
5.013
4.780
3.666
3.871
3.773
3.298
2.649
3.005
3.694
2.455
3.082
3.545
3.663
2.577
2.817
3.493
4.065
3.235
3.180
2.410
3.183
2.994
3.108
2.598
2.466
3.126
2.563
2.928
2.660
2.472
3.610
3.499
2.747
4.366
2.910
2.869
2.234
2.661
3.069
3.616
3.326
3.456
3.619
3.000
3.060
3.582
3.099
3.420
3.164
2.612
3.131
3.317
2.303
3.747
3.805
3.461
3.083
3.532
2.984
2.509
2.792
2.578
3.331
3.682
3.376
2.554
2.989
2.472
3.039
3.167
3.215
3.203
2.630
1.457
1.758
3.008
3.602
2.322
2.862
3.360
4.068
3.293
2.817
2.852
2.687
3.816
3.301
5.037
3.374
4.206
3.590
2.514
3.664
3.296
2.367
3.855
4.281
3.677
3.534
2.069
2.563
2.248
4.172
3.958
2.934
3.126
3.532
2.762
2.628
1.890
3.204
3.561
3.529
3.890
3.230
2.873
3.714
3.079
2.582
3.280
3.066
3.687
4.175
4.500
3.613
3.697
4.001
4.237
3.661
3.227
3.278
3.798
3.732
3.909
3.631
3.664
3.097
3.560
4.202
3.901
3.689
4.610
4.348
4.069
4.375
4.722
4.887
4.823
4.623
3.835
3.689
3.499
3.586
3.333
3.729
3.565
3.536
3.683
4.363
3.853
2.641
2.327
3.126
3.245
3.975
3.546
2.376
3.254
3.011
2.762
2.812
3.249
2.821
4.047
3.666
2.607
1.869
3.256
3.047
3.470
3.329
4.736
4.553
2.774
2.423
2.748
3.180
3.001
2.709
1.509
2.871
3.337
2.619
3.024
3.120
2.355
2.929
3.812
3.332
3.751
3.789
3.487
3.309
3.833
3.535
3.003
3.004
3.236
3.490
3.728
3.737
3.405
2.641
3.123
2.882
2.729
3.607
2.675
3.122
3.084
2.362
2.878
2.799
2.535
2.852
3.242
2.581
3.067
2.380
2.810
2.443
3.108
1.873
2.017
3.589
3.545
2.104
1.756
2.725
2.897
2.522
2.505
2.683
2.838
3.860
3.026
2.837
1.989
2.477
2.388
2.299
1.796
1.755
2.138
2.357
2.146
2.254
1.942
2.171
2.291
2.418
2.084
2.256
2.783
2.111
1.929
1.875
2.773
3.199
2.336
2.286
1.895
3.053
2.977
2.696
2.415
2.065
1.999
1.483
2.280
1.832
2.061
2.636
2.492
1.775
1.771
1.734
1.633
2.181
1.754
1.601
0.992
1.670
1.305
2.245
2.274
1.562
1.542
1.286
2.175
2.174
2.307
2.254
1.662
1.889
2.224
2.771
4.285
4.357
1.884
2.371
2.408
1.900
2.515
2.763
1.791
1.673
1.616
2.626
2.607
2.260
1.877
1.584
2.177
1.953
2.148
2.250
1.732
3.198
3.260
2.472
2.306
2.594
2.539
2.371
1.667
2.297
2.233
2.608
2.339
2.886
2.422
3.044
3.209
3.308
3.699
2.677
2.442
2.371
2.204
2.972
3.026
2.014
2.481
2.882
2.701
2.461
2.956
4.479
4.405
3.281
3.290
3.431
4.518
4.401
3.455
3.760
2.849
1.791
3.580
4.395
3.977
4.464
4.004
2.720
2.874
2.635
3.323
2.809
2.444
2.627
2.400
3.026
3.328
2.737
2.954
2.360
2.803
2.963
2.381
2.588
2.776
3.601
2.798
3.202
2.816
4.307
4.579
2.449
3.788
3.223
3.013
3.126
3.489
2.488
3.414
3.278
2.557
2.600
3.129
3.593
3.440
2.482
1.748
2.406
2.724
3.239
2.757
3.076
4.180
4.033
2.942
3.774
3.208
2.620
3.278
3.510
3.573
3.203
2.062
2.672
3.187
2.475
2.592
2.254
2.800
2.405
2.780
3.911
3.066
2.575
2.687
2.739
2.664
2.682
3.980
3.918
4.343
3.222
4.363
2.629
2.686
2.816
2.165
2.094
2.418
4.046
4.263
3.122
3.219
2.197
1.888
2.703
3.155
3.707
4.145
4.979
5.514
4.998
3.990
3.839
3.693
3.230
3.025
3.150
3.382
3.246
3.243
2.886
2.557
3.370
3.328
3.818
4.364
4.297
4.297
4.374
4.354
3.409
2.860
2.839
3.460
3.220
3.351
3.447
3.361
3.357
2.605
2.804
3.733
3.968
5.273
5.873
6.286
6.034
5.954
4.895
3.916
3.719
4.231
4.101
2.900
4.514
4.893
4.427
5.544
2.801
2.608
3.092
3.564
4.067
3.727
4.241
3.198
2.684
2.756
3.029
3.387
3.947
4.346
4.580
4.554
4.162
3.082
2.689
2.824
4.085
3.917
4.021
4.148
2.253
3.634
2.277
1.799
3.091
2.832
2.418
2.629
3.324
4.191
4.230
3.626
2.829
2.466
3.269
2.563
2.821
3.025
2.899
2.690
2.688
2.233
2.679
2.716
2.916
3.645
3.812
2.604
2.008
1.495
2.133
1.674
2.162
2.642
2.961
1.960
1.899
2.484
2.682
2.439
1.978
1.761
2.353
2.332
2.357
1.899
1.934
2.112
2.216
2.246
2.782
2.774
2.561
2.301
1.917
1.123
1.304
1.178
1.399
1.787
1.613
2.531
2.392
2.259
1.891
2.062
2.225
1.809
1.576
1.874
3.379
2.876
2.495
2.172
2.127
1.795
1.873
2.121
1.777
2.234
2.107
2.485
1.761
1.646
1.994
1.667
1.338
1.842
1.891
1.390
0.966
1.924
1.537
1.652
1.691
1.406
1.793
2.048
1.658
2.331
2.376
2.275
1.484
1.189
1.504
2.640
2.569
1.930
2.936
2.394
1.664
1.809
2.164
1.897
1.824
1.854
1.621
1.461
1.424
1.493
2.527
2.626
2.603
3.025
3.608
2.857
2.556
2.120
3.139
4.151
4.131
2.458
2.165
1.516
1.993
1.942
2.134
0.987
2.120
2.304
2.654
2.320
2.404
3.992
6.365
2.494
1.482
1.724
1.799
2.367
3.802
2.546
2.459
3.323
3.731
3.529
3.973
3.437
3.917
3.334
2.815
2.668
2.801
2.526
1.035
2.143
2.734
2.469
2.228
2.458
4.130
3.607
2.313
1.876
1.490
1.717
3.097
2.758
3.494
3.727
3.006
2.508
2.741
2.604
2.687
4.034
2.888
2.842
3.475
3.018
2.434
3.017
2.824
2.793
1.795
2.141
2.654
2.339
2.322
2.381
2.289
2.450
2.319
2.461
2.214
2.490
2.517
3.090
3.050
4.045
2.962
2.642
2.868
3.696
3.007
3.305
2.719
2.614
2.754
2.880
3.141
2.590
2.171
2.439
3.184
2.594
3.055
3.585
2.754
3.052
2.479
3.854
2.501
3.498
2.882
3.475
2.926
2.783
2.750
2.554
3.280
3.765
3.117
2.969
3.479
3.136
2.978
2.425
3.057
3.641
3.253
3.052
2.864
3.393
2.423
2.706
2.218
2.484
3.074
3.761
4.069
3.251
2.933
2.942
2.424
2.461
2.043
2.200
3.408
4.143
3.534
3.828
3.733
3.195
2.465
2.555
2.825
2.127
2.855
2.803
2.354
2.596
3.050
3.137
3.473
2.883
2.726
3.028
3.012
4.058
2.549
2.250
2.608
2.674
3.308
2.230
2.852
3.818
3.863
3.910
4.374
4.582
3.638
3.750
4.556
3.923
3.765
3.671
3.430
2.324
3.081
3.773
3.749
4.017
4.333
3.696
3.417
3.361
2.747
2.551
3.485
4.134
4.733
4.854
4.293
3.565
3.429
3.435
3.655
3.485
3.760
3.962
4.119
4.436
3.959
2.659
2.234
2.057
1.841
2.337
2.858
3.841
3.674
3.105
4.143
4.163
4.064
3.535
4.125
4.211
4.004
3.380
3.523
3.994
4.795
5.755
4.335
4.331
5.257
4.080
4.701
2.841
3.581
3.259
3.454
2.864
2.848
2.523
1.789
2.413
2.093
2.537
2.338
3.354
2.902
3.031
2.806
2.078
1.181
1.979
1.058
1.968
3.155
3.773
3.624
3.248
2.532
2.343
1.816
1.956
2.054
2.804
2.115
2.083
2.217
2.803
2.234
1.383
1.935
1.932
2.505
2.927
2.587
2.838
5.558
4.837
3.710
4.152
3.878
3.619
2.623
1.996
1.869
1.551
1.511
1.972
1.502
1.857
2.152
2.352
1.834
1.581
1.234
1.972
1.800
1.874
1.477
0.878
1.420
2.852
3.647
5.459
4.979
2.870
2.979
2.026
1.553
2.614
2.814
1.806
1.740
2.751
2.559
1.911
2.145
1.711
2.225
1.801
1.614
1.874
1.703
1.812
2.160
1.674
1.859
1.367
1.816
1.815
1.884
1.413
1.607
2.489
2.525
2.212
2.317
1.441
1.942
1.343
2.194
1.335
1.714
1.858
1.334
1.369
2.061
1.587
1.286
1.965
2.212
1.742
2.002
2.520
2.613
2.524
2.474
2.326
2.174
2.432
2.858
2.077
2.024
2.077
1.968
1.978
1.465
1.315
1.828
1.915
1.607
2.130
2.357
1.690
1.929
2.226
2.046
1.728
1.988
2.914
2.789
3.588
2.927
3.422
3.413
3.313
3.567
3.249
2.702
2.041
2.301
2.282
1.677
1.906
2.022
1.907
2.685
2.229
2.789
2.549
3.714
2.691
2.416
2.454
2.695
3.026
2.661
2.586
1.986
2.812
3.066
2.943
2.378
2.071
2.840
2.689
3.405
2.910
3.345
3.163
3.958
3.180
3.357
2.441
2.532
2.398
2.295
3.004
2.943
3.077
2.948
3.019
3.164
2.753
2.417
3.353
2.978
2.393
2.470
3.133
4.802
4.196
2.451
2.316
3.166
2.879
3.873
3.166
4.459
4.252
3.541
3.444
3.421
3.251
3.438
2.710
2.929
4.322
4.381
3.332
3.506
3.678
2.492
3.497
2.815
3.007
2.479
4.015
2.906
2.603
2.858
3.426
3.175
3.043
2.720
2.726
3.207
3.098
3.717
2.663
3.072
3.065
2.745
3.000
3.703
4.242
3.265
3.636
2.387
2.326
3.842
4.213
3.506
2.814
2.867
3.230
3.443
3.314
3.513
3.735
2.617
2.616
2.796
2.681
3.215
3.018
3.243
3.396
2.374
2.497
2.717
3.920
3.882
3.466
3.431
3.208
3.234
2.960
3.213
3.446
3.438
3.579
3.489
3.385
3.377
3.376
3.138
3.564
3.617
4.258
3.297
2.887
3.942
3.194
3.340
2.954
3.287
3.312
3.360
3.649
3.279
2.338
2.584
2.790
2.891
2.821
3.153
2.750
1.580
3.518
4.450
3.607
3.745
3.339
3.095
3.315
3.619
4.003
3.883
3.539
3.261
3.110
3.354
3.700
4.167
4.369
4.021
3.496
3.538
3.396
3.864
3.554
4.072
4.187
4.396
4.492
4.157
3.254
3.207
3.288
3.884
3.962
3.049
2.025
1.853
2.682
3.258
3.435
3.841
4.503
4.777
5.244
5.117
4.490
4.533
4.115
4.274
4.706
4.112
3.633
3.854
3.527
3.538
3.510
3.392
4.190
2.810
3.723
3.506
3.086
2.669
3.827
4.307
2.622
3.136
3.504
3.111
2.748
1.708
2.645
3.345
2.566
1.995
2.646
3.393
3.500
3.134
3.150
3.091
3.573
3.671
2.464
2.552
1.950
3.625
3.200
3.478
2.768
2.427
2.761
3.206
3.202
2.665
2.330
2.313
3.580
3.673
2.538
1.791
2.023
1.690
1.859
1.957
2.266
2.856
2.651
2.362
2.490
1.665
1.407
1.218
1.394
1.322
1.442
1.501
1.980
1.383
1.420
1.674
2.109
2.926
4.415
4.926
2.505
1.588
2.230
3.335
2.888
2.572
2.552
2.307
1.661
1.485
1.302
1.318
1.461
1.902
2.176
1.282
1.384
1.258
1.427
1.613
1.542
2.121
2.349
1.650
1.744
1.608
1.730
1.592
1.456
1.540
2.282
1.855
1.167
1.396
1.595
1.090
1.142
1.388
1.268
1.455
1.206
1.915
2.457
1.868
1.929
2.480
2.525
3.873
3.655
2.958
3.526
4.044
4.562
3.854
3.305
3.247
3.253
3.385
2.381
1.624
1.350
1.717
1.912
2.438
2.424
3.007
3.363
3.120
2.541
1.979
2.531
3.368
3.255
2.461
2.350
1.638
1.972
2.769
2.639
2.251
1.834
2.423
2.939
2.937
3.925
4.465
3.938
4.081
2.923
2.451
1.959
2.338
2.108
1.778
1.880
1.563
2.014
2.219
4.452
2.827
2.695
3.039
3.905
4.451
4.313
3.796
2.926
3.452
3.152
2.060
2.471
2.972
2.463
2.517
2.385
2.791
2.562
2.081
3.302
3.510
4.609
3.763
2.093
2.299
2.202
2.763
2.426
2.974
2.087
3.499
3.563
3.454
4.396
4.111
4.757
4.465
4.755
4.352
3.746
3.916
3.946
4.291
3.810
3.371
3.431
3.030
3.851
3.906
3.278
2.487
3.874
3.306
4.417
3.901
3.656
3.139
4.142
4.902
3.550
4.492
1.987
2.945
3.252
3.387
4.238
3.404
4.264
2.583
3.474
4.029
3.282
2.731
3.572
2.761
2.863
2.982
2.305
2.797
3.008
2.566
3.098
3.428
2.406
2.915
2.786
2.552
2.337
3.786
3.110
2.480
2.298
3.678
3.046
2.981
3.291
3.429
2.971
2.706
3.400
3.753
3.317
2.522
2.135
2.867
3.725
3.214
1.823
2.212
2.532
3.679
3.613
3.419
3.686
3.144
2.619
3.208
3.259
3.178
3.626
2.861
2.955
2.623
2.663
2.043
1.687
2.784
2.498
4.291
3.765
3.297
3.393
3.953
3.291
3.363
3.267
3.304
3.444
3.009
2.550
3.368
3.950
3.475
4.197
4.195
3.015
2.428
3.218
3.275
3.278
3.423
3.189
3.367
4.018
4.480
4.144
4.377
4.209
4.425
4.455
3.725
4.023
4.268
3.950
3.740
3.494
2.717
2.273
2.723
3.203
4.121
3.644
3.278
3.853
3.682
3.603
3.363
2.856
1.932
2.420
2.566
2.983
1.868
1.944
2.681
3.461
3.496
3.267
3.117
3.406
3.297
4.153
3.882
4.161
3.864
3.098
3.486
3.396
3.971
2.552
2.637
1.856
2.207
2.698
2.398
2.201
2.059
2.929
2.753
3.043
1.942
2.507
2.989
2.740
2.108
1.839
2.609
1.717
2.250
2.467
2.448
1.655
2.848
3.738
2.709
2.123
2.438
2.716
3.426
2.535
2.096
1.894
2.049
2.299
3.149
3.365
2.631
2.185
2.193
3.141
3.416
1.938
2.169
2.565
2.792
3.237
2.183
2.172
2.231
2.843
2.786
2.578
2.695
2.256
2.036
2.113
2.143
1.814
2.215
2.697
2.569
2.456
2.138
1.905
1.329
1.178
1.663
1.786
1.574
1.562
2.066
2.127
1.889
2.717
1.407
2.262
2.418
1.725
1.370
2.106
1.902
2.733
5.181
4.375
5.253
3.696
2.513
1.644
1.370
1.410
1.828
2.029
1.491
1.552
1.788
1.666
2.214
1.188
1.960
1.796
1.955
1.932
1.982
1.519
2.050
2.166
2.053
1.836
1.942
1.322
3.254
3.476
2.816
1.878
1.455
1.184
1.316
1.238
1.176
1.414
1.525
1.465
2.073
1.969
1.129
1.373
1.873
2.487
2.177
1.892
1.673
2.026
3.511
3.233
3.534
2.821
1.864
1.579
1.612
2.662
3.081
2.010
1.775
1.532
2.312
3.339
3.782
2.436
2.224
2.409
1.646
2.868
2.692
2.161
1.742
1.908
1.657
2.269
2.133
1.943
1.979
1.828
1.362
1.476
1.822
1.564
1.866
2.285
2.833
2.160
3.034
2.709
2.361
2.714
3.323
2.474
3.363
2.500
3.144
3.277
3.326
2.334
2.711
2.228
1.903
3.751
4.120
3.246
3.240
3.585
3.860
3.218
2.650
2.511
2.806
2.964
1.948
4.706
3.595
2.796
2.029
2.855
2.001
3.329
2.850
3.351
3.622
2.065
3.060
3.754
3.527
3.038
2.506
2.512
2.198
2.432
3.789
3.218
2.906
2.625
1.848
3.904
4.163
2.509
2.067
2.042
2.975
2.405
2.045
2.842
2.137
3.003
3.992
4.387
3.644
2.836
2.471
3.104
3.396
2.393
2.771
2.826
2.939
2.799
3.099
3.659
1.909
2.537
2.774
2.686
3.047
2.607
2.997
2.618
3.977
2.882
2.376
2.674
3.385
2.823
2.452
3.560
3.166
2.877
3.008
4.080
3.640
3.315
3.002
3.719
4.573
2.418
2.562
3.344
3.662
3.706
2.147
2.142
2.272
2.930
3.018
3.026
2.875
2.716
3.006
3.229
3.182
1.977
1.537
1.861
2.866
3.101
2.540
3.310
3.063
2.253
2.811
2.995
3.549
3.766
3.384
3.144
2.940
2.682
2.188
3.259
4.315
3.844
3.496
3.139
3.955
3.677
3.158
3.809
2.484
2.418
3.537
3.430
3.763
3.466
3.910
4.013
3.124
2.727
2.899
3.177
3.734
4.247
4.098
3.596
3.033
2.859
3.262
3.114
2.761
3.786
3.945
3.657
3.147
2.667
4.385
4.435
3.790
3.775
3.688
3.546
3.921
4.098
3.617
4.602
4.513
4.707
5.073
5.572
4.778
3.804
3.788
4.256
4.987
5.072
4.469
4.378
4.390
4.587
3.319
3.013
4.087
3.973
3.797
2.978
3.101
3.130
2.713
2.131
2.534
2.176
2.427
3.240
3.504
3.396
3.546
3.809
4.505
4.700
3.921
2.644
2.371
2.866
2.696
1.940
2.147
