20000101
3.686
3.471
2.378
1.795
1.526
2.431
1.920
1.884
1.756
2.176
2.561
3.198
3.081
2.627
3.709
6.108
6.324
4.278
3.433
2.959
3.288
3.442
1.279
1.822
2.528
2.486
4.835
5.424
3.194
2.725
4.106
3.341
2.798
2.874
3.921
4.159
3.216
3.456
2.836
2.981
3.378
3.053
2.815
3.992
5.755
3.556
2.984
3.171
2.561
2.147
2.530
3.790
3.723
4.858
5.427
3.451
2.732
1.680
1.857
2.350
4.446
4.350
4.483
4.814
2.009
2.822
3.281
3.505
2.681
3.674
5.376
5.731
3.558
1.593
1.916
2.998
3.442
1.979
3.058
3.288
3.353
3.388
3.440
4.884
3.787
3.006
3.109
2.942
2.494
2.455
3.097
3.688
3.763
2.450
2.625
2.610
2.440
3.351
4.404
2.325
2.507
2.021
2.698
3.370
3.780
3.590
2.822
3.272
3.024
3.448
3.892
4.327
5.093
4.229
5.060
5.045
5.416
5.219
5.310
4.841
4.894
4.316
3.354
3.781
3.532
2.875
2.840
2.541
3.627
3.696
3.409
4.120
4.465
3.208
3.463
4.376
4.277
3.970
2.950
2.941
4.703
4.136
4.974
4.587
4.847
5.064
5.212
4.265
3.789
4.434
3.936
3.875
4.166
3.403
2.786
3.747
3.548
2.373
2.847
3.398
3.450
3.892
4.769
4.480
5.019
4.843
5.077
5.273
5.050
4.293
3.936
4.483
4.313
5.148
4.342
4.761
4.742
4.967
4.643
3.528
3.331
2.912
2.400
3.095
2.855
2.118
2.331
3.100
3.765
3.212
3.670
3.489
3.518
3.362
3.262
3.989
5.329
5.375
3.979
4.059
4.216
4.884
4.517
4.350
4.119
4.518
4.087
4.009
3.706
3.173
2.634
2.717
4.212
4.574
5.224
3.897
3.726
3.198
3.180
3.036
3.242
3.889
2.299
2.071
2.553
3.490
3.727
3.668
3.427
3.473
3.076
2.279
2.847
1.903
1.549
1.647
1.676
3.388
3.327
2.460
3.032
4.054
4.460
3.637
2.862
3.267
3.724
3.500
2.548
2.830
3.046
2.257
3.267
3.477
3.031
2.478
2.341
2.209
2.575
2.302
2.747
2.852
2.130
1.708
1.774
1.580
1.357
1.743
1.142
1.222
1.304
1.918
1.637
2.341
2.306
2.209
3.084
1.839
1.667
1.516
1.273
1.767
1.980
1.269
1.131
2.137
2.576
2.641
1.820
2.119
2.356
1.688
1.976
1.571
2.435
2.331
2.767
2.352
1.576
1.327
2.124
1.834
1.664
1.874
1.990
2.244
3.428
3.028
2.403
2.186
2.335
1.500
1.575
1.970
2.394
2.598
2.232
2.106
2.530
2.860
2.523
1.450
2.388
2.806
3.129
2.159
2.046
1.861
2.585
2.615
2.479
2.937
4.149
4.058
3.595
4.636
4.276
3.873
2.451
1.831
2.179
2.983
1.893
2.198
2.986
2.228
2.038
1.527
2.053
1.982
1.798
2.000
2.171
3.062
2.803
3.048
2.302
2.121
2.263
2.219
3.570
2.837
2.678
3.163
4.195
4.749
2.803
2.358
3.823
3.944
3.954
3.388
3.039
3.219
3.734
3.870
3.878
2.870
3.685
3.711
2.966
4.922
4.610
3.251
2.949
3.465
3.729
3.394
2.814
3.765
2.813
2.998
3.352
2.914
2.401
2.839
2.660
3.823
4.800
3.379
2.530
2.460
1.945
1.966
2.537
3.316
2.894
2.564
1.862
5.024
4.353
3.183
2.812
2.363
2.250
3.036
3.859
1.931
3.069
3.128
4.054
4.071
2.090
2.081
2.872
4.690
5.327
4.075
3.779
3.473
3.287
1.950
2.834
3.793
3.175
2.036
1.905
2.547
2.194
2.211
2.635
2.058
2.119
3.035
3.556
3.310
2.989
1.916
1.840
3.203
3.843
3.239
4.543
3.758
3.273
2.064
3.187
2.369
2.711
2.878
2.099
1.790
2.646
3.463
4.099
3.436
3.607
3.095
1.806
2.402
3.117
3.161
3.374
2.240
2.558
1.787
2.399
2.168
2.120
3.201
4.038
3.662
3.851
4.463
3.636
3.220
3.581
3.944
3.902
3.457
3.318
4.238
4.367
4.064
4.529
4.968
4.447
4.053
4.233
4.255
4.591
4.374
5.097
4.559
4.287
4.542
3.954
3.433
2.561
3.550
4.864
4.999
3.505
3.983
4.674
3.993
4.092
4.027
3.776
3.500
3.701
3.891
2.795
2.422
2.836
2.794
2.842
2.757
2.972
3.884
3.559
3.171
3.354
2.977
3.007
4.168
4.941
4.925
5.214
5.143
4.927
4.126
5.229
4.909
4.944
4.062
3.156
3.043
3.082
3.195
4.472
3.231
3.068
2.677
2.595
2.769
3.203
3.569
4.219
3.366
4.295
4.598
4.702
3.801
3.790
3.929
2.450
3.474
2.448
3.161
3.170
2.934
3.120
3.091
3.520
3.496
3.987
2.808
2.720
3.678
2.310
1.662
2.899
2.514
2.585
2.643
2.623
1.826
2.227
2.531
3.084
2.594
2.358
4.089
3.046
2.408
3.082
2.790
2.412
2.137
2.284
2.377
2.252
3.182
3.549
3.728
4.214
3.922
3.485
3.310
2.899
3.029
3.539
3.990
3.279
1.772
2.075
2.559
3.187
3.070
2.288
2.305
1.579
0.999
1.529
2.238
2.284
2.308
2.160
1.561
2.031
1.685
1.605
2.277
1.880
1.637
1.457
1.702
2.056
2.507
2.096
1.339
1.630
2.288
2.078
2.485
2.806
2.271
2.218
2.477
1.909
1.824
1.848
2.498
2.136
2.058
2.572
1.635
1.254
1.574
1.376
1.943
1.940
2.165
1.710
1.458
2.049
2.228
1.939
1.735
1.518
1.643
2.436
1.886
1.583
1.099
2.704
4.187
3.617
3.383
3.519
3.130
3.346
2.625
2.724
2.515
2.508
3.159
2.927
2.936
1.984
2.530
1.560
1.996
2.505
2.791
2.978
3.314
3.047
3.306
2.881
2.384
1.982
1.416
1.562
1.948
1.821
2.099
2.223
2.356
2.153
1.499
3.917
3.401
2.266
1.947
3.060
2.665
3.590
4.957
4.374
4.053
3.513
3.117
2.560
2.100
3.195
4.587
3.831
3.586
3.833
3.101
3.440
3.671
3.962
4.273
3.616
3.216
4.184
4.315
3.449
2.573
1.829
2.718
2.845
3.619
3.447
2.152
2.367
2.770
4.760
4.319
3.349
2.483
2.875
3.890
2.646
3.173
3.954
4.415
4.821
4.006
3.051
3.270
4.108
4.518
3.438
2.830
3.078
3.128
6.007
7.789
4.341
4.311
4.921
3.684
2.901
3.483
2.540
2.990
3.521
2.903
2.409
3.316
3.506
3.412
2.484
3.883
2.829
2.556
3.114
4.917
3.168
2.897
3.033
2.634
2.624
3.576
3.519
2.483
3.680
3.459
2.041
3.748
1.422
1.868
1.531
2.159
2.475
2.047
3.473
2.641
2.732
4.274
3.759
1.919
2.526
2.989
3.213
2.433
3.082
3.839
2.714
1.575
2.140
2.849
2.908
3.261
2.184
3.168
3.124
2.597
2.507
3.452
4.246
4.168
3.684
3.847
3.661
3.615
3.229
4.248
4.262
4.243
4.282
3.995
2.160
2.674
4.580
3.522
2.585
3.719
3.769
3.284
2.962
2.983
4.316
3.988
3.791
4.289
5.814
5.651
4.828
4.693
4.629
4.407
4.270
5.102
5.470
6.208
6.177
5.620
4.847
4.227
4.212
4.937
4.943
4.878
4.896
4.473
3.472
3.664
4.144
3.623
3.242
3.681
3.765
4.519
4.542
4.381
3.818
3.877
3.727
4.285
4.428
3.793
3.380
2.998
4.277
4.341
4.363
3.994
4.425
4.425
4.224
4.751
3.648
2.210
2.339
2.631
3.802
4.101
4.244
4.431
5.317
5.179
5.098
5.173
5.086
5.460
4.826
3.933
4.097
4.898
4.825
5.088
4.251
4.217
3.954
3.683
4.229
4.182
4.844
4.144
3.905
4.274
4.309
3.800
3.663
4.199
4.459
3.832
3.038
2.828
3.669
3.413
3.356
3.337
2.453
3.189
2.972
2.543
3.455
3.466
4.078
3.942
3.468
3.025
4.099
3.375
3.878
4.105
3.800
3.299
2.722
2.279
1.636
2.701
3.634
3.298
2.695
3.475
3.333
2.771
2.235
2.644
3.182
3.400
3.371
3.787
4.067
3.362
3.150
3.486
2.890
4.107
3.730
2.612
2.993
3.390
3.283
2.679
1.595
1.577
1.639
2.440
3.406
3.269
2.218
1.814
1.380
1.566
2.414
2.019
1.348
2.214
2.365
2.328
2.137
1.822
1.796
1.557
1.554
1.613
2.248
2.050
1.844
1.821
2.765
2.639
1.859
2.534
3.049
2.693
2.601
2.405
2.349
1.844
2.321
2.271
1.559
1.609
1.867
1.969
1.806
1.799
2.301
1.938
1.252
1.219
1.955
2.634
2.832
2.334
2.777
2.689
2.773
2.117
2.603
2.532
2.032
2.104
2.542
2.691
2.151
2.443
1.886
2.052
2.525
2.214
2.478
2.799
2.798
2.331
2.409
3.286
3.490
2.911
2.640
2.491
2.338
3.692
3.519
3.262
2.349
2.390
1.568
2.396
2.934
2.452
2.468
1.899
2.770
3.007
2.665
2.490
1.730
2.889
3.864
2.614
2.395
2.694
3.119
2.743
2.290
3.883
4.669
3.437
2.789
5.362
3.409
2.527
3.140
4.678
4.201
4.771
4.944
4.250
5.161
4.120
3.030
3.672
3.808
3.880
3.176
3.086
3.266
3.296
3.066
2.334
1.445
2.324
3.280
4.074
2.553
2.934
4.761
2.347
4.591
6.353
5.167
4.055
2.824
3.344
2.278
2.474
3.326
4.903
4.541
3.231
3.179
2.402
2.728
4.293
6.500
4.734
2.323
2.828
2.507
2.970
1.961
2.820
1.862
3.174
3.129
3.674
4.543
4.113
3.160
3.423
2.359
2.912
3.147
2.803
3.031
2.922
3.055
2.587
2.701
2.592
2.938
1.826
2.631
2.772
1.670
2.577
2.680
3.050
2.431
3.135
3.322
3.133
3.086
3.849
4.160
3.088
2.978
2.459
4.162
4.495
2.285
1.625
1.925
1.922
2.262
2.554
2.776
3.863
3.963
3.711
3.967
3.663
2.342
4.406
4.898
2.712
2.061
1.977
2.295
3.614
3.970
4.087
2.968
2.276
2.005
2.797
4.029
4.769
5.060
3.299
3.585
4.001
3.600
2.093
1.838
2.451
3.243
4.523
3.396
3.796
2.412
4.498
4.672
4.760
5.147
4.926
5.467
5.020
4.796
4.180
4.373
4.098
4.471
3.944
3.247
3.713
4.141
3.541
3.686
3.889
4.733
5.117
5.519
5.881
5.697
5.411
4.899
4.746
4.967
3.883
3.875
2.869
3.419
3.263
3.656
2.571
3.429
3.860
3.410
3.767
4.284
3.344
3.981
4.516
4.208
4.442
4.726
3.537
2.515
2.408
3.222
2.879
2.869
3.843
4.023
4.604
4.880
4.090
3.487
2.962
3.118
2.621
2.936
2.757
2.922
3.682
3.937
4.186
3.621
3.672
4.803
3.815
3.414
2.691
3.629
3.986
3.620
4.630
3.665
3.040
3.188
3.219
2.566
1.726
2.112
2.361
3.343
3.609
3.004
3.357
2.949
3.225
3.506
3.809
4.137
3.865
3.824
3.239
2.678
1.834
2.625
3.024
4.356
3.874
3.101
3.267
2.970
4.320
3.227
3.325
3.143
2.945
3.328
3.283
2.608
2.686
3.865
3.269
3.474
2.827
3.494
2.936
2.713
2.482
3.039
2.490
2.417
2.769
3.210
2.292
2.310
2.762
2.092
1.633
1.371
2.168
1.559
1.539
1.742
1.512
1.331
1.667
1.771
1.715
2.636
2.589
2.175
2.440
2.745
2.659
1.929
1.747
1.952
1.423
1.615
1.781
1.766
1.996
2.082
1.620
1.798
1.780
2.226
1.859
1.650
2.191
3.335
3.122
2.360
2.331
2.019
1.672
2.086
1.829
2.474
2.049
1.604
1.533
2.217
3.560
2.345
2.099
1.954
1.871
1.712
2.155
2.294
2.175
3.355
3.088
3.044
2.692
2.054
2.311
1.651
2.690
2.713
2.662
2.386
2.076
2.623
2.470
2.637
2.234
2.194
1.900
2.537
2.402
2.169
1.868
3.671
2.505
2.175
2.707
3.357
3.966
3.458
3.139
4.053
3.337
2.659
2.935
2.763
2.934
2.777
3.278
3.373
4.752
4.156
3.373
2.174
2.194
2.543
2.578
4.887
4.896
6.166
6.394
4.526
4.173
2.526
2.060
2.476
2.317
2.147
2.506
2.509
3.094
2.317
2.488
2.467
3.800
2.586
3.002
3.211
2.983
3.455
4.202
3.112
3.148
3.554
2.315
4.053
4.640
3.756
4.028
2.666
2.708
2.396
2.225
2.508
3.641
3.021
3.715
3.730
3.125
2.847
2.300
2.349
3.756
1.653
1.152
2.328
2.368
2.330
1.879
2.452
3.047
3.460
3.311
2.287
2.988
3.390
3.461
3.309
3.763
3.392
2.473
3.412
2.093
1.557
2.998
2.041
2.910
2.919
2.052
1.752
3.009
3.926
4.055
2.287
2.129
3.340
3.776
4.019
3.682
3.170
2.268
3.025
3.102
3.182
3.062
3.890
3.283
3.079
2.685
3.549
3.057
3.692
4.098
3.315
2.879
3.213
3.501
3.667
4.085
4.273
4.352
4.543
3.790
3.182
3.141
3.402
3.783
3.420
2.125
2.194
2.690
3.490
3.637
3.739
4.232
1.362
1.706
2.103
2.649
2.300
2.472
3.406
2.218
3.076
4.137
3.579
4.090
4.451
3.805
3.950
3.514
3.177
4.749
4.901
5.566
5.109
5.621
6.069
4.252
4.206
3.917
3.641
3.251
3.541
3.147
3.548
4.377
3.539
4.499
4.249
3.954
4.154
3.469
2.448
1.765
1.735
2.348
3.050
2.254
2.758
1.923
1.944
3.427
3.805
5.293
5.349
5.814
5.907
5.855
5.076
4.263
3.359
3.149
2.690
2.628
3.228
3.543
2.800
3.039
1.949
3.012
3.612
4.157
4.429
4.183
4.650
3.674
4.080
4.032
4.084
3.618
2.596
2.682
3.786
3.971
4.070
4.022
3.905
2.596
3.292
3.799
3.673
2.872
3.449
3.090
2.730
4.096
3.132
3.043
2.304
1.550
1.605
2.561
3.229
2.695
2.919
2.758
2.588
3.757
2.987
2.791
3.152
3.543
2.516
2.634
2.921
2.842
2.684
3.046
3.712
4.003
4.347
4.229
4.149
3.741
3.581
3.650
3.293
3.266
2.143
2.125
1.879
2.002
1.665
2.104
2.461
3.153
3.204
3.130
2.239
2.095
2.378
2.703
1.973
1.448
1.716
1.932
1.847
1.709
1.375
1.402
1.490
1.611
1.953
1.601
1.699
1.714
2.060
1.717
2.298
1.630
1.168
1.464
1.912
2.557
2.863
2.650
2.448
2.131
1.090
2.369
1.837
2.024
1.363
1.047
1.255
1.521
1.830
1.203
1.599
1.852
1.491
1.980
2.683
2.351
2.130
1.554
2.064
2.590
2.935
1.283
2.145
3.646
3.986
3.257
2.771
2.712
3.395
2.481
2.046
1.497
1.375
1.743
1.518
1.597
1.669
2.275
2.583
2.436
1.659
1.514
1.577
2.272
1.750
1.312
2.037
3.181
2.500
1.649
0.925
1.837
2.287
1.755
1.755
2.368
2.581
2.533
2.514
2.505
3.654
3.792
3.381
2.616
2.385
2.319
2.694
2.052
2.061
2.506
1.666
2.782
1.566
3.462
4.163
3.774
3.260
2.925
2.199
2.879
4.161
1.861
1.598
2.891
4.323
3.490
3.134
4.169
2.910
2.522
2.866
2.885
3.382
2.402
1.633
2.612
3.333
4.279
2.980
3.747
4.359
2.702
2.406
2.586
3.526
4.426
4.031
2.305
2.600
3.403
4.097
4.525
4.211
3.215
3.142
2.879
2.517
3.245
2.633
1.778
2.595
3.752
3.381
2.315
2.436
3.215
5.414
5.187
5.325
3.434
2.799
2.518
4.686
4.101
3.457
2.647
2.767
2.922
2.369
2.937
2.158
3.298
3.275
3.165
3.291
3.071
2.901
2.333
3.628
2.992
3.115
2.665
2.729
1.924
2.935
3.092
3.292
3.445
3.556
3.488
4.361
3.098
3.829
1.577
2.178
3.660
4.217
3.279
3.117
3.298
3.976
3.257
2.373
2.562
2.850
2.392
2.481
4.220
3.550
3.342
2.299
3.251
3.112
3.058
3.069
3.488
2.687
2.480
1.874
2.179
2.066
3.721
3.488
3.075
3.231
3.131
2.830
3.594
3.659
2.448
2.285
1.830
3.147
2.596
3.266
1.983
2.709
4.305
3.646
3.742
3.968
2.742
3.512
4.034
3.850
3.555
3.448
4.021
3.813
3.584
3.554
3.786
4.308
3.249
3.437
3.309
3.147
2.412
2.520
3.022
1.716
1.773
3.193
3.849
3.981
3.923
3.932
4.164
3.694
3.428
3.331
3.167
3.762
4.156
3.128
2.543
3.513
3.649
3.587
2.929
2.841
2.802
3.912
3.877
3.856
3.816
3.218
3.137
3.988
3.221
2.217
2.567
3.365
3.740
2.868
3.051
3.978
4.380
4.464
4.067
3.926
2.471
3.595
2.466
3.871
3.521
4.226
3.837
3.221
3.483
3.705
4.030
4.200
3.788
4.067
3.466
4.206
3.102
3.177
3.716
2.970
2.196
1.239
3.014
2.957
3.158
2.994
3.410
3.597
3.209
2.579
1.968
2.574
2.331
2.805
2.084
2.579
2.801
2.027
2.335
3.068
3.094
3.130
3.166
3.153
3.378
3.836
3.932
2.970
2.544
2.235
2.322
2.450
2.175
1.492
2.062
1.956
1.505
1.828
1.939
1.961
1.278
1.316
1.822
1.668
3.151
2.940
1.315
2.605
3.952
3.410
3.981
1.222
1.186
2.141
1.810
2.377
3.335
2.759
2.684
2.183
1.144
1.772
1.613
1.500
1.538
1.498
1.160
1.085
0.841
1.417
0.697
0.803
1.872
2.242
1.989
1.978
2.913
3.247
2.882
2.221
2.046
1.502
1.413
2.014
2.109
1.755
2.778
2.790
2.017
2.554
2.007
1.814
2.278
1.551
1.295
1.175
1.805
1.413
2.461
1.987
1.660
2.026
2.796
2.075
2.126
1.873
2.000
1.512
1.634
2.080
2.070
2.078
1.544
2.088
1.743
1.855
1.656
2.146
2.413
1.590
1.434
1.828
2.631
2.395
2.877
4.088
3.981
3.677
2.580
1.907
2.030
2.784
2.916
3.966
3.887
3.460
2.684
3.146
3.606
4.243
2.889
3.016
2.377
2.267
2.636
3.659
3.339
4.329
3.788
2.560
1.861
1.020
2.468
2.311
1.845
2.018
2.836
2.381
4.477
4.435
3.797
4.806
3.432
2.446
1.852
2.898
1.658
2.111
3.089
2.026
2.268
3.306
3.375
3.018
2.546
3.245
3.690
2.224
3.581
3.341
3.472
3.523
2.524
1.732
2.547
2.871
2.603
3.348
3.527
2.806
2.042
2.288
1.609
1.799
1.895
2.478
1.939
1.912
2.062
3.120
4.281
3.327
2.447
1.740
2.750
2.262
2.847
2.933
2.623
2.714
3.284
2.924
2.559
3.140
2.958
2.132
3.239
2.903
2.070
2.349
2.238
3.132
3.956
2.431
1.636
2.167
1.944
2.939
1.614
2.068
1.742
2.876
1.558
3.005
1.919
2.919
2.533
3.884
3.732
2.784
2.113
2.067
3.526
2.998
3.260
3.586
3.325
2.755
2.854
2.802
2.220
2.885
2.788
4.011
3.317
2.581
2.412
2.029
2.550
3.512
3.200
3.892
2.060
2.795
2.631
3.738
3.287
3.217
2.448
2.540
3.024
3.111
2.600
3.125
3.938
3.278
3.499
3.332
2.170
2.488
3.763
3.712
3.935
3.794
4.275
4.122
3.864
3.754
3.797
3.466
3.367
2.886
3.831
3.508
4.247
4.158
4.440
3.612
4.052
4.523
4.857
4.154
4.317
4.142
3.545
3.770
2.829
2.994
4.212
4.034
4.470
4.054
3.892
3.895
3.956
3.979
5.070
4.700
4.480
3.296
3.789
3.979
3.173
2.929
2.690
2.749
3.281
2.593
2.589
2.817
2.451
2.507
2.257
2.387
2.941
3.387
2.349
2.602
2.864
3.024
2.449
4.447
3.755
3.469
4.234
4.086
4.483
3.827
3.888
4.123
3.859
3.004
2.313
3.444
3.778
2.522
1.717
1.951
2.905
3.153
2.926
3.305
3.617
3.024
2.750
2.219
2.942
4.242
3.768
2.675
2.132
1.710
3.019
2.531
3.449
3.468
3.861
3.908
2.324
2.770
2.101
1.791
1.732
1.714
2.283
3.701
4.010
3.808
3.961
3.457
3.063
2.611
3.378
3.903
3.339
2.436
2.554
2.999
3.645
2.647
1.470
1.785
1.761
1.650
2.925
3.083
1.768
1.447
1.466
1.537
1.277
1.545
1.774
2.556
1.677
1.256
1.647
1.897
2.337
2.270
1.968
2.167
2.228
1.986
2.120
1.821
1.740
1.916
1.821
2.557
1.353
1.410
2.092
2.500
2.184
1.572
1.348
1.626
1.572
1.877
1.728
1.722
2.010
1.608
1.529
1.719
2.004
1.783
1.166
1.223
1.116
1.857
1.525
1.459
2.219
3.408
3.233
2.618
2.912
3.299
2.885
3.659
2.944
1.791
2.093
1.750
1.343
2.131
1.706
3.082
2.600
2.186
2.197
2.628
2.328
2.054
2.168
1.097
2.019
2.087
1.770
1.592
2.335
2.414
2.522
2.473
2.709
2.307
2.102
2.595
2.520
2.719
3.179
3.122
2.891
2.666
2.526
2.553
2.852
2.399
3.780
3.459
3.433
2.504
2.703
4.055
2.402
2.269
2.209
1.912
3.351
3.283
3.049
2.512
1.753
2.657
4.054
3.156
3.126
2.821
1.928
2.141
1.897
2.191
3.283
3.343
4.785
3.435
2.919
2.373
3.791
3.400
4.718
3.051
2.695
2.311
4.408
3.334
2.749
3.011
2.485
3.231
4.300
4.843
4.013
3.580
2.817
2.743
4.049
2.834
2.899
2.988
3.225
3.150
2.007
2.459
2.855
1.261
2.990
4.047
5.683
4.864
3.153
4.537
2.198
2.801
2.139
2.121
2.059
2.506
3.655
3.406
3.095
3.339
3.631
2.743
1.868
2.698
3.841
4.135
3.222
3.098
3.299
3.575
3.350
2.896
3.034
2.919
3.240
3.525
4.412
3.771
3.217
3.650
2.926
2.504
2.560
3.434
4.561
4.226
2.638
2.810
3.566
3.058
2.491
3.134
2.630
2.974
2.830
2.579
3.040
3.248
3.175
2.798
2.436
2.395
3.292
3.994
2.347
1.700
3.029
3.145
2.714
2.402
2.412
2.775
2.481
1.805
2.938
2.206
4.053
3.775
3.926
3.167
3.219
2.755
2.973
3.244
3.664
3.669
3.295
3.081
3.730
3.647
2.345
3.634
3.332
4.078
3.818
3.680
4.324
4.344
3.924
4.639
4.876
4.310
3.378
4.108
4.240
4.636
4.221
4.087
3.479
4.249
3.833
4.111
3.464
3.157
3.396
2.467
2.782
2.006
3.135
3.187
1.738
1.839
3.256
4.159
4.364
4.956
5.617
5.487
4.411
4.283
3.647
4.321
3.058
3.991
4.092
3.812
2.647
1.651
2.233
4.269
4.915
4.373
3.033
3.883
2.468
1.503
2.599
3.077
2.590
5.579
5.582
4.603
4.281
4.710
3.508
2.446
3.882
3.258
2.986
3.035
2.998
3.009
2.379
2.136
2.717
3.521
3.779
4.087
3.794
2.741
1.759
2.051
2.936
3.332
2.577
2.894
2.124
2.098
2.642
2.474
2.251
2.427
2.803
1.690
1.700
1.715
3.498
3.331
3.006
3.831
4.147
4.506
3.802
3.234
3.591
3.527
2.738
2.963
2.384
2.289
2.707
1.917
1.486
1.708
1.015
1.723
1.789
1.606
2.322
1.919
1.642
2.204
2.829
2.488
2.668
2.429
2.779
2.258
2.622
1.937
1.708
2.484
2.790
2.774
2.439
1.383
1.885
1.845
2.271
1.813
1.123
0.959
2.223
2.350
2.275
1.799
1.532
1.871
1.896
2.099
2.026
1.959
1.996
2.170
1.836
1.939
1.889
2.124
1.594
0.958
1.848
1.678
1.437
1.041
1.842
1.757
1.494
1.249
1.588
1.627
1.355
1.732
1.878
2.305
2.799
2.292
1.521
1.987
3.895
4.071
3.681
3.849
3.658
2.429
2.012
1.721
2.016
2.054
2.205
1.874
1.549
2.217
2.232
1.945
1.778
1.845
2.492
2.116
2.650
2.743
2.403
2.512
2.346
2.524
2.043
2.191
1.604
1.685
2.150
2.100
2.496
2.152
3.539
4.043
3.609
3.639
3.419
2.881
2.644
2.407
2.693
3.299
3.756
6.116
4.687
4.475
4.570
3.052
1.998
2.629
2.562
2.542
1.816
2.802
2.217
2.926
2.541
2.531
2.052
2.904
3.620
3.012
4.571
5.614
3.804
3.987
2.491
3.664
2.242
2.052
3.047
2.882
4.671
3.908
4.550
3.754
2.574
2.910
3.864
2.518
3.284
4.222
2.821
2.163
3.595
3.738
2.606
3.214
2.908
3.818
2.533
3.880
2.501
3.665
3.520
2.503
2.731
3.932
2.601
3.383
4.271
3.500
4.057
4.581
4.531
3.819
2.830
2.832
2.341
2.701
3.052
3.082
2.291
3.194
2.806
1.736
3.180
3.435
4.163
2.558
2.118
2.803
2.431
1.836
1.853
2.446
2.286
3.443
2.949
2.407
3.550
2.099
4.619
4.692
3.079
2.751
2.114
2.527
3.008
3.091
1.940
2.495
2.550
2.301
2.523
2.506
1.691
2.637
2.476
2.450
2.802
3.240
3.168
3.347
3.355
3.648
1.595
1.934
3.526
2.151
1.920
3.112
3.256
3.318
3.832
4.077
3.726
3.596
2.259
2.753
2.913
3.057
3.206
3.811
3.229
3.631
3.531
3.446
3.471
3.208
3.919
4.062
4.155
4.233
4.373
4.121
4.180
3.350
3.915
3.626
4.186
3.599
4.031
3.987
3.871
5.081
5.282
5.046
5.344
5.794
5.404
4.465
4.760
4.524
4.737
4.064
3.725
3.444
4.395
4.278
4.501
3.602
3.891
4.186
3.711
3.232
3.602
4.270
4.501
4.109
2.722
3.423
3.191
3.644
2.787
3.568
3.683
4.687
5.213
4.797
5.345
5.592
4.877
4.043
4.547
4.449
4.691
3.894
4.311
3.730
4.100
3.624
3.219
3.208
3.533
3.700
4.225
4.653
5.150
4.240
4.164
2.989
2.707
4.194
4.482
3.987
3.430
3.937
3.967
3.541
3.141
3.641
3.245
3.358
3.129
2.990
1.514
3.171
2.905
3.447
2.495
1.540
2.704
2.932
3.054
2.964
3.116
2.850
3.091
3.789
4.127
3.132
3.486
3.034
2.675
4.052
4.765
3.565
3.412
2.966
3.289
2.928
3.066
2.728
3.033
2.549
1.960
1.887
2.125
2.562
2.347
2.849
2.861
2.633
2.106
1.298
1.778
1.536
2.395
2.545
1.987
1.375
1.302
1.697
1.987
2.322
2.182
1.821
3.417
2.048
1.751
1.221
1.983
2.429
2.713
2.490
2.409
1.889
1.972
2.465
3.136
2.746
2.763
2.483
2.081
1.486
2.046
1.977
2.928
3.039
2.069
2.429
2.086
1.479
1.622
1.488
1.430
1.406
2.105
1.673
2.822
2.506
1.567
1.603
1.564
1.144
1.935
2.280
1.492
1.524
2.053
2.508
1.602
1.867
1.613
2.256
2.399
2.087
1.540
2.269
1.854
1.688
1.729
1.974
1.915
2.429
2.308
1.776
1.789
1.789
2.953
2.442
3.721
3.224
2.863
2.827
4.471
3.994
3.302
2.662
2.273
2.566
4.016
5.134
4.986
4.115
3.893
2.727
2.199
1.815
2.178
2.752
3.085
2.881
1.925
3.053
3.113
3.079
3.117
2.215
3.063
3.272
1.718
3.325
3.132
3.580
2.388
3.802
2.779
2.682
2.479
2.590
2.274
1.310
2.115
2.321
3.507
3.412
2.941
2.894
2.549
2.463
2.745
4.004
5.533
5.453
4.734
5.026
4.318
4.038
2.761
2.886
3.037
2.283
2.647
3.690
3.523
3.101
2.546
3.682
3.583
3.429
3.301
2.222
2.927
2.905
2.811
3.378
2.231
2.960
2.366
3.038
2.529
2.154
3.643
3.267
3.051
4.536
2.322
2.665
2.196
2.659
2.898
3.239
3.099
3.600
3.494
2.900
2.604
3.652
2.790
3.594
3.005
3.185
2.721
2.469
2.642
3.329
3.428
3.565
2.885
3.062
3.240
2.450
2.190
2.606
2.949
3.032
3.496
2.430
2.753
2.567
2.836
3.042
3.254
3.050
2.643
1.390
1.824
2.856
3.420
2.380
2.639
3.681
3.921
3.040
2.692
2.937
2.655
3.464
3.425
4.574
3.382
4.331
3.870
2.022
3.766
3.012
2.587
3.498
4.268
3.764
3.649
2.269
2.268
1.799
4.098
4.318
3.062
2.676
3.580
2.474
2.425
1.662
3.076
3.339
3.600
3.804
3.457
3.047
3.777
3.588
2.871
3.388
2.915
3.611
4.135
4.626
3.899
4.289
4.835
4.764
4.640
3.937
3.976
3.826
4.528
4.051
3.704
4.159
3.101
3.853
5.023
4.409
4.312
4.997
4.668
4.439
4.757
5.088
5.280
4.978
5.000
4.345
3.750
3.895
3.964
3.729
4.254
3.800
3.881
4.166
4.493
4.127
2.450
2.479
3.263
3.642
4.186
3.885
2.683
3.631
3.044
2.953
2.728
3.087
2.932
4.308
4.203
2.529
2.171
3.571
2.829
3.510
3.674
4.921
4.806
3.375
3.016
3.218
3.632
3.418
3.573
1.356
3.160
3.834
2.942
3.142
3.489
2.559
3.111
3.983
3.842
4.280
4.210
4.142
3.718
4.409
4.018
3.601
3.236
3.780
4.155
4.074
4.143
3.411
2.722
3.554
3.202
2.897
3.769
2.896
3.245
3.480
2.990
3.325
3.204
2.802
3.197
3.484
2.826
2.925
2.558
2.509
2.840
3.326
1.646
2.357
3.900
3.199
2.007
2.104
2.967
2.714
3.440
3.057
3.030
3.319
4.252
3.507
3.574
2.364
2.524
2.692
2.565
2.199
1.849
2.278
2.612
2.578
2.489
2.403
2.310
2.607
2.598
2.360
2.561
2.178
1.933
2.239
1.825
3.407
3.336
2.218
2.007
1.650
3.496
3.257
2.701
2.114
2.020
1.769
1.927
1.777
2.014
1.964
2.781
2.454
2.016
2.022
1.917
1.779
2.195
1.969
1.572
1.373
1.733
1.369
2.288
2.087
1.614
1.786
0.977
1.904
1.928
2.670
2.489
2.255
1.795
1.960
2.909
4.515
5.605
2.257
2.013
1.455
1.214
1.670
2.065
2.153
1.939
1.856
2.760
2.807
2.066
1.595
2.310
1.783
1.656
1.784
2.157
2.303
3.246
3.166
2.103
1.972
2.589
2.119
2.564
1.808
2.166
2.066
2.580
2.073
2.806
2.220
2.984
3.147
3.113
3.727
2.880
2.023
2.502
1.608
2.103
3.159
2.114
2.380
2.700
2.874
2.093
2.779
4.208
3.216
2.415
4.049
3.676
4.368
4.363
3.074
3.704
2.713
2.312
3.710
3.371
4.698
4.668
4.351
3.180
2.476
2.948
3.476
3.110
2.221
2.247
1.932
2.218
2.808
2.479
2.682
1.990
2.765
3.061
2.212
2.172
2.971
3.806
2.704
2.922
2.581
3.850
5.223
2.587
4.104
2.234
2.282
2.504
2.935
2.519
3.038
3.452
2.424
2.005
3.056
3.119
3.634
2.045
1.676
1.998
2.639
3.136
2.803
3.138
4.167
4.088
2.739
3.777
3.131
2.059
3.324
3.562
3.368
3.215
2.108
2.614
3.468
2.490
1.918
1.995
2.783
2.265
2.397
3.887
3.335
3.277
2.955
3.047
3.073
2.751
3.925
4.008
4.647
3.625
4.240
2.872
2.452
2.195
2.120
2.053
2.478
4.143
4.527
3.431
3.635
2.101
1.668
2.409
3.071
3.707
4.432
4.928
5.482
4.806
4.034
3.766
3.704
3.393
3.318
3.031
3.461
3.364
3.331
3.345
2.233
3.417
3.690
4.057
4.038
4.152
4.293
4.224
4.227
3.300
2.998
2.976
3.907
3.790
3.590
3.727
3.625
3.509
2.225
2.641
4.100
4.208
5.224
5.909
6.349
6.135
5.970
4.935
4.173
3.997
4.415
4.207
3.266
5.028
5.136
4.812
5.694
3.193
2.655
2.743
3.320
3.077
3.423
4.078
3.365
2.515
2.628
3.055
2.668
4.697
4.906
5.106
4.853
4.296
3.259
2.875
3.007
4.420
4.206
4.317
4.380
2.723
3.801
2.290
1.723
3.120
2.774
2.349
3.052
3.911
4.647
4.425
3.981
3.396
3.012
3.570
2.656
3.083
3.347
3.147
2.961
3.023
2.886
2.872
3.217
3.145
3.647
3.674
2.389
2.449
1.861
2.728
2.173
2.035
3.122
3.659
2.737
1.712
3.041
3.175
2.641
2.300
2.130
2.743
2.863
2.732
2.025
2.294
2.363
2.643
2.714
3.254
3.454
3.032
2.749
1.804
1.116
0.899
0.970
1.356
1.810
1.868
2.512
2.610
2.296
2.292
2.526
2.717
1.981
1.931
2.001
3.658
2.689
2.400
2.491
2.460
2.087
1.957
2.020
2.040
1.893
2.071
2.923
2.067
2.126
2.002
1.740
1.205
2.025
1.633
1.789
1.254
1.804
1.705
2.043
1.835
1.269
2.008
2.442
1.354
2.258
2.432
2.351
1.605
1.254
1.549
2.388
1.819
2.862
3.194
2.832
1.673
1.637
2.211
2.071
2.051
1.844
1.708
1.536
1.541
1.492
2.395
3.623
3.201
3.412
3.733
3.054
2.808
2.661
3.491
4.620
4.338
2.226
2.157
1.545
1.187
1.823
1.919
1.438
2.221
2.095
2.284
2.275
2.422
4.400
6.658
3.593
0.919
1.577
2.031
2.763
3.956
3.039
2.852
4.532
3.969
3.767
4.598
3.925
4.464
3.406
2.831
3.144
2.704
2.451
1.399
2.478
2.515
2.124
2.034
1.935
4.392
3.701
2.162
2.215
1.711
1.664
3.629
2.925
3.656
2.976
3.173
2.422
2.495
3.884
3.573
5.474
4.419
3.649
4.682
3.584
2.491
4.307
4.531
3.207
2.091
2.844
3.205
2.600
4.131
3.263
2.441
3.138
3.148
2.714
2.495
2.716
2.257
3.748
4.007
5.780
4.240
3.527
2.344
4.404
3.866
3.986
3.114
2.782
2.552
3.037
3.404
2.420
2.334
2.765
3.287
2.716
3.506
3.818
3.651
3.364
2.866
3.809
2.742
3.327
3.462
3.515
3.276
2.933
2.708
2.208
3.524
4.172
3.843
4.122
4.117
2.888
3.022
2.699
3.466
3.633
3.603
3.191
4.106
3.298
2.302
2.401
3.089
2.637
2.747
4.428
4.586
3.618
3.193
3.351
2.651
1.812
1.754
2.206
3.291
4.771
3.918
4.347
4.392
3.306
2.336
2.513
2.713
1.996
2.673
2.870
2.401
2.223
2.609
3.198
3.453
2.952
2.436
2.383
2.669
4.202
2.950
2.373
2.785
2.840
3.250
1.825
2.764
3.471
3.389
3.124
3.745
4.315
3.556
2.845
5.226
4.000
4.019
4.202
4.077
2.597
3.437
4.136
4.123
4.181
4.604
3.944
3.561
3.238
3.151
2.977
3.953
4.467
4.845
5.563
5.335
4.497
4.116
3.889
4.098
3.658
4.119
4.260
4.519
4.643
4.907
3.239
2.625
2.416
2.093
2.593
3.658
4.439
4.043
3.656
4.503
4.241
4.443
3.853
4.689
4.838
4.983
4.022
4.253
4.620
5.028
5.573
4.724
4.008
5.126
4.660
4.259
3.216
3.847
4.186
4.029
3.253
3.038
2.694
1.999
2.786
2.110
2.669
2.872
3.845
3.448
3.627
3.711
2.899
1.360
2.086
1.378
1.960
3.579
4.424
4.528
4.010
3.173
2.973
1.986
1.913
2.201
3.088
2.717
2.625
2.724
3.020
2.636
1.738
2.229
2.254
3.013
3.373
3.184
3.380
4.669
4.845
3.964
3.711
3.562
4.264
3.188
2.472
2.313
2.021
1.562
1.994
1.801
2.112
2.489
2.525
2.379
1.984
1.490
2.086
1.651
1.550
2.401
1.220
1.745
3.210
4.164
5.086
4.869
2.933
3.040
2.106
1.871
2.997
2.408
1.800
2.167
2.892
2.778
2.168
2.669
2.168
2.815
2.124
1.609
2.170
1.787
1.928
2.464
2.081
2.068
1.747
2.289
2.304
2.318
1.828
1.442
2.251
2.135
2.016
1.491
1.975
2.008
1.267
2.141
1.658
1.902
1.857
1.010
1.491
2.052
1.831
1.170
2.131
2.106
1.885
2.113
2.928
2.333
2.307
2.366
2.172
2.181
2.488
3.062
2.217
2.229
1.929
1.916
2.253
2.046
1.479
1.903
2.107
2.177
2.551
2.184
1.487
1.934
2.043
2.200
1.956
2.228
3.601
3.432
4.109
3.375
3.848
3.637
3.890
4.566
4.216
3.077
2.923
3.033
2.627
2.011
2.048
2.070
1.915
2.863
2.302
3.316
3.980
4.757
4.141
3.228
2.990
3.587
3.417
2.580
2.908
2.361
3.191
4.049
4.038
3.049
2.218
2.991
4.092
5.107
4.655
4.218
4.704
3.739
4.733
4.072
3.044
3.151
2.969
2.527
3.133
3.950
4.257
3.659
4.197
3.641
2.927
2.827
3.912
2.927
2.755
2.705
4.030
5.423
4.631
2.491
2.248
3.179
2.664
4.283
3.362
5.544
4.768
4.399
4.670
4.269
3.592
3.930
2.797
3.376
4.253
4.020
4.840
4.907
4.319
3.583
4.091
2.978
3.754
3.141
4.958
3.676
2.867
2.728
4.261
3.797
3.420
2.850
3.225
4.174
3.480
3.762
2.882
3.292
3.209
3.042
3.496
4.318
4.904
3.557
3.908
2.233
2.915
3.972
4.018
3.389
3.101
3.147
3.569
4.022
3.898
3.913
4.279
3.017
3.044
2.880
2.654
2.999
2.885
3.201
3.169
2.770
2.775
2.270
3.959
4.310
4.076
3.872
3.551
3.915
3.420
3.376
3.804
4.184
4.053
4.080
3.853
3.944
3.986
3.482
4.147
4.175
4.390
3.314
2.920
3.889
3.045
3.862
3.084
3.563
3.365
3.723
4.279
3.861
2.633
2.934
3.072
3.567
3.050
3.624
3.104
1.757
3.240
3.955
4.144
4.102
3.846
3.440
3.486
4.006
4.335
4.408
3.556
3.386
3.397
3.723
4.168
4.603
4.914
4.468
3.928
3.792
3.855
4.510
4.379
4.768
4.793
5.130
4.957
4.642
3.816
3.319
3.666
4.565
4.483
3.683
2.141
1.813
2.709
3.358
4.172
4.235
4.729
4.890
5.566
5.251
5.320
5.228
4.773
5.088
5.568
4.682
4.341
4.411
4.014
3.706
3.876
4.161
4.218
3.095
4.265
4.014
3.457
2.893
5.047
4.177
3.037
3.519
3.838
3.294
2.894
2.842
3.046
3.724
2.890
2.618
2.800
3.313
3.718
3.158
3.346
3.722
3.651
4.052
3.032
2.926
2.488
3.832
3.246
3.802
2.945
2.658
2.854
3.532
3.497
3.021
2.771
2.667
4.026
4.489
3.110
2.574
2.674
1.935
2.037
2.013
2.381
3.179
3.032
2.711
3.000
1.975
1.668
1.474
1.621
1.036
1.140
1.444
1.732
1.184
1.481
2.026
2.052
3.265
4.126
4.106
2.462
1.498
1.853
2.907
3.085
2.932
2.798
2.407
1.579
1.405
1.129
1.309
1.338
1.329
2.199
1.661
1.433
1.181
1.172
1.926
2.146
2.825
2.762
1.893
1.469
1.564
1.420
1.942
1.492
1.850
1.794
1.779
1.572
1.321
1.346
1.584
1.324
1.571
1.591
1.637
1.137
2.368
2.763
2.203
1.533
2.656
2.898
4.003
3.544
3.115
3.691
4.471
5.115
4.657
4.039
3.706
3.526
3.642
2.332
1.621
1.596
2.402
2.267
2.509
2.632
3.052
3.434
3.545
3.335
2.014
2.810
3.764
3.334
3.106
2.676
2.546
2.423
2.944
2.832
2.269
1.727
3.539
4.393
4.456
4.832
4.660
4.401
4.761
2.818
3.013
2.064
2.378
2.353
2.063
2.364
1.955
1.836
2.883
5.254
2.908
3.937
4.245
4.924
5.284
5.095
4.768
4.229
4.013
3.223
2.449
2.138
3.741
4.311
3.095
3.367
4.286
2.985
3.185
4.860
5.261
5.611
4.874
3.715
2.661
2.152
3.357
2.820
3.189
1.921
3.530
3.915
4.599
5.781
5.437
5.921
5.927
5.764
5.674
4.859
4.680
4.436
4.748
4.547
4.624
4.303
2.991
4.171
3.936
3.874
1.773
5.261
5.071
5.078
4.236
4.334
3.903
4.097
5.064
3.854
4.893
2.054
3.466
3.462
4.054
4.602
3.706
4.574
3.814
4.097
4.713
3.798
2.921
4.472
3.222
2.851
2.377
2.563
3.116
2.602
2.463
2.802
4.085
2.605
3.085
3.230
2.352
3.161
3.795
3.654
2.530
2.696
3.133
2.830
3.005
3.404
3.803
3.254
3.529
3.444
3.860
3.830
2.513
2.472
2.573
3.758
3.188
2.102
2.095
2.528
3.103
3.685
3.430
3.664
3.695
2.744
3.284
3.236
3.517
4.181
3.605
3.145
3.410
2.909
2.531
1.930
2.319
2.405
3.396
3.806
2.984
3.141
3.962
3.421
3.202
3.334
3.775
3.991
3.606
3.122
3.517
4.023
4.073
4.364
4.059
3.124
2.224
2.899
3.033
3.763
3.846
3.609
3.884
4.575
4.931
4.591
4.611
4.481
4.873
4.630
4.359
4.610
4.384
3.873
3.699
3.732
2.991
2.700
3.511
3.970
4.418
3.569
2.947
3.115
3.418
3.417
2.869
2.381
1.877
2.979
2.555
3.124
1.442
2.384
3.182
3.600
3.731
3.665
3.525
3.609
3.260
4.481
3.972
4.200
4.234
3.394
4.236
3.590
3.740
2.893
2.698
2.219
2.584
2.836
2.806
2.486
1.708
2.745
3.158
3.382
2.646
2.738
3.278
3.175
2.441
2.287
2.872
1.780
2.088
2.702
2.957
2.588
2.814
3.985
2.972
2.861
2.345
2.809
3.712
2.700
2.757
2.391
2.154
2.924
3.591
3.836
3.016
2.471
2.306
3.230
3.346
2.477
2.544
3.026
3.383
3.913
2.853
2.189
2.413
3.489
3.409
3.286
3.225
2.551
2.579
2.513
2.465
2.034
2.348
2.908
2.941
2.883
2.657
1.928
1.421
1.134
1.568
1.278
0.960
1.574
1.672
2.295
2.179
2.336
1.633
1.276
1.290
1.786
2.203
2.151
1.197
2.955
5.368
3.418
4.652
3.933
2.090
1.544
1.472
1.838
1.885
2.520
1.631
1.575
1.868
1.845
2.192
1.841
1.988
2.081
1.720
2.449
2.347
1.645
1.924
1.434
1.829
1.440
2.143
2.224
3.874
4.098
3.335
2.109
1.997
2.073
1.456
1.747
1.853
1.841
1.617
1.722
2.432
2.165
1.426
1.098
1.799
2.529
2.324
1.778
2.037
2.554
3.982
3.908
4.176
3.475
2.675
1.807
1.993
3.176
3.348
2.328
1.971
2.068
2.878
3.879
4.530
3.258
2.417
2.906
2.047
3.097
2.756
2.096
1.883
1.953
1.995
2.724
2.219
1.716
2.257
2.019
1.954
1.880
1.977
1.815
2.173
2.320
3.097
2.498
4.279
3.987
2.933
3.541
2.790
2.673
4.199
3.245
2.585
5.469
4.691
2.733
2.385
2.253
2.205
4.409
4.637
2.874
4.030
4.596
4.879
3.943
3.410
2.147
3.542
3.762
1.861
5.756
4.247
2.282
1.557
3.804
3.147
3.942
3.715
4.231
3.726
2.141
2.619
3.673
3.685
2.870
2.443
2.483
2.068
2.731
4.388
3.462
2.326
3.109
1.146
3.872
4.675
3.641
1.049
1.419
3.210
2.641
2.023
3.041
2.125
2.686
5.008
4.931
3.997
2.576
2.725
3.109
3.293
2.542
3.051
2.944
2.251
2.124
2.939
3.541
1.799
1.861
3.272
2.620
3.494
2.962
3.030
3.089
4.527
3.539
2.576
3.244
3.934
3.288
2.769
3.655
3.399
3.342
2.988
4.532
4.136
3.929
3.036
4.066
5.019
2.301
2.645
3.828
4.337
4.358
2.490
2.220
2.342
2.902
2.649
3.184
2.929
2.933
3.251
3.609
3.395
1.976
2.083
2.076
2.889
3.327
2.074
3.279
2.948
2.230
1.964
3.018
3.800
4.668
4.036
3.726
3.619
2.562
2.208
3.413
4.733
4.749
4.085
3.755
4.208
3.634
3.352
4.174
3.266
2.972
3.154
2.944
3.730
3.927
4.058
4.209
3.554
2.650
2.067
2.162
3.599
4.681
4.444
4.106
3.370
2.697
2.618
3.108
2.964
4.147
4.205
4.309
4.053
3.690
4.561
4.421
4.374
4.117
4.127
3.585
4.245
4.349
3.667
5.076
5.529
5.271
5.415
5.378
4.979
4.146
4.381
4.828
5.206
5.291
4.970
4.812
4.535
4.967
4.112
3.929
4.651
4.419
3.969
3.961
3.724
3.656
2.704
2.620
3.041
2.442
2.497
2.920
3.285
3.833
3.963
4.191
4.919
5.275
3.831
3.027
2.831
2.956
2.949
2.214
2.203
