20000101
3.751
3.266
2.171
1.875
1.762
2.784
2.165
1.991
1.996
2.336
2.846
3.535
3.194
2.686
3.642
5.934
5.697
3.836
3.345
2.972
3.358
3.486
1.394
2.160
2.698
2.890
5.193
5.070
2.639
2.813
4.250
3.143
2.777
2.836
4.270
4.330
2.897
3.227
2.766
2.896
3.555
3.366
2.801
4.176
5.419
3.368
3.211
3.359
2.795
2.656
3.097
3.843
3.617
4.772
5.398
3.753
2.827
1.987
2.175
2.643
4.906
4.163
4.780
5.154
1.837
3.394
3.292
4.077
2.826
3.916
5.684
6.187
3.745
1.897
2.444
2.721
3.742
2.004
3.207
3.425
4.031
3.113
3.787
4.859
3.611
3.084
2.818
3.191
2.742
2.919
3.690
4.359
3.865
2.306
3.166
2.854
2.575
3.467
4.859
2.666
2.578
2.432
3.058
3.565
3.892
3.465
2.965
3.485
2.954
3.986
4.339
4.931
5.155
4.235
5.505
5.321
5.764
5.498
5.734
5.189
5.261
4.856
3.587
4.026
3.913
3.365
2.633
2.596
3.683
3.831
3.541
4.181
4.528
3.337
3.148
4.564
4.548
4.084
2.977
2.886
5.036
4.131
5.133
4.857
5.081
5.332
5.517
4.521
4.008
4.742
4.149
4.167
4.437
3.611
2.801
3.712
3.670
2.646
2.531
3.554
3.401
4.211
4.894
4.711
5.180
5.161
5.487
5.712
5.327
4.530
3.973
4.724
4.568
5.337
4.613
4.999
5.127
5.342
4.760
3.576
3.407
2.952
2.483
3.118
3.063
2.193
2.360
2.912
3.939
3.568
4.227
3.652
3.413
3.278
2.999
4.071
5.925
5.821
4.290
4.245
4.560
4.985
4.933
4.690
4.341
4.708
4.323
4.194
3.891
3.208
2.643
2.968
4.265
4.767
5.564
4.144
3.977
3.454
3.422
3.090
3.163
3.975
2.212
1.757
2.264
3.259
3.560
3.818
3.819
3.901
3.499
2.283
2.737
2.282
1.542
1.708
1.958
3.375
3.633
2.253
3.169
4.322
4.898
3.942
3.011
3.573
3.820
3.533
2.555
3.014
3.221
2.397
3.504
3.766
3.298
2.730
2.556
2.325
2.798
2.669
2.955
3.072
2.408
2.059
1.897
1.485
1.280
1.686
1.432
1.378
1.798
1.857
2.177
2.198
2.355
2.484
3.372
1.906
2.148
1.820
1.527
1.828
2.137
1.335
1.251
1.913
2.336
2.587
1.455
2.362
2.340
1.598
2.266
1.754
2.761
2.607
2.897
2.449
1.618
1.491
2.590
2.022
2.072
2.351
2.065
2.462
3.353
2.972
2.208
2.376
2.582
1.773
1.871
2.468
2.575
2.832
2.566
2.462
3.139
3.123
2.594
1.450
2.573
3.129
3.139
2.258
2.081
2.067
2.987
2.728
2.419
3.204
4.241
3.716
3.303
4.337
4.013
3.631
2.402
1.988
2.243
2.802
1.941
2.528
3.031
2.084
2.129
1.770
2.502
2.351
2.073
2.383
2.463
2.948
2.766
2.815
2.211
2.217
2.393
2.180
3.325
2.608
2.608
3.230
3.781
4.352
3.089
2.350
3.429
3.519
3.628
3.376
3.187
3.509
3.441
3.595
3.732
3.297
3.613
3.299
2.871
5.359
4.373
3.422
3.210
3.751
4.136
3.362
2.900
3.460
2.449
2.721
3.013
3.020
2.533
3.083
3.003
3.913
4.449
3.128
2.670
2.852
2.376
2.117
2.850
3.420
3.036
2.792
2.366
4.933
4.542
3.738
2.678
2.464
2.678
2.980
4.124
2.026
3.301
3.675
4.258
4.218
2.496
2.594
3.404
4.632
5.182
3.957
4.093
3.517
3.401
2.188
2.650
3.637
2.988
2.990
1.925
2.195
2.493
2.797
2.996
2.858
2.107
3.391
3.938
2.481
2.532
1.838
2.108
3.130
3.941
3.592
4.951
3.999
3.351
2.516
3.419
2.541
2.731
2.706
2.662
2.037
3.042
3.902
4.513
3.694
3.953
3.564
2.143
2.206
3.278
2.951
3.271
2.623
2.609
2.208
2.616
2.466
2.007
3.236
4.558
4.076
4.375
4.856
3.927
3.364
3.703
4.250
4.100
3.575
3.381
4.429
4.510
4.450
5.004
5.510
4.721
4.161
4.320
4.484
4.783
4.834
5.578
5.001
4.435
4.740
4.325
3.789
2.569
3.341
4.865
5.087
3.490
4.079
4.864
4.109
4.261
4.288
4.045
3.745
3.983
4.071
2.888
2.178
2.706
2.928
2.690
2.785
2.523
3.797
3.358
3.011
3.083
2.844
2.777
4.139
5.114
5.239
5.294
5.072
5.043
4.456
5.414
5.161
5.230
3.974
3.119
2.910
3.065
2.934
3.439
3.066
3.049
2.789
2.520
2.329
3.202
3.533
4.220
3.357
4.596
5.025
5.131
3.987
4.082
4.011
2.445
3.407
2.557
2.698
2.967
2.947
3.396
3.347
3.698
3.710
4.182
2.804
2.869
3.838
2.445
1.543
2.404
2.438
2.591
2.382
2.492
1.731
2.105
2.432
3.018
2.524
2.198
3.715
3.259
2.364
3.137
2.727
2.272
2.007
2.297
2.139
2.142
3.420
3.728
4.087
4.612
4.169
3.540
3.236
3.075
3.223
3.731
4.156
3.547
1.727
2.027
2.515
3.355
3.208
2.505
2.256
1.830
1.432
1.245
2.394
2.389
2.202
2.223
1.462
2.082
2.071
2.170
2.233
1.641
2.489
1.354
2.126
2.446
2.829
2.417
1.780
1.275
1.848
1.803
2.318
2.722
2.561
2.186
2.301
1.901
1.843
1.983
2.628
2.141
2.365
2.807
1.742
1.572
1.945
1.660
2.198
2.069
2.290
2.069
1.689
2.381
2.275
2.091
2.042
1.847
1.975
2.863
2.188
1.683
1.268
2.954
4.180
3.567
3.254
3.561
3.030
3.194
2.587
2.634
2.443
2.785
3.062
2.730
3.049
2.039
2.691
1.496
1.962
2.278
2.611
2.750
3.106
2.730
3.082
2.702
2.518
2.137
1.725
1.983
2.226
2.068
2.250
2.592
2.468
2.169
2.093
3.733
3.085
2.266
2.152
2.973
2.863
3.581
4.621
3.916
3.680
3.126
2.846
2.581
2.325
3.301
4.429
3.299
3.139
3.241
2.741
3.170
3.452
3.905
3.938
3.237
2.940
3.790
3.991
3.052
2.277
1.907
2.980
2.967
3.667
3.446
2.467
2.736
2.781
5.011
4.271
3.162
2.598
2.880
3.942
2.291
3.514
3.910
4.145
4.473
3.522
2.782
3.616
3.994
4.423
3.699
3.241
3.454
3.384
5.897
7.588
4.595
3.825
4.479
3.107
2.691
3.650
2.980
3.070
3.634
2.971
2.766
3.455
3.741
3.356
2.770
3.506
2.774
2.800
3.583
5.164
3.101
2.866
3.180
2.822
3.211
3.481
3.607
2.742
3.817
3.748
2.507
3.450
1.727
2.040
1.330
2.213
2.625
2.107
3.727
3.029
2.953
4.601
3.906
1.668
3.000
3.386
3.465
2.707
3.459
4.003
3.200
1.880
2.368
3.158
3.196
3.177
1.854
3.501
3.264
2.888
2.801
3.765
4.627
4.401
3.935
4.079
3.893
3.853
3.645
4.717
4.587
4.649
4.802
4.310
2.463
3.197
5.153
3.967
3.187
4.266
4.247
3.906
3.196
3.257
4.692
4.092
4.145
4.666
6.407
6.050
5.109
4.892
4.837
4.676
4.525
5.566
5.782
6.460
6.127
5.589
4.988
4.374
4.518
5.414
5.288
5.144
5.209
4.707
3.599
3.825
4.224
3.329
3.116
3.684
3.783
4.618
4.819
4.622
4.146
3.900
3.516
4.094
4.420
3.877
3.396
2.802
4.626
4.396
4.262
3.947
4.539
4.628
4.315
4.686
3.140
2.154
2.105
2.115
3.269
4.177
4.443
4.575
5.494
5.414
5.117
5.459
5.288
5.771
5.158
4.416
4.239
5.053
5.043
5.371
4.673
4.544
4.388
3.889
4.593
4.766
5.404
4.656
4.244
4.878
4.777
4.248
3.955
4.395
4.617
4.023
3.252
2.986
3.834
3.430
3.148
3.404
2.736
3.300
3.075
2.794
3.739
3.923
4.327
4.151
3.557
3.079
3.932
3.483
3.999
4.326
3.946
3.308
2.418
2.202
1.810
2.907
3.874
3.398
2.785
3.713
3.519
2.606
2.033
2.276
2.673
3.370
3.320
3.795
4.407
3.583
3.465
3.464
3.172
4.215
3.986
2.959
3.247
3.606
3.484
2.831
1.666
1.692
1.802
2.547
3.468
3.257
2.111
1.992
1.645
1.510
2.509
1.865
1.671
2.836
2.785
2.683
2.692
2.303
1.814
1.730
1.906
2.096
2.370
2.184
1.963
1.948
2.837
2.518
2.059
2.773
2.974
2.825
3.057
2.436
2.460
2.127
2.346
2.550
1.623
1.746
2.046
2.160
2.035
2.320
2.522
2.222
1.546
1.420
2.109
2.426
3.144
2.207
2.877
2.968
2.905
2.408
3.034
2.804
1.992
2.123
2.637
2.858
2.361
2.571
1.979
2.269
2.579
2.333
2.553
3.243
2.923
2.527
2.493
3.372
3.435
3.053
2.886
2.671
2.775
3.822
3.712
3.446
2.669
2.481
1.888
2.353
2.699
2.564
2.869
2.323
2.996
3.334
3.155
2.743
1.931
2.947
4.121
2.944
2.693
2.787
3.052
2.991
2.660
3.971
4.218
3.165
2.964
4.975
3.183
2.453
3.429
4.251
4.044
4.827
4.458
4.092
5.038
3.475
2.828
3.539
3.551
3.893
3.056
3.168
3.500
3.372
3.198
2.631
2.131
2.258
3.722
4.248
2.720
3.203
4.939
2.915
4.799
6.195
4.800
3.448
2.739
3.439
2.626
2.779
3.325
4.721
4.316
3.010
3.080
2.523
2.760
4.275
6.436
5.144
2.331
2.907
2.595
3.248
2.344
2.899
1.780
3.378
3.451
4.114
4.891
4.274
3.255
3.074
2.472
2.912
3.344
3.250
3.179
3.359
3.138
2.510
3.097
2.723
3.330
1.927
2.926
3.195
2.076
3.428
2.912
3.438
2.547
3.710
3.710
3.597
3.335
4.195
4.355
3.229
3.491
2.608
4.116
4.202
2.098
1.605
1.877
2.182
2.109
2.795
2.466
4.233
4.016
3.945
4.144
3.822
1.904
4.544
5.240
2.883
1.968
2.513
2.835
3.771
4.283
4.353
2.986
2.380
2.499
3.066
4.567
5.284
5.384
3.198
3.658
4.235
3.553
1.832
1.775
2.701
3.630
4.960
3.773
4.113
2.748
5.032
5.290
4.927
5.490
5.407
5.899
5.483
5.015
4.495
4.781
4.345
4.919
4.144
3.339
3.907
4.382
3.929
3.818
3.999
4.896
5.509
5.904
6.462
6.280
5.904
5.313
4.820
5.169
3.907
3.825
2.722
3.458
3.579
3.420
2.422
2.999
3.644
3.438
3.706
4.304
3.291
4.175
4.813
4.193
4.609
5.116
3.423
2.150
2.253
3.224
3.123
2.633
3.782
4.150
4.739
5.312
4.329
3.733
2.884
3.005
2.616
2.868
2.742
2.993
3.709
4.267
4.516
3.892
4.020
5.206
3.864
3.597
2.444
3.513
4.139
3.917
4.940
4.029
3.150
3.287
3.217
2.547
1.777
2.013
2.314
3.304
3.765
3.320
3.556
3.167
3.313
3.723
3.948
4.494
4.289
3.984
3.479
2.705
1.601
2.364
2.178
4.136
3.994
3.227
3.413
2.998
4.587
3.333
3.522
3.249
2.946
3.485
3.440
2.743
2.331
4.026
3.586
3.499
2.989
3.756
3.135
2.614
2.445
2.998
2.343
2.433
2.988
3.016
2.127
2.374
2.787
2.153
1.921
1.240
2.049
1.590
1.679
2.179
1.169
1.559
1.561
1.591
1.804
2.985
2.694
1.915
2.827
3.091
3.026
2.433
2.465
2.338
1.837
1.915
1.948
1.882
2.285
2.457
2.119
2.072
1.992
2.465
1.957
2.139
2.146
3.375
3.095
2.591
2.480
2.250
1.885
2.408
1.979
2.837
2.380
1.977
1.861
2.592
3.580
2.322
2.563
2.285
2.174
1.921
2.456
2.799
2.293
3.573
3.243
3.195
3.019
2.328
2.717
2.042
2.959
3.074
3.020
2.644
2.351
2.793
2.568
2.842
2.575
2.555
1.917
2.489
2.623
2.612
2.488
3.666
2.700
2.619
2.938
3.644
4.290
3.262
2.880
3.801
2.990
2.451
2.987
2.898
3.139
2.981
3.396
3.792
4.584
3.718
3.061
2.177
2.366
2.694
2.711
4.970
5.142
6.423
5.958
4.163
3.638
2.139
1.953
2.703
2.479
2.384
2.643
2.652
3.287
1.772
2.811
2.597
3.735
2.954
3.407
2.786
2.941
3.382
3.842
2.910
3.388
3.522
2.788
3.866
4.324
3.142
4.032
2.853
2.522
2.535
2.198
2.579
3.793
2.876
3.298
3.707
3.208
2.987
2.643
2.579
3.817
1.688
1.819
2.679
2.548
2.685
2.192
2.716
3.427
3.704
3.556
2.427
3.194
3.387
3.502
3.524
3.871
3.599
2.905
3.409
2.363
1.780
3.204
2.420
3.504
3.059
2.507
2.013
3.390
4.741
4.104
2.494
2.326
3.469
3.977
4.477
4.073
3.555
2.590
3.335
3.462
3.711
3.517
4.184
3.596
3.440
2.962
3.909
3.348
3.696
3.967
3.278
2.871
3.376
3.681
3.947
4.423
4.515
4.427
4.806
3.825
3.066
3.155
3.501
3.944
3.482
2.389
2.457
2.976
3.908
3.732
3.897
4.479
1.755
2.246
2.534
3.005
2.277
2.651
3.908
2.020
3.381
4.091
3.438
3.970
4.444
3.908
4.173
3.827
3.015
4.773
5.369
5.875
5.309
5.728
6.125
4.365
4.300
4.052
3.976
3.527
3.896
3.538
3.698
4.585
3.600
4.872
4.641
4.359
4.272
3.760
2.534
1.763
1.430
2.559
2.627
2.224
2.109
1.627
2.116
3.520
3.801
5.490
5.773
6.157
6.209
6.292
5.575
4.625
3.778
3.352
2.713
2.433
3.341
3.774
2.856
2.879
2.001
3.164
3.825
4.647
5.233
4.493
4.883
4.224
4.513
4.340
4.398
3.766
2.484
2.610
3.821
3.998
4.231
4.370
4.057
2.562
3.174
3.810
3.781
2.920
3.606
3.234
2.531
3.976
3.018
2.965
2.362
1.830
1.232
2.360
3.405
2.707
2.885
2.658
2.608
3.782
2.863
2.521
2.943
3.610
2.723
2.661
3.027
3.107
2.795
2.914
3.765
4.001
4.609
4.462
4.412
3.868
3.711
3.811
3.514
3.443
2.227
2.231
1.918
1.847
1.745
2.224
2.838
3.479
3.491
3.361
2.014
2.299
2.216
2.668
2.010
1.137
1.709
1.830
1.832
1.337
1.534
1.626
1.562
1.302
2.417
1.999
2.014
1.725
2.212
1.883
2.475
1.651
1.263
1.518
1.842
2.968
2.816
2.745
2.614
2.188
1.602
2.797
2.174
2.364
1.863
1.289
1.334
1.668
2.273
1.336
1.663
2.351
2.082
2.223
2.755
2.378
2.459
1.896
2.108
2.909
2.652
1.395
2.455
3.544
4.079
3.214
2.796
2.635
3.344
2.726
2.691
1.785
1.680
1.953
1.767
1.835
2.155
2.563
2.786
2.750
2.022
1.776
1.957
2.529
1.806
1.716
2.319
3.129
2.689
1.876
1.438
2.281
2.428
1.691
2.137
2.521
2.646
2.463
2.490
2.399
3.402
3.451
3.143
2.301
2.262
2.320
2.798
2.279
2.365
2.257
2.364
2.720
1.639
3.431
3.949
3.120
3.196
2.935
2.377
2.905
4.431
2.123
1.788
3.138
3.963
3.384
3.755
3.871
2.626
2.593
3.041
2.744
3.158
2.278
1.902
2.866
3.531
4.274
2.933
3.417
3.913
2.709
2.607
2.709
3.120
4.386
3.802
2.396
2.931
3.645
4.388
4.618
3.971
2.931
3.076
2.917
2.693
3.329
2.715
1.879
2.615
4.035
3.359
2.678
2.690
3.471
5.719
5.154
5.185
3.326
2.955
2.593
4.833
4.030
3.360
2.918
2.920
2.652
2.806
3.357
2.561
3.566
3.557
3.275
3.418
3.359
2.982
2.315
3.583
2.412
3.728
2.879
2.735
2.463
3.325
3.310
3.585
3.670
3.896
3.860
4.659
3.278
3.893
2.345
2.537
3.861
4.253
3.202
2.976
4.122
4.307
3.277
2.645
2.693
3.154
2.901
2.998
4.628
3.696
3.503
2.811
3.386
3.190
3.206
3.277
3.664
3.075
2.477
2.248
2.479
2.408
4.187
3.638
3.141
3.365
3.041
3.166
3.818
3.876
2.290
2.223
1.920
3.461
2.733
3.575
2.186
2.734
4.419
4.032
3.922
4.080
2.782
3.664
4.579
4.128
3.902
3.673
4.348
3.969
4.042
3.929
4.025
4.796
3.433
3.569
3.889
3.362
2.293
2.665
2.882
1.761
1.954
3.461
4.370
4.064
4.114
4.070
4.304
3.614
3.511
3.633
3.377
4.001
4.659
3.245
2.801
3.420
3.801
3.825
3.134
3.124
2.867
4.102
3.735
3.894
3.831
3.280
3.304
4.088
3.157
2.160
2.377
3.289
3.423
2.974
3.130
4.169
4.414
4.602
4.089
3.938
2.704
3.590
2.596
3.959
3.757
4.674
4.323
3.590
3.625
3.994
4.368
4.548
4.143
4.316
3.796
4.336
3.019
2.967
3.407
2.842
2.079
1.009
2.697
2.343
2.962
2.974
3.454
3.777
3.775
2.969
1.924
2.654
2.796
2.947
2.097
2.552
3.012
2.027
2.356
3.119
3.208
3.342
3.173
3.281
3.515
4.011
4.342
3.367
2.636
2.284
2.459
2.694
2.274
1.839
1.846
1.962
1.572
1.794
1.992
1.871
1.274
1.368
2.133
2.469
3.602
3.127
1.105
2.634
3.992
3.271
3.721
1.614
1.472
2.551
2.112
2.213
3.242
2.873
2.820
2.231
1.242
1.721
1.701
1.753
1.746
1.800
1.323
1.469
1.319
1.913
1.008
0.948
1.681
2.020
2.237
2.207
2.920
3.246
2.863
2.280
2.147
1.418
1.651
2.252
2.285
1.546
2.914
2.913
2.175
2.604
2.132
2.162
2.490
1.863
1.694
1.552
1.702
1.981
2.516
2.151
1.683
2.159
2.728
2.007
2.246
1.800
2.082
1.987
1.940
2.184
2.078
2.418
1.773
2.354
1.521
2.111
1.857
2.313
2.265
1.626
1.637
2.223
2.985
2.596
3.580
4.059
3.520
3.209
2.345
1.735
2.116
2.808
2.761
3.755
3.664
3.251
2.490
3.141
3.668
3.956
2.657
2.859
2.346
2.103
3.181
3.927
3.629
4.082
3.589
2.371
1.852
1.309
2.705
2.490
2.070
2.145
3.293
2.551
4.108
4.137
3.575
4.379
2.926
2.308
1.947
3.080
1.639
2.539
2.920
2.022
2.248
3.569
3.554
2.819
2.674
3.271
3.677
2.355
3.223
2.982
3.135
3.128
2.502
1.623
2.429
2.917
2.854
3.169
3.183
2.909
2.290
2.596
1.955
1.752
2.227
2.380
2.222
2.013
2.218
3.510
4.588
3.378
2.463
2.077
2.969
2.460
3.230
3.284
2.940
2.787
3.524
3.020
3.036
3.323
2.799
2.587
3.473
3.279
2.390
2.872
2.392
3.498
3.704
2.566
1.548
2.446
1.948
2.463
2.386
2.511
2.056
3.002
1.767
3.109
2.356
3.387
2.935
4.149
4.008
2.966
2.282
2.591
3.674
3.076
3.568
3.771
3.556
3.064
2.852
2.953
2.402
3.047
2.786
4.170
3.598
2.501
2.159
2.581
2.674
3.926
3.696
3.715
2.219
3.009
2.983
4.245
3.605
3.239
2.316
2.555
3.204
3.131
2.571
2.995
3.935
3.327
3.679
3.628
2.381
2.861
4.266
4.027
4.222
3.955
4.371
4.537
3.895
3.544
3.744
3.415
3.340
2.772
3.853
3.760
4.667
4.394
4.518
3.777
4.094
4.699
4.952
4.268
4.345
4.255
3.711
3.775
2.498
2.889
4.165
4.238
4.542
4.266
3.645
4.240
4.003
4.111
5.262
5.045
4.815
3.647
3.941
4.310
3.364
3.089
2.712
2.817
2.858
2.898
2.500
2.628
2.361
2.122
2.440
2.238
3.010
3.296
2.379
2.787
2.852
3.036
1.725
4.255
3.804
3.473
4.462
4.352
4.789
3.882
4.150
4.389
3.896
2.870
2.416
3.444
3.807
2.579
1.740
1.912
2.659
3.175
2.997
3.581
3.837
3.019
2.460
2.067
2.900
4.110
3.417
2.544
1.968
1.443
2.651
2.180
3.145
3.461
3.781
3.498
1.700
2.629
1.929
1.666
1.737
1.712
1.983
3.489
4.259
4.220
4.215
3.587
3.165
2.954
3.494
3.948
3.150
2.729
2.457
3.053
3.882
2.866
1.499
1.829
1.765
1.390
2.823
3.234
2.161
1.708
1.686
1.707
1.305
1.451
1.886
2.871
1.789
1.142
1.665
2.001
2.466
2.175
1.820
1.975
2.326
1.983
2.004
1.836
1.908
2.376
2.238
2.734
1.101
1.442
2.330
2.776
2.395
1.985
1.730
1.825
1.760
2.192
1.992
1.649
2.194
1.913
1.919
2.126
2.225
2.126
1.489
1.455
1.287
2.563
1.705
1.724
2.192
3.457
3.310
2.636
2.740
3.217
2.891
3.538
2.833
1.963
1.827
1.709
1.779
2.311
1.842
3.152
2.745
2.246
2.113
2.561
2.200
2.127
2.119
1.296
2.434
2.277
2.027
1.974
2.729
2.584
2.487
2.557
2.847
2.530
1.996
2.347
2.832
2.923
3.122
2.960
2.913
2.785
2.997
2.955
3.066
2.510
3.639
3.205
3.255
2.379
2.666
3.871
2.253
2.199
2.222
2.043
3.307
3.102
3.161
2.918
1.808
2.826
3.535
3.006
3.062
3.144
2.094
2.497
2.300
2.446
3.529
3.551
4.550
3.334
2.921
2.600
3.832
3.559
4.764
2.991
2.926
2.543
4.029
2.919
2.734
3.111
2.372
2.870
4.036
4.543
3.939
3.557
3.120
3.005
4.327
2.556
2.715
2.849
3.485
3.516
2.146
2.650
3.139
1.202
3.304
4.179
5.473
4.664
3.090
4.380
2.202
2.876
2.371
2.496
2.552
2.624
3.794
3.719
3.302
3.514
4.458
3.154
2.525
2.716
4.027
3.676
3.315
3.171
3.324
3.595
3.421
3.136
3.370
3.070
3.551
3.868
4.535
4.317
3.450
3.300
3.113
2.723
2.913
3.896
4.898
4.573
2.507
3.398
3.797
3.246
2.479
3.249
2.911
3.100
3.149
2.980
3.475
3.665
3.418
2.858
2.627
2.706
3.508
4.181
2.425
1.803
3.343
3.377
2.825
2.607
2.805
3.030
2.586
1.856
2.212
2.431
4.224
4.047
3.937
3.303
3.523
3.039
3.208
3.901
4.157
3.956
3.470
2.989
4.006
3.780
2.109
4.051
3.355
3.987
3.797
3.771
4.532
4.706
4.159
4.962
5.157
4.548
3.559
4.268
4.358
4.888
4.549
4.463
3.755
4.571
3.979
4.254
3.909
3.192
3.269
2.538
2.551
2.474
3.080
3.476
1.874
1.633
3.517
4.369
4.683
5.324
6.151
5.984
4.580
4.555
4.168
4.114
3.188
4.202
4.171
3.646
2.397
2.121
2.810
4.886
5.470
4.566
3.225
4.231
2.665
1.481
2.426
2.495
1.756
5.036
6.142
4.794
4.545
4.703
3.169
2.491
3.817
3.389
3.010
2.958
3.178
3.192
2.242
2.121
2.782
3.638
4.032
4.279
3.768
2.748
1.952
2.106
2.958
3.399
2.630
2.889
2.117
2.175
2.687
2.490
2.213
2.340
2.577
1.365
1.969
2.253
3.325
3.298
3.043
3.956
4.119
4.609
4.157
3.540
3.985
3.902
2.761
3.211
2.456
2.213
2.677
2.097
1.605
1.581
1.092
1.613
1.649
1.656
2.211
1.811
1.381
1.933
2.774
2.499
2.941
2.588
2.906
2.192
2.628
1.941
2.067
2.661
3.014
2.952
2.542
1.391
1.869
1.602
2.187
1.665
1.345
1.181
2.601
2.336
2.146
1.596
1.615
1.780
1.700
2.160
1.763
2.239
2.413
1.970
2.109
1.895
2.573
2.492
1.928
1.223
1.740
1.536
1.751
1.206
2.163
1.645
1.626
1.605
1.917
1.863
1.583
2.012
2.076
2.359
2.848
2.451
1.681
2.376
4.195
4.257
3.907
3.855
3.546
2.531
1.996
2.248
2.113
2.442
2.496
2.147
1.634
2.382
2.249
2.221
1.967
1.992
2.451
2.238
2.383
2.714
2.279
2.573
2.525
2.510
2.276
2.439
1.726
1.830
2.453
2.331
2.525
2.498
3.898
3.985
3.353
3.303
3.098
2.693
2.753
2.681
2.831
3.609
3.680
5.997
4.718
3.948
4.051
3.009
1.869
2.390
2.365
2.633
1.923
2.661
2.379
2.990
2.712
2.818
2.318
3.221
3.850
2.848
4.796
5.337
3.452
3.807
2.677
3.613
2.383
2.249
3.300
3.156
4.273
3.431
4.024
3.251
2.594
2.938
3.923
2.477
3.208
3.805
2.793
2.357
3.383
3.742
2.875
3.371
3.041
4.221
2.378
3.566
2.408
3.667
3.500
2.565
2.887
4.319
2.959
3.704
4.375
3.277
3.783
4.295
4.177
3.557
2.763
3.011
2.813
3.103
3.078
2.962
2.376
3.445
3.031
1.868
3.319
3.232
3.929
2.314
2.473
3.111
2.574
1.956
1.988
2.536
2.490
3.748
3.052
2.592
3.838
2.995
5.088
4.496
2.662
2.823
2.476
2.880
3.339
3.205
1.876
3.144
2.916
2.748
3.166
3.042
2.142
3.002
2.595
2.462
3.131
3.229
3.019
3.471
2.963
3.787
1.864
1.947
4.142
2.188
1.793
3.338
3.825
3.461
4.127
4.222
4.075
3.879
2.359
3.276
2.755
3.343
3.619
4.300
3.621
4.145
4.048
3.658
3.798
3.304
4.165
4.354
4.781
4.448
4.559
4.259
4.350
3.143
4.094
3.921
4.332
3.791
4.357
4.166
4.103
5.470
5.798
5.561
5.929
6.267
5.695
4.820
5.086
4.977
5.211
4.307
4.113
3.753
4.708
4.663
4.445
3.611
4.245
4.357
3.750
3.056
3.468
4.436
4.823
4.056
2.353
3.570
3.368
3.459
2.718
3.552
3.581
4.941
5.375
5.352
5.899
6.136
5.494
4.412
4.770
4.607
4.908
4.170
3.978
3.738
4.219
3.775
3.170
3.308
3.467
4.079
4.544
5.000
5.406
4.607
4.450
3.151
2.680
4.138
4.782
4.024
3.821
4.419
4.489
3.951
3.424
3.702
3.293
3.276
3.184
2.989
1.351
3.100
2.698
3.456
3.094
1.395
2.485
2.792
3.026
2.967
3.240
2.819
3.128
3.921
4.479
3.451
3.920
2.822
2.420
3.618
4.703
3.453
3.685
3.475
3.727
3.212
3.264
2.964
3.245
2.750
2.035
1.849
2.111
2.493
2.428
3.167
3.202
3.017
2.355
1.450
1.843
1.892
2.482
2.545
2.052
1.343
1.155
1.817
2.280
2.590
2.349
2.442
3.711
2.010
1.701
1.140
1.553
2.358
2.003
2.490
2.441
2.046
2.040
2.621
3.408
2.991
2.954
2.691
2.135
1.417
2.061
1.989
3.039
3.043
2.116
2.473
2.042
1.642
1.931
2.012
1.817
1.659
2.443
2.015
2.979
2.380
1.910
1.960
1.748
1.180
2.024
2.338
1.310
2.073
2.391
2.637
1.737
1.983
1.983
2.588
2.525
2.157
1.822
2.464
1.914
2.037
1.907
2.074
2.115
2.286
2.393
2.064
2.131
1.997
3.229
2.776
3.595
3.059
2.499
3.019
4.401
3.662
3.056
2.489
2.276
2.644
3.980
5.069
4.801
3.976
3.491
2.473
2.269
1.753
1.836
2.515
3.232
2.999
2.301
3.300
3.114
3.266
3.350
2.611
2.879
3.134
1.767
3.255
3.237
3.010
2.424
3.746
2.983
2.868
2.822
2.865
2.483
1.594
2.322
2.493
3.678
3.015
2.750
2.805
2.889
2.672
2.633
3.839
5.416
5.105
4.346
4.595
4.603
3.688
2.741
2.707
2.996
2.468
2.771
3.573
3.410
2.639
2.381
3.453
3.655
3.525
3.367
2.496
2.828
3.200
2.867
3.383
2.176
3.247
2.611
3.323
2.742
2.336
3.845
3.295
3.464
4.797
2.743
2.553
2.440
2.846
3.207
3.357
3.131
3.775
3.412
2.812
2.684
3.971
3.246
3.792
3.145
3.338
2.787
2.405
2.921
3.576
3.961
3.959
3.012
3.245
3.393
2.740
2.713
2.790
3.037
2.991
3.751
2.687
3.216
3.244
3.224
3.278
3.537
3.203
2.300
1.996
1.895
3.121
3.453
2.723
2.710
3.788
3.913
3.457
2.882
3.201
2.978
4.210
3.646
4.854
3.871
4.701
4.084
2.243
3.734
3.191
2.845
3.553
4.740
3.842
4.044
2.492
2.856
2.200
4.463
4.499
3.230
2.759
4.166
2.923
3.051
2.579
3.306
3.747
4.037
4.274
3.722
3.248
3.894
3.848
3.046
3.566
3.276
4.025
4.598
4.970
4.129
4.490
4.921
4.841
4.583
4.006
4.110
3.676
4.639
4.309
3.613
4.255
2.752
4.087
5.237
4.547
4.532
5.325
4.708
4.384
5.016
5.431
5.640
5.440
5.284
4.437
4.067
4.027
4.072
3.862
4.289
3.763
3.865
4.229
4.625
3.900
2.493
2.368
2.994
3.833
4.183
4.101
2.610
3.214
3.192
2.916
2.842
3.316
3.050
4.486
4.352
3.002
2.090
3.191
2.776
3.669
3.671
4.834
4.972
2.845
3.019
3.266
3.839
3.458
3.493
1.210
2.791
3.825
2.957
3.339
3.556
2.394
2.818
3.835
3.386
4.392
4.667
4.603
4.105
4.774
4.583
4.208
3.457
3.992
4.194
4.114
4.180
3.646
2.478
3.665
3.180
2.806
3.846
3.179
3.522
3.774
3.140
3.476
3.436
3.088
3.307
3.636
2.822
2.988
2.363
2.547
2.509
3.156
1.365
2.069
3.535
3.385
2.084
2.000
2.907
2.610
3.571
3.159
2.874
3.103
3.592
3.486
3.906
2.456
2.640
2.926
2.719
2.465
2.115
2.419
2.870
2.640
2.670
2.809
2.713
2.925
2.902
2.690
2.750
2.402
2.315
2.920
2.493
3.662
3.599
2.310
2.173
1.802
3.302
3.295
2.641
2.164
2.200
1.989
2.064
1.380
2.188
2.384
3.117
2.881
2.512
2.455
2.451
2.103
2.705
1.835
2.100
1.596
2.039
1.512
2.196
2.072
1.906
1.917
1.125
2.026
2.074
2.623
2.362
2.448
1.973
1.602
2.585
4.355
5.830
2.380
2.168
1.916
1.453
2.068
2.578
2.047
1.684
1.793
2.508
2.539
2.239
1.927
2.214
2.219
1.806
1.634
2.173
2.031
3.250
3.116
2.208
2.226
2.831
2.445
3.010
2.121
2.381
2.489
2.907
2.492
3.207
2.481
3.232
3.209
3.009
3.754
2.453
1.822
2.790
1.737
2.253
3.231
2.308
2.567
2.507
2.889
2.241
2.589
3.998
3.240
2.827
4.055
3.360
4.025
4.177
2.945
3.674
3.066
2.167
3.744
3.696
4.436
4.321
3.962
3.092
2.267
2.694
3.249
2.640
2.232
2.107
2.225
2.345
3.059
2.640
2.656
2.237
2.988
3.415
2.470
2.354
3.080
3.668
2.605
3.006
2.784
4.257
5.348
2.786
4.536
2.481
2.692
2.829
3.398
2.799
3.470
3.474
2.662
2.279
3.223
3.500
3.828
2.074
1.643
2.448
3.086
3.812
3.226
3.380
4.381
4.395
3.217
3.885
3.357
2.370
3.026
3.460
3.443
3.638
2.375
3.218
3.777
2.690
2.161
2.015
2.838
2.622
2.562
4.330
3.536
3.390
3.028
3.259
3.057
3.170
4.352
4.170
4.963
3.666
4.201
3.028
2.624
2.493
2.194
2.413
2.850
4.643
4.803
3.678
3.748
2.055
1.517
2.550
3.374
3.998
4.740
5.332
5.899
5.360
4.418
4.139
4.082
3.771
3.391
3.203
3.654
3.597
3.797
3.592
2.183
3.335
3.843
4.379
4.461
4.596
4.599
4.623
4.555
3.562
3.274
3.155
3.940
3.905
3.640
3.998
3.995
3.758
2.317
2.351
3.949
4.375
5.702
6.345
6.865
6.702
6.586
5.453
4.442
4.225
4.616
4.563
3.805
5.697
5.861
4.913
6.261
3.529
2.673
3.018
3.404
3.159
3.525
3.970
3.629
2.580
2.495
3.138
2.267
4.111
4.917
5.533
5.234
4.626
3.212
2.915
2.920
4.502
4.474
4.532
4.425
2.680
3.647
2.286
1.967
3.190
2.757
2.127
3.063
4.122
5.161
5.198
4.377
3.595
3.000
3.504
2.470
2.951
3.436
3.120
2.757
2.890
2.769
2.786
2.713
3.109
3.496
3.872
2.464
2.384
1.592
2.764
2.162
1.925
2.851
3.750
2.763
1.646
2.866
3.097
2.520
2.272
2.132
2.725
2.807
2.816
2.092
2.336
2.368
2.632
2.791
3.535
3.778
3.282
2.976
1.947
1.126
1.051
1.136
1.445
2.099
1.765
2.508
2.730
2.334
2.132
2.513
2.770
1.930
1.721
1.856
3.469
2.707
2.589
2.637
2.440
1.951
1.848
1.888
2.210
2.129
2.325
3.054
2.514
2.458
2.171
1.728
1.391
2.206
1.660
2.031
1.373
2.055
1.721
2.209
1.773
1.274
2.245
2.392
1.916
2.546
2.608
2.254
1.507
1.506
1.844
2.466
2.525
3.105
3.395
2.920
1.623
1.602
2.388
2.399
2.257
2.060
1.939
1.746
1.612
1.350
2.640
3.583
3.256
3.399
3.798
3.207
2.681
2.543
3.390
4.612
4.463
2.401
2.270
1.797
1.495
2.091
2.199
1.451
2.231
1.940
2.552
2.560
2.613
4.207
6.462
3.533
1.127
1.705
2.322
2.942
3.715
2.657
2.611
4.268
3.647
3.370
4.204
3.566
4.204
3.282
2.842
3.398
2.525
2.538
1.666
2.377
2.178
1.821
1.869
2.020
4.229
3.291
1.933
2.464
1.856
1.843
3.456
2.664
3.654
3.050
3.328
2.786
2.643
3.244
2.741
4.377
3.210
2.797
3.538
2.560
2.309
3.716
3.519
2.496
1.750
2.529
3.317
2.309
3.326
2.663
1.923
2.752
2.166
2.210
2.393
2.631
2.001
3.564
3.748
4.928
3.359
3.343
2.047
4.013
2.907
3.124
2.366
2.293
2.534
3.081
3.610
2.209
2.383
2.335
2.953
2.651
3.605
3.740
3.363
3.073
2.884
3.437
2.351
3.176
2.978
3.259
3.213
3.041
2.942
2.221
3.458
3.938
3.699
4.095
3.808
2.694
2.728
2.625
3.518
3.791
3.703
3.413
3.992
3.012
2.277
2.435
2.458
2.244
2.785
4.410
4.651
3.692
3.142
3.477
2.625
1.780
1.737
2.303
3.478
4.698
3.974
4.269
4.268
3.318
2.449
2.884
2.969
1.918
2.581
3.075
2.649
2.547
2.683
3.300
3.809
3.108
2.558
2.386
2.858
4.281
3.413
2.758
2.835
2.820
3.300
2.368
3.060
3.577
3.375
3.175
3.992
4.360
3.800
2.962
5.379
4.311
4.206
4.270
4.173
2.417
3.652
4.353
4.316
4.589
4.907
3.930
3.476
3.273
3.005
2.779
3.999
4.575
5.029
5.391
4.943
4.437
4.495
4.192
4.456
3.895
4.334
4.598
4.915
4.890
4.892
3.209
2.256
2.117
1.745
2.148
3.409
4.444
4.105
3.667
4.526
4.065
4.374
3.614
4.778
5.077
5.101
4.088
4.037
4.960
5.587
6.216
5.315
4.761
5.619
5.108
4.008
2.742
3.944
4.188
4.062
3.209
2.851
2.570
1.941
2.586
1.743
2.516
2.887
3.378
3.696
3.547
3.561
2.774
1.239
1.631
1.217
1.801
3.740
4.764
4.654
4.134
3.116
2.664
1.878
1.839
1.971
3.081
2.720
2.577
2.447
2.891
2.563
1.367
1.950
2.178
3.015
3.379
3.272
2.668
4.472
4.879
3.736
3.445
2.585
3.406
3.157
2.542
2.337
1.910
1.378
1.692
1.478
2.016
2.294
2.169
2.260
1.774
1.568
2.520
2.178
1.337
2.587
1.303
1.742
2.293
3.648
4.673
4.803
2.936
3.118
1.884
1.594
2.884
2.187
1.870
2.086
2.785
2.750
2.334
2.765
2.392
2.853
2.093
1.596
2.066
1.721
2.058
2.522
2.237
2.107
1.873
2.663
2.768
2.599
2.030
1.394
2.280
1.935
1.968
1.613
2.031
1.709
1.202
2.089
1.474
1.532
1.849
1.115
1.420
1.881
1.863
1.076
2.085
1.737
1.825
2.051
2.797
2.243
2.054
1.915
1.802
1.726
2.115
2.653
2.117
2.617
1.825
1.810
2.184
2.110
1.466
1.768
1.877
1.991
2.244
2.114
1.223
1.793
1.783
1.964
1.745
2.011
3.375
2.830
3.909
3.197
3.348
3.090
3.283
3.913
3.527
2.437
2.216
2.220
2.130
1.984
2.044
1.995
1.968
2.902
2.316
3.114
3.176
4.139
3.216
2.233
2.278
2.749
2.681
2.158
2.574
2.163
2.843
3.592
3.334
2.496
1.839
2.671
3.745
4.259
3.897
3.595
4.029
3.796
4.137
3.165
2.665
3.105
2.947
2.440
2.895
3.211
3.582
2.797
3.416
2.901
2.354
2.774
3.893
2.440
2.383
2.473
3.358
4.999
4.095
2.316
2.037
3.069
2.581
3.705
3.517
5.332
4.115
3.874
4.127
3.294
3.008
3.713
2.648
3.136
4.249
4.022
4.090
4.041
3.619
3.227
3.695
2.705
3.580
2.980
4.542
2.989
2.515
2.550
4.056
3.655
3.273
2.779
3.224
3.627
2.982
3.551
2.852
2.996
2.834
3.041
3.630
4.357
4.682
3.242
3.762
2.635
2.501
3.620
4.194
3.263
2.672
2.958
3.449
3.921
3.636
3.618
4.213
2.778
2.658
2.558
2.321
2.771
2.565
3.217
2.802
2.760
2.961
1.936
3.910
4.219
4.018
3.844
3.536
3.944
3.605
3.278
4.009
4.446
4.542
4.213
4.000
4.135
3.821
3.555
4.307
4.261
4.382
3.335
3.029
3.963
3.005
3.779
3.037
3.554
3.447
3.800
4.478
4.230
2.544
2.877
3.097
3.389
2.662
3.087
3.349
1.225
3.119
3.760
4.433
4.348
4.016
3.381
3.748
4.360
4.840
4.712
3.562
3.371
3.380
3.781
4.499
4.988
5.298
4.826
4.326
4.127
3.953
4.639
4.362
4.608
5.046
5.396
5.086
4.867
4.100
3.490
3.629
4.793
4.741
3.775
1.913
1.666
2.730
2.811
4.239
4.332
5.171
5.293
6.015
5.807
5.668
5.515
5.141
5.418
5.981
5.083
4.492
4.534
4.178
3.864
3.894
4.190
4.471
2.983
4.754
4.306
3.597
3.002
4.686
3.835
3.112
3.512
3.783
3.543
2.864
2.858
3.024
3.850
3.204
2.355
2.749
3.619
3.960
3.344
3.463
3.787
3.784
4.436
3.139
2.952
2.186
4.120
3.352
3.796
3.097
2.340
2.539
3.151
3.315
2.674
2.315
2.347
3.691
4.312
3.077
2.794
1.909
1.803
1.871
1.866
2.068
3.032
2.779
2.502
2.671
1.928
1.297
1.016
1.406
1.073
1.453
1.091
1.447
1.100
1.866
2.393
2.488
2.602
3.758
3.869
2.317
1.289
1.502
2.507
2.574
2.972
2.730
2.147
1.390
1.273
0.910
1.088
1.085
1.321
1.999
1.843
1.382
1.239
1.471
1.855
2.233
2.858
2.638
1.902
0.955
1.450
1.382
2.172
1.827
1.578
1.902
1.765
1.721
1.422
1.193
1.686
1.487
1.543
1.383
1.391
0.988
2.445
2.700
1.869
1.905
2.517
2.452
3.717
3.100
2.667
3.484
4.441
5.092
4.674
3.900
3.542
3.218
3.269
2.088
1.561
1.550
1.953
1.719
2.147
2.260
2.813
2.876
2.974
2.815
2.178
2.549
3.416
3.034
2.711
2.477
1.962
2.169
2.716
2.691
2.072
1.704
3.482
3.689
4.144
4.407
4.017
3.891
4.085
2.310
2.812
2.008
2.562
2.405
1.925
2.247
1.974
1.568
2.673
4.723
2.113
3.260
3.190
4.012
4.339
4.104
3.835
3.313
3.153
2.601
2.212
2.217
3.390
3.502
2.767
3.200
3.290
2.230
2.580
3.905
4.223
4.489
3.862
2.655
2.077
2.031
3.248
2.519
2.928
2.069
3.349
3.733
3.984
4.956
4.507
5.003
4.908
4.939
4.660
3.916
3.609
3.610
3.771
4.173
4.496
3.949
2.586
3.559
3.621
3.814
1.787
4.581
4.195
4.265
3.419
3.606
3.436
3.663
4.770
3.933
4.660
1.744
2.931
2.883
3.357
4.178
3.610
4.489
3.198
3.694
4.375
3.538
2.579
3.849
2.461
2.481
2.437
2.006
2.284
2.446
2.305
2.940
4.016
2.501
2.969
3.244
2.511
2.819
3.791
2.910
2.476
2.641
2.934
2.387
2.817
3.582
3.777
3.033
3.411
3.138
3.918
3.754
2.598
2.539
2.656
3.636
2.912
2.408
2.374
2.612
3.302
3.652
3.249
3.679
3.641
2.466
3.071
3.051
3.672
4.320
3.633
3.215
3.500
2.691
2.496
1.786
2.375
2.267
3.260
3.570
2.702
3.220
3.837
3.151
3.344
3.464
3.947
4.209
3.817
3.216
3.663
4.389
4.242
4.823
4.576
3.474
1.948
2.712
3.133
3.955
4.070
3.836
4.048
4.815
5.391
4.865
4.981
4.766
5.489
5.021
4.593
4.962
4.709
4.076
3.567
3.558
2.740
2.610
3.484
4.084
4.426
3.414
2.438
3.029
3.261
3.168
2.796
2.065
1.739
2.488
2.326
3.113
1.526
2.522
3.201
3.662
3.983
3.760
3.471
3.504
3.245
4.569
4.118
4.506
4.325
3.431
4.391
3.480
3.672
2.830
2.544
1.916
2.177
2.648
2.651
2.205
1.541
2.440
3.215
3.377
2.206
2.302
2.982
2.943
1.934
2.043
2.168
1.913
2.352
2.239
2.749
2.281
2.142
3.811
2.727
2.756
1.867
2.941
3.007
2.521
2.778
2.226
1.883
2.799
3.573
3.653
2.840
2.223
1.891
2.982
3.093
2.582
2.571
3.117
3.513
4.027
2.854
2.255
2.132
2.727
3.020
3.455
3.369
2.694
2.568
2.573
2.438
1.927
2.394
2.916
2.995
3.095
2.810
1.847
1.214
1.213
1.520
1.362
1.134
1.713
1.631
1.965
2.067
2.041
1.513
1.421
1.169
1.671
1.675
1.427
0.948
3.058
5.392
3.218
4.591
3.563
1.311
1.678
1.677
1.942
2.043
2.033
1.387
1.406
1.876
2.293
2.423
1.552
2.091
1.941
1.882
2.486
2.172
1.758
2.277
1.718
1.913
1.217
1.805
1.783
3.860
4.211
3.098
1.844
2.097
2.072
1.771
1.771
1.714
1.792
1.318
1.314
2.027
1.969
1.220
0.924
1.730
2.284
2.176
1.735
1.699
1.968
3.604
3.511
3.866
3.033
1.973
1.445
1.480
2.645
2.703
1.725
1.510
1.418
2.029
3.321
4.040
2.653
1.752
2.374
1.934
2.517
2.140
1.724
1.489
1.724
1.797
2.135
1.662
1.645
2.242
1.845
1.871
1.754
1.844
1.831
2.179
2.057
2.828
2.087
3.562
3.110
2.569
3.082
2.878
2.516
3.304
3.117
2.639
4.164
3.462
2.025
2.623
2.177
1.830
3.938
4.000
2.625
3.908
4.534
4.002
2.986
3.007
2.019
2.959
3.331
1.709
5.106
3.502
1.926
1.679
3.331
2.718
3.300
2.604
3.345
2.971
1.780
2.044
2.981
2.991
2.490
2.370
2.491
2.133
2.741
4.612
3.123
1.913
3.198
1.219
3.332
4.408
3.565
2.017
1.470
2.753
2.284
1.870
3.142
2.148
2.826
4.351
4.216
3.670
2.648
2.583
3.165
3.409
2.063
2.530
2.354
2.350
2.243
2.598
2.984
1.682
2.049
3.433
2.873
3.297
2.820
2.971
3.195
4.581
3.174
2.501
3.116
3.932
3.218
2.913
3.773
3.193
3.348
3.056
4.513
4.038
3.715
2.954
4.018
5.234
2.369
2.627
3.906
4.339
4.402
2.786
2.578
2.417
3.075
2.537
3.218
2.897
2.964
3.397
3.871
3.466
2.314
2.210
2.083
3.102
3.572
2.296
3.207
2.675
2.432
2.219
3.266
4.228
4.956
4.245
3.936
3.588
2.676
2.349
3.318
4.954
4.971
4.280
4.077
4.683
4.197
3.761
4.706
3.834
3.296
3.641
3.345
4.016
3.855
4.246
4.715
3.659
2.663
1.973
2.096
3.641
5.305
4.863
4.518
3.410
2.471
2.559
3.390
3.167
4.382
4.666
4.625
4.325
3.691
4.396
4.082
4.380
4.516
4.132
3.395
4.224
4.182
3.625
5.019
5.555
5.594
5.852
6.260
5.663
4.361
4.679
5.157
5.698
5.918
5.457
5.237
5.048
5.305
4.415
4.008
4.907
4.749
4.200
3.770
3.559
3.370
2.177
2.225
2.903
2.289
2.163
2.804
2.692
4.240
4.355
4.423
5.047
5.174
3.735
3.037
2.701
2.291
2.206
1.770
1.907
