20000101
3.407
3.392
2.692
2.594
2.530
2.920
2.288
1.940
1.868
2.177
2.809
3.032
3.157
3.394
3.426
4.773
4.696
3.640
3.204
2.650
2.523
3.052
1.479
1.842
2.431
2.847
4.896
4.285
2.625
3.094
3.456
2.825
3.156
2.664
4.014
4.343
2.874
2.984
3.085
2.930
3.439
3.284
3.290
4.211
4.640
3.378
3.541
3.116
2.841
2.141
3.935
4.104
3.715
4.647
5.273
4.076
2.809
2.099
1.978
2.481
4.232
4.031
4.658
4.804
2.259
3.558
3.533
4.373
2.845
3.744
5.007
6.018
3.274
2.392
2.398
2.903
3.115
2.217
3.229
3.206
3.732
3.266
4.241
4.590
3.440
3.277
2.825
2.609
3.618
3.119
3.536
4.430
3.429
1.764
2.486
2.438
2.483
2.968
4.241
2.892
3.183
2.710
3.089
3.415
3.234
3.063
2.891
3.026
3.061
3.889
3.970
4.581
4.625
4.402
5.449
5.003
5.314
5.151
5.389
4.742
4.884
4.470
3.221
3.650
3.320
3.234
3.014
2.458
3.465
3.586
3.403
3.665
4.104
2.783
3.154
4.321
4.180
3.883
2.735
3.154
4.545
3.874
4.469
4.134
4.281
4.525
4.845
3.847
3.553
4.030
3.655
3.792
4.051
3.508
2.794
3.285
3.534
2.021
3.114
3.661
4.056
3.879
4.722
4.494
5.352
5.157
5.563
5.692
5.046
4.205
3.321
3.950
4.084
4.965
4.200
4.629
5.085
4.974
4.446
3.430
3.231
3.134
2.180
3.117
2.838
1.581
2.108
2.973
3.741
4.001
3.879
3.519
3.456
3.205
2.879
3.874
5.095
5.501
3.921
3.409
4.060
4.701
4.156
3.932
3.985
4.283
3.661
3.612
3.432
2.800
2.356
2.827
3.849
4.430
4.973
3.679
3.664
3.303
3.167
2.996
3.120
3.631
2.109
1.946
2.346
2.867
3.477
3.276
3.182
3.261
2.707
2.189
2.360
2.325
1.522
1.767
1.978
3.112
4.343
2.440
2.790
3.759
4.336
3.390
2.751
3.117
3.250
3.114
2.682
2.666
3.042
2.481
3.129
3.456
2.944
2.306
2.321
2.326
2.590
1.917
2.568
2.591
2.365
1.971
1.715
1.217
2.118
1.796
1.641
1.883
1.656
1.677
2.649
1.955
2.309
2.507
3.271
2.325
2.046
1.975
1.861
1.985
1.304
1.161
1.109
1.973
2.505
2.505
2.206
2.383
1.972
2.137
2.447
1.810
2.670
2.212
2.397
2.030
2.144
1.946
2.210
2.105
2.244
2.279
2.180
1.744
2.991
2.780
2.447
2.614
2.416
1.708
1.941
3.188
2.926
2.717
2.618
2.554
3.174
3.135
2.670
2.053
2.729
3.410
2.533
2.504
2.137
2.057
3.460
2.943
2.877
2.604
3.353
3.093
2.882
3.942
4.095
3.664
2.743
2.604
2.465
2.692
2.407
2.928
2.736
2.185
2.181
2.463
2.380
2.479
2.586
2.720
3.111
2.795
2.300
2.766
2.767
2.461
2.608
2.538
3.043
2.438
2.782
3.251
5.363
4.054
3.034
2.255
3.217
3.049
3.535
3.637
3.421
3.425
3.104
3.499
3.660
3.519
3.262
3.339
3.223
4.233
4.439
3.384
3.176
3.646
3.626
3.060
3.186
2.654
2.711
2.624
2.494
3.424
2.893
3.331
4.074
3.789
3.425
3.005
2.782
2.587
2.441
2.405
2.906
3.238
3.173
2.726
2.677
5.147
4.377
4.211
2.334
2.729
3.007
3.165
3.784
2.448
3.140
3.379
3.704
3.570
2.867
3.002
3.817
3.905
4.636
3.896
4.646
3.836
3.461
2.415
2.620
3.118
3.126
3.381
2.234
2.453
2.653
2.956
3.252
2.975
2.254
3.526
3.711
2.161
2.856
1.980
2.299
3.338
3.877
4.175
5.175
3.968
3.223
2.982
3.261
2.924
2.514
2.028
2.628
2.187
2.877
3.538
4.122
3.277
3.526
3.173
2.179
3.097
3.300
3.205
2.919
2.793
2.785
2.538
2.321
2.308
2.512
3.235
4.200
3.726
3.808
4.384
3.553
3.044
3.450
3.870
3.585
3.125
3.016
4.015
3.989
4.189
4.994
5.218
4.213
3.621
3.912
4.096
4.333
4.591
5.270
5.121
4.338
4.270
3.942
3.159
3.024
3.113
4.760
5.257
3.852
4.617
5.255
3.970
3.572
3.989
3.682
3.453
3.677
3.830
2.936
2.109
2.705
2.949
2.218
3.224
2.199
3.663
2.341
2.617
3.776
3.004
3.010
3.666
5.196
5.242
4.677
4.649
4.332
4.426
5.130
4.799
4.560
3.745
2.665
2.542
3.101
2.678
3.573
2.891
3.176
2.930
2.015
2.192
2.855
3.523
3.787
3.106
4.141
4.642
4.674
3.576
3.343
3.534
2.537
2.718
2.144
2.557
2.694
2.535
2.835
2.611
3.085
3.533
3.800
2.710
2.616
3.472
2.172
1.490
2.576
2.694
2.597
1.813
2.178
1.915
2.328
1.848
2.479
2.463
1.979
3.656
2.911
2.561
2.882
2.521
2.306
1.959
2.342
2.075
1.963
3.039
3.468
3.805
4.266
3.840
3.274
3.060
2.713
3.001
3.397
3.882
3.588
1.865
2.000
2.588
3.145
3.088
2.494
2.044
1.725
1.372
1.432
2.259
2.752
2.260
2.583
1.468
1.855
2.254
1.966
2.390
2.588
2.372
1.639
2.473
2.373
3.042
2.136
1.774
1.974
2.391
1.764
2.526
2.378
3.038
2.068
2.024
2.385
1.749
2.432
2.252
2.255
1.652
3.210
1.713
1.353
1.614
1.830
2.138
2.681
2.459
1.806
2.520
2.247
1.996
2.795
2.210
1.541
1.978
2.698
1.673
1.409
1.481
3.317
3.741
3.421
2.606
3.207
2.636
2.899
2.044
2.358
2.835
2.872
3.013
2.680
3.571
3.235
2.261
1.959
2.329
2.251
2.067
2.506
2.637
2.469
2.975
2.607
2.537
2.370
2.058
2.024
2.322
2.354
2.286
2.231
2.010
2.318
3.235
2.829
2.584
2.559
2.460
2.863
3.301
3.264
3.732
3.667
3.256
2.624
2.518
2.727
2.843
3.581
3.831
3.309
3.390
3.048
2.559
2.963
3.176
4.009
3.692
3.598
2.850
3.435
3.878
2.796
2.136
2.405
2.767
2.344
3.368
3.229
2.756
2.901
3.228
4.505
3.760
3.191
2.444
2.957
3.254
2.828
3.700
3.232
3.706
4.261
3.088
3.078
3.782
3.706
3.768
3.523
3.117
3.410
3.470
4.960
6.580
4.332
3.329
4.145
3.235
3.154
3.476
2.831
2.988
4.031
3.138
2.540
3.109
3.601
3.014
2.983
3.622
3.029
2.852
3.586
4.577
2.606
3.317
3.055
2.917
3.201
3.019
2.728
3.034
3.618
4.209
1.835
3.852
1.794
1.894
1.255
1.589
2.126
3.088
3.728
3.215
2.924
4.248
3.371
1.924
3.492
3.525
3.045
2.535
3.079
3.502
3.441
2.431
2.211
2.850
3.685
3.001
2.504
3.559
3.569
3.037
3.158
3.654
4.385
3.978
3.550
3.516
3.313
3.521
3.377
4.693
4.157
4.232
4.373
3.795
2.577
3.483
4.335
3.833
3.536
4.089
4.115
3.848
3.498
4.002
4.033
3.420
3.580
4.652
6.187
5.859
5.055
4.751
4.825
4.329
4.280
4.514
5.286
5.909
5.053
4.732
4.299
3.886
3.930
5.211
4.945
4.829
4.732
4.374
3.714
3.358
3.815
3.257
3.005
3.639
3.601
4.107
4.394
4.287
3.492
3.749
3.537
4.384
4.358
3.778
3.294
2.661
4.514
4.472
4.029
3.479
4.186
4.477
4.081
4.653
3.583
2.785
2.675
1.937
3.113
3.345
3.914
3.966
4.849
4.545
4.694
4.783
4.813
5.253
4.629
4.234
4.513
4.546
4.861
5.263
4.041
3.809
3.178
2.692
3.532
3.746
4.632
4.188
3.719
4.333
4.414
3.800
3.852
3.752
4.005
3.369
2.856
2.298
3.584
3.246
2.619
2.891
2.777
2.981
2.512
2.211
3.374
3.383
3.991
3.752
2.912
2.630
3.584
2.662
3.294
3.388
3.428
3.246
2.475
2.256
1.616
2.452
4.458
3.978
2.670
3.508
2.740
2.609
2.033
2.371
2.756
3.031
2.942
3.224
3.606
2.909
2.569
3.051
2.629
3.598
3.229
2.452
2.846
3.200
3.360
2.748
1.659
1.449
1.889
2.364
3.518
2.833
2.138
1.814
1.532
1.804
2.254
2.716
2.029
2.716
2.435
2.295
2.529
2.010
1.488
1.235
1.807
2.686
2.530
2.235
1.724
2.594
2.960
2.796
2.570
2.736
2.648
2.438
2.607
2.466
2.362
2.094
2.547
2.676
2.054
1.649
1.952
2.087
1.798
2.181
2.482
2.161
1.759
1.551
1.688
2.436
3.273
2.937
3.459
3.891
3.362
2.710
3.464
2.626
2.058
2.319
2.624
2.992
2.755
2.794
2.432
2.534
2.306
2.329
2.617
2.914
2.482
2.973
2.933
2.423
3.242
3.046
2.797
2.731
2.573
3.640
3.588
3.286
2.619
2.179
2.028
2.297
2.873
3.139
3.169
2.623
2.693
2.755
2.915
2.244
1.817
2.935
3.702
3.001
2.925
2.813
3.018
2.818
3.312
4.660
3.695
3.507
3.013
4.345
3.285
2.738
3.718
3.450
4.115
3.965
3.793
4.368
4.043
3.003
2.753
3.115
3.604
4.073
3.442
3.517
3.608
3.203
2.999
2.571
1.974
2.396
4.415
3.629
2.633
2.940
4.040
3.208
4.062
5.094
4.185
3.462
2.997
3.111
2.710
2.994
3.465
4.704
4.357
3.397
2.933
3.164
2.751
4.037
6.040
4.457
2.681
3.337
3.006
3.050
2.635
3.136
2.305
3.003
3.248
3.927
4.582
4.907
3.447
2.879
2.889
3.037
3.508
2.917
3.229
3.312
3.375
2.973
3.333
2.434
3.207
1.897
3.037
3.087
2.173
3.217
2.798
3.092
2.738
4.185
3.586
2.934
3.609
3.755
3.825
3.711
3.536
2.880
3.607
3.601
2.525
2.000
2.982
2.329
2.667
2.407
3.237
4.492
3.806
3.406
4.038
3.313
2.579
4.286
5.052
2.554
2.148
2.889
2.684
3.712
3.987
3.951
3.142
2.602
2.818
3.603
4.433
4.728
4.651
2.848
3.052
3.627
3.128
2.434
2.480
2.959
3.451
4.404
3.750
4.047
3.490
5.243
5.037
4.820
5.378
5.229
5.659
5.393
4.982
4.760
4.656
4.047
4.949
3.614
3.179
3.719
4.079
3.625
3.628
3.938
4.629
5.354
5.677
6.048
6.153
5.588
4.657
4.422
4.541
3.495
3.787
2.400
3.373
4.191
4.251
2.116
3.215
3.493
3.349
4.034
4.052
2.845
3.635
4.250
4.001
4.357
4.460
3.105
1.652
1.923
2.774
2.438
2.593
3.394
3.582
4.281
4.642
3.584
2.644
2.823
2.682
2.295
2.525
2.487
2.906
3.312
3.584
3.949
3.643
3.469
4.750
4.176
3.785
2.426
3.373
3.902
3.342
4.426
3.528
2.893
2.831
2.763
2.340
1.550
2.016
1.874
2.946
3.096
2.588
2.924
2.861
2.874
3.332
3.138
3.651
3.473
3.411
3.145
2.673
1.744
3.255
2.213
3.578
3.411
2.682
2.921
2.499
3.423
2.625
2.911
2.714
2.620
2.865
2.949
2.355
2.563
3.612
2.817
2.653
2.625
3.009
2.672
2.053
1.908
2.585
1.739
1.547
2.008
2.972
1.632
2.160
2.547
2.204
2.029
1.817
1.837
1.722
2.018
2.190
1.686
1.671
1.506
1.521
1.686
3.522
2.446
2.064
2.646
3.049
2.656
2.111
2.100
2.444
1.785
1.983
2.258
1.901
2.332
2.458
2.151
2.194
2.178
2.432
2.099
1.815
2.425
3.177
2.629
2.504
2.721
2.616
1.898
2.375
1.912
2.926
2.023
1.646
1.676
2.389
3.925
2.253
2.634
2.615
2.250
2.009
2.106
2.469
2.527
3.242
3.270
2.955
2.839
2.660
2.503
2.819
2.931
2.795
2.628
2.498
2.413
2.677
2.775
2.474
2.562
2.323
2.167
2.597
2.391
2.255
2.812
3.331
2.459
2.805
2.832
3.487
4.776
2.873
3.003
3.334
3.222
2.621
3.128
2.672
2.966
3.154
3.172
4.190
3.846
3.426
3.030
2.148
2.916
2.676
3.043
3.903
4.129
5.180
5.538
3.768
3.229
2.348
2.391
2.882
2.143
2.622
2.623
2.583
2.955
1.964
2.868
3.137
3.369
2.666
3.772
2.795
3.175
3.440
3.390
3.056
3.378
2.599
3.068
3.987
3.667
3.231
3.673
2.901
2.050
3.084
2.467
2.274
4.221
3.117
3.349
4.160
3.146
3.161
2.812
2.534
3.178
1.735
2.156
2.489
2.504
2.894
2.395
2.898
2.604
3.210
3.172
2.634
3.170
3.339
3.330
3.020
3.586
3.517
3.232
3.111
2.608
2.585
3.023
3.092
3.159
2.726
2.859
2.642
3.480
4.289
3.631
2.368
2.483
3.130
3.701
4.455
3.728
3.064
2.441
3.104
3.399
3.761
3.477
3.715
3.049
2.962
3.132
3.591
3.370
3.071
3.360
2.928
2.489
3.126
3.243
3.557
3.976
4.127
4.155
4.461
3.529
2.856
2.857
3.181
3.687
3.512
2.420
2.479
2.823
3.886
3.254
3.491
4.140
2.092
2.168
2.856
3.165
2.164
2.205
3.162
3.013
3.625
3.268
2.455
3.663
4.220
3.884
3.553
3.106
3.453
3.938
4.724
5.677
4.773
5.177
5.204
3.661
3.803
3.816
3.661
3.292
3.860
3.604
3.415
4.057
3.766
4.760
4.678
4.168
3.704
3.378
2.065
1.671
1.690
2.598
2.191
2.089
2.349
1.786
2.392
2.989
3.663
4.931
5.602
5.963
5.915
5.686
4.941
3.892
3.074
2.945
2.573
2.292
3.413
3.524
2.840
2.873
1.892
2.840
3.362
4.083
4.520
4.174
4.513
3.224
3.873
3.805
4.050
3.586
2.542
2.583
3.588
3.982
4.056
4.113
3.608
2.307
2.486
3.528
3.865
2.921
3.054
3.156
2.977
3.395
2.644
2.192
1.883
2.184
1.456
2.402
2.761
2.193
2.596
2.245
2.405
2.706
2.001
1.686
2.610
3.523
2.102
2.205
2.695
2.540
2.065
2.947
3.335
3.246
3.971
3.855
3.935
3.630
3.422
3.259
2.996
3.026
1.917
1.872
1.603
1.998
1.687
2.237
2.647
3.228
3.197
3.339
2.069
2.400
2.219
2.657
2.290
1.411
1.981
2.030
1.726
1.543
1.562
1.686
1.457
1.298
1.731
2.144
2.066
1.588
2.477
1.909
2.246
2.416
1.263
1.635
1.493
2.559
2.343
2.619
3.034
2.155
1.977
2.818
2.615
2.330
1.815
1.196
1.134
1.657
2.279
1.204
1.732
2.830
1.974
1.959
2.610
2.517
2.526
2.034
2.307
3.099
2.665
1.302
2.653
3.417
4.018
3.159
2.773
2.162
3.061
2.699
2.390
1.581
2.234
2.360
2.363
2.380
2.524
2.599
2.431
2.560
1.687
1.773
2.154
2.535
1.599
1.907
2.937
2.733
2.842
1.556
1.541
2.651
2.338
2.209
2.444
2.549
2.307
2.490
2.847
2.762
3.281
2.981
2.846
2.538
2.143
2.639
2.779
2.487
2.572
2.130
2.688
2.465
1.925
3.178
3.767
2.619
3.080
3.261
2.447
2.891
4.439
2.271
2.198
2.898
3.522
3.179
3.200
3.165
2.916
2.483
2.524
2.339
2.750
2.596
2.268
3.002
3.244
3.992
3.079
2.654
3.571
2.817
2.345
2.870
2.686
4.121
3.123
2.698
3.593
3.249
4.181
4.306
4.225
2.771
3.411
2.706
2.253
2.776
2.298
1.843
2.498
3.957
2.864
2.583
2.551
3.084
5.107
4.448
4.649
3.086
3.226
2.422
4.271
3.800
3.294
3.009
2.812
2.707
3.144
3.573
3.033
3.833
3.591
3.268
2.927
2.472
2.943
1.662
3.234
3.029
3.642
3.316
2.811
2.813
3.139
2.999
3.068
3.320
3.322
3.324
4.220
2.853
3.721
2.543
2.674
3.830
3.611
3.173
3.104
4.174
4.293
3.588
2.863
2.896
3.391
3.142
3.291
4.266
3.113
3.207
3.478
2.673
2.618
3.506
3.046
3.290
3.269
2.653
2.396
2.492
2.441
3.685
3.180
3.093
3.135
3.020
3.204
3.536
3.835
2.742
1.900
2.906
3.426
2.956
3.511
2.636
2.831
4.092
3.715
3.276
3.391
2.395
3.472
4.452
3.649
3.420
3.463
4.187
3.681
3.524
3.324
4.023
4.459
3.302
3.698
3.750
3.085
2.378
3.098
2.846
2.453
2.338
2.895
4.583
3.776
3.931
3.923
4.031
3.185
3.118
3.408
3.200
4.018
4.491
3.791
2.891
3.378
3.555
3.331
2.833
2.712
2.625
4.351
3.881
3.828
3.545
3.239
3.055
3.685
2.918
1.822
2.298
3.079
2.883
2.510
3.180
4.042
3.847
4.218
3.686
3.797
3.220
3.369
2.531
3.715
3.203
3.795
3.565
3.429
3.543
3.557
4.106
4.363
4.062
3.950
3.632
4.090
3.424
2.722
2.750
2.257
1.699
0.911
3.141
2.632
2.586
2.723
3.160
3.486
3.189
2.635
2.132
2.424
2.047
2.698
2.027
2.484
2.896
2.327
2.225
2.974
2.859
3.141
3.141
2.851
3.162
3.836
3.420
2.907
2.606
2.520
2.304
2.393
2.193
1.951
2.102
2.116
2.224
1.901
2.275
1.961
1.360
1.289
2.414
2.439
3.186
3.084
1.332
2.359
3.541
3.408
3.292
1.870
0.931
1.549
1.933
1.289
2.740
2.769
2.595
2.181
1.336
1.458
1.616
1.895
1.396
1.694
1.413
1.611
1.574
1.809
1.579
1.391
1.655
2.124
1.681
2.371
3.116
3.091
2.876
2.735
2.367
2.426
2.011
2.671
2.828
1.609
2.437
3.190
1.897
2.561
2.258
2.344
2.454
2.141
1.918
1.759
1.331
1.708
2.718
2.121
1.630
1.949
2.579
2.427
2.355
1.539
2.145
1.986
2.118
2.190
2.300
2.324
1.461
2.295
1.649
2.038
1.689
2.521
1.895
1.766
1.809
2.535
2.858
2.638
3.057
2.995
2.507
2.584
2.271
2.038
2.379
2.508
2.243
3.275
3.168
2.838
2.347
2.424
2.833
3.281
2.381
2.760
2.607
2.547
3.149
3.835
3.763
3.109
3.299
2.268
1.749
1.355
2.669
2.399
2.275
2.193
3.524
3.034
3.573
3.235
2.997
3.538
2.901
2.457
2.359
2.913
2.088
2.791
2.622
2.211
2.350
3.049
3.137
2.788
2.486
2.463
3.372
2.271
2.930
2.587
2.940
2.927
2.580
2.000
2.704
3.634
2.823
3.182
3.078
3.144
2.573
1.996
2.055
1.831
2.455
2.511
2.409
2.144
1.884
3.254
4.123
2.938
2.350
2.641
2.613
2.478
2.957
2.930
2.569
2.825
3.672
3.010
3.042
2.845
2.972
3.325
3.538
3.351
2.843
2.878
2.261
3.447
4.046
2.593
2.042
2.559
2.309
2.502
2.491
2.917
2.257
2.578
2.382
3.040
2.806
3.132
3.332
3.496
3.948
3.155
1.933
2.749
3.611
3.171
3.276
3.368
3.345
3.192
2.968
2.775
2.653
3.027
2.650
4.055
2.956
2.523
2.211
2.986
2.779
3.981
3.384
3.925
2.450
3.079
2.952
4.006
3.471
2.702
2.113
2.916
3.292
3.156
2.326
2.618
3.746
3.389
3.473
3.701
3.113
2.971
4.137
3.540
3.666
3.625
3.879
4.338
3.651
3.310
3.314
2.955
3.029
3.007
3.887
3.664
3.829
4.527
3.957
3.784
3.865
4.132
4.416
3.659
3.728
3.664
3.232
3.116
2.550
2.383
3.623
3.822
3.876
3.783
3.729
3.866
3.904
3.809
4.382
4.516
4.215
3.442
3.683
3.873
2.987
3.239
2.873
2.773
2.670
2.850
2.615
2.809
2.265
2.285
2.529
2.250
2.382
2.899
2.128
2.260
2.346
2.418
2.510
4.172
3.449
3.390
3.886
3.932
4.419
3.561
3.971
3.960
3.935
3.017
1.737
3.110
3.150
2.146
1.616
1.729
2.206
2.803
3.178
3.280
3.624
2.648
2.155
2.513
2.512
3.365
3.280
2.269
1.633
2.359
3.265
2.682
2.666
2.716
3.412
3.273
2.286
2.397
2.268
1.757
1.675
1.747
1.601
3.261
3.533
3.910
3.971
2.863
2.681
2.456
3.072
3.598
3.132
2.056
2.008
2.546
3.230
2.661
1.778
1.649
1.989
1.444
2.791
3.446
2.353
1.755
1.670
1.694
1.731
1.311
1.736
2.690
1.611
1.458
1.746
2.029
2.099
1.823
1.603
1.407
1.954
1.497
1.685
1.479
2.142
2.562
2.455
2.074
1.317
1.544
1.996
2.433
2.074
1.920
1.733
1.551
1.814
1.935
2.324
1.552
1.266
1.697
1.759
1.505
2.273
2.173
1.842
1.943
1.335
2.219
2.399
1.922
2.087
3.337
2.922
2.163
2.281
2.784
2.499
3.590
2.687
2.121
2.100
1.110
1.651
1.665
2.299
2.973
3.004
1.927
1.746
2.276
2.434
2.081
1.721
1.496
2.249
1.766
1.651
2.202
2.532
2.754
2.612
2.535
2.568
2.180
1.742
2.122
2.432
2.447
3.505
1.698
2.834
2.547
2.830
2.869
2.880
2.697
3.434
3.395
2.875
2.580
2.339
2.821
2.397
2.468
2.346
2.263
2.808
3.295
3.440
3.109
2.630
3.455
3.011
3.409
2.770
2.459
2.646
2.065
2.154
2.522
4.271
3.309
4.115
3.554
2.575
2.693
3.711
3.208
3.655
2.932
2.810
2.537
2.943
3.011
2.912
2.943
2.086
2.573
3.047
3.833
3.574
3.140
3.388
3.142
4.257
3.289
3.449
3.244
3.384
2.848
2.642
2.556
2.702
1.834
3.466
4.508
5.209
4.005
2.999
4.035
2.613
2.703
2.526
2.198
2.519
2.660
3.796
3.846
3.216
3.546
4.130
3.322
2.617
2.555
3.579
3.814
2.957
3.127
3.333
3.835
4.187
3.276
3.002
3.239
2.939
3.843
4.333
4.270
3.506
3.211
3.456
2.874
2.470
4.280
3.919
4.251
2.559
3.196
3.755
3.514
2.592
3.151
2.614
2.935
3.550
3.272
3.456
3.058
3.288
3.031
2.623
2.667
3.213
3.583
2.731
2.242
3.886
3.254
2.651
2.242
2.084
3.815
3.483
2.842
2.776
2.820
3.744
3.795
3.168
3.070
3.209
3.327
2.991
3.796
3.966
3.809
3.963
2.994
3.759
3.242
2.035
3.519
2.932
3.637
3.426
3.256
4.048
4.302
3.833
4.708
4.914
4.059
3.246
3.722
3.952
4.317
4.082
3.947
3.289
4.157
3.675
3.571
3.207
3.212
2.713
2.560
2.661
3.128
2.739
3.617
2.406
2.024
3.357
4.111
4.669
5.096
5.916
5.827
4.409
4.266
3.776
3.820
2.858
4.188
3.900
3.485
2.439
2.348
2.224
4.586
5.347
4.953
3.117
3.627
2.201
1.302
2.439
3.429
2.822
4.544
5.205
4.357
4.023
4.499
3.077
3.110
3.304
2.999
2.578
2.655
3.030
3.331
2.084
2.014
2.648
3.393
3.695
3.836
3.698
2.941
2.197
2.189
3.048
3.505
2.400
2.576
2.119
2.120
2.497
1.873
2.127
2.138
2.375
1.333
2.150
2.112
3.273
3.510
3.018
3.537
3.599
4.041
3.457
3.094
3.358
3.258
2.634
2.489
1.904
1.832
2.622
2.155
1.263
1.460
1.114
1.805
1.748
1.782
2.073
1.657
1.414
1.674
2.543
2.217
2.645
2.726
2.968
1.572
2.403
2.195
2.181
2.506
2.514
2.457
2.236
1.535
2.113
1.507
1.847
2.141
1.213
1.554
2.195
2.166
2.109
1.966
1.798
1.815
2.171
1.908
1.573
1.925
1.799
1.995
1.931
1.902
2.437
2.334
2.144
1.565
1.983
1.932
1.376
1.343
2.422
1.493
1.210
1.896
1.610
1.587
1.642
1.335
1.407
2.525
2.410
2.422
1.910
2.220
3.931
3.908
3.168
3.424
3.342
2.593
2.203
1.775
2.107
2.126
1.941
1.714
1.368
2.019
1.728
2.028
2.105
2.201
2.589
2.617
1.877
2.894
2.378
2.620
2.731
2.477
2.395
2.668
1.690
1.482
2.317
1.917
2.581
2.707
4.309
3.025
2.946
2.801
2.664
2.334
2.929
2.614
2.977
3.694
3.535
4.918
3.739
3.118
3.039
3.120
2.123
2.501
2.505
2.739
2.482
2.613
3.023
2.869
3.225
2.476
3.044
2.946
3.326
3.020
3.664
4.197
2.921
3.434
2.698
3.723
2.151
2.339
3.479
3.606
3.442
2.890
3.212
2.560
3.043
3.287
3.545
2.863
3.191
3.439
2.692
3.166
3.037
3.530
3.879
3.412
3.164
4.002
2.666
2.942
2.656
4.123
3.585
3.164
2.773
3.899
3.702
3.870
4.003
3.122
3.628
3.790
3.482
3.127
2.798
3.109
3.111
2.845
3.283
2.650
2.807
3.265
2.751
2.117
3.373
2.952
3.401
2.576
2.689
2.757
2.546
2.084
1.825
2.351
2.227
3.050
2.748
2.893
3.711
2.385
5.386
3.327
2.833
3.516
2.433
2.970
3.279
2.758
2.363
2.946
3.453
3.027
3.608
3.232
2.463
3.493
2.129
2.935
3.142
3.090
3.038
3.008
2.726
3.177
1.895
1.980
4.181
2.472
2.746
3.756
3.801
3.283
3.664
4.133
3.528
3.267
2.670
3.129
2.727
3.407
3.366
4.200
3.723
3.539
3.799
3.490
3.578
3.132
3.771
3.774
4.558
4.280
4.391
4.046
4.378
3.044
3.757
3.614
4.154
3.752
4.371
4.163
4.002
5.196
5.469
5.152
5.662
5.977
5.549
4.493
4.846
4.730
4.490
4.147
3.773
3.409
4.395
4.672
4.137
3.466
3.847
4.586
4.011
3.234
3.558
4.053
4.264
3.828
2.418
3.800
3.662
3.404
3.538
3.086
3.576
4.496
4.804
4.503
5.403
5.239
4.639
4.095
4.457
4.215
4.500
4.131
4.063
3.633
3.890
3.021
3.029
3.295
2.918
3.859
4.235
4.484
5.208
4.307
4.105
2.681
2.711
3.662
4.204
3.847
3.285
4.270
4.285
3.609
3.196
3.511
3.587
3.237
3.014
2.901
2.079
3.161
2.657
2.694
2.166
1.799
2.696
2.372
2.585
2.486
2.852
2.547
2.907
3.648
3.820
2.939
3.585
2.821
2.887
4.227
4.175
3.165
2.883
2.586
2.945
2.699
2.842
2.532
2.852
2.565
2.012
1.578
1.955
2.481
2.360
2.784
3.145
2.789
2.255
1.579
2.010
1.844
2.375
2.807
2.570
1.865
1.336
1.488
1.888
2.164
2.040
1.604
3.453
2.065
1.588
1.400
1.870
2.529
2.007
2.315
2.245
1.946
2.096
2.331
3.006
2.684
2.716
2.463
2.320
1.871
1.941
1.725
2.634
2.948
2.146
2.294
1.990
1.488
1.285
1.989
1.716
1.768
2.335
1.786
2.431
2.468
2.168
2.545
1.608
1.257
1.955
2.347
1.911
1.950
2.456
2.399
1.984
1.905
1.682
2.023
2.389
1.874
1.322
2.118
1.759
1.451
2.132
2.232
2.420
2.191
2.458
2.129
2.119
1.928
3.220
2.945
2.860
3.317
1.870
3.563
3.415
3.289
2.300
2.280
2.324
2.562
3.817
4.750
4.119
3.677
3.959
2.231
2.580
1.747
1.958
2.900
3.099
3.315
2.176
4.062
3.109
3.207
2.909
2.486
2.781
3.151
2.144
3.620
3.691
2.065
2.978
3.609
3.076
2.593
2.568
2.448
2.334
1.718
2.386
2.666
3.249
2.817
2.797
2.634
2.472
2.263
3.022
2.965
4.768
4.310
3.329
3.464
3.910
2.885
2.743
3.026
3.712
2.477
3.110
3.453
3.505
2.381
2.776
3.291
3.853
3.181
3.031
2.615
3.009
3.060
3.176
2.601
2.491
3.234
2.511
2.909
2.572
2.398
3.709
3.449
3.006
4.304
3.200
2.551
2.232
2.543
3.244
3.509
3.360
3.510
3.420
2.868
2.945
3.727
3.278
3.273
3.156
2.738
2.800
3.042
2.423
3.710
3.893
3.452
3.027
3.491
2.871
2.442
3.110
2.622
3.294
3.662
3.520
2.855
3.288
3.166
3.107
3.096
3.355
3.233
2.609
1.831
1.886
3.297
3.400
2.749
2.843
3.325
3.743
3.567
2.978
3.098
2.883
4.087
3.394
5.030
3.422
4.165
3.587
2.753
3.605
3.405
2.613
3.733
4.404
3.583
3.559
2.594
3.005
2.317
4.204
3.822
3.031
3.045
3.880
2.991
2.852
2.398
3.339
3.771
3.764
4.016
3.439
3.021
3.763
3.183
2.769
3.470
3.132
3.804
4.449
4.708
3.780
3.835
4.141
4.422
3.585
3.326
3.435
3.614
3.739
3.965
3.753
3.773
3.027
3.788
4.520
3.975
3.890
4.998
4.458
4.167
4.651
5.118
5.196
5.140
4.893
3.983
3.874
3.680
3.673
3.476
3.810
3.746
3.610
3.807
4.690
3.839
2.507
2.492
3.047
3.472
3.981
3.738
2.214
2.731
2.947
2.640
2.923
3.523
2.879
4.220
3.913
3.028
2.003
2.969
2.931
3.459
3.377
4.735
4.682
2.602
2.482
2.848
3.475
3.093
2.353
1.477
2.633
3.450
2.640
3.131
3.178
2.300
2.734
3.811
2.886
3.965
4.088
3.828
3.587
3.995
3.905
3.300
3.049
3.434
3.615
3.966
3.819
3.660
2.508
3.192
2.965
2.817
3.542
2.938
3.484
3.462
2.499
3.112
3.069
2.865
3.022
3.508
2.594
3.121
2.301
2.847
2.402
2.995
1.675
2.091
3.606
3.980
2.271
1.728
2.711
2.897
2.666
2.573
2.586
2.876
3.797
3.088
3.095
2.134
2.682
2.544
2.429
2.036
2.014
2.263
2.543
2.213
2.402
2.195
2.377
2.501
2.566
2.303
2.479
2.802
1.999
2.348
2.118
2.955
3.516
2.415
2.350
1.905
3.036
3.084
2.748
2.589
2.177
2.203
1.527
2.080
1.871
2.526
2.831
2.774
2.189
2.175
2.138
1.977
2.666
2.160
2.227
1.230
1.884
1.388
2.032
2.084
1.741
1.687
1.461
2.415
2.117
2.430
2.313
1.987
2.108
2.063
2.423
3.957
4.088
1.671
2.572
2.866
2.272
2.731
2.952
2.143
2.035
2.069
2.347
2.115
2.397
1.964
1.821
2.426
2.111
2.263
2.178
1.555
3.008
3.151
2.477
2.395
2.715
2.823
2.674
1.946
2.329
2.527
2.801
2.495
3.108
2.587
3.238
3.277
3.146
3.611
2.208
2.215
2.716
2.200
2.891
3.031
1.960
2.443
2.745
2.474
2.509
2.866
4.208
4.476
3.369
3.392
3.266
3.885
4.059
3.193
3.616
2.944
2.183
3.591
4.448
3.560
3.862
3.308
2.493
2.815
2.631
3.062
2.332
2.609
2.530
2.545
3.133
3.356
2.659
2.824
2.312
2.797
3.167
2.495
2.626
2.686
3.486
2.709
3.147
2.819
4.396
4.390
2.670
3.700
3.271
3.395
3.321
3.690
2.797
3.854
3.281
2.632
2.725
3.285
3.613
3.377
2.382
1.947
2.568
2.862
3.438
2.880
2.947
4.009
4.058
3.043
3.530
3.285
2.935
3.146
3.394
3.519
3.354
2.316
2.945
3.343
2.511
2.607
2.251
2.971
2.738
2.637
3.918
2.979
2.543
2.664
2.828
2.570
2.739
4.011
3.856
4.464
3.151
4.261
2.705
2.818
2.989
2.301
2.527
2.509
4.371
4.222
3.177
3.182
2.336
2.038
2.838
3.218
3.793
4.283
5.201
5.686
5.199
3.992
3.904
3.712
3.441
2.892
3.163
3.468
3.353
3.573
2.954
2.464
3.306
3.452
4.024
4.542
4.509
4.266
4.393
4.324
3.487
3.067
2.981
3.515
3.336
3.395
3.580
3.440
3.425
2.681
2.577
3.811
4.145
5.520
6.061
6.539
6.338
6.329
5.257
4.184
3.912
4.413
4.352
3.361
5.058
5.542
4.513
5.911
3.017
2.614
3.200
3.497
4.030
3.627
4.290
3.201
2.700
2.737
3.014
3.431
3.469
4.472
5.061
5.000
4.522
3.120
2.728
2.876
4.261
4.143
4.188
4.253
2.175
3.688
2.269
2.070
3.301
2.858
2.243
2.716
3.578
4.800
4.946
4.027
3.037
2.371
3.323
2.483
2.759
3.155
3.046
2.664
2.698
2.232
2.599
2.199
2.941
3.796
4.088
2.775
2.060
1.311
2.352
1.504
2.127
2.457
3.064
1.860
1.411
2.537
2.702
2.398
1.997
1.849
2.359
2.237
2.443
2.002
2.069
2.153
2.238
2.307
3.027
2.980
2.707
2.413
2.183
1.135
1.411
1.377
1.422
1.993
1.550
2.612
2.555
2.371
1.835
2.086
2.293
1.799
1.398
1.543
3.288
2.945
2.779
2.285
2.191
1.733
1.859
2.249
1.940
2.503
2.130
2.547
2.035
1.763
1.988
1.642
1.317
1.959
1.911
1.445
1.028
2.299
1.541
1.590
1.684
1.605
1.843
1.860
1.861
2.548
2.441
2.255
1.550
1.381
1.528
2.627
2.735
2.368
3.085
2.358
1.386
1.835
2.274
2.011
1.983
1.908
1.686
1.619
1.610
1.621
2.718
2.571
2.437
2.858
3.497
2.926
2.279
1.820
2.918
3.962
3.869
2.271
2.149
1.655
2.199
2.259
2.445
1.393
2.151
2.262
2.779
2.306
2.746
3.718
5.845
2.322
1.515
1.731
1.939
2.377
3.560
2.281
2.246
3.175
3.286
3.131
3.496
3.012
3.518
3.180
2.869
2.931
2.684
2.587
1.257
1.930
2.545
2.338
2.103
2.508
3.670
2.988
2.095
1.900
1.608
1.906
2.871
2.502
3.382
3.878
2.835
2.621
2.683
2.265
2.306
2.936
2.333
2.397
2.230
2.223
2.365
2.908
2.243
2.232
1.587
1.756
2.567
2.263
2.226
2.084
2.021
2.395
1.729
2.052
2.040
2.393
2.446
2.851
3.044
3.378
2.573
2.587
2.557
3.140
2.476
2.687
2.244
2.299
2.508
2.722
3.202
2.248
2.284
2.223
2.960
2.588
2.875
3.327
2.713
2.820
1.941
3.568
2.239
3.313
2.848
3.318
2.883
2.508
2.847
2.328
3.255
3.458
2.878
2.920
3.370
2.781
2.476
2.304
3.000
3.613
3.185
3.240
3.148
2.962
2.145
2.512
1.961
2.348
2.822
3.531
3.869
3.080
2.853
2.991
2.394
2.172
1.758
2.197
3.475
3.845
3.405
3.608
3.490
3.130
2.511
3.099
2.755
1.840
2.742
3.002
2.344
2.522
3.107
3.073
3.521
2.768
2.518
2.789
3.070
3.975
2.695
2.171
2.625
2.911
3.255
2.316
2.718
3.528
3.630
3.766
4.196
4.340
3.523
3.611
4.324
3.858
3.728
3.569
3.327
2.283
3.081
3.726
3.804
4.054
4.288
3.575
3.285
3.334
2.814
2.196
3.543
4.104
4.954
4.675
4.077
3.441
3.763
3.677
3.896
3.627
3.806
3.974
4.126
4.507
4.190
2.883
1.980
1.782
1.524
2.045
2.639
3.535
3.772
3.079
3.853
3.976
4.030
3.610
4.393
4.344
4.161
3.502
3.464
4.445
5.161
6.365
4.725
4.725
5.780
4.495
4.764
2.531
3.669
3.214
3.558
2.683
2.635
2.443
1.940
2.530
1.939
2.582
2.279
3.146
2.911
2.941
2.749
1.987
1.118
1.674
1.105
1.995
3.187
3.960
3.633
3.157
2.434
2.156
1.921
2.146
1.983
2.868
2.123
2.067
1.971
2.718
2.208
1.223
1.770
1.897
2.519
2.931
2.515
2.227
5.803
4.867
3.433
3.754
3.101
3.073
2.737
1.933
1.803
1.483
1.383
1.823
1.420
1.835
2.043
2.139
1.675
1.345
1.164
1.883
1.862
1.742
1.739
1.069
1.286
2.385
3.651
5.547
5.472
2.801
2.747
1.783
1.364
2.390
2.782
1.890
1.685
2.676
2.478
1.803
2.202
1.830
2.313
1.795
1.529
1.737
1.540
1.808
2.192
1.747
1.808
1.493
1.985
1.897
1.936
1.471
1.632
2.341
2.359
2.054
2.145
1.415
1.886
1.594
2.311
1.195
1.264
1.806
1.452
1.219
2.035
1.988
1.116
1.988
1.907
1.736
1.705
2.330
2.350
2.401
2.037
1.986
1.715
1.808
2.827
1.918
2.171
2.134
1.976
2.003
1.809
1.451
1.803
1.723
1.694
1.861
2.370
1.448
1.872
1.997
1.812
1.560
1.877
2.549
2.048
3.290
2.794
2.956
2.888
2.867
3.013
2.862
2.313
1.567
1.845
1.997
1.640
1.814
1.863
1.895
2.790
2.351
2.859
1.917
2.828
1.610
1.753
2.183
2.227
2.540
2.276
2.281
1.848
2.562
2.785
2.551
2.205
1.784
2.485
2.240
2.672
2.387
2.788
3.001
4.101
2.614
2.627
2.283
2.519
2.216
2.278
2.958
2.568
2.522
2.379
2.224
2.616
2.377
2.359
3.165
2.490
2.148
2.293
2.539
4.413
3.768
2.196
2.133
3.040
2.736
3.517
2.995
4.099
3.518
3.297
2.862
2.546
2.807
3.192
3.087
2.877
4.193
4.417
2.489
2.763
2.974
2.350
3.174
2.632
3.044
2.446
3.598
2.649
2.437
2.544
3.233
3.039
2.870
2.571
2.839
2.800
2.803
3.264
2.559
2.848
2.787
2.710
3.007
3.530
3.997
2.927
3.341
2.612
2.118
3.552
4.059
3.277
2.552
2.709
3.142
3.249
3.063
3.350
3.565
2.468
2.284
2.504
2.379
2.862
2.713
2.951
2.959
2.154
2.434
2.520
3.657
3.660
3.120
3.194
3.145
3.147
2.927
3.008
3.358
3.414
3.784
3.445
3.475
3.319
2.910
3.157
3.415
3.452
4.111
2.919
2.730
3.474
2.976
2.964
2.864
3.048
3.054
3.093
3.544
3.446
2.317
2.323
2.687
2.686
2.374
2.851
2.925
1.797
3.174
4.305
3.677
3.805
3.346
3.116
3.403
3.815
4.198
3.901
3.510
3.255
3.162
3.320
3.781
4.269
4.436
4.023
3.543
3.687
3.508
3.951
3.643
4.103
4.290
4.674
4.636
4.331
3.219
3.517
3.294
4.112
3.922
3.111
1.705
1.491
2.924
2.443
3.587
4.146
4.725
5.014
5.580
5.313
4.673
4.580
4.367
4.594
5.075
4.445
3.724
3.920
3.865
3.488
3.476
3.324
4.309
2.685
4.068
3.687
3.125
2.717
3.620
4.399
2.580
2.955
3.247
3.121
2.689
1.451
2.594
3.275
2.625
1.794
2.476
3.601
3.528
3.137
3.278
3.120
3.739
4.140
2.536
2.603
1.480
3.730
3.362
3.226
2.824
2.329
2.616
3.073
3.099
2.484
2.180
2.164
3.314
3.609
2.403
1.807
1.541
1.761
1.762
1.807
2.054
2.632
2.393
2.034
2.305
1.640
1.268
1.151
1.258
1.420
1.605
1.361
1.832
1.316
1.176
1.920
2.187
2.656
4.465
5.024
2.669
1.682
2.102
3.215
2.606
2.533
2.495
2.206
1.539
1.482
1.235
1.222
1.280
1.600
2.134
1.366
1.503
1.097
1.486
1.575
1.498
2.119
2.329
1.719
1.426
1.710
1.932
1.696
1.709
1.630
2.381
1.892
1.334
1.612
1.651
1.293
1.419
1.355
0.960
1.437
1.125
2.075
2.552
1.789
2.209
2.550
2.218
3.644
3.493
2.417
3.266
4.030
4.490
3.794
3.177
3.051
3.013
3.056
2.154
1.735
1.334
1.558
1.676
2.024
1.986
2.874
2.942
2.518
2.089
2.081
2.153
3.043
2.845
2.114
2.233
1.640
1.905
2.670
2.583
2.125
1.809
2.397
2.315
2.817
3.755
3.854
3.240
3.278
2.482
2.275
1.676
2.118
1.864
1.812
2.007
1.466
1.904
2.076
4.010
2.440
2.645
2.010
2.893
3.412
3.190
3.096
2.043
2.406
2.691
1.953
2.699
2.946
2.451
2.478
2.470
2.100
2.095
1.879
2.650
2.632
3.211
2.600
1.670
2.117
2.108
2.634
2.318
2.680
2.105
3.239
3.301
2.726
3.508
2.984
3.775
3.485
4.011
3.302
2.964
2.935
3.222
3.329
3.720
3.492
3.314
2.546
3.499
3.660
3.002
2.240
3.327
2.624
3.730
3.142
3.163
2.897
3.769
4.700
3.368
4.194
2.055
2.344
2.779
2.569
3.876
3.122
3.874
2.356
3.181
3.903
2.965
2.675
3.388
2.501
2.663
2.810
1.930
2.371
2.735
2.570
3.047
3.088
2.036
2.607
2.826
2.173
2.083
3.641
2.546
2.254
2.149
3.407
2.598
2.788
3.241
3.115
2.825
2.822
3.111
3.483
3.099
2.314
2.036
2.777
3.589
2.991
1.737
1.964
2.538
3.611
3.480
3.176
3.493
2.703
2.290
2.708
2.823
3.102
3.685
2.921
3.125
2.741
2.922
2.008
1.813
2.535
2.117
3.960
3.374
2.910
3.086
3.608
2.815
3.299
2.980
3.203
3.512
3.155
2.454
3.299
4.011
3.446
4.434
4.119
3.180
2.240
3.143
3.233
3.452
3.646
3.499
3.471
4.051
4.691
4.152
4.325
4.318
4.605
4.661
3.733
4.123
4.268
3.928
3.801
3.488
2.659
2.113
2.355
3.287
4.271
3.768
3.138
3.937
4.018
3.808
3.464
2.685
1.847
2.253
2.331
2.969
1.638
1.917
2.648
3.434
3.557
3.170
3.071
3.287
3.354
4.099
3.769
4.084
3.827
3.056
3.585
3.498
3.925
2.392
2.761
1.733
1.938
2.533
2.201
1.910
1.491
2.965
2.834
3.187
1.799
2.218
2.873
2.649
1.681
1.688
2.076
1.862
2.209
2.248
2.445
1.181
2.590
3.579
2.428
2.059
2.270
2.628
3.076
2.407
2.069
1.826
1.925
2.257
3.142
3.315
2.421
2.002
1.837
3.019
3.158
1.961
2.098
2.603
2.887
3.350
2.242
2.296
2.001
2.320
2.652
2.666
2.761
2.437
2.123
2.161
2.174
1.811
2.219
2.748
2.638
2.540
2.269
1.723
1.181
1.126
1.560
1.438
1.348
1.600
1.830
2.029
1.847
2.231
1.225
1.832
1.654
1.495
1.149
1.657
1.544
2.949
5.593
4.617
5.259
3.376
1.929
1.656
1.565
1.582
2.165
1.925
1.397
1.332
1.597
1.700
2.262
1.177
1.825
1.789
1.748
1.994
1.894
1.611
2.100
2.086
1.958
1.621
1.686
1.095
3.117
3.389
2.703
1.621
1.558
1.237
1.354
1.194
1.210
1.388
1.240
1.372
1.819
1.917
1.195
1.399
1.950
2.355
2.096
1.801
1.523
1.587
3.092
2.635
3.046
2.303
1.406
1.397
1.346
2.122
2.525
1.469
1.373
1.195
1.543
2.728
3.147
1.953
1.880
1.904
1.628
2.429
2.208
1.938
1.498
1.767
1.600
1.955
1.632
1.738
1.934
1.728
1.400
1.441
1.596
1.583
1.639
2.279
2.588
2.020
2.650
2.157
2.307
2.402
3.082
2.350
2.747
2.469
3.170
2.872
2.398
2.255
2.622
2.134
1.796
3.334
3.666
2.994
3.224
3.480
3.099
2.613
2.503
2.312
2.374
2.627
1.934
3.986
2.741
2.913
1.981
2.396
1.959
2.732
1.881
2.393
2.758
1.786
2.246
3.105
2.784
2.738
2.541
2.354
2.112
2.398
3.847
2.890
2.468
2.662
1.682
3.410
4.215
2.308
2.081
1.736
2.259
2.330
1.954
2.880
1.789
2.841
3.515
3.443
3.373
2.914
2.049
2.866
3.306
1.989
2.200
2.445
2.946
2.816
2.728
3.305
2.174
2.635
3.004
2.890
3.006
2.513
2.851
2.788
3.845
2.605
2.250
2.608
3.251
2.740
2.635
3.427
2.692
2.602
2.904
3.835
3.407
3.045
2.654
3.535
4.420
2.438
2.590
3.232
3.582
3.562
2.202
2.045
2.472
3.015
3.063
3.121
2.907
2.667
2.952
3.337
3.199
1.797
1.723
1.761
2.977
3.118
2.324
3.215
2.707
2.049
2.608
2.877
3.533
3.627
3.346
3.234
2.824
2.421
2.160
3.091
4.069
3.579
3.599
3.258
4.214
3.934
3.342
3.889
2.463
2.347
3.543
3.410
3.759
3.103
3.729
4.145
3.111
2.686
2.658
2.982
3.833
4.488
4.287
3.791
3.144
2.779
3.141
3.343
3.055
3.992
4.227
3.765
3.304
2.782
3.905
3.937
3.708
3.949
3.739
3.403
3.894
3.993
3.522
4.401
4.675
5.296
5.508
6.022
5.338
3.902
3.921
4.455
5.279
5.408
4.825
4.642
4.402
4.737
3.587
3.048
4.204
4.191
3.831
3.007
3.019
2.978
2.448
1.993
2.540
2.199
2.250
3.439
2.902
3.611
3.711
4.017
4.405
4.398
3.398
2.527
2.272
2.071
2.162
1.390
1.999
