20000101
3.646
3.350
2.289
2.194
2.218
2.912
2.216
2.048
1.959
2.306
2.917
3.379
3.230
3.120
3.421
5.519
5.433
3.850
3.380
2.856
3.007
3.345
1.390
1.956
2.685
2.939
4.987
4.741
2.526
2.990
3.852
3.010
3.030
2.676
4.257
4.457
2.801
3.092
2.915
2.868
3.538
3.459
3.137
4.107
5.104
3.510
3.447
3.317
2.813
2.353
3.572
4.085
3.527
4.814
5.431
4.010
2.945
2.034
2.129
2.662
4.699
4.230
4.811
5.034
2.040
3.562
3.576
4.320
2.888
3.925
5.373
6.131
3.665
2.064
2.595
2.888
3.500
2.159
3.357
3.436
4.050
3.316
4.113
4.767
3.491
3.174
2.524
2.985
3.285
3.058
3.781
4.617
3.743
2.219
2.949
2.739
2.730
3.293
4.718
2.969
2.984
2.688
3.236
3.613
3.670
3.385
3.035
3.391
3.144
4.081
4.313
4.859
5.011
4.461
5.606
5.209
5.595
5.391
5.679
5.093
5.321
4.816
3.504
3.920
3.727
3.511
2.957
2.528
3.585
3.669
3.498
3.976
4.345
2.987
3.144
4.518
4.368
3.938
2.749
3.029
4.734
3.989
4.820
4.533
4.721
4.957
5.154
4.214
3.867
4.456
3.920
3.995
4.308
3.708
2.894
3.552
3.695
2.373
2.849
3.604
3.747
4.059
4.887
4.642
5.359
5.178
5.531
5.759
5.222
4.413
3.715
4.385
4.343
5.233
4.476
4.840
5.140
5.183
4.691
3.535
3.379
3.066
2.317
3.020
2.909
1.956
2.179
2.950
3.881
3.826
4.018
3.545
3.372
3.231
2.843
3.901
5.591
5.651
4.068
3.811
4.338
4.946
4.567
4.380
4.098
4.489
3.953
3.892
3.644
3.037
2.441
2.775
4.034
4.504
5.236
3.873
3.846
3.398
3.305
3.074
3.186
3.797
2.108
1.824
2.217
3.028
3.513
3.432
3.428
3.496
3.049
2.111
2.467
2.122
1.438
1.737
1.910
3.252
4.031
2.238
2.927
3.978
4.579
3.533
2.717
3.337
3.522
3.175
2.469
2.763
3.012
2.320
3.265
3.595
3.113
2.498
2.469
2.332
2.689
2.240
2.783
2.866
2.427
2.033
1.706
1.277
1.733
1.764
1.451
1.596
1.786
1.677
2.399
2.008
2.246
2.444
3.385
2.066
2.143
1.891
1.578
1.950
1.677
1.172
1.041
1.990
2.540
2.706
1.858
2.246
2.015
1.856
2.403
1.678
2.854
2.499
2.622
2.283
1.863
1.600
2.440
2.057
2.201
2.359
2.178
2.122
3.244
2.834
2.200
2.604
2.612
1.749
1.860
2.977
2.550
2.748
2.689
2.710
3.078
3.016
2.544
1.593
2.734
3.308
2.753
2.456
2.210
2.178
3.255
2.856
2.782
3.094
3.777
3.445
3.030
4.268
4.184
3.781
2.629
2.335
2.260
2.689
2.257
2.824
2.992
2.220
2.213
2.134
2.498
2.486
2.420
2.661
2.849
2.701
2.499
2.717
2.491
2.379
2.380
2.244
3.169
2.430
2.795
3.272
4.302
4.092
3.144
2.151
3.326
3.368
3.700
3.687
3.348
3.384
3.234
3.573
3.846
3.528
3.337
3.347
3.085
4.975
4.678
3.524
3.302
3.808
3.988
3.267
3.018
3.005
2.581
2.596
2.771
3.293
2.861
3.269
3.573
3.862
3.817
3.216
2.811
2.811
2.459
2.289
2.902
3.403
3.286
2.845
2.586
5.172
4.585
4.058
2.345
2.612
2.861
3.126
4.059
2.228
3.328
3.695
4.081
4.000
2.775
2.910
3.562
4.255
5.016
3.889
4.373
3.758
3.562
2.350
2.654
3.350
3.019
3.182
1.992
2.401
2.547
3.032
3.266
3.114
2.160
3.577
3.998
2.364
2.825
1.874
2.331
3.413
4.181
4.071
5.158
3.988
3.444
2.915
3.425
2.825
2.718
2.432
2.682
2.290
3.140
3.903
4.426
3.491
3.910
3.607
2.259
2.760
3.383
3.178
3.227
2.788
2.894
2.567
2.627
2.476
2.299
3.373
4.639
4.049
4.243
4.722
3.827
3.290
3.693
4.189
3.971
3.421
3.262
4.256
4.282
4.335
5.063
5.419
4.485
3.905
4.138
4.276
4.567
4.783
5.525
5.112
4.393
4.593
4.194
3.581
2.970
3.337
4.818
5.152
3.582
4.326
5.002
3.965
3.868
4.135
3.838
3.502
3.932
3.943
2.892
2.133
2.661
2.802
2.433
2.873
2.191
3.593
2.814
2.760
3.388
2.951
2.869
3.990
5.087
5.222
4.933
4.746
4.694
4.431
5.280
4.991
4.930
3.844
2.850
2.710
3.031
2.751
3.253
2.924
3.054
2.806
2.232
2.228
2.999
3.472
3.970
3.090
4.320
4.807
4.868
3.709
3.757
3.780
2.363
2.890
2.289
2.643
2.853
2.715
3.094
3.021
3.281
3.490
3.960
2.701
2.710
3.649
2.269
1.465
2.545
2.516
2.679
2.031
2.253
1.873
2.232
2.130
2.704
2.442
2.062
3.694
2.892
2.385
2.942
2.621
2.201
1.868
2.206
1.999
1.940
3.164
3.548
3.856
4.386
3.894
3.413
3.146
2.883
3.110
3.562
4.029
3.539
1.692
1.828
2.452
3.214
3.113
2.422
2.149
1.666
1.310
1.273
2.446
2.631
2.270
2.384
1.534
2.077
2.179
2.070
2.314
2.110
2.485
1.454
2.407
2.379
2.945
2.079
1.736
1.512
2.102
1.734
2.419
2.571
2.790
2.044
2.116
2.188
1.853
2.378
2.508
2.275
1.945
3.063
1.739
1.589
1.849
1.722
2.071
2.434
2.461
2.021
2.252
2.409
2.095
2.535
2.243
1.672
2.036
2.850
1.993
1.496
1.432
3.216
3.908
3.426
2.993
3.472
2.839
3.064
2.333
2.545
2.736
2.826
2.978
2.626
3.396
2.635
2.608
1.537
1.939
2.080
2.326
2.566
2.861
2.604
3.106
2.649
2.491
2.253
1.965
2.017
2.261
2.247
2.414
2.472
2.335
2.271
2.649
3.199
2.749
2.465
2.357
2.757
3.183
3.258
4.307
3.813
3.587
2.930
2.625
2.664
2.700
3.496
4.124
3.325
3.308
3.030
2.609
3.093
3.429
4.075
3.838
3.318
2.721
3.603
4.036
2.910
2.050
2.195
2.975
2.639
3.493
3.439
2.690
2.656
3.065
4.747
4.002
3.270
2.504
3.055
3.670
2.684
3.623
3.653
3.983
4.473
3.367
3.043
3.734
3.711
4.102
3.722
3.254
3.482
3.443
5.479
7.429
4.605
3.581
4.382
3.177
3.054
3.679
2.980
3.118
3.923
3.141
2.722
3.412
3.830
3.246
2.859
3.535
3.070
2.937
3.743
4.978
2.671
3.221
3.246
3.009
3.306
3.295
3.230
3.056
3.777
4.011
2.105
3.608
1.686
1.928
1.304
1.598
2.272
2.421
3.937
3.370
3.016
4.501
3.740
1.764
3.289
3.580
3.467
2.707
3.403
3.877
3.481
2.279
2.363
3.156
3.599
3.156
2.238
3.667
3.633
3.073
3.067
3.876
4.643
4.234
3.816
3.883
3.731
3.847
3.680
4.853
4.494
4.532
4.692
4.194
2.668
3.528
4.925
4.052
3.511
4.318
4.390
4.119
3.578
3.911
4.524
3.831
3.979
4.815
6.465
6.068
5.099
4.834
4.916
4.630
4.579
5.171
5.577
6.101
5.591
5.210
4.719
4.183
4.316
5.370
5.143
4.972
4.965
4.546
3.678
3.585
4.090
3.304
3.106
3.739
3.691
4.372
4.630
4.484
3.921
3.982
3.575
4.354
4.431
3.761
3.350
2.697
4.523
4.461
4.164
3.669
4.345
4.551
4.244
4.683
3.445
2.462
2.406
1.853
3.023
3.612
4.120
4.187
5.136
4.925
4.815
5.129
5.061
5.547
4.929
4.323
4.356
4.856
4.978
5.376
4.301
4.147
3.753
3.167
3.977
4.088
4.880
4.304
3.869
4.559
4.521
3.880
3.805
4.054
4.281
3.690
3.063
2.616
3.755
3.398
2.817
3.061
2.600
3.194
2.833
2.376
3.567
3.591
4.050
3.891
3.143
2.780
3.731
2.980
3.582
3.832
3.616
3.223
2.419
2.288
1.682
2.690
4.132
3.634
2.715
3.648
3.172
2.678
2.029
2.372
2.741
3.146
3.149
3.494
4.043
3.223
2.959
3.278
2.828
3.973
3.560
2.688
3.042
3.397
3.394
2.775
1.588
1.623
1.908
2.466
3.605
3.050
2.086
1.882
1.491
1.634
2.398
2.346
1.817
2.867
2.723
2.540
2.699
2.171
1.632
1.527
1.922
2.442
2.551
2.256
1.892
2.341
2.890
2.405
2.424
2.846
2.823
2.669
2.886
2.585
2.467
2.104
2.437
2.685
1.651
1.682
1.993
2.178
2.018
2.273
2.551
2.232
1.649
1.575
1.975
2.593
3.220
2.528
3.161
3.467
3.219
2.438
3.357
2.786
1.876
2.196
2.579
2.982
2.585
2.679
2.151
2.410
2.586
2.445
2.614
3.187
2.828
2.885
2.795
2.932
3.442
3.145
2.963
2.733
2.641
3.880
3.731
3.415
2.713
2.438
2.055
2.160
2.664
2.896
3.175
2.666
2.947
3.121
3.145
2.672
1.941
3.020
4.076
3.028
2.866
2.794
3.110
2.980
3.137
4.437
4.078
3.415
3.050
4.734
3.308
2.681
3.525
3.924
4.321
4.431
4.208
4.391
4.572
3.193
2.714
3.407
3.694
4.083
3.427
3.491
3.685
3.375
3.198
2.666
2.096
2.276
4.196
3.992
2.650
3.145
4.590
3.141
4.374
5.725
4.485
3.476
2.926
3.376
2.740
2.904
3.360
4.706
4.379
3.313
2.981
2.848
2.881
4.180
6.080
4.853
2.540
3.194
2.842
3.268
2.637
3.045
2.060
3.374
3.562
4.180
4.781
4.616
3.266
2.973
2.747
3.030
3.544
3.211
3.389
3.414
3.321
2.759
3.245
2.666
3.450
1.960
3.048
3.364
2.098
3.466
2.896
3.502
2.670
4.027
3.814
3.416
3.646
4.075
4.244
3.688
3.738
2.862
3.944
4.000
2.178
1.709
2.409
2.421
2.473
2.554
2.931
4.532
3.999
3.744
4.199
3.728
2.367
4.490
5.239
2.783
2.139
2.805
2.797
3.858
4.204
4.217
3.211
2.612
2.742
3.567
4.653
5.033
5.087
3.056
3.371
4.013
3.464
2.204
2.277
3.014
3.704
4.885
3.901
4.297
3.334
5.497
5.315
4.915
5.509
5.365
5.853
5.477
5.039
4.706
4.819
4.302
5.111
3.961
3.268
3.952
4.364
3.870
3.781
3.983
4.773
5.434
5.797
6.277
6.250
5.780
5.010
4.639
4.916
3.709
3.846
2.592
3.409
3.890
3.875
2.225
3.202
3.628
3.389
3.791
4.144
2.960
3.899
4.547
4.055
4.433
4.795
3.244
1.900
1.992
2.949
2.748
2.563
3.553
3.817
4.455
4.948
3.957
3.093
2.765
2.767
2.437
2.691
2.596
2.912
3.465
3.909
4.181
3.750
3.732
4.951
3.867
3.606
2.358
3.394
3.986
3.611
4.692
3.800
2.972
3.027
2.984
2.423
1.657
1.934
2.033
3.132
3.403
2.933
3.227
3.037
3.080
3.593
3.485
4.081
3.820
3.632
3.236
2.670
1.705
2.891
2.209
3.821
3.733
2.927
3.186
2.756
4.105
3.025
3.157
3.026
2.754
3.161
3.225
2.438
2.358
3.828
3.197
3.033
2.745
3.374
2.866
2.337
2.080
2.756
1.978
1.939
2.423
3.005
1.783
2.289
2.624
2.099
1.926
1.502
1.847
1.627
1.867
2.121
1.259
1.618
1.462
1.434
1.693
3.276
2.546
2.015
2.873
3.030
2.774
2.294
2.340
2.446
1.980
1.997
2.216
2.064
2.388
2.593
2.240
2.220
2.271
2.522
2.195
2.026
2.169
3.298
2.924
2.472
2.682
2.562
2.009
2.471
2.088
3.014
2.208
1.815
1.775
2.525
3.843
2.328
2.666
2.521
2.282
1.866
2.372
2.742
2.424
3.446
3.264
3.158
2.962
2.465
2.677
2.509
2.996
2.981
2.871
2.617
2.395
2.825
2.765
2.714
2.652
2.513
2.059
2.607
2.559
2.424
2.678
3.645
2.705
2.801
2.931
3.640
4.481
2.970
2.938
3.546
3.086
2.435
3.124
2.834
3.102
3.138
3.353
4.065
4.308
3.756
3.042
2.101
2.837
2.668
2.895
4.628
4.681
6.076
5.947
4.100
3.513
2.102
2.120
2.894
2.422
2.598
2.658
2.681
3.184
1.826
2.902
2.831
3.466
2.847
3.694
2.726
3.117
3.405
3.650
2.862
3.465
3.210
2.962
3.863
4.064
3.187
3.965
3.002
2.028
2.854
2.305
2.466
4.059
2.991
3.333
4.120
3.295
3.116
2.813
2.664
3.540
1.724
2.015
2.696
2.620
2.786
2.272
3.003
3.150
3.570
3.492
2.712
3.246
3.493
3.540
3.357
3.828
3.655
3.227
3.308
2.458
2.347
3.232
2.928
3.490
3.091
2.820
2.447
3.591
4.745
4.101
2.524
2.462
3.384
3.946
4.566
3.969
3.382
2.648
3.292
3.661
3.996
3.709
4.149
3.492
3.394
3.273
3.960
3.528
3.467
3.754
3.118
2.732
3.331
3.564
3.795
4.241
4.336
4.251
4.682
3.719
2.972
3.035
3.421
3.875
3.640
2.543
2.538
3.043
4.101
3.561
3.744
4.313
1.997
2.158
2.829
3.225
2.123
2.437
3.682
2.718
3.671
3.759
2.893
3.911
4.368
3.854
3.893
3.587
3.312
4.431
5.024
5.755
4.982
5.436
5.632
4.046
4.114
3.966
3.923
3.533
4.046
3.756
3.683
4.499
3.849
4.917
4.735
4.329
4.058
3.608
2.237
1.648
1.482
2.588
2.505
2.176
2.280
1.535
2.189
3.181
3.657
5.160
5.686
5.999
6.018
5.989
5.190
4.169
3.304
3.130
2.566
2.172
3.258
3.594
2.786
2.848
1.744
2.937
3.526
4.284
4.855
4.261
4.701
3.686
4.131
4.133
4.220
3.710
2.540
2.596
3.604
3.933
4.101
4.260
3.842
2.397
2.866
3.682
3.879
2.878
3.363
3.156
2.779
3.762
2.768
2.493
2.306
2.107
1.331
2.326
3.031
2.406
2.701
2.370
2.369
3.228
2.545
1.880
2.784
3.484
2.357
2.375
2.802
2.760
2.454
2.957
3.569
3.552
4.228
4.078
4.098
3.669
3.513
3.472
3.206
3.188
2.023
2.028
1.629
1.902
1.734
2.261
2.770
3.337
3.325
3.387
1.947
2.260
2.209
2.622
2.028
1.220
1.851
1.814
1.762
1.373
1.270
1.510
1.493
1.161
2.147
2.081
2.109
1.651
2.314
1.899
2.432
2.024
1.250
1.610
1.706
2.801
2.575
2.573
2.792
2.124
1.825
2.861
2.466
2.394
1.874
1.208
1.196
1.684
2.395
1.272
1.670
2.670
2.084
2.064
2.637
2.455
2.582
1.975
2.037
3.081
2.759
1.336
2.492
3.537
4.134
3.255
2.809
2.365
3.263
2.801
2.592
1.673
2.014
2.224
2.181
2.099
2.391
2.725
2.649
2.734
1.911
1.837
2.129
2.566
1.633
1.790
2.607
2.755
2.809
1.799
1.519
2.430
2.399
1.811
2.290
2.417
2.491
2.478
2.697
2.652
3.387
3.319
2.957
2.325
2.113
2.553
2.784
2.443
2.468
2.208
2.530
2.627
1.830
3.194
3.816
2.734
3.149
3.195
2.499
3.047
4.536
2.103
2.003
2.899
3.803
3.361
3.330
3.466
2.840
2.703
2.868
2.412
3.035
2.422
2.129
2.997
3.491
4.232
2.821
3.078
3.848
2.843
2.565
2.842
2.817
4.282
3.620
2.633
3.346
3.224
4.201
4.378
4.077
2.711
3.325
2.910
2.532
3.102
2.545
1.812
2.621
4.046
3.047
2.693
2.673
3.317
5.494
4.891
4.933
3.244
3.227
2.272
4.509
3.915
3.490
3.085
2.758
2.543
3.105
3.603
2.892
3.771
3.704
3.441
3.297
3.041
3.091
2.045
3.569
2.779
3.817
3.168
2.752
2.794
3.336
3.322
3.476
3.631
3.707
3.707
4.491
3.149
3.924
2.614
2.652
3.933
3.981
3.329
3.140
4.282
4.287
3.522
2.842
2.932
3.393
3.172
3.274
4.478
3.428
3.426
3.271
2.882
2.843
3.475
3.291
3.611
3.340
2.734
2.345
2.607
2.477
4.145
3.524
3.163
3.369
3.108
3.305
3.763
3.912
2.525
2.083
2.510
3.569
3.029
3.813
2.495
2.814
4.313
3.944
3.702
3.837
2.617
3.612
4.620
3.948
3.745
3.622
4.353
3.884
3.883
3.798
4.162
4.721
3.469
3.763
4.013
3.347
2.363
2.973
2.955
2.253
2.251
3.374
4.706
4.009
4.078
4.048
4.173
3.396
3.380
3.638
3.392
4.117
4.683
3.588
2.863
3.558
3.747
3.664
3.022
2.780
2.759
4.211
3.764
3.815
3.639
3.207
3.077
3.843
2.926
1.886
2.246
3.210
3.077
2.781
3.107
4.122
4.133
4.406
3.846
3.868
2.827
3.437
2.332
3.764
3.366
4.230
3.895
3.475
3.564
3.776
4.212
4.500
4.083
4.143
3.812
4.242
3.221
2.806
2.957
2.445
1.891
0.899
2.944
2.472
2.782
2.749
3.309
3.625
3.419
2.804
1.998
2.554
2.284
2.827
2.079
2.459
2.903
2.095
2.225
2.971
2.981
3.151
3.059
2.997
3.297
3.892
3.878
3.110
2.588
2.378
2.294
2.481
2.191
1.857
2.078
2.112
1.653
1.777
2.100
1.974
1.144
1.278
2.248
2.464
3.470
3.200
1.133
2.432
3.702
3.404
3.481
1.720
1.136
2.020
1.913
1.779
2.988
2.614
2.607
2.127
1.011
1.586
1.570
1.777
1.649
1.726
1.315
1.557
1.456
1.839
1.319
1.225
1.483
2.039
1.979
2.330
3.014
3.204
2.893
2.503
2.264
1.898
1.883
2.542
2.591
1.373
2.653
3.171
2.001
2.564
2.293
2.271
2.554
1.944
1.810
1.458
1.444
1.960
2.664
2.208
1.708
2.098
2.678
2.236
2.440
1.710
2.135
2.030
2.070
2.209
2.243
2.412
1.720
2.433
1.615
2.127
1.852
2.403
2.030
1.668
1.722
2.387
2.978
2.539
3.293
3.628
3.005
2.881
2.288
1.883
2.264
2.619
2.472
3.583
3.508
3.101
2.343
2.797
3.347
3.704
2.402
2.738
2.553
2.263
3.014
3.765
3.577
3.650
3.568
2.357
1.821
1.292
2.692
2.458
2.250
2.195
3.474
2.748
3.800
3.535
3.243
4.062
2.956
2.399
2.195
3.091
1.767
2.742
2.719
2.155
2.311
3.276
3.356
2.940
2.646
2.848
3.614
2.367
3.023
2.795
3.089
3.119
2.576
1.804
2.568
3.410
2.897
3.215
2.999
3.039
2.516
2.502
2.024
1.895
2.215
2.336
2.285
2.233
2.187
3.485
4.426
3.214
2.507
2.502
2.932
2.517
3.220
3.248
2.912
2.954
3.770
3.011
3.074
3.056
2.827
3.028
3.665
3.468
2.815
3.079
2.379
3.550
3.827
2.571
1.844
2.536
2.206
2.373
2.414
2.893
2.004
2.778
1.960
3.137
2.630
3.425
3.302
3.922
4.076
3.247
2.247
2.720
3.763
3.224
3.517
3.631
3.602
3.218
3.068
3.007
2.609
3.107
2.691
4.120
3.383
2.609
2.357
2.854
2.843
4.159
3.706
4.077
2.551
3.109
3.132
4.367
3.811
3.091
2.249
2.814
3.340
3.248
2.460
2.789
3.930
3.493
3.716
3.948
2.939
3.106
4.407
3.856
4.012
3.835
4.196
4.519
3.826
3.437
3.526
3.215
3.211
2.931
4.052
3.677
4.284
4.492
4.264
3.786
4.013
4.508
4.789
4.068
4.108
4.034
3.483
3.438
2.425
2.666
4.014
4.030
4.275
4.042
3.821
4.098
4.027
3.902
4.889
4.781
4.566
3.547
3.894
4.131
3.245
3.317
2.857
2.847
2.821
2.885
2.605
2.689
2.189
2.126
2.323
2.057
2.685
3.007
2.161
2.477
2.536
2.619
2.001
4.137
3.577
3.302
4.063
4.103
4.575
3.669
4.042
4.120
3.975
2.916
1.907
3.211
3.297
2.308
1.662
1.812
2.356
2.927
3.068
3.406
3.685
2.758
2.247
2.229
2.549
3.699
3.297
2.342
1.788
1.923
3.123
2.489
2.915
3.122
3.635
3.480
2.059
2.554
2.022
1.707
1.662
1.697
1.766
3.330
3.891
4.034
4.099
3.237
2.904
2.666
3.237
3.723
3.071
2.264
2.274
2.754
3.534
2.717
1.570
1.762
1.933
1.323
2.761
3.363
2.261
1.750
1.584
1.602
1.518
1.461
1.743
2.797
1.618
1.233
1.620
1.916
2.304
1.932
1.601
1.680
2.093
1.685
1.809
1.785
1.857
2.452
2.204
2.333
1.055
1.490
2.113
2.592
2.107
1.869
1.630
1.687
1.901
2.049
2.047
1.653
1.795
1.923
1.888
1.866
2.232
2.149
1.588
1.625
1.210
2.427
2.178
1.962
2.039
3.428
3.117
2.434
2.490
2.975
2.622
3.557
2.778
2.061
1.973
1.530
1.698
1.903
2.115
3.111
2.921
2.090
1.876
2.396
2.194
2.119
1.942
1.402
2.345
2.078
1.892
2.169
2.674
2.734
2.592
2.627
2.772
2.389
1.681
2.268
2.666
2.704
3.330
2.369
2.848
2.691
2.942
2.977
2.990
2.688
3.641
3.400
3.007
2.611
2.356
3.373
2.370
2.334
2.299
2.131
3.038
3.255
3.310
3.078
2.158
3.005
3.254
3.294
3.021
2.853
2.629
2.329
2.278
2.534
3.927
3.450
4.444
3.577
2.852
2.726
3.913
3.487
4.325
3.008
2.986
2.545
3.601
2.888
2.942
3.067
2.157
2.581
3.597
4.375
3.890
3.490
3.379
3.057
4.339
2.988
3.232
3.101
3.614
3.319
2.582
2.669
3.067
1.457
3.526
4.360
5.411
4.333
3.100
4.332
2.437
2.908
2.609
2.401
2.687
2.773
3.968
3.806
3.339
3.589
4.398
3.415
2.650
2.610
3.879
3.953
2.913
3.236
3.417
3.782
3.777
3.281
3.386
3.301
3.429
3.929
4.512
4.415
3.549
3.270
3.418
2.943
2.780
4.315
4.617
4.549
2.568
3.378
3.844
3.492
2.667
3.370
2.883
3.173
3.542
3.306
3.633
3.448
3.451
3.041
2.706
2.739
3.482
3.980
2.670
2.010
3.776
3.410
2.778
2.435
2.449
3.485
3.208
2.361
2.592
2.665
4.150
4.001
3.592
3.341
3.530
3.358
3.260
3.988
4.233
3.985
3.925
3.080
4.067
3.636
2.130
3.891
3.136
3.825
3.639
3.591
4.359
4.574
4.052
4.911
5.067
4.355
3.485
4.098
4.192
4.672
4.317
4.252
3.580
4.415
3.799
3.962
3.638
3.359
3.076
2.657
2.662
2.919
2.997
3.445
2.057
1.704
3.503
4.349
4.784
5.288
6.067
5.933
4.462
4.473
3.949
3.913
2.979
4.187
4.039
3.571
2.393
2.219
2.441
4.764
5.509
4.757
3.096
3.931
2.418
1.372
2.487
2.948
2.173
4.698
5.660
4.593
4.267
4.640
3.105
2.827
3.544
3.136
2.764
2.722
3.003
3.182
2.134
1.796
2.626
3.439
3.774
4.023
3.734
2.779
1.949
1.923
2.863
3.373
2.483
2.696
2.007
2.076
2.500
2.081
2.058
2.144
2.380
1.295
1.967
2.082
3.323
3.398
2.910
3.662
3.861
4.336
3.837
3.306
3.692
3.570
2.683
2.877
2.108
2.004
2.630
2.098
1.441
1.439
1.070
1.706
1.577
1.658
2.099
1.699
1.290
1.788
2.590
2.283
2.635
2.557
2.911
1.703
2.456
1.939
2.009
2.514
2.734
2.659
2.202
1.476
2.039
1.514
2.059
1.750
1.090
1.347
2.438
2.212
2.110
1.764
1.716
1.754
1.987
2.062
1.569
2.032
2.093
1.981
2.012
1.943
2.468
2.461
2.156
1.301
1.943
1.731
1.659
1.348
2.461
1.625
1.448
1.742
1.784
1.680
1.722
1.649
1.837
2.392
2.660
2.496
1.826
2.383
4.119
4.155
3.579
3.674
3.504
2.609
2.187
2.051
2.108
2.372
2.274
1.901
1.503
2.268
2.053
2.106
2.112
2.151
2.504
2.431
2.075
2.829
2.348
2.662
2.730
2.579
2.433
2.610
1.802
1.662
2.341
2.257
2.673
2.715
4.033
3.578
3.213
3.081
2.881
2.437
2.946
2.727
2.983
3.676
3.523
5.415
4.217
3.539
3.553
3.193
2.040
2.385
2.375
2.723
2.233
2.706
2.716
2.841
3.034
2.660
2.670
2.984
3.605
2.997
4.395
4.925
3.081
3.765
2.672
3.777
2.265
2.264
3.514
3.248
3.884
3.150
3.635
2.871
2.901
3.215
3.808
2.711
3.156
3.677
2.682
2.738
3.091
3.756
3.446
3.462
3.181
4.201
2.638
3.140
2.524
3.957
3.607
2.877
2.863
4.179
3.314
3.681
4.092
3.069
3.614
3.990
3.878
3.353
2.851
3.144
3.147
3.045
3.308
2.790
2.649
3.415
2.899
2.039
3.335
2.980
3.752
2.516
2.697
3.108
2.721
2.086
1.909
2.522
2.379
3.522
3.031
2.887
3.918
2.647
5.225
3.854
2.789
3.340
2.383
2.969
3.462
3.073
2.219
3.117
3.417
2.963
3.473
3.253
2.358
3.479
2.495
2.806
3.191
3.245
3.087
3.285
2.829
3.429
1.822
1.866
4.215
2.349
2.476
3.661
3.910
3.547
4.022
4.266
3.909
3.690
2.561
3.362
2.873
3.599
3.720
4.511
3.897
4.052
4.166
3.839
3.904
3.334
4.058
4.164
4.843
4.548
4.490
4.146
4.372
3.062
3.934
3.857
4.391
3.850
4.451
4.177
4.080
5.431
5.715
5.386
5.837
6.087
5.599
4.648
4.946
4.854
4.869
4.339
4.016
3.703
4.727
4.737
4.304
3.574
4.050
4.533
4.007
3.194
3.573
4.350
4.522
3.947
2.374
3.658
3.452
3.435
3.093
3.243
3.517
4.766
5.079
4.900
5.621
5.711
5.033
4.206
4.673
4.452
4.707
4.238
3.972
3.572
4.070
3.380
3.079
3.230
3.123
3.870
4.323
4.727
5.200
4.362
4.241
2.836
2.718
3.861
4.485
3.846
3.467
4.320
4.373
3.752
3.298
3.615
3.434
3.219
3.074
2.936
1.503
3.020
2.550
2.986
2.668
1.586
2.491
2.509
2.715
2.590
3.000
2.711
3.060
3.788
4.101
3.208
3.813
2.888
2.716
3.973
4.547
3.284
3.229
2.965
3.315
2.857
2.949
2.657
3.024
2.555
1.904
1.598
1.947
2.374
2.242
2.883
3.091
2.861
2.323
1.547
2.004
1.908
2.375
2.647
2.237
1.528
1.183
1.604
2.045
2.380
2.124
1.964
3.717
2.041
1.671
1.330
1.880
2.596
1.991
2.356
2.216
1.945
2.037
2.433
3.168
2.711
2.709
2.474
2.201
1.490
1.949
1.884
2.834
2.921
2.025
2.351
2.028
1.560
1.562
2.018
1.776
1.785
2.493
1.912
2.686
2.360
1.991
2.345
1.676
1.282
2.005
2.227
1.665
2.143
2.498
2.612
1.923
1.918
1.839
2.411
2.498
2.147
1.661
2.425
1.923
1.864
2.079
2.271
2.298
2.131
2.382
2.115
2.200
2.056
3.237
2.970
3.264
3.275
2.197
3.358
3.979
3.504
2.692
2.257
2.329
2.688
4.019
5.100
4.656
3.943
3.942
2.474
2.408
1.792
1.943
2.641
3.171
3.216
2.261
3.666
3.142
3.255
3.166
2.567
2.776
3.281
1.833
3.384
3.505
2.578
2.639
3.569
3.096
2.804
2.813
2.717
2.487
1.681
2.375
2.641
3.383
2.786
2.804
2.766
2.778
2.571
2.826
3.334
5.186
4.874
3.689
4.048
4.293
3.238
2.829
2.866
3.381
2.566
2.955
3.495
3.565
2.407
2.636
3.278
3.860
3.388
3.279
2.649
2.955
3.207
3.030
2.764
2.414
3.369
2.691
3.229
2.746
2.494
3.821
3.457
3.332
4.676
2.917
2.553
2.453
2.814
3.099
3.503
3.323
3.705
3.499
2.833
2.935
3.955
3.324
3.639
3.350
3.085
2.768
2.877
2.785
3.869
4.111
3.818
3.204
3.385
3.258
2.639
3.035
2.810
3.274
3.440
3.798
2.854
3.461
3.351
3.342
3.339
3.650
3.380
2.584
1.945
1.932
3.325
3.551
2.805
2.837
3.628
3.961
3.618
3.028
3.315
3.023
4.362
3.686
5.061
3.774
4.538
3.934
2.539
3.589
3.450
2.872
3.860
4.775
3.810
3.971
2.457
3.048
2.285
4.442
4.192
3.211
3.022
4.207
3.092
2.916
2.636
3.550
3.939
4.061
4.305
3.689
3.123
3.844
3.635
3.047
3.736
3.309
4.033
4.601
4.876
4.025
4.265
4.576
4.627
4.110
3.770
3.876
3.756
4.294
4.201
3.820
4.085
2.989
3.955
4.872
4.251
4.248
5.170
4.559
4.241
4.879
5.299
5.494
5.355
5.177
4.270
3.987
3.827
3.879
3.722
4.087
3.822
3.674
4.005
4.696
3.959
2.472
2.404
3.087
3.792
4.102
3.895
2.329
2.984
3.028
2.742
2.904
3.131
2.919
4.354
4.205
2.880
2.041
3.058
2.890
3.662
3.529
4.807
4.749
2.704
2.708
2.986
3.602
3.124
2.923
1.274
2.709
3.581
2.767
3.208
3.337
2.451
2.822
3.784
3.081
4.147
4.321
4.181
3.794
4.357
4.190
3.655
3.138
3.642
3.812
3.925
3.951
3.609
2.406
3.365
3.011
2.724
3.559
3.016
3.417
3.537
2.753
3.260
3.219
2.974
3.180
3.564
2.697
3.029
2.334
2.536
2.152
3.008
1.353
2.065
3.551
3.656
2.114
1.790
2.828
2.804
3.192
2.950
2.802
3.084
3.847
3.156
3.457
2.272
2.746
2.777
2.603
2.169
2.049
2.364
2.710
2.427
2.514
2.484
2.501
2.709
2.720
2.482
2.723
2.475
1.998
2.657
2.273
3.309
3.525
2.263
2.236
1.712
3.189
3.190
2.709
2.338
2.134
2.095
1.779
1.811
2.027
2.453
3.101
2.792
2.411
2.399
2.349
2.109
2.829
1.940
2.206
1.487
2.026
1.459
2.126
2.089
1.917
1.910
1.358
2.280
2.216
2.436
2.136
2.195
2.049
1.860
2.498
4.224
5.145
2.077
2.497
2.556
2.015
2.509
2.903
1.997
1.776
1.836
2.494
2.410
2.407
2.166
1.932
2.347
1.942
1.938
2.203
1.728
3.238
3.221
2.418
2.418
2.825
2.663
2.887
2.117
2.435
2.588
2.987
2.575
3.245
2.598
3.289
3.232
2.939
3.753
2.305
1.928
2.792
1.987
2.638
3.189
2.230
2.576
2.517
2.907
2.406
2.766
4.175
3.942
3.181
3.677
3.269
4.093
4.224
3.173
3.748
3.060
1.976
3.770
4.166
4.100
4.265
3.786
2.751
2.489
2.491
3.257
2.456
2.284
2.335
2.558
2.807
3.293
2.805
2.812
2.470
2.979
3.337
2.568
2.567
2.820
3.676
2.506
3.221
2.976
4.419
4.977
2.701
4.003
2.863
3.039
3.095
3.665
2.918
3.612
3.478
2.684
2.533
3.331
3.698
3.732
2.311
1.800
2.557
3.104
3.773
3.185
3.307
4.269
4.311
3.322
3.842
3.456
2.679
3.067
3.415
3.571
3.627
2.488
3.250
3.722
2.678
2.471
2.147
2.919
2.641
2.669
4.235
3.261
3.014
2.942
3.123
2.942
3.090
4.314
4.063
4.753
3.439
4.219
2.905
2.821
2.946
2.245
2.603
2.739
4.606
4.592
3.468
3.546
2.243
1.875
2.858
3.500
4.033
4.514
5.252
5.811
5.347
4.331
4.236
4.047
3.728
3.233
3.318
3.682
3.585
3.882
3.460
2.466
3.481
3.730
4.305
4.654
4.685
4.602
4.697
4.569
3.714
3.300
3.194
3.781
3.672
3.542
3.836
3.878
3.834
2.676
2.598
4.022
4.333
5.707
6.239
6.735
6.538
6.493
5.379
4.358
4.095
4.622
4.500
3.621
5.443
5.783
4.821
6.125
3.380
2.773
3.253
3.619
3.734
3.664
4.301
3.425
2.554
2.614
3.195
2.917
3.836
4.750
5.390
5.229
4.622
3.144
2.832
2.904
4.386
4.299
4.393
4.409
2.439
3.696
2.259
1.902
3.200
2.774
2.167
2.837
3.800
4.954
5.030
4.163
3.338
2.684
3.400
2.388
2.772
3.254
3.046
2.607
2.729
2.490
2.639
2.266
3.066
3.666
3.928
2.552
2.180
1.392
2.594
1.826
2.010
2.595
3.358
2.384
1.345
2.734
2.848
2.395
2.080
1.965
2.583
2.521
2.638
2.008
2.225
2.208
2.393
2.541
3.304
3.413
2.978
2.743
2.056
1.107
1.245
1.192
1.459
2.040
1.661
2.499
2.567
2.257
1.933
2.292
2.501
1.843
1.633
1.615
3.319
2.753
2.590
2.403
2.329
1.909
1.964
2.223
2.191
2.448
2.358
2.854
2.228
2.132
2.213
1.774
1.333
2.112
1.799
1.662
0.982
2.196
1.608
1.916
1.728
1.575
2.002
2.065
1.983
2.637
2.505
2.198
1.362
1.434
1.684
2.744
2.580
2.655
3.253
2.651
1.484
1.748
2.339
2.204
2.195
2.028
1.956
1.850
1.634
1.586
2.658
3.055
2.854
3.165
3.733
3.136
2.513
2.143
3.150
4.362
4.302
2.380
2.210
1.784
1.922
2.237
2.365
1.368
2.270
2.068
2.702
2.333
2.625
4.246
6.501
3.111
1.276
1.602
2.003
2.566
3.627
2.355
2.310
3.764
3.491
3.239
3.906
3.317
3.966
3.215
2.867
3.068
2.602
2.689
1.491
2.125
2.407
2.097
1.963
2.333
4.055
3.197
2.046
2.257
1.721
1.693
3.069
2.558
3.658
3.434
3.227
2.787
2.709
2.618
2.399
3.810
2.588
2.756
3.090
2.412
2.441
3.171
2.869
2.458
1.703
1.971
2.718
2.164
2.577
2.378
1.919
2.411
1.890
2.300
2.207
2.518
2.228
3.101
3.270
4.171
3.032
2.968
2.383
3.619
2.727
2.916
2.300
2.358
2.557
2.806
3.126
2.144
2.507
2.231
3.098
2.617
3.098
3.335
2.829
2.860
2.288
3.702
2.419
3.332
2.620
3.420
3.008
2.710
3.003
2.242
3.259
3.866
3.344
3.537
3.521
2.552
2.396
2.447
3.345
3.567
3.418
3.276
3.392
3.092
2.340
2.468
1.914
2.232
2.865
3.775
3.945
3.143
2.829
3.114
2.388
2.068
1.802
2.426
3.486
4.086
3.450
3.748
3.682
3.154
2.486
3.005
2.683
2.017
2.756
2.990
2.536
2.744
2.970
3.132
3.727
2.882
2.510
2.600
3.011
3.921
3.041
2.484
2.768
2.716
3.374
2.466
2.877
3.726
3.642
3.635
4.254
4.487
3.727
3.271
4.580
3.878
3.695
3.699
3.567
2.365
3.258
3.904
3.913
4.184
4.445
3.593
3.268
3.255
2.831
2.371
3.580
4.110
4.711
4.774
4.229
3.779
3.997
3.801
4.039
3.673
4.004
4.190
4.335
4.472
4.264
2.871
2.014
1.798
1.541
2.141
2.957
3.858
3.769
3.231
4.165
3.955
4.044
3.457
4.415
4.571
4.550
3.590
3.683
4.652
5.262
6.408
5.061
4.560
5.699
4.745
4.260
2.015
3.600
3.428
3.627
2.753
2.516
2.275
1.795
2.437
1.793
2.398
2.316
3.067
3.049
3.130
3.122
2.255
0.835
1.525
1.085
1.863
3.223
4.113
3.884
3.417
2.439
2.292
1.801
1.871
1.904
2.889
2.290
2.225
2.114
2.694
2.278
1.066
1.740
1.944
2.611
2.950
2.670
2.364
4.772
4.634
3.408
3.377
2.782
3.096
2.775
2.070
1.975
1.618
1.467
1.746
1.505
1.929
2.189
2.194
1.868
1.501
1.300
2.167
1.912
1.449
2.207
1.148
1.463
2.297
3.608
5.147
5.023
2.710
2.744
1.735
1.456
2.611
2.388
1.726
1.819
2.563
2.453
1.847
2.324
2.052
2.593
1.900
1.526
1.855
1.500
1.864
2.288
1.868
1.871
1.567
2.252
2.137
2.139
1.737
1.518
2.240
2.249
2.050
1.752
1.850
1.914
1.403
2.177
1.399
1.414
1.889
1.354
1.399
1.915
1.841
1.096
1.854
1.925
1.899
1.995
2.490
2.298
2.199
1.913
1.978
1.758
1.935
2.679
2.167
2.371
2.222
2.046
2.204
2.074
1.549
1.776
1.828
1.911
1.903
2.294
1.418
1.853
1.936
1.948
1.755
1.826
2.975
2.432
3.612
3.007
3.125
2.964
3.126
3.534
3.119
2.505
1.885
1.949
2.126
1.835
1.943
1.934
1.924
2.840
2.320
2.957
2.605
3.695
2.581
1.984
2.300
2.477
2.650
2.335
2.516
2.044
2.775
2.986
3.056
2.457
1.801
2.579
2.946
3.486
3.190
3.028
3.087
3.793
3.424
2.806
2.437
2.568
2.297
2.320
2.901
2.811
2.988
2.508
2.985
2.825
2.414
2.512
3.198
2.344
2.286
2.460
3.070
4.918
4.214
2.183
2.120
3.102
2.610
3.822
2.958
4.763
3.800
3.476
3.621
3.070
3.079
3.174
2.698
3.007
3.945
4.124
3.366
3.437
3.402
2.733
3.173
2.652
3.253
2.239
4.131
2.804
2.622
2.427
3.384
3.118
2.915
2.578
3.028
3.233
3.005
3.115
2.674
2.788
2.793
2.752
3.123
3.652
4.012
2.894
3.381
2.751
2.300
3.762
3.852
3.217
2.737
2.880
3.277
3.425
3.201
3.397
3.709
2.611
2.562
2.712
2.440
2.675
2.705
2.993
3.002
2.427
2.751
2.272
3.786
3.914
3.466
3.446
3.331
3.493
3.168
3.143
3.502
3.732
3.933
3.615
3.578
3.521
3.145
3.265
3.729
3.700
4.214
3.153
2.914
3.669
2.960
3.361
3.005
3.246
3.251
3.403
3.870
3.636
2.417
2.563
2.877
2.904
2.428
2.893
3.032
1.569
3.155
4.135
4.032
3.983
3.511
3.204
3.479
3.921
4.296
4.160
3.512
3.302
3.151
3.559
4.015
4.485
4.660
4.120
3.802
3.771
3.569
4.131
3.817
4.155
4.367
4.739
4.573
4.431
3.511
3.412
3.335
4.294
4.196
3.396
1.712
1.451
2.760
2.519
3.881
4.129
4.805
5.099
5.755
5.415
5.019
4.923
4.588
4.806
5.287
4.576
3.979
4.074
4.056
3.565
3.701
3.788
4.250
2.777
4.287
3.871
3.265
2.778
3.962
3.873
2.757
3.110
3.372
3.161
2.698
2.228
2.737
3.432
2.753
1.991
2.481
3.402
3.528
3.109
3.253
3.313
3.740
4.124
2.627
2.620
1.649
3.795
3.098
3.242
2.810
2.330
2.523
3.058
3.075
2.443
2.225
2.259
3.390
4.073
2.600
2.171
1.715
1.655
1.703
1.718
1.897
2.688
2.482
2.074
2.402
1.722
1.246
1.090
1.329
1.136
1.383
1.184
1.558
1.151
1.403
2.131
2.250
2.635
4.156
4.521
2.471
1.379
1.616
2.767
2.507
2.562
2.405
2.085
1.360
1.281
1.005
1.095
1.167
1.423
2.074
1.515
1.423
1.083
1.425
1.667
1.727
2.477
2.456
1.773
1.131
1.556
1.524
1.972
1.698
1.701
2.427
1.852
1.530
1.463
1.324
1.442
1.501
1.537
1.369
1.533
1.013
2.110
2.537
1.979
2.196
2.737
2.371
3.695
3.234
2.538
3.393
4.231
4.772
4.298
3.558
3.303
3.106
3.235
2.255
1.733
1.474
1.725
1.730
2.099
2.081
2.785
2.906
2.778
2.370
2.289
2.498
3.232
3.006
2.463
2.355
1.693
1.980
2.802
2.734
2.122
1.542
2.894
3.116
3.754
4.423
4.113
3.708
3.917
2.561
2.582
1.754
2.200
2.022
1.831
2.163
1.570
1.792
2.371
4.587
2.407
2.765
2.789
3.662
4.145
3.971
3.591
2.838
2.950
2.677
2.062
2.511
3.141
2.666
2.562
2.561
2.725
2.229
2.084
3.288
3.496
4.120
3.489
2.048
2.098
2.077
2.717
2.414
2.619
2.107
3.161
3.381
3.501
4.452
4.015
4.683
4.449
4.584
4.189
3.536
3.461
3.595
3.750
4.212
4.279
3.867
2.702
3.752
3.581
3.207
1.859
3.999
3.554
4.137
3.528
3.494
3.232
3.979
4.942
3.595
4.157
1.755
2.789
2.955
3.112
4.248
3.228
3.994
2.672
3.506
4.206
3.013
2.453
3.523
2.526
2.683
2.832
1.973
2.337
2.812
2.571
2.727
3.286
2.218
2.734
2.893
2.345
2.402
3.679
2.697
2.385
2.438
3.094
2.546
2.741
3.332
3.336
2.924
3.109
3.078
3.542
3.222
2.468
2.264
2.713
3.547
2.869
2.125
2.272
2.572
3.409
3.497
3.143
3.491
3.032
2.368
2.814
2.976
3.308
3.792
3.067
3.102
3.118
2.533
2.290
1.881
2.371
2.081
3.710
3.413
2.797
3.109
3.568
2.904
3.234
3.097
3.405
3.624
3.284
2.690
3.410
4.050
3.615
4.337
4.033
3.259
2.040
3.036
3.182
3.592
3.712
3.552
3.635
4.305
4.801
4.274
4.450
4.306
4.752
4.569
3.988
4.420
4.428
4.027
3.558
3.460
2.619
2.317
2.842
3.544
4.144
3.798
2.638
3.500
3.601
3.447
3.111
2.294
1.563
2.422
2.390
2.951
1.536
2.089
2.741
3.344
3.602
3.304
3.171
3.343
3.291
4.282
3.857
4.245
4.026
3.111
3.856
3.424
3.917
2.498
2.551
1.777
1.988
2.442
2.285
2.026
1.488
2.626
2.797
3.143
1.906
2.251
2.749
2.599
1.617
1.788
1.804
1.816
2.177
2.228
2.411
1.717
2.213
3.450
2.414
2.247
2.118
2.674
2.944
2.406
2.287
1.912
1.825
2.310
3.145
3.320
2.466
2.010
1.708
2.781
3.000
2.110
2.199
2.727
3.072
3.545
2.431
2.067
1.918
2.567
2.707
2.902
2.831
2.283
2.216
2.285
2.168
1.794
2.230
2.751
2.700
2.644
2.332
1.601
1.216
1.184
1.498
1.339
1.019
1.518
1.833
2.038
2.026
2.307
1.192
1.686
1.377
1.091
1.376
1.629
1.233
3.056
5.695
3.853
4.917
3.328
1.448
1.644
1.628
1.696
2.214
2.075
1.228
1.230
1.812
1.876
2.248
1.469
1.888
1.965
1.755
2.308
2.245
1.768
2.262
2.025
2.081
1.308
1.676
1.360
3.494
3.765
2.847
1.810
1.902
1.507
1.408
1.589
1.566
1.636
1.155
1.281
1.970
1.830
1.126
1.271
1.640
2.164
2.267
1.917
1.721
1.702
3.394
3.133
3.536
2.726
1.610
1.520
1.371
2.337
2.613
1.705
1.533
1.264
1.826
3.105
3.703
2.303
1.864
2.294
1.691
2.463
2.246
1.901
1.583
1.858
1.703
1.992
1.753
1.758
2.120
1.685
1.635
1.576
1.705
1.639
1.856
2.170
2.744
2.031
2.989
2.629
2.559
2.908
2.868
2.246
3.090
2.913
2.832
3.336
3.113
2.253
2.432
2.134
1.719
3.791
4.027
2.647
3.526
3.876
3.476
2.953
2.761
1.842
2.489
3.034
1.822
4.692
3.393
2.464
1.979
2.855
2.245
3.159
2.401
3.032
3.051
1.844
2.168
3.103
3.115
2.708
2.448
2.314
2.022
2.384
3.966
2.743
2.093
2.879
1.310
3.441
4.331
2.754
2.007
1.708
2.457
2.252
1.909
2.923
1.722
2.850
4.039
4.088
3.710
2.702
2.182
2.841
3.333
1.936
2.407
2.409
2.777
2.571
2.637
3.044
1.831
2.356
3.084
2.908
3.198
2.781
3.017
2.976
4.019
2.741
2.321
2.848
3.289
2.842
2.691
3.454
2.789
2.857
2.879
3.934
3.470
3.196
2.555
3.633
4.602
2.428
2.528
3.415
3.700
3.708
2.429
2.361
2.409
3.023
2.804
3.142
2.884
2.786
3.136
3.486
3.216
2.008
2.049
1.990
3.104
3.304
2.224
3.179
2.740
2.321
2.429
3.108
3.755
4.102
3.620
3.477
3.096
2.527
2.304
3.374
4.485
4.036
3.693
3.445
4.262
3.863
3.468
4.263
2.863
2.726
3.696
3.353
3.773
3.450
3.996
4.303
3.252
2.750
2.392
2.643
3.827
4.729
4.345
3.959
3.257
2.711
2.889
3.304
3.027
4.108
4.317
3.972
3.672
3.072
4.041
3.874
3.847
4.090
3.772
3.226
3.939
3.939
3.420
4.593
4.858
5.074
5.319
6.012
5.210
3.968
4.144
4.633
5.291
5.456
4.967
4.780
4.461
4.825
3.797
3.360
4.407
4.328
3.819
3.075
3.272
3.073
2.296
2.102
2.713
2.131
2.070
2.988
2.758
3.761
3.898
4.105
4.636
4.647
3.396
2.636
2.412
1.942
2.304
1.565
1.925
