20000101
3.522
3.116
2.171
1.939
1.543
2.501
2.140
1.885
1.899
2.323
2.634
3.380
2.916
2.255
3.971
5.993
5.652
3.661
3.156
2.885
3.269
3.320
1.341
2.351
2.526
2.745
5.306
5.153
2.744
2.621
4.235
3.130
2.516
2.924
3.952
3.879
3.064
3.197
2.693
2.971
3.526
2.987
2.477
4.191
5.408
3.112
2.913
3.293
2.762
2.709
2.708
3.584
3.811
4.620
5.296
3.421
2.657
2.009
2.208
2.434
4.614
3.724
4.361
4.906
1.740
3.167
2.762
3.779
2.744
3.593
5.545
5.880
3.537
1.824
2.302
2.422
3.605
1.776
2.904
3.183
3.597
2.756
3.405
4.757
3.567
3.172
2.951
3.090
2.288
2.718
3.280
3.753
3.748
2.170
3.082
2.662
2.164
3.273
4.529
2.164
2.303
2.182
2.741
3.368
3.788
3.379
2.789
3.338
2.643
3.652
3.927
4.613
4.912
3.831
5.093
5.198
5.669
5.371
5.456
4.966
4.742
4.553
3.529
3.953
3.799
2.890
2.624
2.597
3.713
3.951
3.515
4.242
4.569
3.600
3.030
4.455
4.609
4.215
3.264
2.776
5.259
4.233
5.275
4.963
5.195
5.443
5.679
4.594
3.962
4.782
4.262
4.242
4.408
3.353
2.648
3.680
3.445
2.870
2.386
3.515
3.232
4.271
4.696
4.725
4.933
5.077
5.342
5.470
5.257
4.470
3.999
4.784
4.670
5.253
4.616
5.009
5.006
5.324
4.695
3.559
3.322
2.768
2.602
3.387
3.155
2.278
2.503
2.863
3.838
3.241
4.249
3.752
3.486
3.260
3.191
4.171
5.814
5.702
4.326
4.438
4.450
4.607
4.936
4.566
4.424
4.676
4.459
4.262
3.986
3.112
2.865
3.134
4.326
4.893
5.658
4.233
3.916
3.360
3.382
2.988
3.054
4.039
2.332
1.742
2.331
3.395
3.441
4.089
3.975
4.100
3.712
2.407
2.911
2.506
1.568
1.706
1.908
3.265
3.152
2.354
3.310
4.500
4.979
4.188
3.219
3.620
3.884
3.922
2.785
3.150
3.386
2.508
3.613
3.731
3.293
2.853
2.559
2.267
2.826
2.857
2.974
3.067
2.284
1.948
1.995
1.642
0.951
1.547
1.370
1.237
1.671
2.016
1.958
2.275
2.364
2.318
3.119
1.816
1.943
1.602
1.401
1.791
2.318
1.506
1.371
1.753
2.074
2.234
1.325
2.576
2.451
1.541
1.966
1.814
2.416
2.469
2.925
2.443
1.572
1.603
2.418
1.928
1.789
2.234
2.059
2.396
3.232
2.925
2.243
2.073
2.362
1.800
1.938
1.954
2.791
2.857
2.353
1.976
3.101
3.162
2.445
1.591
2.433
2.861
3.372
1.999
1.902
1.848
2.764
2.903
2.018
3.010
4.479
3.796
3.465
4.175
3.701
3.357
2.182
1.832
2.508
2.897
1.774
2.162
2.935
1.949
2.069
1.704
2.360
2.225
1.780
2.111
2.144
3.419
3.010
2.999
2.226
2.124
2.383
2.453
3.300
2.609
2.389
2.889
3.734
4.737
2.758
2.448
3.361
3.459
3.401
2.901
2.992
3.779
3.518
3.549
3.387
2.764
3.873
3.263
2.944
5.401
3.934
3.153
2.824
3.513
3.878
3.147
2.836
3.730
2.314
2.767
3.011
2.726
1.955
2.821
2.537
3.892
4.921
2.863
2.454
2.689
2.227
1.969
2.704
3.278
2.541
2.664
2.217
4.486
4.286
3.377
2.867
2.409
2.502
3.007
3.942
2.213
3.104
3.243
4.027
4.010
2.319
2.237
3.280
4.824
5.126
4.027
4.071
3.349
3.100
2.159
2.730
3.741
2.894
2.721
1.883
2.172
2.548
2.504
2.808
2.488
2.210
3.052
3.541
2.583
2.179
1.762
1.898
2.666
3.298
2.953
4.474
3.796
2.975
2.078
3.489
2.444
2.466
2.772
2.569
1.782
2.803
3.578
4.198
3.650
3.547
3.231
1.987
1.862
3.002
2.608
3.095
2.386
2.303
1.762
2.419
2.347
1.951
2.864
3.954
3.726
4.073
4.639
3.794
3.302
3.484
3.953
4.012
3.601
3.367
4.426
4.501
4.342
4.742
5.387
4.770
4.254
4.340
4.532
4.789
4.735
5.401
4.985
4.382
4.655
4.281
3.752
2.238
3.188
4.830
5.002
3.441
3.797
4.799
4.296
4.533
4.345
4.237
3.942
3.839
4.172
2.863
2.215
2.700
3.081
2.918
2.772
2.853
4.062
3.793
3.201
2.887
2.789
2.689
3.928
5.169
5.133
5.414
5.270
5.189
4.471
5.441
5.215
5.305
4.072
3.302
2.950
3.085
3.105
3.865
3.262
3.044
2.764
2.708
2.390
3.343
3.582
4.365
3.663
4.672
5.022
5.131
4.084
4.033
4.027
2.691
3.833
2.752
2.711
3.041
3.105
3.533
3.464
4.019
3.913
4.270
2.900
2.983
3.860
2.491
1.677
2.295
2.507
2.459
2.692
2.726
1.616
1.952
2.641
3.260
2.584
2.341
3.358
3.630
2.338
3.227
2.677
2.431
2.192
2.530
2.290
2.397
3.579
3.777
4.190
4.621
4.259
3.504
3.251
3.153
3.201
3.765
4.130
3.537
1.908
2.325
2.627
3.396
3.225
2.559
2.274
1.963
1.676
1.294
1.970
2.152
2.076
2.047
1.618
1.823
2.003
2.118
2.159
1.419
2.149
1.424
2.017
2.584
2.959
2.642
1.929
1.290
1.966
2.148
2.259
2.721
2.264
2.359
2.440
1.898
1.736
1.559
2.483
2.017
2.419
2.446
1.760
1.499
1.994
1.634
2.199
1.934
2.089
2.031
1.344
2.320
2.463
1.695
1.807
1.854
1.892
2.638
2.164
1.859
1.020
2.674
4.305
3.629
3.224
3.419
3.026
3.140
2.552
2.542
2.059
2.865
3.146
2.852
2.734
1.743
2.422
1.802
2.179
2.376
2.709
2.764
3.116
2.764
2.895
2.570
2.416
2.129
1.524
1.960
2.212
1.940
2.005
2.519
2.294
2.113
1.762
3.991
3.136
2.134
2.150
3.067
2.541
3.990
4.636
3.860
3.560
3.064
2.844
2.550
1.940
3.121
4.564
3.382
3.196
3.444
2.754
3.087
3.232
3.538
3.853
3.263
3.066
3.833
3.783
3.005
2.437
1.682
2.767
3.003
3.686
3.194
2.217
3.147
2.542
5.071
4.351
2.923
2.527
2.465
3.780
1.772
3.460
3.938
4.142
4.278
3.483
2.427
3.408
4.193
4.627
3.412
3.029
3.331
3.277
6.073
7.223
4.531
3.966
4.408
3.175
2.564
3.406
2.920
2.862
3.290
2.784
2.630
3.180
3.374
3.254
2.882
3.405
2.462
2.609
3.182
4.914
3.487
2.451
2.930
2.579
2.959
3.423
3.639
2.162
3.926
3.520
2.717
3.446
1.676
2.152
1.388
2.668
2.619
2.312
3.298
2.444
2.770
4.385
3.767
1.749
2.793
3.102
3.224
2.583
3.236
3.782
2.739
1.564
2.255
2.973
2.765
3.244
1.675
3.139
2.623
2.606
2.481
3.350
4.266
4.249
3.772
3.918
3.679
3.478
3.323
4.261
4.297
4.449
4.517
4.067
2.051
2.710
4.864
3.584
2.620
3.887
3.716
3.410
2.588
2.565
4.392
3.976
3.924
4.285
5.981
5.817
5.022
4.845
4.612
4.464
4.185
5.530
5.753
6.735
6.398
5.719
5.022
4.399
4.503
5.268
5.258
5.208
5.302
4.745
3.501
3.930
4.259
3.405
3.083
3.539
3.828
4.738
4.858
4.647
4.186
3.642
3.437
3.731
4.394
4.099
3.452
2.808
4.715
4.237
4.255
4.155
4.699
4.633
4.273
4.614
2.839
1.904
2.059
2.607
3.651
4.559
4.595
4.830
5.568
5.657
5.302
5.587
5.384
5.772
5.187
4.431
4.138
4.992
4.974
5.226
4.925
4.696
4.686
4.321
5.029
5.276
5.729
4.837
4.477
4.964
4.798
4.472
4.041
4.505
4.754
4.195
3.356
3.213
3.801
3.378
3.409
3.699
2.916
3.197
3.067
3.209
3.768
4.133
4.515
4.228
3.798
3.312
4.014
3.803
4.268
4.543
4.155
3.347
2.424
2.078
1.848
2.925
3.808
3.192
2.781
3.595
3.429
2.302
1.936
2.039
2.530
3.519
3.419
3.895
4.373
3.808
3.754
3.494
3.424
4.185
4.259
3.046
3.282
3.637
3.472
2.813
1.764
1.596
1.655
2.540
3.227
3.346
2.095
1.986
1.795
1.488
2.483
1.619
1.564
2.612
2.583
2.643
2.489
2.315
1.917
1.788
1.825
1.732
2.142
2.020
1.850
1.590
2.731
2.713
1.683
2.600
2.922
2.792
2.942
2.057
2.293
2.284
2.218
2.276
1.654
1.879
2.011
2.051
1.920
2.362
2.546
2.148
1.466
1.319
2.003
2.025
3.024
2.105
2.620
2.497
2.554
2.305
2.707
2.701
2.193
2.099
2.540
2.652
2.269
2.519
2.182
2.125
2.498
2.094
2.552
3.049
2.667
2.011
2.202
3.465
3.226
2.824
2.510
2.593
2.865
3.573
3.574
3.358
2.580
2.260
1.682
2.575
2.704
2.248
2.444
1.666
2.754
3.168
2.814
2.492
2.104
2.748
3.739
2.810
2.416
2.797
2.897
2.836
2.193
3.514
4.130
2.876
2.774
5.000
3.038
2.173
3.500
4.375
3.755
4.927
4.490
3.807
5.208
3.562
2.861
3.461
3.226
3.599
2.746
2.763
3.110
3.209
3.029
2.571
2.128
2.287
3.222
4.372
2.810
3.016
4.728
2.661
5.160
6.344
4.935
3.472
2.524
3.247
2.494
2.897
3.328
4.699
4.262
2.674
3.079
2.315
2.519
4.109
6.685
5.045
2.381
2.683
2.418
2.986
2.064
2.946
1.779
3.012
2.991
3.635
4.616
3.812
3.476
3.335
2.299
2.829
3.038
3.017
2.687
3.208
3.080
2.482
2.930
2.583
2.936
1.742
2.766
2.768
2.192
3.139
2.789
2.964
2.379
3.503
3.484
3.563
2.735
3.956
4.078
2.546
2.917
2.321
3.951
4.168
2.134
1.672
1.792
1.949
1.854
2.908
2.095
3.705
3.799
3.770
3.793
3.496
1.427
4.407
4.951
2.836
1.810
2.219
2.734
3.429
3.993
4.144
2.639
2.106
2.240
2.387
4.129
5.146
5.311
3.136
3.731
4.129
3.375
1.629
1.704
2.319
3.296
4.524
3.433
3.606
2.045
4.004
4.857
4.831
5.284
5.265
5.680
5.284
4.877
4.233
4.513
4.179
4.428
4.114
3.406
3.600
4.083
3.776
3.683
3.975
4.911
5.468
5.919
6.484
6.184
5.834
5.381
4.861
5.224
4.058
3.841
2.866
3.496
3.309
2.968
2.616
2.746
3.482
3.470
3.872
4.413
3.525
4.239
4.932
4.311
4.770
5.243
3.526
2.300
2.556
3.472
3.446
2.705
3.945
4.383
4.864
5.449
4.498
4.127
3.036
3.279
2.773
2.964
2.842
3.069
3.903
4.392
4.646
3.919
4.120
5.273
3.946
3.559
2.624
3.642
4.193
3.958
4.848
3.958
3.224
3.347
3.306
2.666
1.854
2.085
2.542
3.290
3.952
3.490
3.726
3.137
3.400
3.632
4.188
4.513
4.494
4.081
3.658
2.695
1.534
1.852
2.146
4.283
4.052
3.410
3.434
3.051
4.582
3.447
3.711
3.249
3.034
3.576
3.378
2.945
2.356
3.912
3.727
3.706
3.066
3.860
3.266
2.674
2.701
3.091
2.534
2.780
3.373
2.832
2.242
2.311
2.792
2.335
1.870
1.399
2.319
1.821
1.539
2.065
1.248
1.509
1.650
1.794
1.980
2.639
2.770
2.113
2.515
3.070
3.116
2.429
2.353
2.142
1.479
1.839
1.734
1.670
2.084
2.238
1.887
1.764
1.580
2.283
1.527
2.137
2.270
3.280
3.057
2.770
2.262
2.085
1.741
2.119
1.721
2.494
2.422
2.114
1.950
2.597
3.233
2.262
2.328
2.162
2.002
2.037
2.328
2.558
2.080
3.547
3.140
3.121
2.975
2.195
2.604
1.694
2.796
2.981
2.980
2.530
2.507
2.578
2.300
2.818
2.348
2.459
1.872
2.358
2.544
2.596
2.277
3.406
2.540
2.287
2.864
3.432
4.275
3.629
3.045
3.852
2.982
2.586
2.786
2.741
2.995
2.678
3.218
3.425
4.607
3.476
2.971
2.273
1.729
2.781
2.592
4.980
5.387
6.398
5.748
4.001
3.554
2.249
2.026
2.401
2.325
2.164
2.644
2.492
3.138
1.676
2.663
2.407
4.001
2.984
3.047
3.013
2.746
3.368
3.809
2.958
3.193
3.425
2.627
3.946
4.295
3.150
3.828
2.588
2.935
2.372
2.203
2.661
3.531
3.084
3.376
3.309
2.901
2.876
2.386
2.398
3.806
1.650
1.729
2.404
2.424
2.583
2.399
2.342
3.387
3.524
3.300
1.938
3.180
3.140
3.265
3.466
3.754
3.441
2.555
3.229
2.262
1.382
3.034
1.995
3.171
2.819
2.094
1.926
2.976
4.218
3.617
2.333
2.270
3.233
3.689
4.110
3.852
3.417
2.407
3.217
2.899
3.100
2.966
3.740
3.272
3.126
2.474
3.512
2.975
3.630
3.917
3.311
2.837
3.269
3.489
3.831
4.315
4.463
4.434
4.659
3.726
3.047
3.096
3.310
3.772
3.107
2.130
2.237
2.676
3.385
3.668
3.853
4.446
1.678
2.396
2.251
2.665
2.503
2.580
3.906
1.772
2.955
4.260
3.777
3.717
4.350
3.948
4.269
3.769
2.786
4.831
5.527
5.878
5.513
5.859
6.348
4.487
4.279
4.011
3.803
3.253
3.460
3.078
3.472
4.231
3.146
4.569
4.395
4.246
4.304
3.820
2.727
1.819
1.436
2.365
2.646
2.256
2.015
1.982
2.092
3.856
3.957
5.625
5.740
6.211
6.239
6.347
5.789
4.933
4.190
3.451
2.941
2.798
3.546
3.906
2.922
2.871
2.290
3.425
4.065
4.932
5.429
4.592
4.913
4.564
4.740
4.367
4.440
3.685
2.502
2.632
4.183
4.067
4.312
4.341
4.141
2.714
3.329
3.803
3.543
3.030
3.698
3.317
2.266
3.922
3.142
3.138
2.031
1.462
1.300
2.412
3.617
2.917
2.995
2.905
2.851
4.050
2.861
2.916
2.907
3.604
2.957
2.859
3.166
3.307
2.874
2.774
3.759
4.214
4.766
4.631
4.533
3.934
3.757
3.969
3.651
3.531
2.363
2.380
2.314
1.870
1.775
2.068
2.732
3.452
3.533
3.187
2.130
2.418
2.223
2.744
2.171
1.306
1.741
2.064
1.739
1.583
1.684
1.758
1.559
1.541
2.517
1.855
1.823
1.651
2.087
1.835
2.411
1.396
1.211
1.431
1.837
2.910
2.890
2.846
2.565
2.294
1.426
2.628
1.947
2.243
1.773
1.333
1.427
1.667
1.943
1.390
1.550
2.003
1.833
2.277
2.850
2.274
2.054
1.949
2.204
2.571
2.383
1.470
2.386
3.400
3.883
3.096
2.758
2.801
3.312
2.525
2.695
1.726
1.415
1.816
1.407
1.920
1.911
2.161
2.781
2.611
1.972
1.611
1.802
2.426
1.955
1.636
2.183
3.236
2.464
1.711
1.342
2.085
2.162
1.719
1.888
2.616
2.659
2.430
2.325
2.300
3.306
3.401
3.134
2.351
2.348
2.041
2.657
2.095
2.200
2.350
2.136
2.619
1.452
3.623
4.005
3.377
3.153
2.725
2.078
2.619
4.053
2.105
1.717
3.319
3.934
3.278
4.028
4.106
2.663
2.326
2.925
3.105
3.122
2.241
1.736
2.645
3.307
3.958
3.161
3.529
3.818
2.530
2.317
2.796
3.279
4.434
3.752
2.055
2.639
3.896
4.571
4.866
3.858
3.081
2.818
2.645
2.615
3.237
2.620
1.859
2.536
3.861
3.446
2.603
2.643
3.319
5.438
4.995
5.130
3.260
2.486
2.978
5.073
4.116
3.059
2.589
3.308
2.937
2.502
3.116
2.091
3.237
3.240
2.875
3.219
3.385
2.701
2.339
3.354
2.175
3.523
2.591
2.695
2.026
3.040
2.937
3.335
3.322
3.671
3.601
4.453
3.114
3.620
1.946
2.379
3.541
4.240
2.796
2.630
3.892
4.305
3.251
2.374
2.388
2.812
2.475
2.542
4.435
3.695
3.302
2.383
3.692
3.281
2.806
3.055
3.330
2.616
2.036
2.188
2.217
2.268
3.902
3.460
3.074
3.116
2.817
2.930
3.588
3.653
2.093
2.341
1.479
3.157
2.349
2.989
2.017
2.628
4.301
3.853
3.821
3.991
2.763
3.483
4.218
3.988
3.806
3.541
4.111
3.856
3.940
3.688
3.613
4.504
3.216
3.202
3.458
3.115
2.274
2.385
2.813
1.461
1.748
3.156
3.700
3.985
3.954
3.998
4.257
3.714
3.562
3.461
3.194
3.716
4.449
2.796
3.025
3.056
3.756
3.731
3.107
3.480
2.923
4.028
3.701
3.982
4.027
3.367
3.616
4.239
3.346
2.496
2.594
3.346
3.769
3.082
3.098
4.063
4.493
4.667
4.277
3.884
2.805
3.748
2.998
4.102
4.130
4.859
4.556
3.505
3.632
4.040
4.388
4.458
4.146
4.333
3.542
4.180
2.873
2.976
3.667
3.059
2.269
1.159
2.335
2.328
3.061
3.166
3.486
3.780
3.906
2.938
1.813
2.656
3.111
2.958
2.094
2.671
3.077
2.027
2.430
3.253
3.360
3.514
3.322
3.462
3.647
4.030
4.510
3.463
2.678
2.252
2.631
2.840
2.326
1.815
1.644
1.743
1.871
1.891
1.947
1.742
1.466
1.447
1.963
2.350
3.377
2.764
1.129
2.818
4.166
3.093
3.910
1.510
1.653
2.831
2.276
2.423
3.283
3.119
2.910
2.285
1.477
1.767
1.758
1.720
1.691
1.865
1.365
1.306
1.149
1.800
0.921
0.912
2.014
2.001
2.078
1.978
2.726
3.117
2.743
2.224
2.160
1.376
1.427
1.791
2.273
1.725
2.991
2.486
2.348
2.588
1.792
1.972
2.305
1.679
1.456
1.747
1.920
1.744
2.382
1.983
1.687
2.200
2.680
1.904
1.834
1.744
1.941
1.836
1.869
2.138
1.964
2.338
1.572
2.051
1.452
1.934
1.708
2.333
2.377
1.624
1.595
1.989
2.888
2.617
3.686
4.259
3.902
3.388
2.514
1.716
1.913
3.023
2.955
3.744
3.609
3.274
2.743
3.280
3.729
3.958
2.977
3.089
2.168
2.240
3.383
4.127
3.757
4.225
3.394
2.227
1.823
1.252
2.898
2.486
1.810
2.020
3.059
2.338
4.362
4.545
3.822
4.474
3.110
2.268
1.802
2.862
1.695
2.248
2.989
1.898
2.206
3.589
3.448
2.407
2.479
3.535
3.588
2.383
3.277
2.976
3.027
2.982
2.301
1.475
2.235
2.538
2.581
3.052
3.184
2.722
2.156
2.335
1.969
1.625
2.278
2.473
2.136
1.858
2.077
3.190
4.364
3.227
2.278
1.757
2.852
2.350
3.074
3.039
2.666
2.432
3.133
3.001
2.980
3.476
3.127
2.355
3.023
2.934
1.984
2.446
2.388
3.315
3.579
2.456
1.494
2.397
1.732
2.879
2.257
2.109
1.770
3.050
1.853
2.986
2.188
3.027
2.440
3.980
3.650
2.416
2.178
2.542
3.477
2.807
3.290
3.574
3.272
2.782
2.470
2.693
2.157
2.933
2.869
4.008
3.452
2.233
1.883
2.359
2.398
3.378
3.395
3.102
1.706
2.750
2.555
3.727
2.951
3.155
2.341
2.334
2.970
2.899
2.627
3.205
3.857
3.098
3.418
2.941
1.821
2.393
3.791
3.920
4.120
3.838
4.267
4.373
3.787
3.565
3.850
3.550
3.379
2.542
3.357
3.811
4.823
4.197
4.490
3.682
4.098
4.642
4.852
4.270
4.407
4.264
3.805
4.058
2.657
3.063
4.000
4.275
4.524
4.304
3.293
4.221
3.814
4.252
5.245
5.082
4.847
3.748
3.787
4.299
3.321
2.833
2.584
2.732
2.831
2.946
2.362
2.632
2.504
2.207
2.632
2.561
3.244
3.600
2.657
2.999
2.997
3.284
1.839
4.427
3.963
3.739
4.788
4.447
4.789
3.902
4.100
4.475
3.742
2.824
2.867
3.644
4.252
2.686
1.859
1.992
3.004
3.363
2.898
3.634
3.888
3.210
2.639
1.918
3.177
4.382
3.501
2.670
2.079
1.204
1.943
1.758
3.269
3.572
3.764
3.161
1.314
2.596
1.983
1.672
1.719
1.726
2.097
3.661
4.405
4.190
4.155
3.659
3.245
3.016
3.523
3.893
3.074
2.953
2.460
3.176
4.050
2.911
1.423
1.769
1.919
1.689
2.928
3.094
1.995
1.575
1.682
1.730
1.148
1.261
2.011
2.681
1.878
1.202
1.758
2.088
2.459
2.339
2.053
2.169
2.474
2.169
2.100
1.671
2.014
2.328
2.529
2.794
1.521
1.467
2.426
2.710
2.570
2.036
1.848
1.724
1.770
2.181
1.912
1.513
2.202
1.789
1.862
2.107
2.165
2.062
1.362
1.393
1.443
2.474
1.523
1.382
2.385
3.270
3.258
2.574
2.784
3.280
2.960
3.427
2.729
1.937
1.619
1.692
1.755
2.570
1.775
2.989
2.447
2.248
2.217
2.575
2.224
2.032
2.063
1.210
2.423
2.282
1.907
1.528
2.633
2.291
2.582
2.374
2.725
2.539
2.656
2.545
2.887
2.957
2.914
3.204
2.859
2.810
2.935
2.863
2.963
2.280
3.611
3.020
3.362
2.079
2.945
4.040
2.289
2.374
2.092
1.928
3.388
3.014
3.122
2.646
1.704
2.913
3.674
2.775
2.969
3.163
1.504
2.339
2.236
2.321
3.124
3.698
4.494
3.040
2.831
2.471
3.614
3.370
4.898
3.057
2.721
2.868
4.142
2.942
2.385
3.042
2.780
3.252
4.193
4.437
3.745
3.365
2.752
2.919
4.024
2.828
2.218
2.674
3.076
3.490
1.792
2.616
2.956
1.278
2.982
3.952
5.426
4.699
2.792
4.122
2.327
2.623
2.037
2.610
2.207
2.319
3.430
3.527
3.103
3.346
4.226
2.631
2.352
2.770
3.848
3.015
3.806
3.042
3.130
3.302
3.310
2.906
2.882
2.600
3.266
3.697
4.468
3.910
3.352
3.432
2.756
2.376
2.885
3.130
4.613
4.203
2.362
3.274
3.634
2.949
2.274
2.932
2.763
2.862
2.655
2.586
3.034
3.622
3.260
2.659
2.529
2.615
3.278
3.944
2.063
1.707
2.828
3.190
2.671
2.579
2.761
3.079
2.029
1.994
2.404
2.359
4.020
3.892
4.113
3.026
3.253
2.562
2.908
3.582
3.839
3.652
2.875
2.831
3.596
3.660
2.072
4.006
3.455
4.067
3.872
3.736
4.437
4.633
4.101
4.801
5.073
4.522
3.481
4.175
4.362
4.901
4.704
4.423
3.707
4.481
4.042
4.298
3.970
2.860
3.350
2.314
2.374
1.965
3.023
3.679
1.898
1.962
3.427
4.156
4.371
5.126
6.001
5.847
4.596
4.500
4.374
4.203
3.377
4.067
4.176
3.688
2.428
2.006
2.934
4.746
5.108
4.324
3.287
4.296
2.721
1.490
2.327
2.529
2.110
5.184
6.218
4.690
4.533
4.449
3.206
2.065
3.916
3.537
3.109
3.203
3.278
3.204
2.348
2.556
2.961
3.809
4.258
4.431
3.736
2.808
2.033
2.380
3.044
3.441
2.748
2.991
2.262
2.282
2.862
2.812
2.356
2.596
2.802
1.488
1.964
2.271
3.284
3.188
3.142
4.089
4.166
4.619
4.130
3.572
3.962
3.941
2.733
3.300
2.650
2.370
2.684
2.055
1.668
1.709
1.147
1.580
1.831
1.656
2.340
1.913
1.597
2.079
2.907
2.638
3.205
2.660
2.835
2.496
2.707
2.050
2.083
2.724
3.048
3.003
2.577
1.287
1.591
1.707
2.194
1.640
1.701
1.092
2.609
2.368
2.156
1.528
1.456
1.824
1.538
2.050
1.922
2.329
2.450
1.842
2.167
1.807
2.582
2.350
1.826
1.263
1.742
1.440
1.666
1.126
1.647
1.516
1.582
1.466
1.806
1.941
1.436
2.093
2.035
2.283
2.759
2.359
1.579
2.267
4.013
4.071
3.977
3.805
3.432
2.421
1.738
2.213
1.994
2.296
2.400
2.281
1.606
2.331
2.245
2.100
1.815
1.760
2.724
2.224
2.606
2.633
2.208
2.424
2.205
2.289
1.967
2.219
1.559
1.813
2.413
2.171
2.196
2.176
3.794
4.056
3.320
3.352
3.146
2.864
2.370
2.454
2.550
3.479
3.988
6.327
4.953
4.185
4.342
2.863
1.836
2.469
2.479
2.497
1.650
2.462
2.034
3.166
2.258
2.745
2.010
3.462
4.159
2.906
4.881
5.449
3.781
3.623
2.661
3.272
2.500
2.192
2.803
3.241
4.437
3.763
4.228
3.469
2.354
2.536
3.685
2.277
3.456
3.931
3.379
2.607
3.706
3.533
2.405
3.085
2.811
4.052
2.073
3.814
2.423
3.419
3.245
2.385
2.856
4.098
2.654
4.034
4.618
3.504
3.951
4.407
4.179
3.587
2.621
2.803
2.286
3.099
2.778
2.939
2.271
3.228
2.892
1.653
3.413
3.397
3.823
2.139
2.228
2.740
2.185
1.832
2.009
2.437
2.412
3.567
2.766
2.492
3.450
3.087
5.196
5.000
2.829
2.262
2.631
2.653
2.924
3.110
1.654
3.129
2.281
2.563
2.802
2.729
2.191
2.341
2.392
2.169
2.910
3.123
2.894
3.477
3.083
3.797
1.988
2.030
3.871
2.051
1.208
3.094
3.501
3.050
3.947
3.891
3.818
3.724
2.146
3.002
2.437
2.807
3.058
3.682
3.068
3.798
3.570
3.090
3.315
3.049
3.990
4.190
4.328
3.975
4.497
4.255
4.225
3.274
4.116
3.808
4.076
3.586
4.071
4.066
4.009
5.245
5.562
5.516
5.824
6.339
5.716
4.869
5.108
4.956
5.316
4.030
3.969
3.550
4.365
4.459
4.443
3.593
4.311
4.078
3.290
2.872
3.360
4.328
5.021
4.045
2.300
3.504
3.412
3.494
3.055
3.825
3.707
4.987
5.382
5.515
5.983
6.197
5.701
4.561
4.655
4.585
4.971
3.870
4.006
3.986
4.239
4.105
3.261
3.452
3.772
4.240
4.690
5.081
5.560
4.759
4.500
3.453
2.665
4.250
4.816
4.151
4.053
4.410
4.463
4.003
3.513
3.726
3.153
3.389
3.310
3.000
1.730
3.257
2.877
3.816
3.088
1.256
2.576
3.055
3.320
3.263
3.409
2.774
3.008
3.792
4.568
3.433
3.767
2.608
2.111
3.337
4.561
3.594
3.936
3.772
3.872
3.357
3.455
3.134
3.302
2.919
2.167
2.068
2.283
2.645
2.607
3.294
3.221
3.037
2.259
1.329
1.639
1.792
2.638
2.475
2.033
1.415
1.389
1.959
2.403
2.629
2.444
2.713
3.362
1.945
1.683
0.943
1.108
1.853
1.973
2.595
2.698
2.127
2.062
2.734
3.449
3.151
3.096
2.796
2.097
1.560
2.194
1.920
3.107
3.133
2.255
2.506
1.996
1.625
2.050
1.954
1.730
1.426
2.124
1.881
2.987
2.512
1.905
1.562
1.643
1.170
2.191
2.493
1.239
1.802
2.160
2.347
1.573
2.043
2.021
2.522
2.531
1.950
1.776
2.298
1.802
1.990
1.722
1.741
2.085
2.399
2.247
2.026
1.968
1.922
3.130
2.538
3.685
2.842
2.665
2.784
4.520
3.647
3.177
2.520
2.191
2.472
3.786
4.736
4.583
3.714
2.898
2.344
2.534
1.694
1.970
2.375
3.195
2.695
2.131
3.015
3.021
3.197
3.368
2.722
3.036
2.926
1.845
3.117
2.944
3.279
2.501
4.022
2.845
2.800
2.598
2.841
2.293
1.499
2.211
2.233
3.805
3.314
2.658
2.736
2.696
2.571
2.462
4.157
5.386
5.013
4.917
4.916
4.767
4.033
2.659
2.618
2.921
2.456
2.632
3.791
3.166
2.906
2.175
3.523
3.243
3.380
3.145
2.263
2.717
2.989
2.757
3.910
1.981
2.902
2.347
3.135
2.538
1.994
3.884
3.072
3.434
4.491
2.819
2.522
2.199
2.518
3.453
3.293
2.900
3.786
3.302
2.882
2.375
3.684
3.077
3.546
2.602
3.316
2.602
2.002
2.848
2.963
3.436
3.693
2.495
3.034
3.140
2.645
2.452
2.572
2.688
2.820
3.491
2.550
2.734
3.025
2.949
3.042
3.062
2.819
1.972
1.903
1.786
2.799
3.147
2.598
2.498
3.721
3.533
3.156
2.703
2.881
2.757
3.729
3.359
4.514
3.576
4.422
3.866
2.231
3.834
2.785
2.714
3.019
4.230
3.761
3.679
2.585
2.623
2.103
4.166
4.502
3.078
2.353
3.760
2.786
3.140
2.342
2.747
3.295
3.688
3.876
3.523
3.284
3.734
3.755
2.855
3.129
3.020
3.730
4.346
4.877
4.066
4.459
5.017
4.929
4.883
4.022
4.234
3.457
4.729
4.221
3.271
4.197
2.827
4.148
5.416
4.679
4.633
5.320
4.750
4.449
4.995
5.418
5.554
5.348
5.122
4.418
4.078
4.154
4.190
3.930
4.346
3.680
4.037
4.373
4.425
3.743
2.538
2.472
2.906
3.730
4.159
4.204
2.807
3.451
3.330
3.056
2.969
3.587
3.115
4.505
4.305
3.188
2.087
3.276
2.636
3.549
3.820
4.773
4.987
3.064
3.265
3.532
3.973
3.855
3.623
1.232
2.923
4.052
3.043
3.391
3.665
2.188
2.727
3.899
3.631
4.478
4.754
4.684
4.163
4.792
4.692
4.448
3.633
4.125
4.392
4.226
4.279
3.725
2.570
3.902
3.402
2.972
4.128
3.230
3.547
3.843
3.413
3.520
3.499
3.079
3.284
3.600
2.896
2.976
2.281
2.709
2.806
3.236
1.445
2.261
3.548
3.125
2.121
2.188
2.809
2.288
3.576
3.023
2.755
2.956
3.020
3.871
4.106
2.479
2.408
2.891
2.658
2.564
2.120
2.389
2.877
2.715
2.705
2.894
2.765
2.964
2.903
2.726
2.553
2.514
2.402
2.952
2.407
3.676
3.651
2.254
2.172
2.008
3.265
3.220
2.538
2.081
2.239
2.337
2.247
1.081
2.222
2.345
2.809
2.844
2.416
2.364
2.374
1.951
2.473
2.041
1.895
1.556
1.871
1.427
2.151
2.001
1.784
1.807
1.147
1.790
1.915
2.788
2.493
2.471
2.038
1.675
2.538
4.201
5.945
2.562
1.857
1.637
1.472
1.652
2.241
2.277
1.811
1.805
2.422
2.477
2.085
1.390
2.506
2.094
1.783
1.467
2.176
2.182
3.015
2.874
1.989
1.824
2.747
2.192
2.909
2.072
2.200
2.326
2.604
2.265
2.912
2.313
3.102
3.475
3.121
3.593
2.410
1.732
2.650
1.760
1.923
3.144
2.182
2.465
2.656
2.699
2.244
2.623
3.710
2.928
2.426
4.271
3.413
3.760
3.979
2.621
3.434
2.886
2.527
3.410
3.132
4.493
4.123
3.804
3.141
2.486
2.772
3.038
2.697
2.278
1.920
1.792
2.147
2.712
2.293
2.410
1.722
2.868
3.238
2.257
2.100
3.186
3.429
2.697
2.665
2.383
3.899
5.263
3.130
4.800
2.296
2.378
2.692
2.951
2.614
3.509
3.297
2.645
2.044
3.004
3.081
3.556
1.870
1.580
2.316
2.876
3.481
3.000
3.114
4.157
4.137
2.778
3.579
2.979
2.207
3.195
3.527
3.114
3.399
2.147
2.944
3.479
2.593
2.008
2.210
3.000
2.652
2.458
4.085
3.517
3.443
2.927
3.116
2.889
2.948
4.006
3.943
4.859
3.629
4.034
2.991
2.396
1.946
2.227
2.217
2.827
4.480
4.660
3.596
3.656
2.007
1.420
2.200
2.917
3.648
4.653
5.179
5.731
5.067
4.131
3.626
3.738
3.536
3.283
2.888
3.426
3.384
3.341
3.327
1.948
3.042
3.789
4.202
3.989
4.206
4.196
4.163
4.192
3.077
3.007
2.889
3.896
3.901
3.612
3.928
3.692
3.260
1.918
1.971
3.638
4.251
5.432
6.238
6.755
6.603
6.437
5.347
4.411
4.236
4.339
4.510
3.787
5.594
5.676
4.712
6.130
3.406
2.475
2.684
3.073
2.749
3.337
3.440
3.678
2.522
2.363
2.924
2.312
4.271
4.931
5.420
5.033
4.542
3.320
2.947
2.897
4.508
4.543
4.539
4.273
2.859
3.485
2.394
2.162
3.209
2.689
2.086
3.244
4.335
5.210
5.199
4.420
3.688
3.074
3.541
2.641
3.162
3.568
3.154
2.924
3.047
2.976
2.952
3.163
3.131
3.367
3.806
2.428
2.536
1.780
2.777
2.429
1.910
3.118
3.940
2.836
1.820
2.860
3.283
2.649
2.438
2.233
2.722
2.920
2.831
2.097
2.308
2.477
2.774
2.794
3.482
3.802
3.307
2.968
1.793
1.124
0.958
1.147
1.375
2.032
1.795
2.579
2.884
2.442
2.326
2.622
2.919
2.031
1.683
1.992
3.583
2.706
2.652
2.767
2.370
1.857
1.579
1.372
2.026
1.801
2.088
2.903
2.531
2.519
1.906
1.509
1.606
2.146
1.492
2.192
1.564
1.720
1.710
2.151
1.658
0.883
2.502
2.471
1.729
2.298
2.547
2.223
1.675
1.481
1.867
2.089
2.570
3.355
3.333
2.957
1.655
1.441
2.257
2.343
2.147
2.022
1.704
1.569
1.566
1.221
2.627
3.784
3.338
3.370
3.599
3.063
2.668
2.770
3.426
4.543
4.242
2.477
2.367
1.791
1.330
1.886
2.014
1.603
2.159
1.958
2.252
2.734
2.672
3.803
6.062
3.680
1.299
1.946
2.656
3.166
3.817
3.022
2.953
4.484
3.711
3.532
4.300
3.646
4.193
3.379
2.767
3.677
2.685
2.225
1.511
2.475
2.037
1.871
1.789
1.703
4.192
3.199
1.777
2.330
1.744
2.152
3.659
2.890
3.443
2.993
3.264
2.451
2.623
3.479
2.956
4.291
3.483
2.983
3.376
2.464
1.821
3.971
3.576
2.281
1.520
2.617
3.400
2.221
3.529
2.601
1.710
3.175
2.432
1.763
2.144
2.360
2.223
3.466
3.966
4.969
3.482
3.201
1.912
4.084
3.174
3.096
2.412
1.993
2.031
2.933
3.770
2.130
2.112
2.646
2.340
2.397
3.443
3.771
3.435
2.665
3.465
3.016
2.355
2.838
3.569
2.799
2.981
2.834
2.486
2.006
3.828
3.925
3.486
3.959
3.727
2.702
2.600
2.424
3.150
3.516
3.406
3.678
4.396
3.118
1.897
2.131
3.030
2.479
2.089
4.401
4.979
3.939
3.158
3.357
2.665
1.401
1.620
2.131
2.814
4.677
4.064
4.070
4.210
2.920
1.976
2.537
3.701
1.795
2.132
2.768
2.268
1.777
2.048
2.964
3.071
2.793
2.193
1.860
2.580
4.142
3.262
2.547
2.631
3.279
2.862
2.033
2.574
2.596
2.481
2.417
2.987
3.453
3.098
2.717
5.532
4.268
4.330
4.350
4.272
2.276
3.621
4.181
4.218
4.495
4.909
3.952
3.383
3.062
3.108
2.965
4.013
4.743
5.295
5.817
5.320
4.560
4.495
4.118
4.361
3.707
4.110
4.451
4.929
4.946
5.125
3.393
2.535
2.409
2.140
2.419
3.428
4.764
4.177
3.855
4.531
4.052
4.526
3.864
4.867
5.096
4.862
4.219
4.042
4.961
5.454
5.584
4.650
4.816
5.070
4.846
3.711
3.505
4.078
4.663
4.192
3.515
3.110
2.829
2.336
2.635
1.690
2.602
3.307
3.502
4.177
3.670
3.651
2.974
1.714
1.730
1.474
1.720
4.092
5.114
4.985
4.477
3.750
2.745
1.960
1.868
2.084
3.053
2.998
2.696
2.628
3.006
2.724
1.563
2.082
2.324
3.216
3.676
3.697
2.617
4.428
4.906
3.768
3.523
2.664
3.740
3.376
2.658
2.441
2.005
1.158
1.548
1.491
1.955
2.029
2.092
2.475
1.878
1.935
2.573
2.241
1.172
2.532
1.437
1.909
2.612
3.621
4.260
4.615
3.075
3.248
1.957
1.645
2.981
2.109
1.908
2.090
2.879
2.905
2.658
2.873
2.311
2.638
1.976
1.618
2.143
1.842
2.037
2.502
2.326
2.101
1.785
2.605
2.996
2.812
1.973
1.149
2.154
1.728
1.793
2.445
1.820
1.968
1.411
2.038
1.543
1.772
2.205
1.465
2.130
2.143
1.649
1.461
2.499
1.713
1.503
1.958
2.993
2.383
2.261
2.233
2.064
1.992
2.354
2.739
1.967
2.766
1.384
1.442
1.956
1.701
1.494
1.575
1.670
1.993
2.853
2.372
1.403
1.596
1.603
1.785
1.540
2.442
3.405
2.958
3.765
3.187
3.376
3.103
3.317
3.961
3.756
2.624
2.500
2.492
1.923
1.912
1.776
1.829
1.769
2.679
2.134
3.246
3.245
3.900
3.227
2.423
2.453
2.824
2.710
1.951
2.298
1.963
2.766
3.939
3.476
2.368
1.689
2.442
3.884
4.317
4.069
3.710
4.492
4.058
4.196
3.231
2.600
3.129
3.123
2.191
3.205
3.693
3.737
3.090
3.461
2.784
2.027
2.718
4.162
2.314
2.319
2.404
3.341
4.521
3.312
2.127
2.308
2.708
2.805
3.048
4.081
5.387
4.302
4.113
4.134
3.171
2.542
3.928
2.558
2.950
4.214
3.658
3.961
3.968
3.336
3.300
3.812
2.413
3.481
3.734
4.525
3.208
2.272
2.316
4.327
3.847
3.373
2.604
3.076
3.870
2.659
3.565
2.539
3.018
2.371
2.938
3.740
4.595
5.039
3.252
3.607
1.931
2.910
3.143
4.095
3.056
2.589
2.413
3.213
3.859
3.609
3.383
4.194
2.703
2.763
2.282
1.990
2.581
1.862
2.949
1.792
2.837
2.516
1.828
3.329
3.738
3.783
3.437
3.063
3.673
3.458
2.786
3.926
4.422
4.501
4.239
3.933
4.082
3.675
3.361
4.010
4.089
3.760
3.038
2.567
3.549
2.797
3.420
2.336
3.201
3.044
3.284
4.204
4.194
2.237
2.737
2.702
3.409
2.790
3.143
3.678
1.789
2.714
3.191
4.146
4.063
3.915
3.042
3.512
4.297
4.918
4.579
3.187
3.043
3.261
3.341
4.329
4.928
5.477
5.083
4.272
4.089
4.023
4.795
4.651
4.757
5.374
5.578
5.159
4.826
4.259
3.180
3.511
4.876
4.873
3.775
1.967
1.859
2.774
2.923
4.294
4.263
5.002
5.152
5.766
5.730
5.788
5.637
5.322
5.674
6.278
5.341
4.558
4.658
3.954
4.077
3.871
4.223
4.437
3.061
4.829
4.567
3.870
3.243
5.102
4.114
3.295
3.663
3.966
3.615
2.867
2.928
3.191
4.019
3.400
2.544
3.085
4.036
4.434
3.445
3.629
4.124
3.806
4.682
3.572
3.180
2.543
4.169
3.401
4.100
3.166
2.226
2.537
3.163
3.502
2.789
2.277
2.200
3.987
3.930
3.319
3.085
1.969
1.930
2.018
2.112
2.318
3.287
2.882
2.861
2.761
1.980
1.470
1.152
1.506
1.133
1.585
1.084
1.418
1.100
2.342
2.370
2.556
2.594
3.471
3.219
2.140
1.347
1.615
2.453
2.653
3.076
2.812
2.124
1.458
1.333
0.947
1.191
1.040
1.295
1.793
1.886
1.310
1.693
1.601
2.114
2.456
2.893
2.584
1.948
1.218
1.414
1.501
2.276
2.115
1.345
0.966
1.456
1.623
1.319
1.282
1.818
1.379
1.352
1.308
1.353
1.543
2.726
2.824
1.801
1.545
2.304
2.586
3.558
2.999
2.716
3.331
4.258
4.908
4.510
3.823
3.497
3.126
3.102
1.936
1.312
1.596
2.198
2.043
2.419
2.589
2.958
2.903
2.933
2.912
1.925
2.535
3.369
2.904
2.779
2.251
2.396
2.408
2.662
2.621
2.021
1.768
3.825
3.756
4.002
4.007
3.689
3.690
3.848
2.370
2.640
1.842
2.434
2.262
2.031
2.273
1.895
1.574
2.834
4.482
2.339
3.575
3.202
3.842
4.047
3.830
3.779
3.325
3.053
2.440
2.170
1.902
3.623
3.838
2.703
3.579
3.222
2.252
2.963
3.870
4.227
4.110
3.599
2.843
2.040
1.754
3.314
2.403
2.784
1.760
3.082
3.636
3.965
4.791
4.347
4.767
4.762
4.873
4.567
3.902
3.439
3.466
3.583
3.741
4.314
3.714
3.015
3.033
3.524
3.938
2.003
4.707
4.254
4.006
3.142
3.687
3.573
3.158
4.057
3.813
4.676
1.923
3.030
2.858
3.432
3.492
3.407
4.247
3.501
3.503
4.147
3.668
2.925
4.032
2.654
2.540
1.891
2.272
2.455
2.046
2.179
2.813
4.120
2.232
2.592
3.163
1.950
3.293
3.733
3.092
2.090
2.428
2.766
1.876
2.539
3.299
3.533
2.758
3.188
2.804
3.806
3.611
2.290
2.310
2.272
3.317
2.547
2.174
1.812
2.376
3.051
3.346
2.805
3.347
3.592
2.073
2.793
2.422
3.335
4.392
3.762
2.935
3.223
2.787
2.254
1.367
2.080
2.292
2.389
3.091
2.528
2.898
3.566
2.788
2.942
3.207
3.910
4.295
3.996
3.252
3.456
4.268
4.364
4.807
4.478
3.053
1.783
2.271
2.771
3.813
4.147
3.830
3.968
4.700
5.471
4.968
5.101
4.981
5.633
4.941
4.600
4.849
4.436
3.594
3.426
3.329
2.831
2.672
3.816
4.307
4.500
3.062
2.280
2.760
3.177
3.037
2.543
1.972
1.977
2.450
2.239
3.314
1.431
2.708
3.593
4.124
4.278
4.099
3.800
3.593
3.285
4.883
4.386
4.732
4.511
3.790
4.752
3.519
3.197
3.305
2.652
2.043
2.404
2.985
2.976
2.206
1.615
2.493
3.676
3.519
2.492
2.236
3.232
3.265
2.196
2.207
2.285
2.080
2.435
2.146
3.006
2.685
2.414
3.954
2.816
3.008
1.722
2.997
3.014
2.515
3.000
2.387
2.161
3.088
3.869
3.901
3.140
2.385
2.122
3.117
3.092
2.817
2.736
3.280
3.617
4.146
3.011
2.326
2.300
2.670
3.231
3.892
3.709
2.943
2.732
2.619
2.501
1.978
2.337
2.852
3.048
3.214
2.953
1.846
1.181
1.221
1.859
1.782
1.488
1.952
1.234
1.646
1.715
2.050
1.682
1.900
1.445
2.141
1.683
1.268
1.333
2.809
4.639
2.835
4.144
3.628
1.310
1.596
1.731
2.190
2.087
1.653
1.405
1.372
1.665
2.587
2.419
1.225
1.875
1.575
1.624
2.068
1.652
1.673
1.768
1.304
1.269
1.437
1.835
2.183
3.802
4.156
3.250
1.887
1.663
2.234
1.718
1.490
1.483
1.674
1.717
1.671
2.002
1.919
1.248
0.717
2.155
2.691
1.688
1.350
1.621
2.412
3.559
3.399
3.637
2.944
2.100
1.235
1.585
2.693
2.609
1.759
1.557
1.788
2.128
3.186
3.884
2.741
1.834
2.032
2.454
2.712
2.342
1.661
1.299
1.372
1.867
2.219
1.484
1.408
2.092
1.942
1.797
1.736
1.813
1.814
2.066
2.302
2.549
2.449
3.735
3.347
2.232
2.793
2.636
2.963
3.332
2.672
2.194
4.646
3.387
1.813
2.502
1.842
2.423
3.682
3.452
2.278
3.824
4.767
3.909
2.601
2.868
2.599
3.259
3.218
1.887
5.008
3.333
1.826
1.333
3.611
3.048
3.364
2.684
3.373
2.711
1.657
2.076
2.896
2.754
2.160
2.099
2.321
1.844
2.771
4.656
3.254
1.686
3.094
1.315
3.195
4.013
3.798
1.660
1.322
2.983
2.196
1.747
2.991
2.128
2.267
4.441
3.964
3.249
2.403
2.597
2.931
3.049
2.606
2.667
2.462
2.009
2.418
2.951
3.193
1.871
1.629
3.309
2.389
2.907
2.442
2.429
2.967
4.600
3.127
2.441
3.013
4.274
3.159
2.563
3.543
2.987
3.235
2.781
4.493
4.070
3.628
3.031
3.711
5.069
2.293
2.529
3.855
4.529
4.519
2.637
2.327
2.171
2.684
2.253
2.998
2.546
2.597
3.028
3.629
3.303
2.002
2.191
1.676
2.694
3.198
2.058
2.785
2.334
2.290
1.660
2.687
4.019
4.921
4.243
3.731
3.498
2.236
1.882
2.612
4.545
5.166
4.271
3.967
4.475
3.977
3.419
4.246
4.038
3.186
2.880
2.901
3.672
3.427
3.782
4.591
3.730
2.176
1.784
1.664
2.956
5.300
5.026
4.660
3.129
1.906
1.947
3.052
3.080
4.210
4.625
4.797
4.447
3.911
4.534
4.155
4.562
4.656
4.180
3.672
4.305
4.356
3.818
5.175
5.900
5.901
6.054
5.945
5.795
4.366
4.662
5.171
5.658
5.907
5.402
5.130
5.193
5.319
4.571
4.117
4.915
4.739
4.262
4.251
3.611
3.474
2.304
2.345
3.049
2.568
2.416
2.966
2.837
4.530
4.668
4.733
4.972
5.227
3.752
3.282
2.852
2.854
2.331
1.927
1.866
