20000101
3.250
3.159
2.652
2.671
2.446
2.784
2.416
2.025
2.088
2.024
3.162
2.907
3.080
3.349
3.676
4.629
3.917
3.045
3.042
2.598
2.224
2.740
1.517
2.147
2.382
2.978
5.263
4.261
2.421
3.019
3.282
2.499
3.327
2.638
3.714
4.167
2.671
2.721
2.961
2.922
3.761
3.453
3.070
4.473
4.463
3.175
3.529
3.332
2.895
2.356
4.234
3.896
3.799
4.348
4.780
3.840
2.763
2.383
1.909
2.658
4.159
3.469
4.578
4.716
2.259
3.629
3.496
4.529
2.889
3.712
5.022
6.195
3.326
2.487
3.050
2.885
3.337
2.812
3.337
3.354
3.870
3.339
4.388
4.306
3.371
3.403
2.690
2.750
3.868
3.318
3.684
4.193
3.205
1.950
2.936
2.900
2.497
2.716
4.073
2.695
3.243
2.984
3.187
3.559
3.405
3.044
2.972
3.079
3.120
4.046
4.083
4.716
4.263
4.511
5.476
5.112
5.452
5.316
5.384
4.630
4.814
4.496
3.370
3.834
3.551
3.293
3.182
2.511
3.659
4.084
3.821
3.888
4.306
3.187
3.262
4.650
4.630
4.193
2.918
3.508
4.918
4.197
4.842
4.608
4.748
5.068
5.515
4.324
3.808
4.558
4.097
4.310
4.552
3.742
3.061
3.276
3.129
2.156
4.185
3.452
4.448
4.378
4.938
4.788
5.815
5.628
6.088
6.037
5.450
4.648
3.693
4.301
4.652
5.427
4.873
5.064
5.755
5.597
4.788
3.690
3.374
3.273
2.442
3.431
3.235
1.840
2.383
2.960
4.030
4.594
4.667
4.028
3.735
3.112
2.713
3.976
5.912
6.171
4.299
3.221
4.382
4.798
4.246
4.511
4.470
4.774
4.220
4.053
3.859
3.233
2.509
3.183
4.336
5.252
5.729
4.284
4.072
3.690
3.618
3.252
3.175
3.879
2.066
1.749
2.263
2.754
3.492
3.503
3.624
3.717
3.339
2.258
2.414
2.916
1.702
1.863
2.223
3.046
4.646
2.339
3.015
4.121
5.051
4.178
3.412
3.524
3.611
3.031
3.168
3.175
3.593
3.148
3.819
4.093
3.568
2.916
2.662
2.460
2.812
2.342
2.929
2.867
2.698
1.988
1.791
1.599
2.596
1.408
2.089
2.168
2.098
2.416
2.949
1.978
2.355
2.942
3.252
2.185
2.012
2.347
1.878
2.227
0.841
1.311
1.504
1.481
2.392
2.629
2.137
2.408
1.990
2.063
2.417
1.936
2.771
2.435
2.825
2.185
2.053
1.828
2.660
2.299
2.502
2.475
2.171
1.664
2.727
2.806
2.413
2.574
2.298
1.842
2.034
3.368
3.416
2.634
2.617
2.576
3.388
3.222
2.733
2.235
2.747
3.781
2.934
2.427
2.073
2.068
3.795
3.293
2.612
2.705
3.477
2.824
2.930
3.618
3.449
2.986
2.509
2.843
2.623
2.546
1.974
3.090
2.585
1.933
2.163
2.514
2.286
2.556
2.476
2.631
3.259
2.948
2.276
2.571
2.596
2.313
2.588
2.519
2.831
2.205
2.655
3.135
5.488
4.121
3.233
2.584
3.016
2.641
2.858
3.256
3.532
3.791
2.951
3.031
3.268
3.526
3.434
3.089
3.031
4.171
3.816
3.199
3.026
3.523
3.222
2.809
3.355
2.862
2.409
2.510
2.177
3.205
2.585
3.123
4.066
3.931
3.664
3.025
2.808
2.585
2.381
2.242
3.055
3.085
2.805
2.673
2.929
5.041
4.128
4.430
2.431
2.645
3.132
3.134
3.909
2.575
3.184
3.363
3.567
3.377
2.994
3.390
4.769
3.781
4.273
3.655
4.810
3.803
3.198
2.238
2.657
2.941
2.949
3.519
2.439
2.512
2.808
3.158
3.652
3.600
2.056
3.473
3.684
2.500
2.617
1.811
2.750
3.089
3.588
4.045
5.253
4.153
3.065
3.183
3.702
2.924
2.179
1.740
3.383
2.839
2.967
3.806
4.378
3.768
3.704
3.304
2.692
2.793
3.386
3.029
2.722
2.891
2.769
2.895
2.157
2.341
2.434
3.117
3.973
3.722
3.851
4.331
3.711
3.276
3.497
3.848
3.631
3.398
3.346
4.346
4.298
4.732
5.283
5.565
4.433
3.853
4.071
4.555
4.866
5.048
5.884
5.663
4.924
4.830
4.364
3.393
2.799
3.051
4.936
5.164
4.191
4.709
5.904
4.509
4.118
4.640
4.166
3.914
4.413
4.318
3.406
2.316
2.918
3.334
2.497
3.573
2.984
4.107
2.407
2.618
3.658
2.950
3.090
3.721
5.743
5.953
5.350
5.261
4.814
4.803
5.303
5.100
4.903
3.880
2.894
2.672
3.352
2.732
2.552
2.902
3.350
3.209
1.892
2.028
2.943
3.864
4.070
3.502
4.609
5.220
5.330
4.034
3.535
3.747
2.840
2.740
2.562
2.330
2.537
2.694
3.278
2.795
3.381
4.150
4.046
2.891
2.917
3.765
2.230
1.470
2.352
2.620
2.403
1.541
2.186
1.992
2.344
1.909
2.520
2.756
2.052
3.680
3.250
3.091
3.322
2.886
2.460
2.380
2.887
2.345
2.375
3.506
3.812
4.271
4.853
4.493
3.723
3.307
3.182
3.399
3.806
4.373
4.149
2.046
2.295
2.944
3.692
3.560
3.014
2.217
2.066
2.232
1.370
2.267
2.961
2.361
2.952
1.545
1.889
2.645
1.960
2.310
2.333
2.072
1.784
2.697
2.657
3.310
2.315
1.883
2.255
2.543
1.808
2.338
2.313
3.053
2.259
2.191
2.345
1.693
2.436
2.482
2.078
1.827
3.146
1.933
1.585
1.834
1.907
2.784
2.903
2.394
2.035
2.474
2.363
2.187
2.778
2.539
2.001
2.077
2.959
2.058
1.737
1.481
3.412
4.028
3.681
2.513
2.966
2.592
2.742
1.961
2.242
2.685
2.825
2.871
2.666
3.536
3.101
1.924
2.293
2.329
2.307
1.921
2.475
2.421
2.213
2.519
2.435
2.443
2.363
2.143
2.300
2.416
2.232
2.064
2.262
1.996
2.388
3.652
2.907
2.221
2.398
2.527
2.747
3.217
3.540
3.266
3.121
2.571
2.213
2.341
2.646
2.695
3.524
3.735
3.160
3.126
2.764
2.294
2.438
2.623
3.449
3.121
3.388
2.859
2.984
3.119
2.364
1.961
2.321
2.900
2.464
3.502
3.046
3.074
3.157
3.201
4.798
3.862
3.092
2.530
2.795
3.034
2.731
3.774
2.931
3.373
3.632
2.434
2.792
3.991
4.139
3.416
3.295
3.059
3.432
3.531
4.944
5.630
4.215
3.022
3.576
2.792
2.875
3.399
3.014
2.728
3.844
3.252
2.232
2.873
3.344
2.660
3.243
3.294
2.822
2.904
3.503
4.391
2.661
3.310
2.858
2.968
3.527
3.029
2.864
3.101
3.813
4.156
1.397
3.754
2.052
1.976
1.547
1.767
2.679
3.230
3.681
3.339
3.177
4.196
3.305
2.216
4.136
3.853
3.141
2.598
3.226
3.537
3.711
2.812
2.780
2.880
3.639
3.146
3.498
3.766
3.340
2.789
3.207
3.610
4.235
3.946
3.507
3.392
3.205
3.490
3.416
4.648
4.134
4.442
4.628
3.744
2.360
3.762
4.212
4.019
3.913
4.408
4.199
3.800
3.206
4.192
4.093
3.691
3.825
4.998
6.279
5.870
5.326
5.018
5.044
4.488
4.118
4.859
5.567
6.533
5.547
5.076
4.724
4.301
4.300
5.597
5.346
5.347
5.355
4.791
3.959
3.520
3.759
3.277
3.083
3.816
3.936
4.525
4.899
4.574
3.800
3.816
3.227
4.350
4.504
4.261
3.542
2.604
5.299
4.911
4.246
3.801
4.542
4.838
4.457
4.561
3.205
2.778
2.364
2.103
2.912
3.647
4.441
4.535
5.471
5.401
5.421
5.433
5.393
5.925
5.260
4.933
4.998
5.027
5.263
5.706
4.579
4.097
3.805
3.120
4.049
4.610
5.435
5.098
4.499
4.879
4.817
4.548
4.493
4.303
4.546
3.872
3.293
2.526
3.858
3.587
2.755
3.133
3.302
3.097
2.411
2.807
3.725
4.043
4.540
4.179
3.361
2.921
3.604
2.713
3.574
3.543
3.793
3.597
2.471
2.233
1.599
2.556
5.054
4.579
2.913
3.613
2.512
2.613
1.770
2.107
2.401
3.056
2.874
3.325
4.024
3.290
2.910
3.173
3.018
3.962
3.684
3.032
3.297
3.596
3.832
3.237
1.753
1.088
2.084
2.530
3.708
3.048
2.339
1.919
1.754
1.772
2.698
2.607
2.107
3.182
2.638
2.473
2.668
1.903
1.631
1.596
2.180
3.086
2.439
2.346
1.652
2.791
3.114
3.109
2.930
3.086
2.765
2.801
3.054
2.258
2.370
2.265
2.850
2.759
2.411
2.063
2.262
2.105
1.846
2.629
2.633
2.065
2.059
1.980
1.868
2.381
3.312
2.956
3.193
3.866
3.460
3.011
3.592
2.561
2.380
2.430
2.777
2.846
2.959
2.829
2.571
2.505
1.849
2.262
2.635
2.884
1.989
2.853
2.886
2.437
2.892
3.009
2.625
2.706
2.740
3.598
3.652
3.286
2.753
1.898
2.070
2.418
2.802
2.980
3.121
2.541
2.569
2.708
3.064
1.961
1.890
2.724
3.281
3.032
2.922
2.947
2.939
2.804
3.006
4.476
3.106
3.013
3.005
4.081
3.106
2.810
4.092
3.117
3.496
3.697
3.353
3.969
3.883
2.534
2.495
2.597
3.001
3.689
3.041
3.290
3.483
3.163
2.954
2.625
2.243
2.453
4.490
3.659
2.596
3.024
3.610
3.303
4.015
4.718
3.954
2.976
2.811
2.781
2.835
2.968
3.379
4.567
4.152
3.201
2.622
3.191
2.841
4.273
6.445
4.834
2.576
3.257
3.030
2.989
2.828
3.054
1.985
2.945
3.155
3.963
4.701
4.735
3.884
2.966
3.163
3.087
3.298
3.013
3.260
3.688
3.624
3.066
3.344
2.618
3.152
1.553
2.881
2.980
2.585
3.444
2.626
2.886
2.948
4.493
4.018
3.235
3.584
3.737
3.696
3.357
3.384
2.905
3.833
3.559
2.662
2.376
3.545
3.041
2.542
2.784
2.567
4.482
3.791
3.405
4.081
2.935
1.963
4.361
5.172
2.754
2.470
3.164
2.761
3.656
4.087
4.170
3.205
2.784
2.892
3.655
4.678
5.180
4.600
2.946
3.349
3.858
3.005
2.139
2.506
3.213
3.424
4.311
3.830
3.953
3.408
5.196
5.327
5.138
5.610
5.707
5.958
5.887
5.395
5.039
4.946
4.217
5.342
4.009
3.403
4.033
4.277
3.827
4.142
4.315
5.014
5.793
6.193
6.813
6.810
6.253
5.264
4.966
4.973
3.752
3.461
2.639
3.390
4.596
3.872
2.261
2.824
3.325
3.388
4.283
4.290
3.124
4.092
4.788
4.450
4.897
5.375
3.348
1.804
1.918
2.925
2.569
2.541
3.493
3.786
4.466
5.091
3.740
3.106
3.008
2.756
2.341
2.347
2.741
3.180
3.504
3.998
4.451
3.977
3.728
5.318
4.858
4.332
1.858
3.448
4.352
3.928
4.962
4.072
3.199
3.092
2.798
2.342
1.621
2.094
1.924
2.835
3.368
3.054
3.438
3.210
3.123
3.726
3.433
3.914
4.097
3.826
3.741
3.082
1.653
2.504
1.590
3.316
3.557
2.900
3.218
2.723
3.589
2.685
3.269
3.001
2.988
3.271
3.317
2.513
2.673
3.783
3.176
3.021
2.875
3.431
3.119
2.192
1.952
2.793
1.904
1.889
2.548
2.921
1.724
2.107
2.714
2.392
2.326
1.511
2.217
2.221
2.361
2.419
1.904
1.723
1.743
1.798
1.544
3.593
2.294
2.300
2.875
3.456
3.265
2.426
2.468
2.638
1.991
2.048
2.089
2.153
2.809
2.681
2.070
2.278
2.137
2.393
2.596
2.066
2.822
2.967
2.331
2.610
2.892
2.819
1.933
2.585
2.387
3.504
2.213
2.011
1.977
2.565
3.903
2.298
2.620
2.914
2.364
2.420
2.251
2.402
2.978
3.534
3.542
3.045
3.024
2.917
2.662
3.107
2.997
2.847
2.628
2.558
2.399
2.570
2.775
2.377
2.452
2.388
2.506
2.537
2.442
2.723
3.208
3.251
2.484
2.926
2.839
3.640
4.940
2.920
2.865
2.999
2.948
2.495
2.984
2.573
2.804
3.079
3.118
4.220
3.725
2.559
2.431
1.908
2.948
2.742
3.088
3.680
3.540
4.653
4.605
3.089
2.520
2.214
2.273
2.769
2.171
2.614
2.512
2.584
2.897
1.316
2.925
3.111
3.281
2.772
3.775
2.471
3.005
3.318
2.870
2.883
3.307
2.102
3.302
4.042
3.506
2.807
3.338
3.023
2.201
2.965
2.404
2.731
4.484
3.147
3.152
3.684
3.019
2.918
2.858
2.648
2.848
1.536
2.458
2.529
2.339
3.096
2.313
2.912
2.575
3.128
2.940
2.476
3.242
3.378
3.242
3.046
3.640
3.499
3.469
2.827
2.525
2.612
2.887
2.870
3.207
2.558
2.830
2.506
3.307
4.081
3.265
2.305
2.682
3.282
3.711
4.485
3.592
2.926
2.953
3.125
3.202
3.701
3.384
3.527
3.036
2.993
3.050
3.501
3.710
3.266
3.526
3.269
2.689
3.250
3.424
3.868
4.249
4.338
4.398
4.400
3.542
3.085
3.202
3.230
3.745
3.278
2.398
2.503
2.765
3.973
3.449
3.830
4.640
2.387
2.517
3.105
3.219
2.247
2.383
3.400
2.504
3.169
2.770
2.661
4.013
4.557
4.328
3.953
3.499
3.692
4.161
5.437
6.146
5.374
5.721
5.808
4.072
4.207
4.323
3.940
3.437
3.874
3.615
3.499
4.230
4.051
5.046
4.975
4.670
3.952
3.892
2.146
1.787
1.474
2.550
2.020
2.231
1.920
2.110
2.127
3.142
4.400
5.701
6.430
6.846
6.749
6.622
5.784
4.735
3.779
3.461
2.860
2.474
3.802
4.077
3.255
3.066
2.239
3.336
3.729
4.598
5.273
4.906
5.144
3.908
4.453
4.265
4.500
3.896
2.738
2.941
4.116
4.308
4.570
4.656
4.022
2.434
2.615
3.502
3.771
3.108
3.141
3.342
2.701
3.284
2.568
2.374
1.592
2.116
1.303
2.366
3.234
2.333
2.853
2.378
2.610
2.597
1.642
1.613
2.534
3.590
2.636
2.574
3.169
2.989
2.361
2.788
3.191
3.303
4.420
4.366
4.544
4.151
3.860
3.710
3.499
3.419
2.240
2.153
1.681
2.035
1.860
2.221
2.982
3.767
3.726
3.798
2.204
2.990
2.393
2.982
2.605
1.758
2.242
1.974
1.738
1.566
2.058
2.015
1.701
1.760
1.762
2.525
2.161
1.666
2.580
2.132
2.368
2.601
1.169
1.715
1.540
2.882
2.771
3.026
3.503
2.475
2.542
2.812
3.018
2.348
1.975
1.268
1.007
1.868
1.964
1.186
2.372
3.192
1.821
2.008
2.411
2.747
2.617
2.378
2.571
2.933
2.031
1.403
2.767
3.128
3.672
2.816
2.463
2.100
2.859
2.982
2.646
1.508
2.408
2.430
2.723
2.554
2.671
2.338
2.372
2.506
1.699
1.787
2.151
2.475
1.509
2.039
3.294
2.854
2.762
1.977
1.856
2.803
2.510
2.474
2.627
2.670
2.248
2.281
2.869
2.687
2.861
2.404
2.644
2.445
2.154
2.592
2.743
2.594
3.036
1.877
2.781
2.506
1.970
2.930
3.735
2.580
2.833
3.126
2.415
2.589
4.607
2.643
2.430
3.199
3.050
3.096
3.744
3.088
2.884
2.226
2.616
2.199
2.373
2.340
2.350
3.013
3.124
3.737
3.254
2.432
2.770
2.659
2.547
2.994
2.477
3.823
2.947
2.548
3.755
3.417
4.282
4.429
4.089
2.537
3.290
2.393
2.444
2.900
2.470
1.918
2.437
4.050
3.172
2.531
2.562
2.894
4.894
4.011
4.245
3.115
3.387
2.802
4.684
4.074
3.058
2.953
2.898
2.732
3.249
3.631
3.424
4.026
3.366
3.100
2.714
2.357
2.857
1.854
3.240
2.710
4.040
3.496
2.715
2.883
3.062
2.943
2.926
3.204
3.247
3.264
4.312
3.068
3.466
3.259
2.817
3.943
3.414
2.847
2.778
4.551
4.592
3.591
2.980
2.950
3.367
3.261
3.616
4.668
3.337
3.081
3.726
2.812
2.767
3.389
3.070
3.116
3.193
2.360
2.253
2.360
2.337
3.781
3.313
3.441
3.424
3.365
3.424
3.805
4.058
2.758
1.945
3.172
3.747
2.897
3.603
2.731
3.155
4.458
4.236
3.472
3.584
2.760
3.644
4.692
3.803
3.637
3.699
4.489
3.892
4.022
3.486
4.129
4.762
3.583
3.904
3.952
3.232
2.622
3.507
2.806
2.195
2.231
2.964
4.613
3.786
4.351
4.359
4.549
3.560
3.286
3.858
3.538
4.375
4.837
4.079
3.544
3.510
3.825
3.739
3.256
3.000
2.637
4.679
3.847
4.182
3.917
3.375
3.501
4.080
3.213
1.969
2.191
3.137
2.878
2.680
3.468
4.346
4.197
4.450
3.925
3.860
3.896
3.912
3.304
4.072
3.508
4.269
3.990
4.007
3.976
4.151
4.757
4.842
4.625
4.432
4.028
4.257
3.429
2.686
2.665
2.524
1.918
1.162
2.990
2.166
2.528
2.857
3.451
3.915
4.048
3.464
2.514
2.761
2.638
3.208
2.472
2.757
3.314
2.553
2.504
3.263
3.312
3.694
3.501
3.254
3.597
4.319
4.062
3.532
3.003
2.881
2.709
2.750
2.667
2.316
1.848
1.940
2.134
1.852
2.821
2.110
1.652
1.278
2.639
2.914
3.300
2.946
1.279
2.205
3.647
3.109
3.037
2.107
1.153
1.649
1.872
1.399
2.812
3.369
3.089
2.505
1.698
1.705
1.746
2.233
1.552
2.130
1.798
1.930
1.766
1.804
1.928
1.496
2.362
2.721
1.207
2.476
2.701
2.576
2.645
2.311
2.217
2.303
2.502
3.193
2.470
1.742
2.326
2.937
2.159
2.188
1.867
3.127
2.433
2.588
2.375
1.992
1.380
1.825
2.485
1.488
1.734
1.996
2.199
2.329
2.104
1.388
2.109
2.039
2.304
2.258
2.642
2.496
1.383
2.220
1.298
1.889
1.832
2.876
1.920
1.896
1.969
2.560
3.164
3.270
3.655
2.866
2.467
2.418
2.265
1.950
2.308
2.358
2.080
2.903
2.814
2.542
2.167
2.182
2.453
2.834
2.419
2.816
2.567
2.499
3.596
4.216
4.179
3.122
2.779
2.009
1.680
1.293
2.690
2.460
2.411
2.509
3.551
3.166
3.601
3.485
2.986
3.250
2.740
2.470
2.378
2.827
2.347
2.852
2.375
2.287
2.851
3.322
3.008
2.155
2.350
2.559
3.253
2.495
2.741
2.368
2.571
2.244
2.339
1.892
2.401
3.415
2.627
2.836
3.074
2.877
2.573
1.954
2.102
1.962
2.631
2.551
2.289
2.048
1.810
3.356
3.868
2.766
2.300
2.395
2.445
2.246
2.910
2.859
2.441
2.657
3.491
3.207
3.289
3.195
3.191
3.259
3.561
3.630
2.818
2.830
1.933
3.368
4.441
2.465
2.026
2.520
1.935
2.767
2.642
2.906
2.707
2.658
3.260
3.143
3.097
3.365
3.580
3.549
3.837
2.958
1.896
3.246
3.907
3.119
3.105
3.319
3.333
3.288
2.806
2.673
2.623
3.059
2.840
4.332
2.879
2.502
2.754
3.480
2.906
3.958
3.372
3.641
2.634
3.502
3.047
4.036
3.514
2.674
2.209
2.894
3.432
3.090
2.529
2.649
3.681
3.447
3.763
3.500
2.978
3.168
4.311
3.906
4.148
4.048
4.012
4.730
3.764
3.483
3.617
3.269
3.321
2.780
3.908
4.137
4.377
5.153
4.363
4.289
4.103
4.261
4.442
3.707
3.952
3.875
3.619
3.132
2.717
2.495
3.642
4.173
4.193
4.231
4.022
4.271
4.149
4.400
4.824
5.253
4.975
4.090
4.128
4.442
3.347
3.480
2.906
2.770
2.195
2.673
2.380
2.866
2.528
2.074
3.029
2.506
2.820
3.153
2.547
2.669
2.521
2.605
2.348
4.151
3.802
3.924
4.559
4.456
4.905
4.059
4.541
4.642
4.256
3.152
1.762
3.379
3.630
2.255
1.747
1.802
2.330
3.254
3.374
3.811
3.954
2.854
2.213
2.261
2.697
3.317
3.213
2.176
1.460
1.875
3.125
2.482
2.523
2.745
3.243
2.999
1.816
2.373
2.493
1.888
1.608
2.137
1.447
3.212
3.850
4.345
4.210
3.225
2.999
3.091
3.507
3.973
3.511
2.392
1.924
2.853
3.337
3.274
2.110
1.802
1.703
1.527
3.029
4.225
3.136
2.337
2.281
2.338
2.134
1.799
1.824
2.784
1.739
1.696
1.963
2.339
2.165
2.083
1.691
1.469
2.289
1.691
1.650
1.398
2.046
2.623
2.933
2.791
1.410
1.643
2.371
2.952
2.547
2.540
2.230
1.901
2.106
2.208
2.877
1.764
1.728
1.597
1.720
1.751
2.787
2.559
2.141
2.226
1.606
2.315
2.660
2.043
2.149
3.024
2.560
1.873
1.829
2.346
2.184
3.174
2.416
2.058
2.037
0.966
1.683
1.532
2.615
2.585
2.952
1.711
2.017
2.481
2.409
2.094
1.778
1.709
2.254
1.763
1.879
2.385
2.587
2.903
2.532
2.629
2.582
2.071
1.686
1.937
2.456
2.413
3.556
1.800
2.795
2.646
3.051
3.136
2.832
2.846
3.108
3.172
2.638
2.464
2.283
2.928
2.165
2.473
2.064
2.010
2.882
3.059
3.262
3.023
2.900
3.654
2.809
3.198
2.701
2.514
2.629
2.243
2.506
2.656
4.488
3.358
3.763
3.354
2.555
2.621
3.659
3.196
3.558
2.700
2.692
2.470
2.521
2.819
2.823
3.002
2.183
2.527
2.717
3.104
3.098
2.874
3.361
3.073
4.192
3.354
3.272
3.036
3.370
2.964
2.559
2.623
2.572
2.018
3.287
4.198
4.916
3.850
2.683
3.745
2.695
3.344
2.692
2.432
2.739
2.489
3.649
4.111
3.379
3.675
4.410
3.370
2.819
2.646
3.415
3.076
2.762
3.096
3.124
3.728
4.289
3.280
3.001
3.335
2.894
4.446
4.384
4.449
3.714
3.191
3.271
2.741
2.778
4.265
3.669
4.208
2.031
3.616
3.969
3.613
2.807
3.064
2.947
2.816
3.505
3.379
3.487
3.232
3.397
3.112
2.668
2.546
3.337
3.564
2.340
2.256
3.889
3.200
2.599
2.404
2.324
3.475
3.141
2.815
2.846
2.677
3.807
4.180
3.407
3.319
3.472
3.253
2.948
4.035
3.918
3.748
3.823
2.667
3.729
3.266
1.963
4.012
3.007
3.924
3.686
3.499
4.344
4.651
4.005
4.844
5.167
4.504
3.487
3.968
4.268
4.652
4.493
4.503
3.761
4.578
4.146
3.819
3.795
3.402
2.368
2.540
2.742
3.277
2.968
4.186
2.521
2.215
3.572
4.257
4.897
5.388
6.408
6.416
5.004
4.607
4.318
3.947
3.332
4.696
4.297
3.344
2.552
2.796
2.474
4.904
5.667
5.555
3.778
3.991
2.463
1.395
2.116
2.855
1.722
4.001
5.473
4.734
4.283
4.470
2.726
3.102
3.346
3.144
2.873
2.994
3.550
3.787
2.338
2.545
3.018
3.884
4.273
4.380
4.115
3.286
2.378
2.269
3.266
3.976
2.698
2.839
2.486
2.556
2.862
2.382
2.581
2.346
2.415
1.541
1.647
2.072
3.274
4.051
3.448
3.918
3.860
4.469
4.051
3.719
3.859
3.801
2.820
2.840
2.097
1.992
2.934
2.655
1.418
1.486
1.165
1.728
1.891
1.923
2.179
1.745
1.622
1.660
2.898
2.648
3.072
3.378
3.497
1.566
2.799
2.802
2.881
3.066
2.914
2.892
2.526
1.665
2.048
1.375
1.645
2.308
1.452
1.813
2.151
1.955
1.999
1.588
1.890
1.906
2.248
1.547
1.616
2.421
2.283
1.668
1.934
2.173
3.399
2.611
2.531
1.863
1.996
1.517
1.457
2.085
2.680
1.750
1.567
1.854
1.265
1.865
1.911
1.218
1.047
2.148
2.056
1.675
1.834
2.120
4.080
3.806
2.879
3.069
2.910
2.141
2.620
1.976
2.288
2.063
1.840
1.884
1.223
2.074
1.813
1.889
2.023
2.428
2.718
2.617
1.783
2.995
2.293
2.553
2.778
2.380
2.347
2.539
1.690
1.617
2.811
1.641
2.240
2.821
4.553
2.787
2.448
2.406
2.449
2.226
2.890
2.706
3.101
3.914
3.781
5.119
3.807
2.910
2.913
2.823
1.967
2.299
2.310
2.631
2.490
2.419
3.110
3.007
3.222
2.473
3.290
3.073
3.206
2.885
3.607
3.775
2.731
3.111
2.839
3.834
2.643
2.823
3.195
3.787
3.216
2.756
3.000
2.360
2.823
3.331
3.362
2.926
3.299
3.296
2.539
3.244
3.008
3.428
3.992
3.452
3.199
4.072
2.777
2.710
2.600
4.254
3.550
3.366
2.804
3.835
3.811
4.233
4.312
3.323
3.704
4.083
3.079
2.630
2.446
3.087
3.236
3.204
3.540
2.357
2.747
3.292
2.911
2.615
3.666
3.281
2.979
2.366
2.511
2.584
2.352
1.880
1.868
2.340
2.307
2.988
2.504
2.955
3.457
2.984
5.269
2.961
2.686
3.462
2.586
2.824
3.230
2.687
2.385
3.270
3.235
3.332
3.733
3.432
2.690
3.437
2.051
2.868
3.384
3.329
3.332
3.291
2.552
3.331
2.372
2.167
4.275
2.338
2.467
3.424
4.016
3.216
3.804
4.121
3.705
3.417
3.044
3.377
2.710
3.372
3.368
4.096
3.680
3.384
3.362
3.232
3.279
3.230
3.910
3.916
4.628
4.297
4.624
4.426
4.710
3.322
4.181
3.858
4.243
4.051
4.719
4.302
4.376
5.441
5.823
5.523
6.151
6.793
6.321
5.170
5.561
5.458
5.042
4.303
4.237
3.691
4.653
5.062
4.391
3.669
4.361
4.914
4.299
3.335
3.549
4.503
5.034
4.184
2.202
3.632
3.950
3.508
3.608
3.112
4.071
5.039
5.659
5.444
6.214
6.045
5.515
4.813
4.980
4.636
4.932
4.459
4.072
4.096
4.266
3.565
3.133
3.588
3.298
4.583
4.657
5.238
5.992
5.049
4.803
3.118
3.163
3.741
4.701
4.279
3.835
4.761
4.862
4.239
3.687
3.980
3.948
3.543
3.322
3.126
2.415
3.292
2.641
2.892
2.244
1.950
2.726
2.543
2.807
2.715
3.236
2.564
2.930
3.812
4.244
3.286
3.965
2.425
2.644
3.683
4.110
3.179
3.128
3.145
3.513
3.269
3.367
3.033
3.307
3.149
2.316
1.721
1.969
2.560
2.748
3.330
3.789
3.547
2.691
1.572
1.978
2.035
2.767
3.195
3.040
1.856
1.526
1.549
2.184
2.326
2.205
1.870
3.605
2.100
1.626
1.215
1.581
3.112
1.923
2.620
2.598
2.410
2.321
2.539
3.443
3.250
3.281
2.951
2.669
2.163
1.749
1.479
2.267
3.008
2.549
2.658
2.257
1.531
1.701
1.892
1.457
1.483
2.411
2.013
2.434
2.238
2.245
2.480
1.440
1.805
1.825
2.328
2.096
2.319
2.467
2.424
2.136
2.170
1.827
2.196
2.202
1.772
1.578
2.233
1.822
1.671
2.103
1.973
2.506
2.371
2.434
2.301
2.039
2.260
3.436
3.260
2.661
3.002
1.794
3.870
3.471
3.071
2.224
2.167
2.376
2.320
3.223
4.114
3.678
3.312
3.142
1.941
2.594
1.811
1.721
2.482
2.948
3.309
2.415
4.355
3.309
3.331
2.943
2.443
2.704
2.710
2.389
3.372
3.632
2.554
3.411
3.815
3.090
2.528
2.551
2.357
2.135
1.646
2.212
2.607
3.620
2.904
2.699
2.345
2.407
2.476
2.876
3.281
4.631
3.796
3.217
3.237
3.808
2.570
2.727
2.944
3.718
2.485
3.081
3.591
3.320
2.491
2.719
3.019
3.594
3.109
2.683
2.716
2.788
2.992
3.347
2.938
2.571
3.114
2.264
2.825
2.406
2.204
3.748
3.328
3.110
4.120
3.465
2.308
2.181
2.431
3.368
3.331
3.358
3.495
3.036
2.610
2.704
3.755
3.358
3.038
2.859
2.952
2.495
2.644
2.695
3.394
3.810
3.331
2.780
3.435
2.591
2.364
3.091
2.610
3.233
3.505
3.528
2.951
3.281
3.745
3.011
2.937
3.231
3.086
2.254
2.446
2.209
3.315
3.203
3.013
2.878
3.368
3.189
3.602
3.117
3.180
3.053
4.113
3.417
4.843
3.656
4.269
3.617
2.960
3.541
3.421
2.693
3.451
4.335
3.312
3.363
3.221
3.225
2.263
4.189
3.826
3.045
2.858
3.916
2.939
3.138
3.005
3.283
3.723
3.922
4.057
3.658
3.379
4.099
3.405
3.051
3.557
3.293
3.905
4.790
4.908
4.074
4.060
4.499
4.730
3.800
3.529
3.638
3.472
3.836
4.073
3.776
4.071
3.001
4.312
4.931
4.318
4.286
5.499
4.867
4.464
5.116
5.697
5.663
5.589
5.300
4.286
4.181
4.191
4.080
3.974
4.196
4.182
4.050
4.225
4.951
4.033
2.555
2.915
2.952
3.710
4.069
4.214
2.409
2.623
3.244
2.745
3.140
4.024
3.291
4.783
4.465
3.710
2.140
2.791
2.861
3.128
3.395
4.461
4.906
2.599
2.829
3.193
3.838
3.214
2.209
1.574
2.385
3.526
3.004
3.459
3.209
2.170
2.681
3.875
2.830
4.220
4.800
4.647
4.236
4.510
4.599
4.089
3.539
3.998
4.119
4.583
4.222
4.256
2.794
3.326
3.266
3.062
3.675
3.232
4.025
3.993
3.009
3.676
3.636
3.427
3.488
3.948
2.785
3.312
2.375
2.992
2.621
3.010
1.697
1.905
3.677
4.580
2.616
1.823
2.789
2.603
2.826
2.669
2.302
3.003
3.514
3.243
3.594
2.530
2.866
2.867
2.866
2.600
2.390
2.405
2.828
2.561
2.702
2.627
2.816
2.890
2.982
2.763
2.625
2.768
2.567
2.269
2.880
3.310
3.932
2.537
2.577
1.888
3.128
3.539
3.246
3.062
2.495
2.567
1.716
1.790
1.851
2.967
2.793
3.127
2.579
2.373
2.297
2.139
3.144
2.702
2.572
1.283
1.837
1.506
1.706
1.707
1.854
1.707
1.644
2.278
1.939
2.471
2.377
2.116
2.230
1.971
2.549
3.889
3.986
1.417
2.680
2.987
2.492
2.950
2.945
2.301
2.280
2.331
2.134
1.818
2.483
1.894
2.094
2.396
2.109
2.340
2.131
1.687
2.728
2.831
2.359
2.263
2.703
3.188
2.720
2.162
2.196
2.666
2.838
2.518
3.255
2.653
3.360
3.205
3.007
3.393
2.089
2.497
2.529
2.136
2.827
2.873
1.722
2.238
2.600
2.099
2.605
2.666
3.638
4.259
3.358
3.673
3.377
3.072
3.443
2.956
3.335
2.930
2.491
3.383
4.447
3.411
3.227
2.614
2.103
2.708
2.568
2.636
2.014
2.753
2.425
2.516
3.293
3.299
2.438
2.660
2.076
2.712
3.176
2.582
2.473
2.535
3.076
2.477
2.901
2.657
4.533
4.186
2.821
3.626
3.312
3.795
3.445
3.725
3.074
4.318
3.316
2.572
2.717
3.343
3.598
3.190
2.131
2.150
2.449
2.732
3.351
2.907
2.762
3.870
4.067
2.942
3.414
3.153
3.237
3.049
3.303
3.333
3.351
2.394
3.109
3.264
2.626
2.360
2.286
3.171
2.775
2.511
3.855
3.078
2.606
2.734
2.930
2.501
2.629
3.974
3.850
4.703
3.323
4.515
2.918
2.867
2.878
2.588
2.697
2.603
4.625
4.248
3.368
3.234
2.312
2.403
2.735
3.124
3.835
4.689
5.650
5.958
5.414
3.909
3.813
3.692
3.738
3.015
3.193
3.523
3.573
3.776
2.902
2.336
3.437
3.703
4.245
4.722
4.719
4.218
4.336
4.253
3.364
3.271
3.401
3.828
3.662
3.679
3.947
3.523
3.250
2.680
2.343
3.789
4.349
5.681
6.367
7.000
6.902
6.923
5.762
4.467
4.207
4.686
4.924
4.050
5.749
6.324
5.002
6.661
3.295
2.639
3.066
3.189
3.672
3.183
4.262
3.343
2.860
2.958
2.917
3.785
3.341
4.666
5.570
5.581
5.103
3.449
2.946
3.267
4.757
4.664
4.731
4.569
2.406
3.566
2.406
2.465
3.629
2.946
2.106
2.920
3.930
5.296
5.714
4.691
3.407
2.289
3.211
2.534
2.908
3.516
3.370
2.774
2.810
2.257
2.530
1.944
2.858
4.024
4.577
3.187
2.247
1.258
2.117
1.654
2.025
2.330
3.248
1.895
1.039
2.531
2.818
2.593
2.290
2.066
2.332
2.297
2.671
2.311
2.320
2.438
2.489
2.453
3.459
3.414
3.128
2.699
2.551
1.157
1.562
1.561
1.437
2.220
1.545
2.852
2.871
2.664
1.964
2.201
2.452
1.910
1.312
1.347
3.244
3.431
3.326
2.665
2.348
1.612
1.742
2.084
2.082
2.853
2.200
2.562
2.717
2.317
2.132
1.504
1.191
2.057
1.731
1.205
1.502
2.383
1.290
1.344
1.723
1.614
1.997
2.448
2.533
2.628
2.757
2.581
1.769
1.570
1.474
2.432
2.941
2.976
3.161
2.310
1.460
1.922
2.657
2.349
2.278
1.946
1.686
1.765
1.940
1.885
2.784
2.689
2.265
2.890
3.263
2.834
1.945
1.843
2.954
3.798
3.621
1.797
1.786
1.815
2.246
2.128
2.640
1.795
2.038
2.194
2.870
2.363
2.892
3.127
4.831
2.032
1.573
1.913
2.041
2.450
3.268
2.205
2.034
3.094
2.944
2.853
2.898
2.632
3.199
3.217
2.911
3.340
2.803
2.484
1.446
1.771
2.260
2.116
1.971
2.471
3.173
2.373
1.841
1.822
1.831
2.275
2.697
2.327
3.036
3.811
2.599
2.740
2.629
2.418
2.199
2.012
2.169
2.167
1.750
1.562
2.263
3.227
2.353
1.693
1.327
1.487
2.458
2.271
2.382
1.852
1.726
2.751
1.493
1.617
1.732
2.346
2.495
2.714
3.315
2.961
2.311
2.465
2.146
2.602
2.393
2.165
1.570
1.976
2.132
2.444
3.254
1.892
2.274
2.048
2.682
2.351
2.606
2.699
2.763
2.338
1.830
2.898
1.890
2.988
2.860
3.040
2.604
2.513
2.843
2.047
3.398
2.779
2.559
2.737
3.308
2.364
1.871
2.303
2.880
3.413
3.118
3.443
3.499
2.525
1.839
2.027
1.388
1.858
2.484
3.268
3.675
2.924
2.555
2.771
2.189
1.780
1.540
2.100
3.037
3.486
3.225
3.222
3.080
2.806
2.250
3.516
2.646
1.665
2.433
2.801
2.474
2.389
2.857
2.746
3.164
2.547
2.226
2.351
2.880
3.470
2.839
1.897
2.349
2.895
2.896
2.190
2.403
2.791
2.967
3.184
3.681
3.830
3.106
3.252
3.857
3.745
3.690
3.556
3.192
2.064
3.056
3.494
3.860
3.957
4.201
3.516
3.085
3.063
2.592
1.975
3.398
3.997
5.124
4.719
4.323
3.660
3.973
3.702
3.916
3.404
3.606
3.734
3.973
4.459
4.520
3.171
1.862
1.702
1.295
1.974
2.306
3.478
3.797
3.199
3.635
3.662
4.213
3.471
4.768
4.524
4.460
3.735
3.524
4.830
5.388
6.645
4.875
4.907
5.889
4.791
4.197
2.726
4.069
3.582
3.851
2.874
2.833
2.700
2.086
2.466
1.867
2.773
2.070
2.556
2.797
2.693
2.392
1.819
1.352
1.451
1.213
1.961
3.207
4.161
3.743
3.262
2.513
1.734
1.881
2.265
1.971
2.941
2.146
2.151
1.830
2.599
2.206
1.286
1.816
2.085
2.709
3.166
2.660
1.533
5.245
4.508
3.002
2.948
2.830
2.623
2.873
2.026
1.768
1.436
1.300
1.480
1.250
1.671
1.884
1.859
1.524
1.190
1.258
1.751
1.944
1.554
2.038
1.287
1.381
1.856
3.215
5.236
5.398
2.971
2.579
1.711
1.222
1.908
2.802
2.072
1.703
2.849
2.442
2.096
2.302
1.859
2.290
1.718
1.354
1.662
1.744
2.033
2.194
2.010
1.859
1.636
1.974
2.158
2.108
1.795
1.601
1.995
1.898
1.589
2.054
1.155
1.539
1.512
1.834
0.907
1.158
1.586
1.313
1.551
1.483
1.998
0.952
1.628
1.525
1.573
1.556
2.474
1.921
1.777
1.377
1.342
0.978
1.583
2.520
1.443
2.231
2.048
2.005
1.570
1.666
1.182
1.470
1.360
2.325
1.847
2.068
1.017
1.374
1.436
1.425
1.304
1.809
2.373
1.707
2.736
2.314
2.212
2.003
2.121
2.662
3.096
2.151
1.581
1.594
1.762
1.322
1.524
1.552
1.726
2.760
2.514
3.085
1.872
1.678
1.107
1.472
2.092
2.046
1.936
1.798
1.865
1.673
2.640
2.850
2.457
2.093
1.564
2.092
1.677
2.076
2.480
2.455
3.083
4.142
2.522
1.996
2.110
2.281
2.016
2.234
3.132
2.514
2.155
2.091
1.541
1.945
1.942
2.248
2.550
1.769
1.922
1.992
1.747
3.525
2.773
2.022
1.984
2.900
2.740
3.166
3.019
3.886
2.743
3.137
2.622
1.941
2.237
2.765
3.279
2.996
3.952
4.038
1.982
2.320
1.896
2.240
2.703
2.531
3.256
2.630
3.060
2.680
2.470
2.110
2.986
2.776
2.682
2.593
2.998
2.751
2.519
2.771
2.343
2.460
2.297
2.531
2.863
3.372
3.505
2.462
3.010
2.837
1.824
2.872
3.687
2.943
2.315
2.346
2.925
2.891
2.661
3.007
3.039
2.564
2.358
2.325
1.949
2.343
2.238
2.524
2.289
2.143
2.287
2.058
3.169
3.061
2.559
2.663
2.790
2.786
2.749
2.627
3.107
3.237
3.617
3.417
3.596
3.321
2.282
3.105
2.996
3.098
3.530
2.261
2.553
2.754
2.661
2.339
2.510
2.548
2.625
2.727
3.168
3.574
2.302
1.883
2.663
2.572
2.426
2.891
2.980
2.108
2.701
3.665
3.470
3.596
3.349
2.963
3.363
3.861
4.262
3.604
3.178
2.881
3.129
3.164
3.681
4.238
4.322
3.929
3.402
3.615
3.380
3.787
3.777
4.127
4.408
4.968
4.788
4.485
3.289
3.610
3.298
4.216
3.866
3.185
1.672
1.424
2.984
2.167
3.601
4.218
4.733
5.052
5.744
5.387
4.935
4.802
4.616
5.083
5.465
4.855
3.815
3.832
3.984
3.325
3.147
3.144
4.238
2.850
4.501
4.030
3.313
2.647
3.145
4.032
2.520
2.793
3.068
3.109
2.549
1.744
2.693
3.358
2.985
1.849
2.310
3.669
3.876
3.513
3.363
2.996
3.629
4.278
2.778
2.555
1.589
3.594
3.612
3.133
2.831
1.978
2.029
2.560
2.759
2.262
1.859
1.914
2.930
3.271
2.305
1.967
1.202
2.028
1.777
1.776
2.062
2.499
2.299
1.928
2.094
1.757
1.187
1.141
1.080
1.403
1.591
1.290
1.666
1.254
1.115
1.790
1.902
2.153
3.972
4.650
2.738
1.746
1.951
3.032
2.445
2.770
2.651
2.291
1.479
1.267
1.169
1.139
1.236
1.491
1.945
1.614
1.598
0.908
1.338
1.257
1.668
2.052
1.997
1.569
1.321
1.825
2.016
1.422
1.656
1.390
1.871
1.779
1.291
1.863
1.722
1.451
1.453
1.146
0.741
1.239
0.951
1.956
2.081
1.633
2.376
2.350
1.677
2.876
2.691
1.522
2.617
3.623
3.991
3.497
2.824
2.634
2.220
2.228
1.810
1.525
1.012
1.429
1.484
1.565
1.521
2.457
2.074
1.651
1.607
2.055
1.930
2.421
1.990
1.363
1.967
1.473
1.804
2.248
2.030
1.866
1.616
2.884
2.213
2.329
2.970
2.795
2.311
2.197
2.130
1.975
1.471
1.721
1.514
1.658
2.004
1.569
1.597
1.850
3.109
2.194
3.134
1.751
1.873
2.266
1.801
2.341
1.476
1.487
1.976
1.844
2.824
3.154
2.972
2.285
2.793
1.983
1.769
1.960
2.362
2.330
1.822
1.629
1.731
1.777
1.952
2.175
2.133
2.211
1.995
2.834
2.845
2.062
2.666
2.095
2.776
2.492
3.399
2.678
2.556
2.037
2.140
2.240
3.065
2.781
2.726
1.782
3.032
3.258
2.797
2.058
3.140
2.537
2.701
2.347
2.577
2.458
2.908
3.854
2.914
3.526
1.862
1.655
2.121
1.499
3.154
2.766
3.521
2.505
2.824
3.574
2.498
2.512
3.487
2.608
2.429
2.448
1.643
2.080
2.410
2.304
2.868
2.641
1.655
1.919
2.602
1.886
1.885
3.097
2.064
1.909
2.009
2.839
1.896
2.438
2.852
2.534
2.681
2.927
2.473
3.043
2.738
2.187
1.806
2.510
3.112
2.584
2.006
1.657
2.350
3.351
3.048
2.629
3.019
1.961
1.650
2.006
2.091
2.720
3.615
2.945
3.205
2.844
2.811
1.802
1.822
2.267
1.611
3.380
2.824
2.392
2.831
3.195
2.190
3.120
2.785
3.093
3.514
3.092
2.315
3.137
3.734
3.204
4.670
4.069
3.260
2.004
2.664
3.047
3.459
3.682
3.559
3.342
3.881
4.529
3.943
4.205
4.315
4.730
4.844
3.860
3.972
3.950
3.431
3.453
2.992
2.336
2.098
2.725
3.184
4.263
3.690
3.100
3.710
4.429
4.008
3.333
2.475
1.807
2.043
2.078
2.939
1.568
2.119
2.844
3.496
3.710
3.257
3.065
3.296
3.521
4.392
3.948
4.245
3.907
3.195
3.614
3.181
3.551
2.443
2.865
1.645
1.873
2.441
2.233
1.585
1.124
2.658
2.761
2.905
1.867
1.804
2.372
2.640
1.552
1.608
1.694
1.861
1.990
1.827
2.459
1.248
2.169
3.376
2.225
2.160
1.862
2.455
2.816
2.242
2.102
1.834
1.853
2.250
3.024
3.047
2.224
1.932
1.742
2.981
2.873
2.172
2.116
2.658
2.991
3.249
2.428
2.198
1.768
1.835
2.433
2.790
2.972
2.782
2.321
2.343
2.371
2.001
2.320
2.677
2.717
2.718
2.510
1.709
1.100
1.207
1.356
1.129
1.184
1.369
1.444
1.921
1.665
1.437
1.180
1.463
1.503
1.132
1.259
1.388
1.283
2.562
5.310
4.598
4.526
2.578
1.361
1.581
1.676
1.768
2.439
1.736
1.446
1.099
1.339
1.502
1.964
1.101
1.580
1.604
1.484
1.780
1.619
1.432
1.787
1.715
1.586
1.190
1.180
0.942
2.678
3.020
2.338
1.196
1.463
1.563
1.492
1.176
1.063
1.106
0.611
1.131
1.591
1.877
1.237
1.127
2.071
2.330
1.986
1.657
1.295
1.215
2.315
1.933
2.354
1.834
1.133
1.178
1.090
1.555
1.762
1.105
1.052
0.908
0.970
1.850
2.364
1.766
1.532
1.460
1.761
2.130
1.839
1.683
1.249
1.431
1.530
1.643
1.212
1.584
1.754
1.512
1.234
1.244
1.282
1.468
1.805
2.517
2.245
2.013
2.792
2.101
2.371
2.223
2.751
2.468
2.424
2.433
3.235
3.241
2.140
2.214
2.259
2.092
2.038
2.498
2.793
2.730
3.134
3.513
2.580
2.333
2.290
2.367
2.152
2.405
2.193
3.059
1.973
2.585
1.601
2.221
2.127
1.942
1.483
1.563
1.779
1.437
1.259
1.998
1.822
2.136
2.448
2.244
1.999
2.185
3.670
2.440
2.269
2.807
1.632
2.565
3.719
2.267
1.811
1.393
2.163
2.140
1.722
2.613
1.489
2.717
3.043
2.393
2.809
2.835
1.501
2.361
2.803
1.477
1.717
1.991
2.718
2.824
2.358
2.796
2.182
2.484
3.165
3.074
3.042
2.509
2.571
2.727
3.496
2.101
2.045
2.452
3.050
2.493
2.595
3.123
2.201
2.117
2.537
3.316
3.003
2.606
2.154
3.167
3.965
2.191
2.381
2.967
3.308
3.230
2.363
1.890
2.242
2.756
2.700
2.848
2.640
2.325
2.619
3.140
2.941
1.699
1.783
1.591
2.923
2.823
1.992
2.801
2.098
1.747
2.072
2.584
3.232
3.373
3.214
3.273
2.784
1.880
1.996
2.624
3.515
3.111
3.633
3.398
4.353
4.076
3.390
3.529
2.492
2.142
3.235
3.233
3.481
2.608
3.330
3.974
3.050
2.369
2.084
2.340
3.545
4.430
4.357
3.800
3.100
2.273
2.700
3.100
3.028
3.781
4.025
3.658
3.481
3.013
3.595
4.015
3.990
4.337
3.826
3.353
3.853
3.937
3.615
4.209
4.998
6.033
5.996
6.342
5.748
4.187
3.907
4.556
5.438
5.698
5.169
4.860
4.574
4.824
3.769
3.157
4.164
4.289
3.806
2.989
2.886
2.789
2.360
1.914
2.545
2.271
1.979
3.065
2.660
3.812
3.768
3.962
4.182
3.610
2.697
2.304
2.134
1.449
1.700
1.014
1.910
