20000101
3.490
3.059
2.257
2.394
2.295
2.807
2.352
2.223
2.258
2.211
3.202
3.425
3.141
3.153
3.508
5.149
4.505
3.172
3.186
2.770
2.813
3.133
1.401
2.270
2.744
3.104
5.167
4.469
2.247
2.937
3.718
2.831
3.248
2.684
4.183
4.354
2.546
2.705
2.748
2.855
3.977
3.712
2.940
4.194
4.654
3.274
3.532
3.558
2.944
2.432
3.829
3.790
3.561
4.492
4.898
3.894
3.006
2.271
2.142
2.956
4.836
3.734
4.932
5.231
2.134
3.705
3.681
4.614
2.932
3.966
5.492
6.537
3.865
2.172
3.135
2.908
3.803
2.892
3.483
3.510
4.400
3.322
4.374
4.530
3.291
3.349
2.240
3.100
3.556
3.326
4.078
4.682
3.521
2.212
3.360
3.314
2.760
3.152
4.712
3.058
3.074
3.084
3.446
3.884
3.904
3.268
3.105
3.516
3.195
4.456
4.617
5.196
4.841
4.642
5.795
5.372
5.812
5.642
5.887
5.198
5.396
5.021
3.750
4.217
4.109
3.806
3.202
2.497
3.751
4.229
3.964
4.207
4.459
3.280
3.162
4.848
4.881
4.281
2.848
3.260
5.143
4.240
5.190
5.028
5.192
5.479
5.815
4.671
4.221
4.932
4.383
4.538
4.785
3.958
3.209
3.476
3.236
2.457
3.815
3.385
4.031
4.555
5.084
4.876
5.685
5.712
6.102
6.156
5.657
4.834
4.031
4.743
4.960
5.744
5.152
5.270
5.868
5.830
5.059
3.809
3.473
3.157
2.430
3.234
3.155
2.078
2.336
2.755
4.048
4.383
4.709
3.921
3.460
3.075
2.592
3.903
6.344
6.291
4.467
3.744
4.674
5.012
4.798
4.972
4.623
4.928
4.472
4.299
4.055
3.392
2.421
3.129
4.438
5.270
5.908
4.445
4.301
3.813
3.750
3.258
3.148
3.944
2.046
1.540
1.952
2.743
3.463
3.649
3.944
3.958
3.637
2.086
2.314
2.669
1.708
1.825
2.146
3.179
4.411
2.098
3.075
4.352
5.237
4.252
3.361
3.688
3.751
3.141
2.834
3.179
3.489
2.918
3.919
4.167
3.680
3.100
2.800
2.424
2.920
2.786
3.130
3.138
2.742
2.079
1.673
1.399
2.204
1.432
1.915
1.910
2.164
2.196
2.600
1.769
2.176
2.751
3.375
1.802
2.272
2.168
1.552
2.166
1.717
1.282
1.257
1.556
2.467
2.909
1.757
2.234
1.912
1.615
2.371
1.759
3.045
2.792
3.038
2.257
1.799
1.539
2.699
2.057
2.353
2.525
2.170
1.976
3.001
2.751
2.096
2.591
2.564
1.741
2.012
3.296
3.069
2.559
2.677
2.797
3.287
3.173
2.551
1.839
2.799
3.642
3.056
2.363
2.163
2.265
3.628
3.207
2.487
3.142
3.765
3.065
2.899
3.870
3.644
3.163
2.371
2.622
2.481
2.427
1.903
2.973
2.885
1.912
2.142
2.182
2.438
2.618
2.409
2.645
3.005
2.763
2.382
2.424
2.295
2.233
2.363
2.225
2.746
2.062
2.635
3.149
4.156
3.982
3.454
2.383
2.944
2.777
3.079
3.355
3.398
3.729
2.987
3.049
3.410
3.631
3.395
3.053
2.837
4.825
3.998
3.360
3.147
3.767
3.749
3.093
3.208
2.968
2.268
2.332
2.224
3.115
2.688
3.176
3.681
3.866
3.718
3.141
2.788
2.834
2.444
2.188
3.038
3.245
3.032
2.743
2.981
5.028
4.520
4.471
2.378
2.501
2.993
3.066
4.144
2.424
3.330
3.859
4.069
3.947
2.944
3.263
4.523
4.008
4.585
3.515
4.554
3.715
3.393
2.215
2.676
3.045
2.812
3.456
2.165
2.459
2.830
3.308
3.499
3.879
1.921
3.659
4.170
2.680
2.661
2.005
2.837
3.314
3.924
4.129
5.429
4.309
3.471
3.214
3.959
2.864
2.486
2.123
3.449
2.957
3.347
4.146
4.823
3.953
4.169
3.865
2.841
2.475
3.300
3.112
2.820
2.957
3.010
2.920
2.690
2.614
2.302
3.415
4.586
4.213
4.484
4.854
4.057
3.594
3.831
4.345
4.177
3.690
3.626
4.667
4.644
4.959
5.550
5.927
4.827
4.173
4.357
4.782
5.102
5.349
6.217
5.631
4.970
5.127
4.627
3.853
2.749
3.305
4.999
4.954
3.995
4.497
5.676
4.420
4.284
4.696
4.226
3.919
4.490
4.339
3.271
2.077
2.684
3.083
2.628
3.144
2.747
3.815
2.745
2.619
3.224
2.859
2.886
3.936
5.619
5.930
5.455
5.241
5.111
4.853
5.403
5.260
5.210
3.882
3.042
2.557
3.202
2.691
1.917
2.847
3.184
3.068
2.125
1.975
2.981
3.720
4.207
3.499
4.822
5.359
5.472
4.138
3.817
3.784
2.582
2.764
2.633
2.144
2.515
2.813
3.489
3.247
3.594
4.091
4.130
2.842
2.992
3.873
2.270
1.368
2.289
2.448
2.601
1.747
2.233
1.883
2.196
2.062
2.616
2.603
2.053
3.526
3.202
2.834
3.316
2.841
2.236
2.043
2.604
2.101
2.149
3.583
3.876
4.344
4.950
4.494
3.741
3.330
3.290
3.480
3.901
4.486
4.022
1.884
2.035
2.703
3.724
3.543
2.856
2.403
2.039
2.151
1.099
2.368
2.872
2.244
2.641
1.487
2.063
2.645
2.110
2.152
1.773
2.395
1.374
2.747
2.561
3.373
2.243
1.984
1.608
2.077
1.715
2.226
2.341
2.789
2.232
2.212
2.181
1.624
2.445
2.582
2.143
1.972
3.002
1.797
1.785
1.918
1.753
2.721
2.698
2.403
2.217
2.430
2.597
2.057
2.393
2.432
2.006
2.212
3.197
2.406
1.780
1.438
3.325
3.984
3.567
2.724
3.188
2.701
2.792
1.998
2.328
2.518
2.802
2.757
2.495
3.478
2.540
2.109
1.736
1.988
2.011
2.025
2.326
2.422
2.254
2.575
2.296
2.346
2.220
2.079
2.264
2.327
2.166
2.295
2.527
2.347
2.258
3.178
3.039
2.264
2.331
2.429
2.589
3.118
3.383
3.693
3.172
2.842
2.240
2.192
2.642
2.653
3.422
3.882
3.095
3.029
2.619
2.239
2.544
2.866
3.585
3.139
3.106
2.447
3.049
3.417
2.309
1.827
2.161
3.071
2.693
3.690
3.344
2.986
2.892
3.062
4.870
3.943
3.099
2.365
2.884
3.463
2.743
3.769
3.394
3.552
3.865
2.656
2.729
3.978
3.974
3.640
3.479
3.350
3.548
3.483
5.262
6.391
4.423
3.103
3.680
2.761
2.733
3.635
3.201
2.875
3.719
3.255
2.537
3.267
3.684
3.043
3.182
3.140
2.890
3.007
3.813
4.821
2.830
3.248
3.089
3.039
3.566
3.396
3.352
3.217
3.907
3.990
1.813
3.633
1.937
2.164
1.631
1.948
2.720
2.665
4.036
3.643
3.376
4.671
3.767
1.988
4.109
3.826
3.620
2.813
3.592
4.035
4.035
2.807
2.961
3.347
3.723
3.260
3.216
4.034
3.498
2.940
3.172
3.953
4.629
4.280
3.893
3.904
3.761
3.949
3.829
5.014
4.586
4.878
5.153
4.278
2.604
3.898
5.038
4.462
4.116
4.857
4.637
4.231
3.420
4.187
4.758
4.123
4.304
5.334
6.800
6.264
5.489
5.162
5.217
4.858
4.508
5.518
5.991
6.789
6.040
5.569
5.182
4.632
4.743
5.834
5.620
5.534
5.610
4.939
3.922
3.802
3.975
3.241
3.074
3.862
3.986
4.757
5.196
4.818
4.297
4.080
3.285
4.357
4.565
4.244
3.501
2.581
5.163
4.760
4.247
3.869
4.592
4.898
4.544
4.584
3.017
2.546
2.053
1.751
2.600
3.767
4.611
4.689
5.698
5.692
5.468
5.753
5.597
6.192
5.581
5.120
4.773
5.206
5.205
5.777
4.872
4.454
4.197
3.360
4.336
4.858
5.721
5.284
4.692
5.193
5.053
4.646
4.452
4.520
4.749
4.133
3.471
2.773
3.970
3.702
2.884
3.226
3.017
3.184
2.737
2.829
3.925
4.255
4.622
4.327
3.621
3.011
3.621
3.013
3.748
3.939
3.899
3.460
2.301
2.192
1.922
2.865
4.720
4.235
2.995
3.794
3.017
2.507
1.778
2.064
2.244
3.030
2.958
3.487
4.452
3.544
3.249
3.367
3.255
4.301
4.033
3.298
3.556
3.844
3.888
3.228
1.652
1.352
2.170
2.693
3.800
3.261
2.135
2.053
1.747
1.548
2.831
2.388
2.009
3.424
3.045
2.780
2.996
2.202
1.547
1.579
2.255
2.919
2.531
2.429
1.839
2.457
2.877
2.582
2.892
3.304
2.881
3.060
3.372
2.545
2.424
2.198
2.500
2.697
1.972
2.057
2.315
2.298
2.105
2.783
2.793
2.127
1.926
1.931
1.879
2.401
3.302
2.500
2.848
3.429
3.303
2.731
3.547
2.737
2.114
2.280
2.601
2.837
2.864
2.663
2.304
2.335
2.162
2.416
2.641
3.225
2.429
2.804
2.767
2.751
3.023
3.084
2.837
2.698
2.683
3.783
3.786
3.360
2.826
2.192
2.130
2.228
2.483
2.777
3.203
2.701
2.871
3.176
3.482
2.491
2.057
2.824
3.779
3.054
2.877
2.918
2.993
2.986
3.023
4.414
3.494
2.967
2.941
4.269
3.146
2.741
3.862
3.437
3.684
4.020
3.616
3.876
4.110
2.476
2.361
2.836
3.098
3.733
3.109
3.333
3.585
3.270
3.146
2.727
2.383
2.297
4.444
4.028
2.597
3.204
4.296
3.272
4.242
5.078
4.028
2.890
2.737
3.125
2.862
2.864
3.226
4.445
4.092
3.134
2.695
2.969
2.926
4.384
6.728
5.387
2.491
3.094
2.851
3.202
2.810
2.869
1.786
3.369
3.538
4.350
5.067
4.626
3.754
2.989
3.072
3.054
3.382
3.316
3.475
3.795
3.526
2.867
3.276
2.864
3.535
1.743
3.058
3.432
2.602
3.939
2.931
3.473
2.699
4.407
4.190
3.803
3.716
4.235
4.235
3.494
3.735
3.015
4.173
3.955
2.871
1.966
2.906
3.147
2.441
2.890
2.458
4.710
4.065
3.794
4.369
3.523
1.742
4.667
5.515
3.010
2.429
3.173
3.104
3.924
4.429
4.566
3.343
2.814
3.002
3.695
5.116
5.594
5.251
3.241
3.690
4.342
3.432
1.999
2.528
3.238
3.876
4.899
4.089
4.341
3.514
5.615
5.836
5.335
5.864
5.958
6.261
6.052
5.458
5.106
5.284
4.529
5.624
4.353
3.556
4.377
4.661
4.251
4.281
4.324
5.207
5.956
6.395
7.104
7.023
6.541
5.655
5.155
5.359
3.914
3.259
2.726
3.319
4.416
3.598
2.185
2.753
3.310
3.356
3.931
4.350
2.871
4.310
5.077
4.402
4.902
5.563
3.422
1.641
1.884
2.970
2.912
2.432
3.635
3.994
4.573
5.354
4.154
3.546
2.878
2.755
2.482
2.552
2.808
3.116
3.558
4.272
4.662
4.087
3.990
5.422
4.407
4.094
1.903
3.434
4.475
4.173
5.208
4.220
3.221
3.242
2.948
2.373
1.671
1.918
2.099
2.989
3.643
3.394
3.605
3.262
3.246
3.832
3.643
4.322
4.382
3.971
3.766
2.973
1.478
2.300
1.474
3.442
3.722
3.122
3.406
2.864
4.180
3.019
3.421
3.188
3.012
3.505
3.436
2.465
2.231
3.886
3.492
3.237
2.902
3.738
3.223
2.366
2.113
2.693
2.072
2.129
2.842
2.743
1.515
2.279
2.713
2.246
2.126
1.351
1.938
1.892
2.174
2.125
1.393
1.710
1.579
1.632
1.590
3.464
2.487
2.117
2.998
3.453
3.384
2.575
2.746
2.521
2.266
2.143
2.052
2.153
2.675
2.675
2.186
2.313
2.181
2.297
2.651
2.037
2.391
3.071
2.506
2.585
2.845
2.693
2.027
2.720
2.509
3.408
2.468
2.129
2.241
2.706
3.809
2.241
2.596
2.861
2.383
2.172
2.609
2.836
2.857
3.607
3.339
3.201
3.059
2.657
2.791
2.797
2.981
3.000
2.856
2.677
2.389
2.727
2.727
2.524
2.562
2.578
2.409
2.524
2.567
2.916
3.037
3.475
2.752
3.068
2.974
3.686
4.714
2.945
2.751
3.070
2.745
2.293
3.035
2.661
2.882
3.098
3.349
4.196
4.073
2.989
2.365
1.866
2.922
2.678
2.881
4.348
4.218
5.539
4.921
3.434
2.656
1.831
2.014
2.826
2.373
2.604
2.530
2.673
3.298
1.290
2.978
2.807
3.417
2.920
3.847
2.358
2.891
3.217
3.066
2.694
3.472
2.788
3.297
3.793
3.698
2.749
3.645
3.222
2.004
2.774
2.262
2.922
4.269
3.057
3.080
3.715
3.097
2.900
2.917
2.817
3.287
1.515
2.471
2.764
2.474
2.909
2.268
3.012
3.132
3.620
3.391
2.657
3.344
3.461
3.434
3.348
3.849
3.717
3.580
2.980
2.409
2.480
3.234
2.847
3.660
3.064
3.157
2.447
3.551
4.753
3.758
2.467
2.732
3.559
4.078
4.795
4.010
3.387
3.164
3.367
3.552
4.054
3.850
4.073
3.538
3.526
3.283
3.969
3.986
3.710
3.863
3.442
2.986
3.513
3.848
4.198
4.646
4.662
4.518
4.780
3.783
3.187
3.327
3.544
4.080
3.521
2.705
2.567
3.118
4.404
3.818
4.176
4.942
2.352
2.551
3.136
3.315
1.922
2.899
4.074
2.197
3.279
3.300
2.898
4.177
4.593
4.243
4.250
3.910
3.548
4.660
5.799
6.299
5.592
5.954
6.126
4.466
4.545
4.502
4.235
3.784
4.200
4.002
3.850
4.705
4.130
5.362
5.175
4.918
4.316
4.140
2.227
1.707
1.338
2.639
2.294
2.090
1.687
2.181
2.239
3.266
4.308
5.860
6.563
6.901
6.860
6.887
6.051
4.965
4.018
3.493
2.752
2.333
3.502
4.012
3.124
2.957
1.967
3.302
3.833
4.869
5.572
4.924
5.212
4.437
4.748
4.496
4.649
3.949
2.646
2.818
4.112
4.241
4.607
4.886
4.258
2.488
2.833
3.694
3.885
3.013
3.450
3.252
2.502
3.373
2.575
2.494
1.986
2.257
1.245
2.162
3.216
2.528
2.802
2.380
2.476
2.918
2.202
1.580
2.519
3.501
2.706
2.641
3.152
3.142
2.632
2.738
3.371
3.481
4.617
4.544
4.641
4.144
3.859
3.827
3.625
3.457
2.268
2.235
1.765
1.828
1.832
2.198
3.153
3.911
3.809
3.736
1.918
2.774
2.319
2.875
2.318
1.558
1.961
1.788
1.857
1.426
1.942
1.778
1.597
1.354
2.247
2.377
2.177
1.750
2.480
1.997
2.480
2.175
1.234
1.771
1.696
3.009
2.857
2.918
3.293
2.407
2.440
2.880
2.927
2.395
1.971
1.163
1.005
1.785
2.114
1.058
1.764
2.991
2.009
1.939
2.365
2.525
2.702
2.267
2.307
2.946
2.173
1.441
2.705
3.217
3.926
3.016
2.580
2.216
3.040
2.979
2.835
1.805
2.209
2.339
2.578
2.355
2.554
2.545
2.455
2.626
1.902
1.878
2.120
2.498
1.494
1.880
2.861
2.717
2.699
2.022
1.912
2.626
2.331
2.008
2.395
2.458
2.260
2.151
2.669
2.643
2.893
2.618
2.602
2.164
2.007
2.509
2.684
2.508
2.976
1.934
2.813
2.708
1.881
2.918
3.638
2.484
2.913
3.126
2.468
2.805
4.868
2.440
2.152
3.127
3.230
3.207
3.758
3.301
2.773
2.418
2.874
2.225
2.592
2.176
2.237
3.019
3.338
3.969
3.012
2.540
3.084
2.681
2.728
2.983
2.431
3.863
3.337
2.559
3.483
3.408
4.213
4.303
3.893
2.451
3.186
2.665
2.580
3.239
2.743
1.997
2.517
4.133
3.321
2.718
2.678
3.145
5.455
4.515
4.662
3.331
3.473
2.553
4.734
4.073
3.220
3.082
2.874
2.488
3.325
3.823
3.489
3.922
3.675
3.378
3.240
2.953
3.187
2.065
3.733
2.595
4.310
3.445
2.675
3.027
3.300
3.367
3.441
3.642
3.751
3.769
4.726
3.452
3.755
3.475
2.878
4.137
3.862
3.066
3.027
4.788
4.589
3.450
2.961
3.082
3.411
3.422
3.782
5.027
3.751
3.442
3.644
2.995
2.835
3.415
3.412
3.554
3.333
2.554
2.352
2.554
2.439
4.395
3.781
3.590
3.674
3.396
3.649
4.121
4.203
2.579
2.016
2.738
4.002
3.075
3.823
2.689
3.126
4.634
4.511
3.974
3.945
2.885
3.826
4.984
4.127
4.041
3.926
4.781
4.090
4.449
4.023
4.311
5.161
3.815
3.965
4.375
3.546
2.622
3.383
3.004
2.149
2.500
3.511
4.966
4.079
4.492
4.467
4.665
3.772
3.480
4.067
3.777
4.549
5.118
3.824
3.488
3.661
3.998
4.090
3.453
3.049
2.816
4.589
3.705
4.143
3.921
3.330
3.402
4.061
3.057
1.888
2.083
3.023
2.866
2.960
3.301
4.404
4.429
4.618
3.991
3.843
3.511
3.881
2.915
3.943
3.707
4.638
4.370
4.007
3.876
4.307
4.827
4.962
4.694
4.555
4.185
4.337
3.169
2.596
2.673
2.491
2.052
1.093
2.687
1.920
2.561
2.698
3.489
3.986
4.284
3.634
2.309
2.804
2.940
3.207
2.305
2.622
3.216
2.218
2.413
3.156
3.280
3.643
3.327
3.266
3.633
4.322
4.364
3.652
2.951
2.645
2.604
2.790
2.539
2.279
1.846
1.987
1.572
1.736
2.544
1.989
1.306
1.341
2.377
2.980
3.651
3.211
1.218
2.347
3.876
3.126
3.046
2.202
1.385
2.257
2.063
1.773
2.944
3.108
3.016
2.364
1.309
1.705
1.629
1.998
1.729
2.106
1.627
1.851
1.738
1.946
1.827
1.683
2.228
2.545
1.513
2.543
2.779
2.783
2.686
2.023
2.199
2.062
2.394
2.950
2.285
1.269
2.570
2.986
2.121
2.312
1.831
2.944
2.456
2.385
2.254
1.820
1.166
2.114
2.622
1.670
1.623
2.001
2.248
2.179
2.217
1.338
1.931
2.142
2.229
2.218
2.630
2.512
1.536
2.360
1.036
2.044
1.893
2.903
2.120
1.972
1.927
2.512
3.243
2.788
3.724
3.415
2.648
2.550
2.133
1.795
2.065
2.482
2.230
3.088
3.102
2.665
2.070
2.505
2.953
3.090
2.186
2.668
2.474
2.129
3.438
4.087
4.009
3.427
3.123
1.994
1.695
1.127
2.781
2.440
2.390
2.486
3.641
2.777
3.507
3.330
2.997
3.513
2.673
2.336
2.212
3.025
1.904
2.835
2.456
2.224
2.757
3.644
3.345
2.430
2.555
2.759
3.450
2.495
2.630
2.296
2.640
2.427
2.364
1.674
2.357
3.258
2.775
2.852
2.729
2.814
2.531
2.455
2.110
1.800
2.446
2.309
2.138
2.179
2.074
3.607
4.305
3.098
2.395
2.425
2.833
2.320
3.228
3.245
2.889
2.870
3.678
3.145
3.332
3.023
3.089
3.063
3.752
3.877
2.987
3.190
2.033
3.655
4.098
2.448
1.933
2.383
1.982
2.503
2.823
3.257
2.398
2.517
2.959
3.424
3.176
3.667
3.614
4.099
4.125
3.226
2.191
3.148
4.002
3.205
3.441
3.642
3.675
3.416
2.951
2.947
2.651
3.212
2.913
4.444
3.405
2.622
2.810
3.440
3.025
4.318
3.887
3.749
2.855
3.576
3.394
4.558
3.978
3.148
2.296
2.845
3.604
3.290
2.638
2.739
3.877
3.662
4.143
3.889
3.007
3.462
4.785
4.343
4.512
4.264
4.345
5.051
3.998
3.612
3.799
3.532
3.463
2.806
4.130
4.270
4.927
5.098
4.534
4.244
4.199
4.631
4.751
4.123
4.288
4.201
3.808
3.391
2.460
2.647
4.008
4.400
4.547
4.437
3.951
4.481
4.212
4.433
5.241
5.548
5.306
4.237
4.256
4.696
3.587
3.647
2.887
2.903
2.251
2.704
2.430
2.643
2.367
1.861
2.737
2.224
3.012
3.127
2.428
2.790
2.534
2.894
1.694
3.991
3.792
3.711
4.682
4.565
5.062
4.070
4.565
4.727
4.306
3.007
2.132
3.402
3.554
2.274
1.751
1.812
2.321
3.225
3.159
3.864
3.976
2.868
2.093
2.142
2.855
3.536
3.151
2.111
1.530
1.547
2.744
2.215
2.695
3.158
3.474
3.051
1.456
2.496
2.109
1.822
1.695
2.057
1.583
3.178
4.168
4.443
4.293
3.466
3.131
3.158
3.627
4.051
3.273
2.596
2.064
2.895
3.672
3.287
1.872
1.814
1.846
1.524
2.992
4.150
3.062
2.248
2.145
2.170
1.785
1.657
1.855
2.973
1.693
1.384
1.755
2.095
2.302
2.057
1.714
1.664
2.361
1.765
1.693
1.710
1.995
2.984
2.797
2.440
1.110
1.452
2.520
3.055
2.537
2.355
2.221
1.992
2.231
2.463
2.503
1.787
2.136
1.868
1.819
2.108
2.706
2.602
1.876
1.832
1.374
2.533
2.396
1.873
2.011
3.150
2.826
1.941
2.000
2.565
2.319
3.184
2.556
1.860
1.896
1.407
1.810
1.742
2.305
2.836
2.909
1.790
2.067
2.466
2.180
1.994
1.896
1.563
2.239
2.013
2.040
2.378
2.613
2.775
2.503
2.717
2.748
2.236
1.394
2.048
2.636
2.656
3.313
2.184
2.751
2.821
3.098
3.228
2.924
2.799
3.283
3.136
2.679
2.410
2.205
3.182
2.027
2.293
1.973
1.882
3.007
2.986
3.148
3.205
2.529
3.234
2.813
3.169
2.891
2.901
2.697
2.383
2.594
2.643
4.142
3.387
3.993
3.417
2.758
2.596
3.818
3.471
4.043
2.707
2.831
2.529
3.061
2.612
2.830
3.058
2.109
2.366
3.121
3.743
3.482
3.199
3.455
3.011
4.280
3.190
3.041
2.858
3.618
3.348
2.640
2.747
3.029
1.757
3.437
3.952
5.050
4.230
2.826
4.026
2.602
3.494
2.848
2.515
2.920
2.583
3.828
4.083
3.441
3.576
4.630
3.603
2.931
2.813
3.910
3.062
2.798
3.212
3.210
3.639
3.920
3.364
3.371
3.406
3.459
4.375
4.659
4.851
3.731
3.213
3.317
2.892
3.074
4.473
4.490
4.622
2.305
3.643
4.065
3.641
2.914
3.242
3.048
3.124
3.670
3.481
3.781
3.598
3.557
3.133
2.785
2.699
3.712
4.066
2.463
2.228
3.861
3.515
2.786
2.632
2.905
3.354
3.177
2.583
2.451
2.499
4.331
4.528
3.813
3.614
3.957
3.464
3.381
4.390
4.413
4.053
3.890
2.791
4.147
3.707
2.161
4.301
3.305
4.091
3.922
3.856
4.716
5.033
4.330
5.162
5.403
4.771
3.769
4.352
4.485
5.026
4.783
4.920
4.088
4.888
4.332
4.222
4.210
3.494
2.802
2.632
2.720
3.209
3.261
4.035
2.230
1.995
3.652
4.566
5.092
5.654
6.618
6.579
5.045
4.804
4.551
3.952
3.375
4.684
4.348
3.456
2.628
2.727
2.748
5.052
5.884
5.267
3.724
4.246
2.603
1.392
2.199
2.874
1.264
4.144
5.942
4.924
4.533
4.531
2.733
2.865
3.341
3.134
2.955
2.930
3.354
3.533
2.285
2.204
2.922
3.850
4.308
4.509
4.034
3.021
2.063
1.905
3.074
3.731
2.701
2.849
2.241
2.383
2.753
2.379
2.332
2.206
2.289
1.392
1.607
2.389
3.377
3.792
3.262
4.054
4.029
4.688
4.403
3.959
4.167
4.061
2.749
3.085
2.209
2.056
2.884
2.513
1.488
1.373
1.117
1.597
1.556
1.802
2.009
1.656
1.352
1.606
2.781
2.563
3.051
3.167
3.386
1.612
2.695
2.377
2.678
2.966
3.066
2.920
2.273
1.593
2.029
1.341
1.864
1.854
1.672
1.766
2.502
2.021
1.935
1.597
1.824
1.828
2.077
1.746
1.401
2.458
2.547
1.596
1.999
2.128
3.394
2.804
2.424
1.741
2.023
1.478
1.471
1.824
2.787
1.779
1.395
1.787
1.548
1.846
1.918
1.385
1.684
2.071
2.302
1.952
1.701
2.393
4.277
4.140
3.435
3.419
3.154
2.143
2.479
2.196
2.220
2.332
2.181
1.897
1.218
2.231
1.927
1.899
2.024
2.334
2.589
2.364
1.748
2.894
2.154
2.500
2.803
2.381
2.267
2.476
1.782
1.839
2.907
1.860
2.417
2.814
4.244
3.262
2.728
2.597
2.475
2.171
2.895
2.816
3.086
3.859
3.662
5.284
4.129
2.998
3.099
2.860
1.817
2.136
2.087
2.581
2.215
2.538
2.858
2.828
3.057
2.572
2.865
3.041
3.407
2.777
4.249
4.390
2.718
3.358
2.728
3.765
2.697
2.717
3.355
3.475
3.390
2.758
3.059
2.392
2.690
3.267
3.644
2.704
3.186
3.337
2.435
2.815
2.974
3.649
3.660
3.433
3.180
4.273
2.707
2.744
2.544
4.077
3.621
3.096
2.882
4.210
3.509
4.152
4.340
3.193
3.527
3.997
3.432
2.769
2.447
3.099
3.372
3.528
3.567
2.453
2.600
3.514
3.089
2.474
3.573
3.251
3.129
2.301
2.626
3.022
2.577
2.023
1.994
2.572
2.565
3.544
2.854
2.961
3.772
3.020
5.244
3.250
2.643
3.321
2.516
2.966
3.593
3.055
2.291
3.427
3.389
3.236
3.590
3.283
2.588
3.484
2.227
2.796
3.388
3.554
3.343
3.570
2.566
3.733
2.148
2.070
4.384
2.296
2.211
3.431
4.300
3.486
4.211
4.371
4.180
3.945
2.952
3.587
2.898
3.713
3.803
4.498
4.019
4.111
3.988
3.667
3.829
3.438
4.327
4.430
5.173
4.634
4.784
4.547
4.755
3.273
4.313
4.234
4.500
4.167
4.884
4.431
4.521
5.770
6.225
5.910
6.438
6.981
6.455
5.437
5.734
5.678
5.427
4.544
4.555
4.123
5.076
5.275
4.567
3.780
4.598
4.940
4.219
3.205
3.596
4.796
5.210
4.120
2.032
3.503
3.696
3.542
3.131
3.280
3.858
5.167
5.793
5.756
6.512
6.446
5.871
4.921
5.079
4.809
5.093
4.523
3.803
3.881
4.327
3.778
3.114
3.440
3.317
4.520
4.706
5.406
5.908
5.116
4.814
3.111
2.953
3.773
4.916
4.251
4.088
4.858
4.945
4.378
3.737
3.961
3.783
3.410
3.362
3.072
1.806
3.044
2.377
3.046
3.219
1.688
2.410
2.564
2.894
2.727
3.260
2.617
3.001
3.850
4.511
3.633
4.094
2.412
2.417
3.440
4.443
3.238
3.410
3.492
3.720
3.253
3.363
3.102
3.413
3.044
2.121
1.627
1.915
2.392
2.418
3.371
3.707
3.593
2.663
1.555
1.977
2.167
2.693
2.934
2.631
1.551
1.206
1.471
2.311
2.590
2.243
2.323
3.935
2.048
1.678
1.397
1.689
3.292
1.686
2.573
2.417
2.322
2.172
2.634
3.594
3.246
3.182
2.920
2.477
1.698
1.700
1.610
2.405
2.942
2.309
2.591
2.165
1.681
1.861
1.873
1.550
1.559
2.559
2.088
2.524
2.193
1.915
2.345
1.560
1.780
1.739
2.092
1.832
2.375
2.549
2.549
2.094
2.151
1.945
2.482
2.398
2.142
1.798
2.587
1.968
1.872
2.007
1.967
2.367
2.115
2.216
2.228
2.103
2.266
3.395
3.239
2.911
2.935
1.802
3.667
3.759
3.069
2.284
1.942
2.324
2.448
3.498
4.591
4.180
3.534
3.104
2.179
2.342
1.760
1.544
2.283
3.044
3.223
2.463
3.931
3.294
3.368
3.088
2.521
2.597
2.915
2.026
3.061
3.367
2.738
2.948
3.634
3.081
2.757
2.823
2.636
2.346
1.648
2.229
2.570
3.601
2.804
2.697
2.465
2.809
2.722
2.586
3.132
4.871
4.147
3.309
3.532
4.003
2.649
2.775
2.818
3.395
2.558
2.928
3.480
3.327
2.318
2.590
2.892
3.709
3.430
3.005
2.769
2.738
3.160
3.248
2.929
2.517
3.297
2.518
3.181
2.692
2.357
3.810
3.230
3.408
4.583
3.309
2.342
2.407
2.731
3.139
3.361
3.298
3.628
3.076
2.607
2.727
4.011
3.523
3.505
3.163
3.222
2.701
2.595
2.936
3.700
4.234
3.837
3.126
3.424
3.081
2.686
3.103
2.746
3.257
3.318
3.797
3.086
3.538
3.816
3.363
3.307
3.651
3.351
2.158
2.477
2.037
3.302
3.538
3.041
3.024
3.671
3.583
3.793
3.249
3.444
3.287
4.640
3.778
5.022
4.103
4.785
4.059
2.830
3.468
3.501
2.884
3.622
4.898
3.685
3.895
3.080
3.399
2.338
4.606
4.416
3.341
2.986
4.398
3.168
3.102
3.261
3.587
4.017
4.377
4.574
3.981
3.556
4.204
4.043
3.255
3.861
3.644
4.283
5.092
5.179
4.377
4.522
4.903
4.996
4.308
3.975
4.120
3.637
4.425
4.461
3.862
4.391
2.837
4.536
5.326
4.662
4.638
5.745
4.958
4.435
5.419
5.926
6.010
5.912
5.605
4.549
4.399
4.374
4.272
4.231
4.470
4.230
4.039
4.375
4.920
3.970
2.538
2.722
2.896
3.979
4.130
4.364
2.396
2.889
3.340
2.795
3.018
3.612
3.278
4.876
4.583
3.549
2.067
2.733
2.774
3.420
3.448
4.449
4.891
2.601
2.944
3.226
3.900
3.151
2.698
1.314
2.239
3.600
3.046
3.511
3.316
2.343
2.767
3.828
2.957
4.252
5.055
4.969
4.456
4.873
4.907
4.514
3.596
4.141
4.217
4.461
4.294
4.180
2.607
3.505
3.213
2.869
3.573
3.207
3.952
3.986
3.134
3.750
3.743
3.494
3.613
3.943
2.824
3.230
2.250
2.636
2.217
2.901
1.404
1.664
3.519
4.203
2.405
1.742
2.826
2.500
3.306
3.023
2.549
3.272
3.491
3.278
3.946
2.550
2.882
3.121
2.967
2.658
2.346
2.451
2.980
2.692
2.762
2.928
2.975
3.167
3.227
2.988
2.858
2.608
2.698
2.751
3.120
3.543
3.905
2.283
2.498
1.866
3.164
3.594
3.143
2.790
2.397
2.433
1.893
1.530
1.926
2.903
3.061
3.188
2.803
2.608
2.553
2.301
3.415
2.406
2.547
1.461
1.957
1.625
1.852
1.691
1.933
1.789
1.488
2.414
1.941
2.392
2.070
2.284
2.103
1.849
2.366
4.045
5.012
1.872
2.704
2.979
2.374
2.803
2.960
2.112
1.937
1.988
2.186
1.830
2.484
2.202
1.991
2.323
1.977
1.856
2.069
1.537
2.992
2.898
2.283
2.337
2.780
2.830
2.894
2.334
2.338
2.703
3.042
2.613
3.431
2.625
3.312
3.134
2.666
3.533
2.023
2.261
2.587
1.868
2.573
3.046
2.120
2.463
2.364
2.604
2.488
2.579
3.661
3.752
3.285
3.775
3.304
3.373
3.659
2.930
3.441
3.052
2.346
3.469
4.295
3.784
3.664
3.066
2.303
2.395
2.297
2.776
1.866
2.486
2.225
2.587
2.996
3.274
2.711
2.621
2.352
2.915
3.308
2.707
2.462
2.647
3.255
2.247
2.963
2.902
4.756
4.875
2.729
3.887
2.862
3.419
3.256
3.840
3.111
4.111
3.437
2.627
2.604
3.340
3.940
3.674
2.113
2.138
2.549
3.127
3.915
3.367
3.250
4.250
4.451
3.491
3.785
3.462
3.006
2.931
3.275
3.350
3.669
2.632
3.524
3.738
2.834
2.414
2.224
3.174
2.632
2.666
4.339
3.384
3.098
3.079
3.355
2.895
3.116
4.465
4.161
5.075
3.597
4.504
3.148
2.984
3.002
2.588
2.726
2.856
4.975
4.757
3.750
3.659
2.233
2.263
2.765
3.541
4.215
4.976
5.844
6.233
5.810
4.445
4.301
4.215
4.136
3.412
3.441
3.861
3.902
4.255
3.580
2.540
3.631
4.038
4.666
5.005
5.082
4.694
4.826
4.674
3.734
3.578
3.738
4.114
3.986
3.857
4.213
4.123
3.764
2.892
2.572
3.996
4.656
6.077
6.655
7.281
7.185
7.206
6.003
4.663
4.477
4.941
5.169
4.313
6.252
6.751
5.314
6.960
3.692
2.817
3.173
3.380
3.405
3.326
4.361
3.431
2.746
2.700
3.105
3.419
3.561
4.918
5.872
5.729
5.152
3.350
3.016
3.235
4.820
4.779
4.919
4.660
2.425
3.487
2.302
2.186
3.416
2.807
1.963
2.913
4.005
5.384
5.818
4.749
3.570
2.549
3.183
2.292
2.798
3.518
3.249
2.565
2.722
2.381
2.563
1.730
3.032
3.804
4.400
2.945
2.233
1.237
2.052
1.963
1.901
2.404
3.430
2.318
1.500
2.695
2.812
2.492
2.265
2.046
2.487
2.487
2.770
2.216
2.325
2.385
2.526
2.589
3.633
3.789
3.335
2.976
2.337
1.161
1.509
1.314
1.469
2.319
1.677
2.699
2.800
2.473
1.922
2.317
2.552
1.902
1.495
1.595
3.219
3.245
3.088
2.728
2.407
1.853
1.936
1.911
2.255
2.955
2.659
2.862
2.942
2.674
2.324
1.524
1.184
2.174
1.504
1.369
1.321
2.316
1.421
1.763
1.547
1.820
2.241
2.387
2.718
2.717
2.811
2.436
1.429
1.516
1.584
2.676
3.171
3.036
3.316
2.547
1.461
1.832
2.659
2.536
2.383
2.068
1.946
1.922
1.656
1.689
2.709
2.903
2.720
3.082
3.562
3.111
2.085
1.893
3.007
4.150
4.159
2.002
1.881
1.882
2.064
2.165
2.590
1.790
2.122
1.877
2.770
2.344
2.853
3.611
5.465
2.663
1.514
1.677
2.048
2.586
3.221
2.130
2.004
3.410
3.059
2.826
3.203
2.760
3.525
3.165
2.824
3.304
2.684
2.568
1.488
1.879
2.068
1.850
1.748
2.288
3.582
2.516
1.684
2.169
1.764
1.961
2.748
2.299
3.216
3.291
2.967
2.697
2.728
2.495
2.132
2.547
2.135
2.309
1.848
1.614
2.393
3.301
2.505
1.794
1.387
1.472
2.484
2.158
2.456
1.884
1.690
2.728
1.560
1.832
1.946
2.524
2.354
2.818
3.359
3.324
2.323
2.720
1.917
3.039
2.408
2.152
1.570
1.932
2.227
2.527
3.169
2.106
2.543
2.101
2.773
2.381
2.752
2.882
2.792
2.272
2.369
3.078
2.083
3.015
2.667
3.113
2.760
2.651
3.032
2.223
3.366
3.247
3.001
3.221
3.416
2.255
1.905
2.400
3.204
3.387
3.402
3.548
3.588
2.706
2.186
2.171
1.482
1.901
2.542
3.397
3.763
3.067
2.565
2.891
2.261
1.785
1.836
2.460
3.121
3.619
3.257
3.276
3.179
2.782
2.299
3.410
2.736
2.040
2.568
2.885
2.760
2.681
2.722
2.902
3.441
2.768
2.526
2.284
2.889
3.501
3.182
2.505
2.676
2.827
3.174
2.510
2.773
3.186
3.094
3.268
3.852
4.031
3.406
3.020
4.077
3.846
3.726
3.634
3.414
2.118
3.286
3.728
4.033
4.147
4.388
3.575
3.103
3.037
2.520
2.025
3.543
4.119
5.085
4.844
4.334
3.968
4.221
3.856
4.056
3.491
3.807
3.913
4.161
4.562
4.537
3.205
1.835
1.669
1.426
2.180
2.617
3.802
3.798
3.390
4.022
3.512
4.175
3.351
4.728
4.782
4.802
3.721
3.692
5.105
5.667
6.760
5.268
4.931
5.953
5.118
4.256
2.165
3.900
3.715
3.889
2.961
2.741
2.526
1.798
2.185
1.529
2.433
1.955
2.313
2.929
2.715
2.653
1.854
1.083
1.238
1.082
1.770
3.249
4.369
3.925
3.467
2.394
1.796
1.566
1.897
1.851
2.799
2.221
2.216
1.865
2.531
2.195
1.008
1.696
2.050
2.660
3.153
2.902
1.616
4.507
4.387
2.948
2.675
2.201
2.500
2.860
2.154
1.893
1.406
1.241
1.256
1.203
1.740
1.846
1.802
1.623
1.402
1.468
2.208
2.322
1.290
2.209
1.463
1.491
1.712
2.927
4.647
4.778
2.984
2.729
1.670
1.347
2.166
2.328
1.904
1.724
2.712
2.410
2.246
2.373
2.049
2.451
1.713
1.340
1.745
1.656
2.059
2.263
2.054
1.903
1.643
2.214
2.381
2.339
1.896
1.420
2.030
1.838
1.641
1.921
1.596
1.655
1.368
1.836
1.143
1.538
1.723
1.289
1.774
1.426
1.782
1.145
1.586
1.608
1.866
1.870
2.308
1.963
1.821
1.447
1.420
1.158
1.518
2.297
1.603
2.354
2.221
2.299
1.955
1.823
1.251
1.466
1.583
2.587
2.006
2.102
0.938
1.366
1.389
1.627
1.564
1.842
2.665
1.837
3.061
2.655
2.346
2.093
2.425
2.893
3.031
2.241
1.490
1.537
1.851
1.609
1.732
1.673
1.911
2.847
2.504
3.105
2.120
2.559
1.489
1.540
2.036
1.995
1.997
1.858
2.083
1.879
2.756
2.799
2.532
2.094
1.627
2.217
2.344
2.509
2.790
2.485
2.943
3.863
2.984
2.008
2.161
2.165
2.071
2.240
3.016
2.553
2.382
2.060
2.007
1.949
1.851
2.365
2.653
1.944
2.199
2.195
2.136
4.004
3.200
2.107
1.970
3.025
2.555
3.347
3.047
4.476
2.970
3.160
3.093
2.154
2.372
2.700
3.069
3.032
3.780
3.908
2.633
2.600
2.347
2.393
2.591
2.546
3.341
2.344
3.539
2.595
2.587
2.127
3.010
2.816
2.704
2.582
3.112
2.989
2.653
2.817
2.433
2.416
2.198
2.580
2.956
3.452
3.480
2.402
3.003
3.049
2.111
3.190
3.605
2.892
2.452
2.522
3.055
3.014
2.744
3.035
3.133
2.590
2.546
2.579
2.207
2.350
2.200
2.776
2.309
2.367
2.702
1.960
3.328
3.314
2.892
2.850
2.947
3.105
2.987
2.709
3.275
3.549
3.818
3.601
3.686
3.503
2.459
3.202
3.257
3.258
3.612
2.184
2.638
3.040
2.731
2.730
2.595
2.842
2.878
3.013
3.373
3.749
2.378
2.191
2.735
2.814
2.459
2.824
2.936
1.879
2.559
3.348
3.767
3.798
3.542
2.999
3.497
4.024
4.376
3.780
3.168
2.896
3.156
3.336
3.891
4.444
4.481
3.997
3.683
3.770
3.490
3.991
3.924
4.142
4.681
5.124
4.938
4.626
3.578
3.572
3.406
4.361
4.193
3.334
1.687
1.427
2.609
2.040
3.783
4.195
4.915
5.359
6.098
5.687
5.269
5.222
4.925
5.302
5.771
5.210
4.062
4.011
3.901
3.488
3.223
3.457
4.285
2.937
4.738
4.186
3.470
2.760
3.258
3.457
2.657
2.943
3.271
3.242
2.538
2.247
2.704
3.598
3.142
1.876
2.389
3.514
3.943
3.576
3.347
3.176
3.620
4.202
2.798
2.473
1.482
3.754
3.391
3.358
2.947
1.856
1.937
2.474
2.666
2.079
1.658
1.949
2.948
3.668
2.574
2.415
1.279
1.787
1.609
1.677
1.884
2.532
2.357
1.986
2.086
1.851
1.091
1.072
1.096
1.182
1.402
1.114
1.341
1.067
1.466
2.040
2.190
2.292
3.481
4.002
2.438
1.379
1.521
2.481
2.262
2.809
2.554
2.093
1.320
1.201
0.915
0.964
1.145
1.488
1.875
1.757
1.423
0.992
1.354
1.152
1.708
2.418
2.132
1.625
1.072
1.599
1.577
1.740
1.612
1.486
2.025
1.847
1.508
1.677
1.459
1.576
1.510
1.289
1.034
1.323
0.992
1.988
2.061
1.843
2.505
2.435
1.913
3.100
2.483
1.693
2.868
3.865
4.377
4.049
3.267
2.909
2.347
2.435
1.862
1.468
1.090
1.498
1.471
1.673
1.539
2.437
2.050
1.788
1.742
2.325
2.142
2.613
2.241
1.678
2.049
1.453
1.908
2.308
2.185
1.848
1.419
2.983
2.464
3.119
3.630
3.016
2.843
2.778
2.125
2.307
1.552
1.973
1.617
1.705
2.074
1.681
1.679
2.120
3.666
2.124
3.044
1.957
2.468
2.798
2.575
2.547
1.911
1.880
1.926
1.907
2.787
3.083
2.768
2.308
2.780
2.065
1.740
1.938
2.452
2.563
2.618
2.228
1.622
1.709
1.933
2.183
2.228
2.170
2.054
2.871
2.881
2.685
3.399
2.822
3.526
3.137
3.672
3.112
2.699
2.364
2.490
2.612
3.384
3.494
3.199
2.083
3.184
3.296
2.916
1.818
3.445
2.900
2.988
2.644
2.954
2.797
3.188
4.098
3.269
3.377
1.538
2.049
2.275
2.091
3.448
2.818
3.553
2.480
3.069
3.724
2.491
2.373
3.384
2.654
2.545
2.646
1.902
2.155
2.591
2.340
2.658
2.798
1.816
2.055
2.635
2.278
2.071
3.250
2.007
2.162
2.357
2.572
2.012
2.441
2.969
2.732
2.623
3.209
2.459
3.132
2.721
2.375
2.196
2.640
3.082
2.525
2.424
2.212
2.611
3.376
3.159
2.493
3.052
2.319
1.731
2.150
2.308
2.910
3.745
3.107
3.251
3.100
2.513
1.958
1.930
2.263
1.642
3.097
2.864
2.351
2.906
3.185
2.325
3.103
2.947
3.287
3.620
3.238
2.586
3.245
3.829
3.307
4.514
4.022
3.381
1.808
2.550
3.098
3.643
3.771
3.668
3.498
4.081
4.667
4.114
4.406
4.409
5.002
4.914
4.143
4.285
4.074
3.529
3.274
2.815
2.317
2.326
3.009
3.348
3.758
3.689
2.661
3.608
4.027
3.534
3.042
2.146
1.633
1.937
2.040
2.873
1.544
2.137
2.865
3.493
3.852
3.458
3.071
3.272
3.382
4.466
4.003
4.464
4.092
3.206
3.759
2.961
3.498
2.430
2.535
1.577
1.837
2.358
2.289
1.581
1.218
2.476
2.698
2.826
1.745
1.784
2.288
2.492
1.434
1.578
1.513
1.955
2.113
1.757
2.200
1.474
1.760
3.196
2.160
2.159
1.726
2.677
2.473
2.198
2.204
1.831
1.737
2.162
2.981
3.005
2.255
1.923
1.586
2.634
2.663
2.266
2.196
2.778
3.121
3.325
2.502
1.850
1.559
1.823
2.358
2.994
2.984
2.574
2.335
2.458
2.284
1.880
2.251
2.594
2.690
2.837
2.539
1.525
1.002
1.299
1.259
1.121
0.960
1.355
1.591
1.809
1.636
1.499
1.195
1.690
1.648
0.900
1.390
1.372
0.981
2.675
5.221
3.744
4.188
2.561
0.988
1.641
1.745
1.858
2.648
1.903
1.189
0.931
1.576
1.878
2.048
1.205
1.872
1.905
1.694
2.025
1.790
1.574
2.106
2.000
1.809
1.007
1.150
0.991
3.118
3.518
2.448
1.324
1.691
1.556
1.465
1.404
1.175
1.429
0.629
1.114
1.610
1.694
1.212
1.011
1.724
2.120
2.153
1.817
1.418
1.252
2.645
2.384
2.860
2.184
1.090
1.252
1.104
1.659
1.871
1.292
1.204
1.047
1.197
2.242
2.875
1.929
1.501
1.808
1.731
2.160
1.840
1.625
1.284
1.545
1.716
1.558
1.309
1.782
1.972
1.495
1.367
1.366
1.432
1.472
1.959
2.465
2.397
2.001
2.741
2.038
2.511
2.505
2.743
2.351
2.578
2.641
2.926
3.035
2.324
2.286
2.303
2.175
2.056
2.988
3.120
2.422
3.350
3.815
2.701
2.491
2.488
1.929
2.074
2.708
2.167
3.747
2.485
2.347
1.798
2.578
2.139
2.414
1.730
2.025
2.020
1.402
1.278
2.079
2.253
2.174
2.365
2.232
1.967
2.327
3.661
2.314
2.014
3.003
1.466
2.632
3.857
2.674
1.926
1.431
2.069
2.042
1.791
2.751
1.370
2.731
3.392
2.921
3.160
2.744
1.774
2.506
2.942
1.559
1.796
1.969
2.656
2.692
2.527
2.558
1.891
2.295
3.197
3.057
3.171
2.778
2.768
2.859
3.583
2.215
2.280
2.712
3.081
2.582
2.659
3.195
2.405
2.392
2.605
3.422
3.028
2.696
2.283
3.244
4.058
2.239
2.354
3.103
3.408
3.298
2.670
2.400
2.236
2.870
2.555
2.896
2.678
2.589
2.884
3.345
3.107
2.130
1.958
1.686
3.133
3.010
2.161
2.823
2.153
2.211
2.172
2.890
3.509
3.732
3.525
3.506
3.043
2.168
2.150
2.742
3.920
3.541
3.719
3.571
4.413
4.127
3.558
3.941
2.966
2.598
3.517
3.404
3.641
2.926
3.677
4.188
3.222
2.388
1.992
2.131
3.510
4.733
4.454
4.000
3.114
2.251
2.475
3.200
3.063
3.969
4.152
3.887
3.787
3.231
3.799
3.961
4.093
4.558
3.873
3.221
3.946
3.810
3.467
4.458
5.099
5.836
6.147
6.483
5.822
4.335
4.211
4.773
5.545
5.883
5.464
5.111
4.775
5.016
3.907
3.382
4.341
4.457
3.874
2.936
3.060
2.769
2.101
1.867
2.599
2.118
1.810
2.594
2.618
3.996
4.002
4.057
4.406
3.805
2.716
2.402
2.216
1.517
1.913
1.070
1.792
