20000101
3.601
3.001
1.944
2.097
1.950
2.784
2.310
2.395
2.497
2.335
3.140
3.769
3.232
2.841
3.620
5.599
4.862
3.219
3.144
2.947
3.310
3.406
1.368
2.517
2.894
3.180
5.327
4.763
2.163
2.853
4.335
3.042
3.149
2.933
4.451
4.397
2.648
2.937
2.565
2.897
4.037
3.788
2.687
4.201
4.978
3.216
3.440
3.698
2.979
2.710
3.403
3.656
3.639
4.566
4.908
3.830
3.043
2.132
2.279
2.993
5.320
3.779
5.118
5.663
1.903
3.650
3.545
4.591
2.843
4.080
5.959
6.822
4.099
2.064
2.864
2.861
4.145
2.707
3.370
3.516
4.646
3.035
4.166
4.760
3.407
3.252
2.570
3.314
3.042
3.159
4.181
4.769
3.685
2.191
3.497
3.368
2.589
3.664
5.078
3.090
2.599
2.908
3.392
3.949
4.210
3.306
3.076
3.743
3.056
4.584
4.860
5.500
5.279
4.424
5.858
5.579
6.084
5.827
6.149
5.460
5.468
5.228
3.901
4.436
4.483
3.881
3.086
2.563
3.851
4.421
4.025
4.439
4.576
3.601
3.153
4.926
5.103
4.487
3.127
3.105
5.439
4.328
5.464
5.356
5.553
5.832
6.131
4.971
4.403
5.128
4.624
4.665
4.834
3.852
3.142
3.573
3.428
2.818
3.337
3.394
3.624
4.656
5.013
4.822
5.352
5.713
6.037
6.161
5.761
4.922
4.220
4.963
5.150
5.867
5.266
5.375
5.831
5.968
5.172
3.835
3.403
3.077
2.460
3.180
3.122
2.238
2.460
2.627
3.994
4.077
4.727
3.894
3.317
3.079
2.694
3.994
6.600
6.365
4.668
4.265
4.904
4.983
5.242
5.252
4.833
5.076
4.812
4.577
4.288
3.391
2.727
3.294
4.619
5.426
6.131
4.679
4.434
3.878
3.820
3.222
3.071
3.985
2.167
1.443
1.765
2.922
3.531
4.017
4.394
4.328
4.023
2.322
2.506
2.710
1.850
1.902
2.097
3.295
4.053
2.126
3.262
4.687
5.458
4.613
3.638
3.896
3.922
3.516
2.929
3.372
3.606
2.976
4.103
4.285
3.788
3.311
2.888
2.407
2.973
3.122
3.236
3.327
2.684
2.198
1.796
1.377
1.743
1.497
1.900
1.732
2.103
1.929
2.328
1.742
2.247
2.756
3.480
1.627
2.459
2.038
1.468
2.064
2.428
1.428
1.286
1.760
2.212
2.757
1.213
2.439
2.230
1.286
2.262
1.679
3.059
3.002
3.336
2.404
1.570
1.490
2.800
1.922
2.131
2.438
2.045
2.455
3.201
2.842
1.934
2.429
2.596
1.832
2.023
2.923
2.830
2.781
2.524
2.616
3.470
3.270
2.661
1.553
2.720
3.480
3.324
2.133
2.142
2.254
3.419
3.065
2.199
3.229
4.261
3.416
3.077
4.029
3.622
3.142
2.119
2.284
2.377
2.431
1.677
2.706
2.994
1.816
1.999
1.832
2.605
2.664
2.273
2.539
2.700
2.837
2.572
2.427
1.917
2.115
2.316
2.041
2.890
2.199
2.455
3.159
3.123
4.113
3.492
2.487
3.013
3.019
3.134
3.157
3.238
3.852
3.188
3.088
3.356
3.621
3.581
3.004
2.755
5.308
3.927
3.252
3.155
3.866
4.234
3.324
3.175
3.320
2.073
2.350
2.490
2.950
2.536
3.153
3.288
3.869
4.142
3.035
2.597
2.938
2.430
2.061
2.990
3.317
2.954
2.726
2.869
4.802
4.717
4.404
2.603
2.367
2.914
2.890
4.241
2.206
3.374
4.111
4.450
4.357
2.754
2.948
4.360
4.470
4.871
3.626
4.332
3.502
3.401
2.133
2.583
3.357
2.719
3.419
2.093
2.309
2.849
3.107
3.189
3.705
1.875
3.661
4.320
2.589
2.577
2.189
2.607
3.097
3.812
3.858
5.461
4.433
3.568
2.958
3.980
2.598
2.707
2.394
3.369
2.764
3.332
4.118
5.068
4.162
4.384
3.935
2.762
2.048
3.131
2.929
3.062
2.823
2.923
2.551
2.884
2.612
1.957
3.392
4.753
4.436
4.865
5.216
4.247
3.718
3.922
4.623
4.389
3.830
3.804
4.930
4.954
5.135
5.614
6.127
5.173
4.473
4.604
4.975
5.319
5.461
6.264
5.505
4.874
5.208
4.713
4.076
2.274
3.348
5.060
4.852
4.019
4.395
5.561
4.492
4.520
4.728
4.362
4.118
4.356
4.331
3.189
2.135
2.625
3.136
2.808
2.935
2.972
3.896
3.148
2.849
2.971
2.790
2.782
4.054
5.545
5.881
5.676
5.423
5.373
4.893
5.482
5.350
5.442
3.938
3.293
2.648
3.196
2.777
2.470
2.923
3.175
3.071
2.490
1.969
3.090
3.742
4.427
3.774
5.109
5.539
5.665
4.368
3.978
3.834
2.628
3.272
2.834
2.302
2.574
2.994
3.725
3.568
4.027
4.246
4.338
2.919
3.145
3.985
2.492
1.406
2.136
2.361
2.493
2.140
2.421
1.711
2.067
2.212
2.842
2.557
2.098
3.295
3.563
2.770
3.468
2.837
2.222
2.054
2.602
2.118
2.197
3.767
4.043
4.589
5.188
4.747
3.779
3.347
3.404
3.549
3.991
4.600
3.957
1.937
2.173
2.684
3.843
3.627
2.946
2.568
2.233
2.206
1.005
2.371
2.585
2.116
2.353
1.581
2.037
2.467
2.323
2.068
1.317
2.722
1.077
2.579
2.621
3.346
2.606
2.148
1.131
1.520
1.573
2.129
2.432
2.599
2.416
2.423
1.917
1.588
2.128
2.571
2.028
2.460
2.765
1.628
1.694
1.982
1.697
2.758
2.494
2.114
2.247
2.063
2.516
1.985
1.923
2.159
2.041
2.206
3.357
2.686
1.923
1.313
3.096
4.125
3.581
2.997
3.389
2.920
2.958
2.330
2.383
2.202
2.845
2.780
2.462
3.225
1.872
2.362
1.318
1.990
1.985
2.313
2.436
2.712
2.386
2.648
2.321
2.472
2.092
1.886
2.207
2.244
1.994
2.237
2.713
2.534
2.111
2.780
3.466
2.632
2.167
2.268
2.681
2.867
3.583
4.098
3.371
3.101
2.535
2.379
2.596
2.437
3.303
4.191
2.975
2.878
2.701
2.371
2.727
2.998
3.574
3.329
2.891
2.575
3.307
3.577
2.519
1.845
1.902
3.139
3.119
3.949
3.498
2.852
2.926
2.859
5.079
4.133
2.996
2.435
2.759
3.880
2.567
3.803
3.813
3.775
4.009
2.966
2.467
3.865
4.084
3.949
3.519
3.484
3.605
3.515
5.699
6.778
4.499
3.326
3.861
2.708
2.405
3.640
3.323
2.949
3.522
3.114
2.764
3.397
3.782
3.255
3.155
3.058
2.645
2.921
3.823
5.207
3.308
2.955
3.118
2.882
3.510
3.670
3.811
3.058
3.946
3.799
2.455
3.581
2.019
2.203
1.590
2.537
2.890
2.314
3.975
3.448
3.351
4.974
4.064
1.786
3.942
3.590
3.709
2.842
3.757
4.243
3.949
2.558
2.989
3.466
3.445
3.351
2.821
4.041
3.262
2.903
2.998
4.014
4.833
4.620
4.202
4.308
4.086
4.114
4.018
5.113
4.850
5.111
5.470
4.536
2.553
3.664
5.583
4.524
3.972
5.020
4.682
4.204
3.175
3.558
5.195
4.466
4.607
5.243
6.949
6.374
5.607
5.246
5.180
4.954
4.539
5.972
6.325
7.179
6.575
6.009
5.511
4.866
4.972
5.948
5.844
5.710
5.816
5.081
3.835
4.035
4.074
3.115
2.930
3.763
4.054
5.005
5.413
4.964
4.580
3.976
3.276
4.122
4.567
4.250
3.540
2.760
5.148
4.575
4.181
4.021
4.631
4.938
4.517
4.518
2.777
2.475
1.893
1.783
2.726
4.232
4.896
5.016
6.005
6.091
5.628
6.018
5.757
6.339
5.774
5.236
4.600
5.264
5.007
5.683
5.309
4.938
4.652
3.881
4.784
5.388
6.225
5.681
5.105
5.622
5.448
5.038
4.595
4.789
4.986
4.430
3.628
3.075
3.993
3.625
3.155
3.543
3.080
3.271
3.124
3.111
4.093
4.621
4.936
4.625
4.056
3.282
3.768
3.615
4.091
4.455
4.188
3.541
2.263
2.108
2.245
3.113
4.530
4.017
3.088
3.851
3.352
2.413
1.912
1.994
2.168
3.144
2.966
3.642
4.760
3.810
3.660
3.521
3.632
4.404
4.484
3.604
3.817
4.086
3.995
3.246
1.794
1.618
2.112
2.830
3.626
3.485
2.140
2.212
1.887
1.470
2.926
1.935
1.892
3.417
3.201
3.021
3.195
2.564
1.565
1.748
2.278
2.685
2.518
2.490
2.057
1.922
2.846
2.254
2.482
3.266
3.015
3.242
3.614
2.634
2.432
2.133
2.177
2.506
1.641
1.974
2.313
2.311
2.075
2.942
2.709
2.117
1.966
1.745
2.058
2.114
3.283
2.177
2.622
3.033
2.986
2.646
3.263
2.811
1.867
2.109
2.480
2.728
2.632
2.497
1.915
2.152
2.307
2.370
2.614
3.396
2.706
2.554
2.476
3.224
3.118
3.019
2.842
2.666
2.881
3.756
3.809
3.393
2.758
2.307
2.031
2.148
2.247
2.480
3.064
2.553
3.043
3.581
3.694
2.749
2.150
2.834
4.062
3.052
2.774
2.890
3.005
3.109
2.803
4.256
3.771
2.819
2.884
4.519
3.081
2.583
3.793
3.826
3.553
4.507
3.928
3.639
4.525
2.821
2.402
3.107
3.179
3.601
2.935
3.223
3.499
3.248
3.191
2.767
2.423
2.133
4.193
4.335
2.702
3.318
4.947
3.147
4.753
5.609
4.316
2.777
2.638
3.354
2.824
2.844
3.262
4.427
4.019
2.899
2.851
2.777
2.795
4.438
7.187
5.850
2.523
2.795
2.604
3.273
2.565
2.632
1.521
3.500
3.534
4.479
5.333
4.515
3.762
3.018
2.860
2.909
3.305
3.450
3.384
3.762
3.343
2.576
3.177
2.958
3.545
1.802
3.221
3.414
2.511
4.178
3.064
3.629
2.453
4.103
4.045
4.015
3.512
4.556
4.425
3.207
3.692
2.983
4.339
4.197
3.082
1.862
2.133
2.866
2.133
3.092
2.265
4.608
4.193
4.149
4.451
3.805
1.376
4.784
5.682
3.144
2.260
2.951
3.248
3.979
4.708
4.867
3.106
2.628
2.877
3.290
5.272
5.987
5.766
3.456
4.020
4.631
3.563
1.682
2.010
2.875
3.974
5.143
4.092
4.363
3.112
5.343
6.026
5.344
5.945
6.094
6.406
6.112
5.380
4.946
5.341
4.602
5.446
4.542
3.714
4.404
4.778
4.408
4.274
4.248
5.317
6.124
6.567
7.312
7.149
6.715
5.956
5.317
5.646
4.142
3.171
2.835
3.318
4.221
3.291
2.271
2.585
3.144
3.316
3.729
4.457
3.095
4.523
5.318
4.464
4.996
5.731
3.586
1.715
2.035
3.182
3.268
2.479
3.866
4.337
4.837
5.677
4.552
4.126
2.961
2.942
2.647
2.902
2.908
3.144
3.698
4.532
4.977
4.274
4.243
5.509
4.314
4.051
2.137
3.513
4.672
4.466
5.413
4.343
3.321
3.516
3.116
2.460
1.782
1.920
2.363
3.147
3.977
3.764
3.811
3.304
3.423
3.834
4.030
4.690
4.779
4.324
3.927
2.900
1.422
1.981
1.801
3.696
3.903
3.393
3.557
3.030
4.455
3.262
3.738
3.329
3.106
3.723
3.549
2.748
2.070
3.958
3.750
3.493
3.092
4.043
3.401
2.515
2.486
2.765
2.422
2.512
3.220
2.580
1.883
2.387
2.782
2.350
2.074
1.424
1.928
1.590
1.820
1.976
1.147
1.768
1.575
1.749
1.885
3.238
2.746
1.936
2.902
3.589
3.657
2.744
2.842
2.423
2.243
2.122
1.852
1.804
2.307
2.532
2.193
2.235
1.947
2.170
2.287
2.264
2.133
3.199
2.797
2.692
2.564
2.237
2.117
2.707
2.448
3.114
2.715
2.259
2.375
2.749
3.571
2.171
2.567
2.717
2.292
2.162
2.815
3.061
2.745
3.717
3.299
3.220
3.140
2.438
2.888
2.323
2.916
3.087
2.983
2.662
2.441
2.742
2.486
2.604
2.580
2.673
2.338
2.358
2.651
3.175
2.916
3.538
2.848
3.003
3.040
3.727
4.662
3.271
2.667
3.410
2.634
2.308
3.042
2.775
3.037
3.054
3.514
4.129
4.417
3.145
2.493
1.932
2.532
2.674
2.764
4.751
4.849
5.983
4.954
3.645
2.945
1.709
1.760
2.790
2.481
2.459
2.537
2.726
3.618
1.588
2.937
2.690
3.775
3.045
3.747
2.489
2.801
3.182
3.405
2.653
3.511
3.328
3.211
3.719
3.973
2.670
3.797
3.240
2.342
2.440
2.163
3.066
4.054
2.996
2.934
3.522
3.061
2.870
2.876
2.780
3.763
1.394
2.433
2.804
2.470
2.769
2.318
2.771
3.502
3.966
3.671
2.494
3.379
3.369
3.441
3.525
3.902
3.817
3.406
3.150
2.389
2.002
3.403
2.469
3.827
3.163
3.112
2.076
3.517
5.069
3.843
2.507
2.734
3.753
4.257
4.906
4.334
3.766
3.150
3.487
3.508
3.905
3.937
4.329
3.811
3.714
3.068
4.023
3.833
4.006
4.071
3.610
3.186
3.591
4.084
4.457
4.963
4.974
4.743
5.103
3.959
3.276
3.415
3.715
4.226
3.409
2.699
2.602
3.156
4.398
4.071
4.400
5.180
2.136
2.584
2.884
3.191
1.924
3.358
4.355
1.746
3.093
3.727
3.355
4.210
4.575
4.252
4.531
4.108
3.140
4.967
6.180
6.486
5.895
6.191
6.539
4.812
4.782
4.577
4.328
3.889
4.222
3.995
3.955
4.851
3.774
5.417
5.162
4.966
4.532
4.303
2.583
1.754
1.659
2.717
2.348
1.942
1.539
2.296
2.473
3.517
4.439
6.086
6.669
6.965
6.934
7.082
6.414
5.305
4.394
3.555
2.806
2.539
3.458
4.059
3.140
2.954
2.051
3.332
4.107
5.244
5.886
5.067
5.256
4.977
5.099
4.608
4.787
3.950
2.527
2.702
4.260
4.328
4.675
5.020
4.456
2.656
3.074
3.781
3.858
3.048
3.575
3.224
2.294
3.547
2.836
2.841
2.266
2.207
1.284
2.133
3.428
2.873
2.903
2.639
2.632
3.440
2.596
2.165
2.634
3.595
2.924
2.849
3.334
3.427
2.882
2.711
3.452
3.915
5.019
4.941
4.939
4.333
3.968
4.128
3.862
3.618
2.393
2.429
2.109
1.684
1.719
2.078
3.216
4.064
3.953
3.637
1.900
2.721
2.307
2.865
2.271
1.513
1.662
1.778
1.888
1.579
2.084
1.932
1.624
1.204
2.640
2.225
2.077
1.917
2.356
1.918
2.501
1.794
1.272
1.785
1.809
3.050
3.014
3.023
3.200
2.488
2.257
2.771
2.655
2.350
2.001
1.243
1.149
1.581
2.223
1.043
1.451
2.616
2.229
2.141
2.457
2.227
2.539
2.124
2.329
2.925
2.180
1.496
2.752
3.247
3.986
3.074
2.683
2.446
3.139
2.809
2.903
1.926
1.880
2.112
2.199
2.075
2.278
2.570
2.599
2.684
1.968
1.795
1.999
2.532
1.663
1.947
2.437
2.916
2.610
2.094
1.926
2.670
2.415
1.660
2.187
2.444
2.462
2.129
2.349
2.428
2.925
2.927
2.743
1.826
2.027
2.283
2.630
2.296
2.965
1.891
2.899
2.886
1.778
3.218
3.719
2.618
2.988
3.002
2.482
2.849
4.973
2.485
2.050
3.368
3.487
3.224
4.094
3.620
2.494
2.328
3.026
2.539
2.787
2.005
1.995
2.940
3.406
4.125
3.052
2.926
3.313
2.591
2.867
2.970
2.594
3.980
3.532
2.472
3.118
3.727
4.434
4.448
3.749
2.570
2.993
2.821
2.731
3.584
3.018
2.035
2.541
4.170
3.600
2.856
2.803
3.438
5.932
4.865
5.014
3.490
3.332
2.793
4.956
4.106
3.170
3.060
3.034
2.455
3.194
3.691
3.183
3.735
3.731
3.391
3.549
3.409
3.266
2.327
3.808
2.415
4.393
3.289
2.597
2.916
3.422
3.527
3.730
3.866
4.129
4.118
5.080
3.679
3.714
3.383
2.849
4.128
4.213
2.970
3.001
4.806
4.589
3.224
2.763
2.907
3.237
3.307
3.647
5.357
4.108
3.621
3.352
3.525
3.136
3.243
3.414
3.746
3.153
2.382
2.423
2.487
2.428
4.571
4.009
3.526
3.654
3.180
3.641
4.246
4.176
2.369
2.021
2.078
3.946
2.851
3.498
2.432
2.978
4.665
4.582
4.210
4.053
3.023
3.941
5.084
4.363
4.248
4.005
4.854
4.144
4.638
4.213
4.217
5.370
3.790
3.675
4.397
3.585
2.542
2.988
2.952
1.862
2.482
3.697
4.793
4.159
4.471
4.414
4.723
4.009
3.570
4.008
3.773
4.416
5.097
3.299
3.423
3.499
4.006
4.239
3.550
3.205
2.968
4.487
3.712
4.231
4.024
3.437
3.522
4.109
3.097
2.107
2.202
3.001
3.062
3.129
3.244
4.458
4.616
4.811
4.146
3.855
3.388
3.946
3.036
3.975
4.099
5.002
4.860
4.087
3.844
4.423
4.870
4.945
4.694
4.651
4.190
4.343
2.949
2.669
2.977
2.702
2.188
1.120
2.349
1.867
2.661
2.817
3.533
4.109
4.618
3.762
2.205
2.873
3.457
3.231
2.216
2.639
3.227
2.066
2.457
3.240
3.396
3.731
3.385
3.448
3.761
4.380
4.705
3.843
3.012
2.536
2.702
2.929
2.500
2.335
1.732
1.875
1.569
1.883
2.327
1.812
1.487
1.586
2.156
2.986
3.859
3.364
1.422
2.528
4.213
3.152
3.153
2.300
1.799
2.745
2.440
2.100
3.077
3.366
3.174
2.426
1.493
1.827
1.776
2.031
1.892
2.154
1.688
1.866
1.727
2.211
1.639
1.757
2.335
2.315
2.000
2.503
2.855
2.992
2.705
1.910
2.162
1.766
2.078
2.522
2.114
1.329
2.900
2.738
2.297
2.487
1.779
2.685
2.332
2.295
2.226
1.966
1.302
2.328
2.583
1.799
1.477
2.070
2.393
1.966
2.169
1.321
1.880
2.232
2.037
2.096
2.467
2.506
1.645
2.403
0.925
2.096
1.881
2.839
2.412
2.079
1.927
2.521
3.238
2.807
4.009
3.942
3.017
2.917
2.167
1.646
1.873
2.734
2.553
3.311
3.359
2.866
2.188
2.876
3.369
3.404
2.401
2.677
2.263
1.909
3.510
4.163
3.998
3.887
3.255
2.050
1.770
1.158
2.776
2.340
2.329
2.448
3.705
2.624
3.693
3.696
3.252
3.848
2.595
2.156
1.923
3.109
1.503
2.663
2.598
2.068
2.684
4.077
3.741
2.534
2.758
3.206
3.489
2.431
2.698
2.487
2.778
2.578
2.373
1.556
2.308
2.908
2.941
2.898
2.746
2.753
2.328
2.642
2.200
1.599
2.396
2.076
2.111
2.081
2.233
3.777
4.740
3.408
2.443
2.181
3.011
2.384
3.350
3.387
3.111
2.818
3.651
3.021
3.334
3.085
2.998
2.799
3.680
3.790
2.780
3.154
2.159
3.895
3.558
2.414
1.656
2.235
1.915
2.190
2.800
3.042
2.423
2.749
2.681
3.470
3.070
3.679
3.259
4.492
4.274
3.165
2.272
2.932
3.899
3.140
3.626
3.913
3.692
3.349
2.773
2.962
2.538
3.236
3.070
4.565
3.749
2.517
2.503
3.362
2.902
4.276
3.978
3.354
2.612
3.510
3.420
4.616
3.825
3.410
2.384
2.707
3.610
3.329
2.850
2.899
3.919
3.549
4.181
3.679
2.581
3.392
4.857
4.635
4.775
4.402
4.513
5.093
4.147
3.732
4.035
3.758
3.527
2.759
3.864
4.307
5.328
4.909
4.626
4.079
4.206
4.786
4.829
4.267
4.442
4.382
3.967
3.723
2.382
2.782
4.089
4.641
4.732
4.584
3.650
4.531
4.057
4.504
5.555
5.711
5.414
4.300
4.170
4.870
3.674
3.434
2.730
2.898
2.113
2.815
2.401
2.577
2.479
1.934
2.815
2.408
3.204
3.315
2.549
3.071
2.669
3.314
1.521
4.004
3.933
3.805
5.045
4.771
5.222
4.149
4.590
4.881
4.162
2.932
2.668
3.586
3.989
2.562
1.805
1.855
2.496
3.358
3.047
3.969
4.171
3.036
2.060
2.170
3.120
3.913
3.248
2.284
1.666
1.493
2.108
1.815
2.781
3.465
3.627
3.006
1.136
2.562
1.897
1.709
1.839
1.963
1.814
3.256
4.572
4.590
4.407
3.677
3.278
3.328
3.851
4.248
3.222
3.027
2.214
3.050
4.027
3.390
1.757
1.845
2.107
1.661
3.038
3.984
2.945
2.082
2.192
2.198
1.454
1.459
2.012
3.104
1.815
1.247
1.616
2.114
2.405
2.233
1.914
1.917
2.543
1.991
1.881
1.863
2.105
3.173
2.803
2.696
0.928
1.278
2.777
3.279
2.767
2.489
2.374
2.232
2.129
2.682
2.340
1.738
2.385
1.842
1.851
2.334
2.690
2.638
1.693
1.614
1.363
2.761
1.842
1.578
2.125
3.282
3.151
2.357
2.334
2.882
2.737
3.232
2.705
1.769
1.620
1.611
2.013
2.288
1.856
3.015
2.775
2.061
2.197
2.549
2.137
2.019
2.060
1.478
2.353
2.222
2.243
2.197
2.632
2.550
2.534
2.645
2.816
2.493
1.818
2.161
2.856
2.922
3.078
2.813
2.751
2.916
3.177
3.209
3.060
2.603
3.358
2.931
2.887
2.059
2.581
3.653
1.856
2.177
1.958
1.820
3.248
2.829
3.055
3.286
2.419
3.125
3.049
2.990
2.873
3.266
2.188
2.532
2.604
2.535
3.743
3.535
4.116
3.307
2.814
2.580
3.766
3.549
4.473
2.780
2.791
2.695
3.576
2.446
2.628
3.068
2.370
2.518
3.606
4.075
3.637
3.275
3.373
3.029
4.327
2.774
2.640
2.780
3.574
3.571
2.370
2.780
3.264
1.355
3.404
3.847
5.113
4.660
2.917
4.104
2.422
3.354
2.732
2.585
2.836
2.513
3.772
3.990
3.420
3.515
4.835
3.571
2.917
2.983
4.244
2.678
3.375
3.166
3.197
3.521
3.577
3.327
3.400
3.233
3.650
4.240
4.787
4.996
3.681
3.195
3.111
2.793
3.152
4.253
5.037
4.797
2.589
3.645
4.059
3.499
2.770
3.159
2.969
3.071
3.366
3.255
3.733
3.807
3.553
2.933
2.715
2.770
3.799
4.393
2.349
2.238
3.511
3.653
2.983
2.899
3.198
3.175
2.879
2.212
1.586
2.370
4.457
4.645
4.227
3.628
4.078
3.314
3.445
4.426
4.492
4.075
3.551
2.736
4.153
3.879
2.218
4.291
3.635
4.269
4.116
4.051
4.906
5.208
4.495
5.283
5.515
4.924
3.869
4.519
4.617
5.207
5.025
5.230
4.300
5.077
4.544
4.546
4.366
3.242
3.063
2.507
2.613
2.957
3.325
4.047
2.199
1.909
3.583
4.598
5.041
5.759
6.755
6.687
5.139
4.881
4.782
4.185
3.485
4.616
4.428
3.580
2.658
2.736
3.186
5.292
5.936
5.027
3.851
4.523
2.803
1.435
2.117
3.168
1.535
4.384
6.423
5.095
4.854
4.473
2.816
2.623
3.408
3.331
3.130
3.080
3.356
3.442
2.319
2.389
3.020
3.976
4.493
4.705
3.953
2.889
1.942
2.035
3.178
3.681
2.798
2.957
2.257
2.387
2.847
2.701
2.399
2.283
2.401
1.344
2.201
2.922
3.434
3.585
3.351
4.398
4.242
4.907
4.702
4.195
4.441
4.338
2.777
3.314
2.570
2.205
2.906
2.428
1.609
1.513
1.192
1.609
1.491
1.841
2.001
1.669
1.256
1.628
2.839
2.694
3.340
3.143
3.283
2.284
2.789
2.254
2.705
3.007
3.328
3.102
2.635
1.530
1.964
1.603
2.073
1.774
2.179
1.808
2.876
2.193
1.879
1.644
1.818
1.867
1.772
1.971
1.409
2.567
2.770
1.813
2.090
1.907
3.393
2.923
2.198
1.657
1.712
1.294
1.698
1.318
2.518
1.683
1.489
1.724
1.873
2.008
1.742
1.933
2.171
2.151
2.674
2.211
1.744
2.547
4.400
4.318
3.903
3.693
3.275
2.116
2.113
2.332
2.161
2.493
2.375
2.089
1.404
2.310
2.005
2.195
1.889
2.121
2.550
2.135
2.001
2.694
2.004
2.310
2.611
2.249
2.054
2.369
1.770
2.076
3.068
1.894
2.479
2.641
4.137
3.744
2.963
2.862
2.611
2.430
2.741
2.817
2.973
3.825
3.718
5.721
4.594
3.408
3.562
2.724
1.638
2.078
1.964
2.487
1.974
2.444
2.588
2.838
2.794
2.771
2.440
3.277
3.861
2.800
4.718
4.892
3.116
3.446
2.650
3.605
2.783
2.616
3.330
3.407
3.774
3.019
3.399
2.747
2.377
3.050
3.895
2.521
3.194
3.388
2.671
2.526
3.228
3.676
3.290
3.389
3.048
4.401
2.416
3.213
2.470
3.798
3.608
2.796
2.967
4.530
3.287
4.192
4.571
3.241
3.563
4.158
3.828
3.032
2.470
2.990
3.231
3.682
3.381
2.629
2.408
3.725
3.363
2.345
3.520
3.378
3.439
2.082
2.528
3.145
2.539
2.080
2.113
2.606
2.744
3.961
2.908
2.711
3.919
3.570
5.198
3.861
2.505
2.859
2.547
3.007
3.667
3.269
1.943
3.450
3.100
2.970
3.393
3.102
2.496
3.152
2.513
2.434
3.360
3.604
3.287
3.809
2.696
3.998
2.106
1.943
4.364
2.217
1.623
3.243
4.329
3.471
4.247
4.441
4.484
4.214
2.718
3.492
2.809
3.596
3.833
4.368
3.926
4.481
4.179
3.606
3.928
3.375
4.537
4.732
5.384
4.590
4.884
4.691
4.801
3.306
4.432
4.368
4.421
4.105
4.808
4.503
4.545
5.853
6.450
6.184
6.611
7.171
6.514
5.665
5.844
5.820
5.728
4.534
4.698
4.234
5.062
5.244
4.651
3.809
4.785
4.755
3.816
3.008
3.518
4.822
5.439
4.060
2.092
3.496
3.624
3.552
2.979
3.625
3.833
5.250
5.896
6.077
6.727
6.811
6.257
5.079
5.064
4.847
5.187
4.409
3.631
3.876
4.377
4.057
3.186
3.493
3.493
4.678
4.948
5.559
5.957
5.297
4.815
3.273
2.605
3.887
5.106
4.398
4.502
5.015
5.058
4.563
3.833
3.916
3.611
3.367
3.437
3.068
1.483
3.037
2.373
3.432
3.896
1.420
2.326
2.771
3.192
3.009
3.417
2.617
2.975
3.913
4.863
3.932
4.071
2.319
2.087
3.136
4.646
3.429
3.851
3.973
4.035
3.520
3.583
3.366
3.559
3.166
2.210
1.833
2.001
2.535
2.507
3.619
3.789
3.729
2.627
1.520
1.824
2.276
2.724
2.777
2.347
1.384
1.041
1.870
2.525
2.856
2.425
2.866
3.998
2.045
1.696
1.314
1.394
3.072
1.534
2.659
2.580
2.338
2.119
2.807
3.870
3.527
3.414
3.136
2.389
1.599
1.825
1.890
2.626
3.002
2.359
2.593
2.108
1.890
2.128
2.001
1.686
1.569
2.551
2.227
2.803
2.166
1.879
2.059
1.746
1.584
1.858
2.116
1.342
2.256
2.381
2.650
1.862
2.237
2.159
2.608
2.475
2.225
1.954
2.722
1.944
1.960
1.837
1.807
2.129
2.040
2.200
2.097
2.050
2.063
3.375
3.040
3.294
2.800
1.963
3.385
4.211
3.207
2.650
2.044
2.192
2.453
3.618
4.742
4.389
3.678
2.743
2.215
2.151
1.701
1.409
2.231
3.177
3.089
2.503
3.548
3.219
3.397
3.257
2.741
2.590
2.937
1.891
2.980
3.088
2.753
2.643
3.727
2.983
2.878
2.937
2.904
2.473
1.640
2.266
2.433
3.766
2.823
2.608
2.529
3.110
2.871
2.466
3.539
5.165
4.360
3.838
3.965
4.303
3.025
2.660
2.677
3.090
2.437
2.791
3.525
3.201
2.334
2.296
3.042
3.647
3.700
3.290
2.704
2.704
3.258
3.169
3.416
2.303
3.314
2.617
3.425
2.869
2.354
3.903
3.183
3.515
4.919
3.245
2.483
2.491
2.936
3.309
3.398
3.088
3.851
3.113
2.581
2.607
4.101
3.577
3.852
3.125
3.385
2.916
2.334
3.047
3.657
4.367
4.216
3.164
3.412
3.378
2.898
2.928
2.736
3.132
2.949
3.835
2.992
3.468
3.696
3.396
3.427
3.684
3.250
1.936
2.551
1.939
3.106
3.617
3.043
3.008
3.863
3.736
3.827
3.214
3.404
3.260
4.780
3.863
4.970
4.335
5.152
4.331
2.582
3.543
3.282
2.833
3.363
5.061
3.880
4.179
2.960
3.293
2.367
4.829
4.895
3.405
2.965
4.504
3.047
3.378
3.192
3.425
3.941
4.508
4.780
4.022
3.750
4.290
4.390
3.183
3.715
3.720
4.455
5.227
5.350
4.499
4.739
5.228
5.249
4.801
4.181
4.353
3.659
4.782
4.717
3.633
4.495
2.744
4.701
5.674
5.036
4.925
5.913
5.111
4.556
5.528
6.038
6.164
6.054
5.720
4.649
4.543
4.559
4.462
4.393
4.671
4.132
4.191
4.569
4.747
3.756
2.620
2.527
2.731
3.962
4.201
4.563
2.719
3.152
3.537
2.946
2.850
3.947
3.410
4.976
4.638
3.631
2.017
2.746
2.670
3.521
3.510
4.382
4.958
2.695
3.174
3.422
4.045
3.429
3.234
1.278
2.131
3.828
3.177
3.644
3.513
2.343
2.796
3.868
3.263
4.394
5.403
5.377
4.803
5.331
5.319
5.092
3.965
4.459
4.521
4.534
4.490
4.233
2.649
3.814
3.320
2.910
3.834
3.408
4.050
4.133
3.500
3.878
3.889
3.554
3.693
3.967
2.948
3.186
2.186
2.462
2.490
2.984
1.427
1.298
3.354
3.876
2.345
1.893
2.877
2.303
3.612
3.213
2.647
3.348
3.133
3.570
4.400
2.683
2.748
3.323
3.069
2.903
2.397
2.465
3.151
2.893
2.923
3.291
3.235
3.452
3.479
3.245
2.842
2.762
3.122
3.263
3.288
3.863
3.953
2.291
2.460
2.139
3.160
3.715
3.026
2.658
2.490
2.300
2.166
1.438
2.155
2.845
3.058
3.214
2.967
2.688
2.685
2.240
3.473
1.947
2.470
1.587
2.111
1.791
2.011
1.718
1.913
1.700
1.268
2.329
1.839
2.532
2.130
2.540
2.067
1.595
2.438
4.235
5.842
2.336
2.407
2.613
1.838
2.455
2.711
1.925
1.536
1.689
2.252
2.065
2.317
2.146
1.940
2.321
1.887
1.526
2.069
1.780
3.083
2.846
2.103
2.276
2.832
2.604
3.105
2.356
2.413
2.645
3.064
2.644
3.492
2.521
3.215
3.228
2.754
3.609
2.137
2.223
2.561
1.671
2.246
3.111
2.349
2.584
2.342
2.861
2.394
2.383
3.570
3.121
3.040
4.045
3.309
3.524
3.740
2.756
3.395
3.155
2.283
3.496
4.102
4.178
3.865
3.411
2.740
2.007
2.319
2.848
2.035
2.357
2.067
2.345
2.605
3.213
2.708
2.539
2.324
3.024
3.460
2.692
2.387
2.986
3.396
2.285
2.845
2.889
4.760
5.412
2.906
4.376
2.468
3.008
3.045
3.796
3.046
4.018
3.425
2.696
2.486
3.257
3.975
3.918
1.941
2.173
2.571
3.276
4.251
3.622
3.524
4.551
4.711
3.662
4.004
3.538
2.754
2.851
3.349
3.340
3.796
2.649
3.646
3.942
2.927
2.195
2.034
2.983
2.518
2.738
4.700
3.818
3.589
3.245
3.625
3.047
3.381
4.771
4.422
5.381
3.873
4.569
3.332
2.851
2.712
2.407
2.581
3.009
5.108
5.156
4.086
3.938
1.933
1.890
2.463
3.555
4.373
5.309
6.054
6.471
6.041
4.721
4.349
4.470
4.257
3.702
3.401
3.932
4.018
4.295
3.815
2.470
3.485
4.178
4.831
4.988
5.141
4.824
4.934
4.851
3.747
3.616
3.756
4.299
4.233
3.995
4.424
4.437
3.781
2.750
2.514
3.870
4.738
6.215
6.878
7.525
7.437
7.404
6.177
4.731
4.656
4.991
5.307
4.497
6.528
6.874
5.332
7.165
3.884
2.739
3.002
3.204
2.883
3.295
4.030
3.677
2.635
2.556
3.092
2.745
3.690
5.041
5.943
5.584
5.089
3.356
3.067
3.181
4.900
4.909
5.032
4.580
2.681
3.298
2.247
2.144
3.376
2.751
1.884
3.039
4.183
5.481
5.915
4.824
3.707
2.783
3.224
2.311
2.889
3.650
3.258
2.625
2.795
2.533
2.714
2.038
3.135
3.599
4.334
2.842
2.330
1.345
2.157
2.256
1.840
2.574
3.725
2.627
1.969
2.709
2.961
2.559
2.376
2.081
2.560
2.720
2.857
2.213
2.326
2.466
2.680
2.792
3.775
4.107
3.603
3.162
2.148
1.145
1.444
1.221
1.531
2.433
1.776
2.673
2.890
2.488
2.009
2.466
2.731
1.943
1.647
1.986
3.341
3.240
3.037
2.911
2.442
1.923
1.896
1.472
2.156
2.747
2.846
3.078
3.263
2.962
2.325
1.498
1.519
2.277
1.462
1.824
1.579
2.255
1.653
2.192
1.490
1.660
2.479
2.405
2.690
2.596
2.974
2.480
1.540
1.651
1.768
2.549
3.397
3.280
3.448
2.785
1.530
1.663
2.717
2.706
2.450
2.162
1.979
1.702
1.626
1.392
2.790
3.353
3.205
3.338
3.708
3.223
2.389
2.297
3.210
4.409
4.547
2.269
1.985
1.890
1.660
2.075
2.423
1.683
2.047
1.663
2.647
2.638
2.730
3.705
5.608
3.060
1.531
1.698
2.358
2.905
3.277
2.270
2.300
3.820
3.234
2.846
3.550
3.017
3.777
3.203
2.791
3.498
2.642
2.464
1.681
2.188
1.893
1.598
1.665
2.031
3.850
2.759
1.539
2.505
1.893
1.957
3.126
2.349
3.308
2.705
3.181
2.793
2.829
2.820
2.065
3.101
2.192
2.215
2.304
1.663
2.317
3.508
2.764
1.843
1.437
2.019
3.192
2.202
2.896
2.082
1.703
2.776
1.525
1.791
2.190
2.648
2.109
3.233
3.723
3.957
2.502
2.977
1.744
3.533
2.224
2.170
1.585
1.913
2.386
2.995
3.699
2.108
2.415
2.066
2.686
2.605
3.445
3.552
3.149
2.413
2.900
2.962
2.014
2.879
2.776
3.009
3.051
3.014
3.114
2.359
3.513
3.428
3.350
3.776
3.629
2.662
2.311
2.550
3.467
3.769
3.727
3.724
3.988
2.662
2.286
2.320
1.759
1.778
2.671
4.139
4.547
3.680
2.937
3.352
2.575
1.708
1.867
2.453
3.362
4.320
3.862
3.924
3.841
3.092
2.455
3.342
3.227
2.036
2.635
3.109
2.907
2.619
2.562
3.278
3.850
3.174
2.892
2.356
2.893
4.085
3.619
3.112
2.835
2.901
3.351
2.645
3.165
3.495
3.141
3.255
3.936
4.186
3.875
3.078
5.071
4.373
4.283
4.240
4.038
2.150
3.777
4.380
4.470
4.667
4.903
3.882
3.379
3.139
2.622
2.422
4.049
4.620
5.535
5.752
5.098
4.674
4.766
4.340
4.556
3.804
4.187
4.432
4.806
5.083
5.157
3.651
1.856
2.107
1.668
2.269
3.072
4.512
4.115
3.858
4.537
3.705
4.507
3.528
5.014
5.423
5.207
4.276
4.090
5.399
6.052
6.515
5.560
5.353
6.020
5.537
4.207
2.404
4.275
4.484
4.340
3.415
3.044
2.764
1.809
2.021
1.361
2.291
2.388
2.472
3.504
2.965
3.005
2.181
1.314
1.243
1.071
1.638
3.709
5.079
4.762
4.210
2.979
2.017
1.483
1.803
1.903
3.002
2.481
2.423
2.019
2.707
2.411
1.121
1.816
2.252
2.987
3.485
3.575
1.820
4.216
4.936
3.356
3.006
1.928
2.561
3.072
2.572
2.192
1.523
1.107
1.064
0.986
1.778
1.820
1.679
1.882
1.606
2.000
2.828
2.949
1.266
2.173
1.856
1.819
1.813
2.989
4.127
4.557
3.321
3.425
1.778
1.419
2.586
2.208
1.963
1.947
2.898
2.704
2.768
2.777
2.418
2.568
1.781
1.442
1.906
1.762
2.221
2.486
2.332
2.101
1.902
2.736
3.039
2.851
2.179
1.319
2.120
1.616
1.700
1.886
1.759
1.624
1.171
1.782
1.101
1.610
1.762
1.021
1.975
1.458
1.682
1.101
1.828
1.343
1.852
1.950
2.435
1.900
1.738
1.398
1.274
1.179
1.496
2.161
1.526
2.347
1.856
2.141
2.006
1.751
1.201
1.524
1.693
2.592
2.103
2.038
0.926
1.404
1.331
1.660
1.586
1.884
3.024
2.194
3.426
2.905
2.620
2.283
2.564
3.141
3.094
2.089
1.528
1.502
1.814
1.728
1.921
1.850
2.024
2.963
2.491
3.237
2.516
3.133
2.161
1.521
1.836
2.023
1.999
1.744
2.162
1.993
2.767
3.255
2.623
1.909
1.573
2.302
3.096
3.215
3.292
2.967
3.509
3.935
3.613
2.205
2.331
2.715
2.796
2.387
2.962
2.655
2.802
2.030
2.443
2.002
1.847
2.632
3.456
2.157
2.319
2.214
2.459
4.170
3.204
2.260
1.839
3.045
2.593
3.278
3.530
5.039
3.333
3.386
3.562
2.321
2.360
3.382
2.871
3.134
4.139
4.001
3.424
3.098
2.696
2.790
3.138
2.582
3.545
2.955
3.954
2.542
2.458
2.446
3.668
3.438
3.131
2.777
3.277
3.267
2.636
3.393
2.674
2.652
2.178
2.954
3.545
4.227
4.185
2.836
3.506
3.115
2.262
3.194
4.151
3.045
2.374
2.710
3.312
3.593
3.210
3.290
3.752
2.698
2.592
2.497
2.270
2.665
2.192
3.175
2.223
2.620
3.099
1.734
3.541
3.823
3.577
3.410
3.154
3.605
3.501
2.928
3.924
4.455
4.699
4.309
4.224
4.167
3.327
3.570
4.036
3.990
3.968
2.755
2.860
3.686
3.050
3.259
2.690
3.365
3.330
3.698
4.186
4.400
2.552
2.699
3.019
3.297
2.756
2.963
3.381
1.530
2.659
3.057
4.173
4.345
4.078
3.165
3.878
4.578
5.010
4.384
3.292
3.029
3.382
3.599
4.454
5.036
5.197
4.818
4.320
4.232
3.875
4.504
4.414
4.592
5.564
5.908
5.613
5.169
4.300
3.758
3.717
4.864
4.945
3.595
1.823
1.513
2.474
2.323
4.149
4.364
5.418
5.715
6.432
6.340
6.016
5.969
5.615
6.024
6.687
5.908
4.629
4.565
3.688
3.826
3.359
3.711
4.397
3.114
5.198
4.663
3.820
2.991
3.570
3.392
3.115
3.358
3.792
3.755
2.699
2.706
2.815
4.160
3.623
2.139
2.718
3.614
4.487
3.881
3.564
3.578
3.648
4.487
3.187
2.695
1.883
4.261
3.657
4.120
3.348
1.743
1.981
2.383
2.698
2.104
1.561
1.969
3.084
3.714
3.012
2.930
1.376
1.786
1.676
1.793
2.076
2.890
2.684
2.417
2.226
1.916
1.046
1.002
1.240
1.117
1.519
1.117
1.216
0.996
2.126
2.425
2.744
2.588
3.190
3.447
2.296
1.289
1.529
2.312
2.364
3.301
2.914
2.137
1.362
1.276
0.780
0.864
1.006
1.532
1.861
1.980
1.303
1.166
1.487
1.416
2.159
2.797
2.377
1.763
0.953
1.398
1.448
2.063
1.512
1.356
1.750
1.887
1.762
1.518
1.346
1.767
1.579
1.379
1.081
1.150
0.899
2.146
2.192
1.772
2.403
2.231
1.928
3.216
2.377
1.885
3.058
4.099
4.784
4.499
3.665
3.222
2.528
2.493
1.751
1.319
1.217
1.576
1.381
1.657
1.667
2.406
2.019
2.023
2.102
2.325
2.251
2.800
2.405
1.958
2.259
1.472
2.020
2.308
2.253
1.785
1.586
3.346
2.970
3.505
3.656
3.030
3.147
3.076
1.842
2.559
1.777
2.516
2.116
1.747
2.163
2.012
1.509
2.380
3.800
1.710
3.120
2.162
2.876
3.155
2.889
2.706
2.360
2.087
1.891
2.059
2.569
3.198
2.948
2.575
3.177
2.414
1.682
2.077
2.821
3.107
3.124
2.700
1.727
1.642
2.040
2.729
2.288
2.628
2.186
3.075
3.318
3.217
3.907
3.404
3.893
3.622
3.973
3.519
2.983
2.530
2.600
2.679
3.321
3.707
3.275
2.088
2.990
3.418
3.561
1.901
3.959
3.378
3.202
2.620
2.958
2.925
3.037
4.076
3.847
3.963
1.405
2.245
2.243
2.417
3.508
3.326
4.237
2.821
3.153
3.865
3.075
2.444
3.445
2.441
2.390
2.518
1.847
2.003
2.404
2.093
2.911
3.666
2.183
2.414
3.066
2.723
2.335
3.456
1.987
2.430
2.688
2.566
2.144
2.688
3.464
3.424
2.741
3.503
2.597
3.747
3.317
2.572
2.653
2.795
3.330
2.702
2.771
2.526
2.778
3.546
3.514
2.746
3.501
3.162
1.961
2.612
2.672
3.444
4.335
3.741
3.426
3.413
2.649
2.267
1.979
2.507
1.870
2.857
3.164
2.485
3.153
3.621
2.794
3.400
3.453
3.920
4.237
3.825
3.180
3.587
4.433
4.073
5.075
4.861
3.696
1.729
2.268
3.152
4.099
4.153
3.978
3.996
4.750
5.434
4.821
4.999
4.912
5.899
5.580
4.888
4.968
4.490
3.692
3.328
2.840
2.474
2.639
3.571
3.847
4.033
3.294
2.500
3.336
3.607
3.170
2.786
1.992
1.865
1.689
1.826
2.976
1.508
2.471
3.249
3.922
4.286
3.945
3.251
3.382
3.244
4.763
4.344
4.850
4.438
3.526
4.197
2.955
3.118
2.618
2.406
1.675
1.949
2.564
2.647
1.709
1.379
2.499
2.996
2.924
1.761
1.726
2.354
2.672
1.666
1.666
1.677
2.201
2.491
1.618
2.360
1.906
1.816
3.643
2.428
2.349
1.701
3.247
2.511
2.332
2.539
2.001
1.812
2.505
3.451
3.262
2.580
2.111
1.788
2.825
2.913
2.693
2.519
3.086
3.468
3.638
2.826
1.837
1.663
1.782
2.329
3.250
3.383
2.918
2.605
2.649
2.435
1.921
2.329
2.709
2.915
3.261
2.958
1.754
1.007
1.386
1.348
1.241
1.249
1.529
1.653
1.640
1.575
1.666
1.283
1.771
1.956
1.666
1.576
1.418
1.097
2.755
4.941
3.255
4.262
2.959
0.911
1.748
1.720
2.100
2.596
1.995
1.053
1.016
1.697
2.499
2.361
1.300
2.405
2.048
2.077
2.251
1.718
1.655
2.382
2.166
1.897
0.975
1.322
1.337
3.580
4.075
2.631
1.369
1.947
1.861
1.836
1.528
1.270
1.661
0.793
1.042
1.569
1.678
1.201
0.837
1.705
1.951
2.052
1.666
1.299
1.280
2.917
2.831
3.289
2.516
1.205
1.170
1.077
1.948
1.889
1.248
1.098
1.033
1.213
2.509
3.293
2.192
1.326
1.928
1.837
2.082
1.656
1.409
1.208
1.478
1.690
1.569
1.236
1.803
2.111
1.652
1.585
1.574
1.615
1.679
2.212
2.307
2.519
1.938
3.053
2.312
2.434
2.639
2.991
2.535
2.573
2.839
2.781
3.130
2.483
1.987
2.760
2.261
2.042
3.178
3.173
2.441
3.676
4.487
3.142
2.429
2.687
2.119
2.432
2.954
2.065
4.216
2.691
1.758
1.675
2.953
2.308
2.598
1.826
2.333
2.045
1.337
1.205
2.048
2.282
2.113
2.401
2.486
2.235
2.769
4.435
2.680
1.889
3.288
1.487
2.593
3.981
3.599
2.180
1.420
2.144
2.028
1.888
3.067
1.970
2.797
3.664
3.141
3.255
2.792
2.330
3.070
3.184
1.656
1.944
1.991
2.402
2.445
2.519
2.305
1.712
2.212
3.603
3.062
3.238
2.807
2.849
3.101
4.302
2.660
2.549
3.015
3.791
3.019
2.933
3.763
2.963
3.047
2.997
4.235
3.744
3.284
2.807
3.712
4.854
2.272
2.446
3.717
4.158
4.078
3.122
2.743
2.343
3.092
2.404
3.081
2.822
3.030
3.347
3.912
3.498
2.568
1.998
1.886
3.256
3.397
2.479
2.981
2.219
2.531
2.420
3.315
4.312
4.792
4.255
3.986
3.591
2.597
2.361
2.718
4.711
4.759
4.392
4.299
4.976
4.736
3.971
4.576
4.132
3.318
3.813
3.720
4.219
3.552
4.220
4.795
3.594
2.394
1.870
1.959
3.404
5.526
5.069
4.635
3.154
2.144
2.365
3.493
3.178
4.312
4.615
4.621
4.411
3.767
4.281
4.304
4.720
5.146
4.340
3.603
4.326
4.140
3.698
5.066
5.943
6.450
6.881
7.066
6.457
4.896
4.948
5.336
6.118
6.571
6.118
5.683
5.585
5.692
4.607
4.039
4.939
5.001
4.437
3.460
3.339
3.052
1.913
1.926
2.684
2.041
1.834
2.390
2.390
4.445
4.482
4.397
4.652
4.228
3.163
2.728
2.414
1.662
2.292
1.415
1.757
