20000101
3.478
2.996
1.989
2.071
1.700
2.689
2.361
2.401
2.477
2.433
2.982
3.718
3.090
2.443
3.979
5.841
5.061
3.287
3.014
2.932
3.316
3.275
1.447
2.869
2.761
3.113
5.555
4.989
2.475
2.839
4.565
2.954
3.102
3.132
4.253
3.995
3.001
3.151
2.584
3.053
3.862
3.523
2.406
4.338
5.166
3.136
3.253
3.668
2.989
2.899
3.089
3.775
3.947
4.581
4.857
3.669
2.875
2.037
2.338
2.713
5.184
3.380
4.774
5.515
1.733
3.569
3.085
4.452
2.787
3.814
5.859
6.546
3.862
2.123
2.682
2.697
4.011
2.369
3.044
3.352
4.346
2.716
3.821
4.782
3.493
3.308
2.857
3.256
2.620
2.955
3.879
4.267
3.628
2.011
3.416
3.074
2.159
3.791
4.904
2.768
2.170
2.632
3.168
3.795
4.094
3.149
2.929
3.736
2.877
4.339
4.573
5.307
5.235
3.901
5.444
5.469
5.982
5.635
5.901
5.214
4.876
4.923
3.786
4.374
4.450
3.465
3.026
2.661
3.878
4.491
3.967
4.494
4.582
3.848
3.060
4.864
5.155
4.672
3.538
3.028
5.643
4.448
5.535
5.436
5.638
5.897
6.213
5.022
4.304
5.079
4.726
4.633
4.684
3.547
2.934
3.551
3.336
3.251
2.974
3.541
3.526
4.602
4.679
4.660
4.980
5.568
5.785
5.876
5.611
4.775
4.114
4.776
5.157
5.716
5.200
5.284
5.563
5.836
5.110
3.763
3.155
2.971
2.519
3.290
3.061
2.277
2.577
2.613
3.805
3.708
4.532
3.899
3.282
3.046
2.872
4.048
6.411
6.110
4.647
4.443
4.808
4.503
5.185
5.029
4.788
4.952
4.898
4.600
4.341
3.085
3.091
3.461
4.661
5.425
6.103
4.719
4.321
3.711
3.697
3.115
2.927
3.881
2.247
1.436
1.651
3.080
3.388
4.224
4.561
4.483
4.134
2.452
2.684
2.797
1.824
2.034
1.994
3.159
3.477
2.238
3.348
4.788
5.386
4.814
3.833
3.912
3.913
3.867
3.191
3.461
3.691
3.088
4.131
4.190
3.704
3.367
2.921
2.364
2.904
3.136
3.145
3.294
2.493
2.203
1.863
1.556
1.224
1.471
1.840
1.613
1.990
1.935
2.221
1.888
2.351
2.679
3.369
1.774
2.479
1.965
1.584
2.089
2.618
1.605
1.533
1.899
1.805
2.257
1.462
2.724
2.432
1.410
2.057
1.731
2.730
2.895
3.385
2.482
1.573
1.832
2.750
2.088
1.901
2.326
2.169
2.603
3.199
2.895
1.965
2.214
2.327
2.020
2.237
2.387
3.074
3.066
2.314
2.118
3.676
3.434
2.682
1.654
2.579
3.266
3.594
1.928
2.137
2.109
3.232
3.146
2.079
3.077
4.647
3.627
3.338
4.042
3.502
3.029
1.992
2.005
2.590
2.645
1.561
2.380
2.983
1.809
1.990
1.818
2.696
2.792
2.197
2.480
2.402
3.353
2.872
2.724
1.932
2.147
2.435
2.327
3.048
2.376
2.354
2.981
2.964
4.486
3.196
2.679
3.104
3.187
3.109
2.889
3.096
4.145
3.439
3.222
3.257
3.364
3.903
3.139
3.166
5.538
3.962
3.050
2.943
3.718
4.247
3.209
3.220
3.706
2.022
2.583
2.694
2.836
2.082
3.064
2.952
3.863
4.669
2.881
2.371
2.859
2.403
1.947
2.924
3.289
2.554
2.718
2.634
4.487
4.562
4.214
2.942
2.460
2.917
2.910
4.156
2.352
3.320
3.864
4.339
4.182
2.815
2.670
4.236
4.836
4.978
3.872
4.351
3.348
3.304
2.322
2.713
3.695
2.769
3.302
2.274
2.316
2.959
2.743
3.028
3.374
2.155
3.506
4.037
2.372
2.262
2.090
2.390
2.749
3.255
3.294
5.076
4.213
3.229
2.535
3.925
2.541
2.671
2.517
3.267
2.480
3.030
3.724
4.819
4.119
4.079
3.557
2.488
1.779
3.046
2.519
3.048
2.532
2.678
2.073
2.792
2.420
1.887
3.041
4.332
4.196
4.685
5.131
4.129
3.601
3.714
4.476
4.143
3.762
3.787
4.916
4.942
4.970
5.278
5.954
5.209
4.553
4.618
4.924
5.247
5.270
5.933
5.274
4.628
5.005
4.555
3.962
1.853
3.294
5.033
4.788
4.047
4.231
5.459
4.621
4.637
4.673
4.487
4.276
4.013
4.287
3.099
2.227
2.635
3.296
3.041
3.021
3.373
4.112
3.484
3.087
2.893
2.813
2.753
3.907
5.452
5.631
5.691
5.535
5.457
4.871
5.441
5.288
5.419
3.978
3.455
2.714
3.212
2.860
3.356
3.108
3.194
3.094
2.738
1.926
3.193
3.786
4.571
4.075
5.133
5.458
5.558
4.392
3.754
3.727
2.884
3.737
2.982
2.699
2.679
3.117
3.759
3.605
4.327
4.373
4.457
2.993
3.226
3.948
2.648
1.556
1.999
2.442
2.282
2.493
2.646
1.530
1.917
2.251
3.065
2.525
2.184
2.692
3.896
2.725
3.519
2.761
2.362
2.252
2.811
2.210
2.364
3.836
4.046
4.657
5.187
4.828
3.671
3.302
3.404
3.450
3.945
4.536
3.896
2.245
2.468
2.813
3.868
3.647
3.043
2.613
2.371
2.376
1.123
2.100
2.216
2.084
2.156
1.834
1.824
2.139
2.314
2.105
1.403
2.722
1.175
2.627
2.844
3.389
2.792
2.256
1.126
1.660
1.961
2.067
2.444
2.358
2.638
2.679
1.862
1.725
1.720
2.510
1.930
2.754
2.455
1.645
1.520
2.202
1.909
2.735
2.511
1.857
2.205
1.662
2.463
2.340
1.680
1.960
2.089
2.184
3.233
2.703
2.164
1.116
2.860
4.270
3.653
3.100
3.428
3.040
3.039
2.478
2.375
1.898
3.003
2.959
2.605
2.864
1.624
2.371
1.705
2.273
2.159
2.522
2.536
2.856
2.517
2.622
2.291
2.530
2.170
1.749
2.302
2.321
1.908
1.989
2.785
2.427
2.052
2.586
3.810
2.893
2.097
2.345
2.930
2.684
4.008
4.319
3.559
3.238
2.721
2.581
2.617
2.165
3.305
4.472
3.111
2.947
3.013
2.556
2.851
2.996
3.396
3.448
2.990
2.875
3.561
3.611
2.687
2.114
1.650
3.051
3.313
4.006
3.360
2.685
3.357
2.751
5.212
4.306
2.821
2.586
2.417
3.857
2.194
3.881
4.036
3.961
4.015
3.150
2.221
3.670
4.320
4.334
3.368
3.393
3.547
3.533
6.013
6.806
4.536
3.613
4.007
2.878
2.555
3.488
3.280
2.969
3.309
2.930
2.860
3.150
3.585
3.214
3.257
3.120
2.355
2.780
3.501
5.164
3.739
2.584
2.976
2.696
3.367
3.577
3.919
2.570
4.028
3.696
2.957
3.545
2.086
2.165
1.754
2.978
2.941
2.417
3.570
2.793
3.149
4.802
3.943
1.886
3.738
3.312
3.451
2.700
3.622
3.940
3.488
2.310
2.929
3.310
3.060
3.384
2.534
3.698
2.693
2.709
2.775
3.716
4.652
4.615
4.164
4.287
3.941
3.819
3.829
4.731
4.641
4.896
5.257
4.297
2.231
3.103
5.488
4.066
3.464
4.690
4.228
3.808
2.613
2.625
5.068
4.382
4.395
4.645
6.513
6.086
5.517
5.148
4.896
4.680
4.140
5.858
6.247
7.358
6.818
6.147
5.552
4.868
4.885
5.750
5.781
5.669
5.777
5.031
3.686
4.061
4.059
3.049
2.801
3.578
4.089
5.107
5.391
4.926
4.586
3.612
3.230
3.742
4.537
4.370
3.577
2.968
5.143
4.344
4.038
4.138
4.643
4.906
4.367
4.324
2.712
2.378
1.856
2.133
3.209
4.547
4.996
5.212
6.028
6.237
5.667
6.029
5.766
6.196
5.694
5.158
4.479
5.087
4.714
5.407
5.586
5.169
4.802
4.150
5.044
5.715
6.480
5.827
5.325
5.724
5.536
5.234
4.663
4.843
5.014
4.575
3.709
3.210
3.870
3.392
3.311
3.789
3.196
3.132
3.210
3.280
4.034
4.822
5.112
4.709
4.232
3.490
3.825
3.999
4.324
4.688
4.368
3.665
2.303
2.076
2.317
3.100
4.523
3.841
3.059
3.609
3.238
2.183
1.972
1.875
2.012
3.227
2.894
3.566
4.591
3.914
3.829
3.462
3.837
4.129
4.711
3.663
3.855
4.106
3.974
3.180
1.964
1.742
2.034
2.769
3.225
3.547
2.186
2.319
1.929
1.570
2.872
1.636
1.897
3.137
3.006
3.078
3.186
2.867
1.820
2.011
2.221
2.377
2.420
2.477
2.136
1.505
2.857
2.464
1.899
2.940
3.000
3.208
3.495
2.380
2.340
2.398
2.096
2.258
1.779
1.953
2.277
2.214
1.936
3.058
2.596
2.197
2.075
1.678
2.174
1.683
3.223
2.205
2.465
2.646
2.601
2.663
2.913
2.812
2.174
2.085
2.512
2.662
2.434
2.531
2.140
2.134
2.408
2.182
2.694
3.332
2.634
2.140
2.150
3.482
3.094
2.909
2.507
2.718
3.191
3.639
3.700
3.334
2.581
2.117
1.917
2.439
2.341
2.295
2.825
2.073
2.904
3.553
3.430
2.627
2.404
2.786
3.869
3.032
2.579
2.940
3.018
3.161
2.317
4.035
3.852
2.677
2.850
4.733
3.062
2.370
3.855
4.141
3.638
4.892
4.166
3.662
4.841
3.184
2.626
3.253
3.108
3.440
2.768
3.073
3.258
3.163
3.076
2.752
2.453
2.060
3.840
4.538
2.890
3.245
4.992
3.009
5.277
6.022
4.619
2.985
2.617
3.349
2.774
3.116
3.441
4.498
4.069
2.684
3.088
2.683
2.488
4.264
7.381
5.795
2.796
2.655
2.422
3.137
2.359
2.780
1.597
3.245
3.135
4.170
5.115
4.249
3.932
3.244
2.685
2.784
3.199
3.311
2.937
3.635
3.274
2.466
3.128
2.810
3.207
1.720
3.297
2.954
2.608
4.093
2.940
3.273
2.412
3.911
3.741
3.911
2.972
4.418
4.068
2.541
3.225
2.857
4.119
4.220
3.198
2.206
2.000
2.593
2.010
3.263
2.090
4.197
4.046
4.104
4.133
3.535
1.104
4.604
5.433
3.113
2.077
2.682
3.176
3.721
4.540
4.720
2.589
2.385
2.573
2.678
4.959
5.897
5.761
3.378
4.079
4.468
3.322
1.635
1.708
2.403
3.674
4.809
3.802
3.990
2.359
4.363
5.625
5.095
5.707
5.901
6.144
5.830
5.116
4.588
4.976
4.387
4.799
4.451
3.788
4.068
4.453
4.174
4.032
4.078
5.198
6.060
6.491
7.224
6.991
6.538
5.919
5.311
5.680
4.295
3.281
2.996
3.373
3.955
2.943
2.423
2.259
2.833
3.273
3.816
4.462
3.401
4.475
5.361
4.534
5.089
5.718
3.712
1.893
2.261
3.420
3.433
2.529
4.044
4.598
4.970
5.745
4.674
4.393
3.094
3.177
2.789
3.110
2.968
3.193
3.816
4.510
5.056
4.320
4.278
5.326
4.342
4.008
2.378
3.597
4.715
4.468
5.245
4.178
3.306
3.594
3.152
2.581
1.867
1.958
2.545
3.050
4.111
3.845
3.866
3.196
3.470
3.658
4.202
4.590
4.864
4.442
3.994
2.814
1.553
1.779
2.128
3.825
3.962
3.521
3.491
3.007
4.156
3.292
3.905
3.266
3.120
3.658
3.438
2.950
2.116
3.666
3.713
3.514
3.119
4.046
3.464
2.477
2.718
2.813
2.618
2.770
3.408
2.579
2.170
2.255
2.710
2.581
2.019
1.822
2.210
1.707
1.555
1.794
1.239
1.810
1.687
1.973
2.187
2.900
2.892
2.272
2.589
3.571
3.764
2.839
2.680
2.525
1.975
2.059
1.801
1.549
1.911
2.553
2.071
2.063
1.681
2.046
1.672
2.420
2.234
3.204
2.945
2.898
2.243
2.180
2.291
2.498
2.230
2.750
2.856
2.410
2.368
2.751
3.266
2.290
2.560
2.573
2.264
2.342
2.771
2.894
2.574
3.775
3.326
3.244
3.191
2.315
2.914
1.980
2.789
2.994
2.939
2.508
2.795
2.692
2.147
2.682
2.525
2.717
2.398
2.177
2.674
3.228
2.747
3.474
2.778
2.708
3.069
3.672
4.790
3.730
2.932
3.677
2.824
2.585
3.039
2.748
3.167
2.939
3.554
3.929
4.585
3.138
2.649
2.154
1.872
2.820
2.929
4.917
5.294
6.134
4.915
3.730
3.144
1.898
1.834
2.673
2.454
2.283
2.656
2.719
3.609
1.973
2.937
2.760
4.081
3.162
3.444
2.860
2.810
3.281
3.631
2.816
3.476
3.375
3.079
3.856
4.121
2.801
3.704
3.082
2.866
2.272
2.203
3.120
3.853
3.206
3.059
3.466
2.952
2.930
2.777
2.655
3.962
1.496
2.481
2.542
2.478
2.746
2.690
2.455
3.570
3.906
3.593
2.042
3.470
3.182
3.276
3.532
3.790
3.738
3.124
3.144
2.487
1.613
3.282
2.062
3.563
2.946
2.826
1.845
3.213
4.765
3.381
2.491
2.732
3.609
4.019
4.576
4.243
3.782
2.962
3.408
3.098
3.396
3.556
4.050
3.599
3.451
2.610
3.652
3.263
3.942
3.997
3.641
3.169
3.437
3.881
4.314
4.841
4.918
4.770
5.029
3.873
3.249
3.354
3.531
3.993
2.940
2.434
2.483
2.906
3.866
4.032
4.309
5.083
2.162
2.781
2.641
2.925
2.438
3.327
4.308
1.955
2.836
3.996
3.609
4.018
4.407
4.299
4.598
3.939
2.639
4.896
6.276
6.430
6.012
6.237
6.702
4.958
4.788
4.468
4.104
3.615
3.843
3.609
3.773
4.478
3.128
5.068
4.845
4.745
4.499
4.347
2.781
1.792
1.902
2.554
2.434
1.803
1.661
2.370
2.677
3.748
4.591
6.099
6.528
6.792
6.751
6.935
6.506
5.447
4.633
3.507
2.970
2.816
3.605
4.075
3.169
2.943
2.356
3.447
4.341
5.519
5.984
5.099
5.174
5.221
5.202
4.573
4.765
3.817
2.449
2.659
4.537
4.443
4.650
4.933
4.478
2.827
3.187
3.618
3.609
3.126
3.527
3.175
2.025
3.569
2.999
2.971
2.136
1.988
1.391
2.173
3.592
3.081
2.976
2.888
2.795
3.706
2.541
2.434
2.584
3.561
3.037
2.990
3.465
3.551
2.866
2.617
3.297
4.107
5.188
5.136
5.055
4.413
3.939
4.262
3.934
3.646
2.446
2.568
2.448
1.692
1.678
1.833
3.032
3.981
3.960
3.386
2.088
2.779
2.289
2.897
2.420
1.698
1.707
1.927
1.671
1.973
2.136
2.087
1.704
1.356
2.772
2.053
1.949
1.884
2.313
1.893
2.430
1.558
1.226
1.748
1.648
2.853
3.044
3.094
3.143
2.562
2.025
2.593
2.339
2.334
2.097
1.429
1.426
1.488
2.163
1.188
1.460
2.258
2.302
2.441
2.642
2.031
2.155
2.125
2.550
2.887
2.036
1.677
2.810
3.198
3.894
3.067
2.827
2.778
3.212
2.707
2.869
1.799
1.662
2.013
1.616
2.083
1.998
2.330
2.775
2.735
1.942
1.631
2.003
2.633
2.060
2.137
2.347
3.155
2.513
1.976
1.786
2.688
2.388
1.631
2.128
2.635
2.655
2.275
2.122
2.223
2.994
3.132
2.976
1.943
2.229
2.023
2.612
2.128
2.799
1.858
2.915
2.910
1.749
3.590
3.868
3.003
3.063
2.919
2.351
2.745
4.813
2.559
2.166
3.629
3.671
3.210
4.427
3.924
2.362
2.137
2.968
3.054
2.909
2.063
1.859
2.854
3.300
3.929
3.310
3.242
3.456
2.514
2.662
3.051
2.919
4.189
3.574
2.398
2.776
4.085
4.730
4.724
3.745
2.830
2.873
2.728
2.725
3.625
2.995
2.047
2.595
4.101
3.761
2.939
2.889
3.429
5.813
4.741
4.998
3.445
2.881
3.216
5.210
4.168
3.080
2.890
3.479
2.787
2.994
3.491
2.703
3.549
3.611
3.167
3.506
3.588
3.120
2.443
3.591
2.294
4.252
3.107
2.601
2.592
3.255
3.304
3.644
3.660
4.036
3.985
4.966
3.519
3.318
3.073
2.719
3.806
4.197
2.511
2.684
4.679
4.564
3.352
2.625
2.577
2.971
3.042
3.184
5.203
4.126
3.450
2.974
3.949
3.352
2.960
3.052
3.479
2.758
2.008
2.485
2.286
2.395
4.317
3.960
3.380
3.340
2.805
3.436
3.960
3.877
2.200
2.009
1.615
3.570
2.408
2.855
2.261
2.832
4.460
4.284
3.980
3.774
2.988
3.814
4.736
4.212
4.079
3.805
4.567
3.930
4.418
3.889
3.796
5.097
3.496
3.124
3.997
3.349
2.412
2.597
2.785
1.715
2.370
3.422
4.135
3.957
4.182
4.205
4.556
4.127
3.629
3.710
3.476
3.973
4.741
2.632
3.540
3.101
3.849
4.066
3.484
3.331
3.009
4.337
3.748
4.342
4.167
3.599
3.770
4.114
3.195
2.491
2.421
3.037
3.339
3.152
3.123
4.361
4.577
4.886
4.254
3.770
3.445
4.048
3.397
4.024
4.427
5.078
5.129
3.967
3.807
4.331
4.747
4.737
4.512
4.582
3.976
4.077
2.819
2.682
3.143
2.792
2.362
1.253
1.986
1.990
2.736
3.000
3.504
4.103
4.677
3.688
2.087
2.886
3.697
3.179
2.200
2.751
3.231
2.031
2.485
3.371
3.490
3.823
3.506
3.541
3.816
4.347
4.816
3.887
3.076
2.595
2.876
3.019
2.480
2.335
1.666
1.756
2.121
2.080
2.203
1.614
1.747
1.751
1.951
2.850
3.684
3.207
1.694
2.653
4.421
3.132
3.236
2.275
2.020
2.915
2.672
2.194
2.934
3.657
3.214
2.471
1.786
1.929
1.983
2.159
2.005
2.254
1.838
1.887
1.764
2.321
1.476
1.557
2.379
2.174
2.152
2.287
2.701
3.005
2.630
2.009
2.247
1.609
1.601
1.944
2.413
1.597
3.043
2.398
2.594
2.577
1.720
2.398
2.228
2.153
2.175
2.129
1.686
2.280
2.519
1.931
1.700
2.195
2.498
1.892
1.959
1.402
2.022
2.273
1.970
2.038
2.278
2.508
1.613
2.300
1.019
2.056
1.791
2.730
2.726
2.118
1.998
2.403
3.206
2.988
4.195
4.282
3.414
3.202
2.481
1.704
1.879
3.003
2.873
3.453
3.475
3.030
2.548
3.130
3.606
3.636
2.776
2.995
2.210
2.381
3.671
4.348
4.116
4.199
3.191
2.120
1.880
1.244
2.969
2.367
2.268
2.395
3.718
2.708
4.029
4.154
3.601
4.135
2.745
2.189
1.777
3.132
1.547
2.448
2.756
1.999
2.594
4.197
3.796
2.349
2.746
3.607
3.472
2.490
2.911
2.689
2.851
2.641
2.374
1.529
2.187
2.644
2.917
2.933
2.899
2.727
2.214
2.524
2.340
1.413
2.562
2.084
2.213
2.075
2.264
3.561
4.743
3.356
2.333
1.945
3.064
2.412
3.266
3.200
2.973
2.519
3.422
2.862
3.222
3.319
3.055
2.854
3.268
3.438
2.415
2.819
2.422
3.987
3.147
2.314
1.506
2.102
1.896
2.314
2.563
2.592
2.307
3.068
2.542
3.170
2.878
3.300
2.752
4.412
4.092
2.704
2.319
2.807
3.655
3.045
3.410
3.797
3.344
3.041
2.405
2.758
2.437
3.168
3.211
4.431
3.628
2.230
2.097
3.287
2.602
3.818
3.598
2.734
2.044
3.243
3.043
4.167
3.089
3.422
2.401
2.577
3.459
3.237
3.040
3.156
3.834
3.289
3.773
2.988
2.014
3.024
4.485
4.512
4.659
4.224
4.332
4.790
4.094
3.762
4.171
3.899
3.501
2.582
3.195
4.146
5.350
4.615
4.414
3.869
4.145
4.603
4.579
4.090
4.342
4.279
3.994
4.096
2.328
2.860
3.765
4.663
4.601
4.507
3.310
4.353
3.717
4.473
5.478
5.561
5.228
4.319
3.862
4.819
3.603
3.052
2.546
2.794
1.963
3.008
2.379
2.625
2.650
2.124
2.979
2.721
3.313
3.559
2.780
3.291
2.651
3.448
1.842
4.147
4.077
4.087
5.336
4.819
5.091
4.019
4.420
4.823
3.894
2.907
3.089
3.760
4.492
2.755
1.898
1.881
2.768
3.490
2.965
3.946
4.253
3.184
2.071
2.158
3.205
4.217
3.397
2.399
1.712
1.619
1.549
1.427
2.729
3.455
3.550
2.722
0.995
2.521
1.882
1.606
1.888
1.815
1.992
3.372
4.799
4.543
4.410
3.680
3.265
3.279
3.846
4.185
3.101
3.162
2.219
3.042
4.178
3.379
1.649
1.823
2.589
1.921
3.115
3.765
2.734
1.868
2.124
2.149
1.244
1.213
2.142
2.957
1.945
1.311
1.681
2.232
2.361
2.375
2.170
2.091
2.654
2.156
2.033
1.827
2.254
3.171
2.963
2.907
1.288
1.330
2.854
3.272
2.909
2.628
2.545
2.319
2.258
2.710
2.268
1.571
2.122
1.786
1.770
2.352
2.675
2.573
1.535
1.632
1.672
2.843
1.497
1.433
2.368
3.253
3.258
2.559
2.540
3.102
2.999
3.220
2.678
1.925
1.428
1.688
2.109
2.725
1.886
2.967
2.516
2.270
2.261
2.553
2.185
2.158
2.026
1.451
2.546
2.344
2.262
1.715
2.655
2.300
2.813
2.463
2.755
2.630
2.655
2.550
3.068
3.138
3.007
3.220
2.670
2.951
3.248
3.167
3.036
2.381
3.498
2.757
3.132
1.790
2.974
3.969
2.031
2.419
2.018
1.895
3.404
2.966
3.163
3.213
2.389
3.215
3.391
2.804
2.848
3.421
1.434
2.465
2.603
2.414
3.353
3.930
4.297
3.119
2.820
2.741
3.695
3.410
4.710
3.018
2.658
3.224
3.877
2.633
2.311
3.037
2.874
3.028
3.944
4.183
3.612
3.225
3.144
3.148
4.290
2.545
2.315
2.951
3.243
3.717
2.046
2.853
3.184
1.243
3.322
3.829
5.153
4.814
2.801
3.949
2.466
3.041
2.401
2.821
2.585
2.358
3.636
3.833
3.342
3.445
4.882
3.157
2.832
3.110
4.128
2.141
3.968
3.118
3.142
3.395
3.503
3.250
2.966
2.905
3.345
4.070
4.780
4.677
3.609
3.290
2.838
2.571
3.138
3.608
4.954
4.511
2.609
3.562
3.910
3.223
2.481
2.915
2.804
2.815
2.778
2.916
3.323
3.753
3.372
2.699
2.602
2.768
3.519
4.239
2.061
2.181
3.044
3.587
2.972
3.018
2.957
3.433
2.486
2.415
1.903
2.628
4.150
4.389
4.442
3.341
3.767
2.884
3.138
4.128
4.158
3.752
3.013
2.637
3.713
3.714
2.167
3.947
3.783
4.368
4.198
3.974
4.685
5.027
4.389
5.082
5.337
4.808
3.743
4.370
4.563
5.100
5.131
5.179
4.217
4.924
4.575
4.598
4.228
2.785
3.131
2.234
2.413
2.567
3.187
4.163
2.330
2.135
3.386
4.282
4.670
5.517
6.561
6.499
5.085
4.787
4.925
4.337
3.658
4.400
4.444
3.690
2.576
2.704
3.313
5.242
5.554
4.766
3.913
4.561
2.819
1.421
1.964
3.761
2.186
4.528
6.461
4.927
4.819
4.104
2.818
2.295
3.325
3.455
3.190
3.292
3.336
3.389
2.411
2.730
3.180
4.119
4.639
4.818
3.850
2.876
1.949
2.319
3.281
3.697
2.863
3.026
2.381
2.471
2.981
2.989
2.519
2.492
2.605
1.367
2.550
3.186
3.328
3.426
3.473
4.592
4.279
4.833
4.598
4.131
4.385
4.293
2.757
3.321
2.779
2.328
2.905
2.319
1.670
1.662
1.271
1.637
1.592
1.822
2.057
1.716
1.363
1.730
2.909
2.790
3.521
3.135
3.123
2.701
2.841
2.333
2.708
2.974
3.335
3.164
2.717
1.531
1.898
2.025
2.208
1.715
2.513
1.761
3.065
2.312
1.874
1.671
1.753
1.896
1.744
2.063
1.556
2.552
2.738
2.004
2.203
1.793
3.232
2.867
2.167
1.618
1.523
1.336
1.866
1.074
1.977
1.336
1.755
1.701
1.998
2.202
1.644
2.400
2.303
2.256
2.788
2.318
1.913
2.566
4.310
4.211
4.095
3.753
3.229
2.220
1.704
2.300
1.955
2.408
2.274
2.367
1.591
2.326
1.953
2.339
1.799
1.909
3.006
2.184
2.331
2.549
2.123
2.295
2.376
2.196
1.873
2.298
1.769
2.161
3.027
1.795
2.442
2.377
4.140
3.952
3.100
3.050
2.811
2.745
2.501
2.700
2.688
3.755
4.066
6.110
4.900
3.821
4.052
2.773
1.688
2.248
2.155
2.423
1.790
2.200
2.315
3.066
2.384
2.879
2.138
3.594
4.292
3.374
4.956
5.183
3.619
3.431
2.684
3.442
2.866
2.480
2.954
3.465
4.127
3.508
3.811
3.191
2.202
2.719
3.802
2.399
3.452
3.661
3.408
2.814
3.681
3.570
3.038
3.326
2.907
4.402
2.120
3.704
2.501
3.527
3.338
2.596
3.045
4.468
3.147
4.463
4.823
3.442
3.782
4.328
4.019
3.248
2.657
2.911
2.899
3.637
3.140
2.803
2.392
3.661
3.334
2.320
3.606
3.576
3.603
1.922
2.433
2.846
2.279
2.178
2.181
2.504
2.735
3.937
2.636
2.656
3.785
3.964
5.282
4.467
2.696
2.329
2.808
2.856
3.385
3.258
1.650
3.492
2.550
2.928
3.199
2.856
2.621
2.575
2.528
2.083
3.150
3.484
3.223
3.823
2.850
3.908
2.196
1.963
4.056
2.224
1.357
3.143
4.008
3.106
3.818
4.141
4.271
4.030
2.521
3.210
2.564
3.155
3.324
3.776
3.482
4.313
3.776
3.085
3.520
3.041
4.343
4.549
4.997
4.016
4.739
4.654
4.656
3.435
4.366
4.207
4.074
3.832
4.379
4.383
4.337
5.534
6.198
6.052
6.439
7.088
6.320
5.589
5.663
5.665
5.704
4.175
4.480
3.924
4.559
4.911
4.551
3.771
4.754
4.330
3.173
2.887
3.377
4.590
5.566
4.006
2.218
3.512
3.668
3.574
3.517
3.922
3.926
5.179
5.788
6.117
6.555
6.774
6.311
5.127
4.851
4.676
5.109
4.108
3.562
4.012
4.374
4.326
3.286
3.663
3.712
4.818
5.148
5.523
5.981
5.317
4.661
3.459
2.316
3.850
5.009
4.487
4.722
5.012
4.983
4.568
3.873
3.852
3.435
3.423
3.503
3.061
1.585
3.139
2.404
3.756
3.899
1.169
2.336
3.047
3.478
3.319
3.547
2.463
2.738
3.704
4.897
3.884
3.791
2.127
1.743
2.926
4.597
3.616
4.094
4.244
4.143
3.676
3.710
3.487
3.527
3.284
2.379
2.057
2.072
2.711
2.729
3.718
3.789
3.708
2.507
1.473
1.614
2.288
2.826
2.703
2.251
1.489
1.305
2.217
2.662
2.909
2.522
3.153
3.619
1.949
1.665
1.038
0.901
2.403
1.434
2.728
2.875
2.426
2.146
2.901
3.895
3.665
3.555
3.203
2.373
1.864
2.067
1.990
2.839
3.036
2.566
2.485
2.033
1.935
2.201
2.222
1.763
1.601
2.369
2.200
2.909
2.296
2.077
1.886
1.839
1.464
2.172
2.309
1.064
2.002
2.012
2.468
1.630
2.354
2.382
2.563
2.489
2.014
1.997
2.600
1.831
2.116
1.747
1.717
2.059
2.165
2.265
2.113
1.959
1.920
3.329
2.793
3.552
2.689
2.332
3.128
4.473
3.358
2.901
2.271
2.077
2.402
3.607
4.621
4.313
3.588
2.337
2.187
2.406
1.635
1.537
2.142
3.275
2.921
2.454
3.228
3.119
3.409
3.393
2.950
2.778
2.903
1.988
2.945
2.881
2.879
2.694
4.112
2.938
2.941
2.886
3.070
2.410
1.704
2.317
2.188
3.942
3.088
2.505
2.554
3.120
2.823
2.564
3.984
5.299
4.497
4.463
4.382
4.564
3.478
2.573
2.579
3.090
2.273
2.686
3.873
3.072
2.571
2.060
3.286
3.423
3.646
3.265
2.513
2.732
3.245
3.109
4.001
2.127
3.175
2.532
3.422
2.802
2.170
4.095
3.377
3.565
4.808
3.302
2.687
2.355
2.796
3.709
3.597
2.949
4.138
3.202
2.756
2.487
3.937
3.433
3.737
2.628
3.343
2.967
2.163
2.994
3.180
4.022
4.132
2.778
3.317
3.243
2.879
2.779
2.567
3.009
2.860
3.679
2.814
3.111
3.491
3.247
3.372
3.234
2.837
1.679
2.477
1.952
2.819
3.366
3.082
2.816
3.781
3.472
3.611
3.047
3.107
2.948
4.463
3.631
4.724
4.066
5.016
4.168
2.405
3.737
2.902
2.691
2.854
4.674
3.840
3.986
3.014
3.051
2.384
4.625
4.916
3.169
2.753
4.138
2.983
3.678
2.940
2.873
3.516
4.250
4.476
3.697
3.797
4.146
4.263
2.889
3.179
3.421
4.274
4.944
5.182
4.309
4.545
5.231
5.265
5.066
4.085
4.281
3.486
4.744
4.650
3.188
4.249
3.002
4.672
5.714
5.181
4.956
5.785
5.112
4.669
5.325
5.885
5.976
5.861
5.484
4.501
4.477
4.585
4.573
4.441
4.690
4.014
4.353
4.690
4.426
3.490
2.754
2.431
2.591
3.741
4.175
4.642
2.934
3.496
3.702
3.093
3.109
4.331
3.519
4.987
4.578
3.794
1.924
2.741
2.549
3.441
3.609
4.291
4.928
2.793
3.404
3.642
4.060
3.708
3.366
1.245
2.146
4.090
3.291
3.685
3.588
2.163
2.795
3.924
3.586
4.428
5.435
5.422
4.886
5.385
5.411
5.296
4.204
4.558
4.656
4.537
4.594
4.304
2.772
4.028
3.506
3.086
4.169
3.560
4.037
4.105
3.750
3.831
3.866
3.492
3.597
3.910
3.052
3.127
2.073
2.549
2.761
3.058
1.628
1.260
3.414
3.583
2.375
2.052
2.769
1.977
3.499
2.966
2.527
3.197
2.706
3.868
4.538
2.700
2.510
3.327
3.020
2.978
2.438
2.402
3.163
3.022
3.003
3.392
3.324
3.518
3.460
3.271
2.576
3.050
3.368
3.415
3.143
3.928
4.030
2.298
2.476
2.431
3.025
3.676
2.923
2.666
2.651
2.722
2.400
1.607
2.415
2.853
2.722
2.998
2.930
2.606
2.551
1.954
3.339
2.021
2.337
1.719
2.188
1.844
2.103
1.834
1.902
1.592
1.310
2.107
1.852
2.763
2.399
2.628
2.278
1.671
2.461
4.183
6.130
2.667
2.049
2.118
1.356
2.105
2.413
2.105
1.544
1.717
2.281
2.222
2.223
1.726
2.198
2.540
1.944
1.411
2.138
2.008
2.967
2.712
2.007
1.988
2.856
2.422
3.113
2.443
2.404
2.610
2.942
2.638
3.417
2.369
3.133
3.555
3.083
3.608
2.309
2.152
2.513
1.839
2.063
3.109
2.272
2.658
2.627
2.872
2.414
2.400
3.400
2.844
2.635
4.284
3.388
3.530
3.710
2.560
3.240
3.117
2.595
3.294
3.824
4.406
3.851
3.487
2.970
2.268
2.540
2.808
2.250
2.376
2.017
1.958
2.341
3.143
2.506
2.518
2.020
3.078
3.433
2.635
2.330
3.229
3.441
2.433
2.674
2.658
4.436
5.422
3.371
4.669
2.346
2.695
2.969
3.546
2.986
4.052
3.365
2.882
2.409
3.134
3.602
3.695
1.884
2.207
2.604
3.173
4.100
3.490
3.404
4.442
4.518
3.366
3.824
3.213
2.636
3.034
3.562
3.215
3.661
2.415
3.466
3.678
2.922
2.038
2.439
2.914
2.650
2.800
4.663
3.959
3.755
3.147
3.539
2.860
3.249
4.592
4.243
5.271
3.837
4.478
3.310
2.595
2.312
2.344
2.556
3.166
4.945
5.115
4.045
3.844
1.782
1.744
2.146
3.198
4.150
5.250
5.911
6.325
5.768
4.449
3.843
4.233
3.923
3.726
3.125
3.719
3.838
3.833
3.487
2.268
3.145
4.043
4.604
4.521
4.729
4.428
4.511
4.548
3.252
3.274
3.365
4.218
4.186
3.956
4.345
4.225
3.254
2.385
2.238
3.404
4.469
5.864
6.762
7.426
7.317
7.213
6.025
4.585
4.616
4.661
5.222
4.435
6.276
6.483
4.978
7.013
3.707
2.511
2.711
2.924
2.707
3.200
3.358
3.845
2.461
2.470
2.896
2.330
3.830
5.009
5.691
5.201
4.916
3.462
3.054
3.084
4.902
4.978
4.972
4.340
2.958
2.927
2.207
2.306
3.437
2.659
1.857
3.160
4.305
5.409
5.769
4.700
3.688
2.771
3.211
2.476
3.087
3.783
3.303
2.781
2.900
2.693
2.925
2.482
3.205
3.494
4.267
2.798
2.444
1.486
2.221
2.504
1.880
2.811
3.861
2.625
2.164
2.572
3.141
2.696
2.521
2.090
2.524
2.804
2.826
2.191
2.229
2.543
2.762
2.768
3.628
4.064
3.576
3.059
1.936
1.115
1.335
1.197
1.532
2.403
1.735
2.732
3.017
2.584
2.132
2.515
2.811
1.987
1.723
2.159
3.458
3.274
3.055
3.012
2.298
1.806
1.662
1.183
1.876
2.549
2.712
2.866
3.216
2.932
2.102
1.532
1.815
2.192
1.512
2.160
1.819
1.962
1.688
2.255
1.484
1.269
2.699
2.408
2.409
2.279
2.983
2.532
1.814
1.817
1.925
2.336
3.529
3.474
3.404
2.841
1.537
1.512
2.624
2.658
2.463
2.226
1.820
1.448
1.710
1.313
2.836
3.647
3.418
3.415
3.592
3.082
2.509
2.629
3.343
4.403
4.547
2.577
2.131
1.915
1.376
1.946
2.193
1.586
1.937
1.614
2.393
2.911
2.642
3.494
5.511
3.287
1.682
1.915
2.695
3.206
3.495
2.704
2.729
4.135
3.439
3.090
3.823
3.269
3.906
3.332
2.838
3.760
2.850
2.265
1.581
2.438
1.901
1.706
1.693
1.802
3.992
2.866
1.508
2.544
1.875
2.311
3.474
2.672
3.375
2.595
3.290
2.608
2.901
3.009
2.293
3.217
2.487
2.155
2.344
1.686
1.810
3.565
2.845
1.701
1.211
2.220
3.537
2.206
3.057
2.054
1.502
2.921
1.646
1.414
2.053
2.378
2.118
3.224
4.005
4.199
2.983
2.826
1.789
3.715
2.426
2.270
1.695
1.696
2.150
3.139
3.999
1.929
1.972
2.242
2.184
2.445
3.661
3.832
3.156
2.037
3.469
2.687
1.987
2.567
3.295
2.656
2.911
2.927
2.731
2.073
3.842
3.492
3.225
3.734
3.542
2.750
2.235
2.355
3.143
3.705
3.494
3.906
4.372
2.681
1.869
2.000
2.333
1.911
2.249
4.398
5.049
3.965
2.965
3.285
2.596
1.330
1.494
2.191
2.954
4.564
4.061
3.996
3.977
2.898
2.147
3.065
4.006
1.879
2.406
2.817
2.561
1.887
2.075
3.144
3.408
2.998
2.691
1.950
2.665
4.100
3.514
3.142
2.606
3.222
3.030
2.362
2.853
3.006
2.534
2.576
3.207
3.590
3.501
2.989
5.598
4.391
4.463
4.397
4.205
1.832
3.647
4.377
4.402
4.658
4.912
3.892
3.362
2.969
2.631
2.698
3.954
4.764
5.691
6.369
5.491
4.790
4.824
4.335
4.557
3.614
3.932
4.439
4.971
5.234
5.425
3.782
1.943
2.439
2.088
2.338
3.091
4.883
4.204
4.031
4.652
3.846
4.689
3.721
5.064
5.476
4.740
4.469
4.115
5.183
5.634
5.864
4.884
5.492
5.433
5.175
3.543
2.841
4.593
5.069
4.556
3.723
3.317
2.970
2.053
1.777
1.344
2.271
2.715
2.632
3.839
3.019
3.150
2.320
1.684
1.260
1.180
1.533
3.918
5.492
5.278
4.646
3.687
1.892
1.489
1.831
2.086
3.048
2.639
2.451
2.016
2.872
2.494
1.284
1.937
2.339
3.171
3.685
4.095
1.765
4.262
5.272
3.518
3.383
2.185
2.857
3.148
2.640
2.246
1.472
0.945
1.039
1.066
1.627
1.518
1.685
1.975
1.705
2.491
3.168
3.193
1.303
1.848
2.294
2.143
2.167
3.281
3.871
4.525
3.493
3.759
1.789
1.426
2.847
2.258
1.941
1.908
2.970
2.913
3.021
2.807
2.326
2.248
1.629
1.505
1.890
1.831
2.192
2.462
2.442
2.073
1.887
2.815
3.357
3.116
2.183
1.189
2.083
1.548
1.715
2.490
1.833
1.996
1.189
1.819
1.177
1.719
2.128
1.312
2.317
1.868
1.514
1.598
2.331
1.278
1.459
1.949
2.723
2.110
1.913
1.749
1.614
1.541
1.812
2.237
1.642
2.301
1.122
1.344
1.780
1.329
1.329
1.485
1.438
2.159
2.659
2.255
1.246
1.319
1.324
1.523
1.308
2.247
3.144
2.437
3.409
2.946
2.825
2.470
2.678
3.297
3.266
2.079
1.875
1.817
1.432
1.550
1.719
1.895
1.883
2.805
2.214
3.239
2.675
3.143
2.412
1.637
1.794
2.092
2.030
1.574
1.964
1.814
2.723
3.627
2.809
1.770
1.342
2.145
3.296
3.529
3.562
3.251
3.997
4.236
3.787
2.422
2.244
2.889
3.053
2.258
3.162
3.046
3.047
2.344
2.657
2.069
1.741
2.715
3.979
2.042
2.209
2.321
2.573
3.880
2.698
2.068
1.949
2.646
2.845
2.824
4.016
5.137
3.674
3.624
3.691
2.374
2.096
3.780
2.498
2.865
4.132
3.936
3.529
3.252
2.623
2.807
3.429
2.291
3.407
3.666
4.017
2.582
2.082
2.399
4.086
3.804
3.362
2.609
3.020
3.420
2.312
3.538
2.597
2.734
1.820
2.899
3.786
4.697
4.636
3.007
3.639
2.734
2.540
2.837
4.251
3.071
2.232
2.365
3.181
3.764
3.264
3.171
3.998
2.661
2.471
2.097
2.017
2.625
1.793
3.007
1.485
2.666
2.787
1.670
2.942
3.714
3.554
3.209
2.586
3.265
3.292
2.540
3.984
4.628
4.865
4.378
4.168
4.126
3.419
3.510
4.016
4.058
3.646
2.913
2.666
3.626
3.120
3.038
2.018
3.230
3.198
3.492
4.201
4.382
2.237
2.605
2.581
3.123
2.868
3.071
3.843
1.749
2.448
2.984
3.932
4.212
3.965
2.816
3.639
4.599
5.171
4.312
2.972
2.759
3.143
3.056
4.283
4.989
5.513
5.244
4.294
4.169
3.850
4.619
4.669
4.786
5.977
6.107
5.663
5.214
4.481
3.422
3.432
4.936
5.269
3.601
1.829
1.690
2.579
2.527
4.292
4.286
5.324
5.440
6.009
6.392
6.275
6.170
5.827
6.329
7.079
6.145
4.744
4.754
3.522
3.968
3.304
3.501
4.334
3.269
5.304
4.969
4.048
3.119
3.781
3.562
3.389
3.468
4.106
3.989
2.699
2.662
2.787
4.495
3.850
2.257
2.994
3.851
5.013
4.021
3.759
3.836
3.553
4.760
3.636
2.887
2.252
4.484
3.741
4.517
3.379
1.577
1.954
2.166
2.610
2.032
1.767
2.014
3.173
3.112
3.117
3.064
1.405
1.882
1.748
1.955
2.354
3.163
2.824
2.808
2.213
1.840
1.144
0.977
1.439
1.120
1.689
1.196
1.203
0.968
2.558
2.689
3.129
2.941
3.242
3.057
2.167
1.278
1.625
2.449
2.531
3.430
3.001
2.189
1.488
1.386
0.796
0.903
0.950
1.534
1.742
1.873
1.281
1.664
1.682
1.939
2.482
2.885
2.467
1.918
1.124
1.391
1.737
2.140
1.670
1.219
0.902
1.635
1.745
1.484
1.501
1.948
1.634
1.415
1.176
1.119
1.346
2.391
2.390
1.600
1.950
2.045
2.065
3.128
2.404
2.126
3.023
3.946
4.694
4.426
3.665
3.288
2.598
2.468
1.635
1.085
1.389
1.773
1.532
1.902
2.103
2.538
2.190
2.232
2.366
2.021
2.329
2.836
2.481
2.181
2.126
1.794
2.235
2.387
2.272
1.743
1.572
3.660
3.209
3.489
3.397
2.948
3.142
3.091
1.804
2.399
1.567
2.604
2.166
1.894
2.194
1.962
1.344
2.548
3.688
1.594
3.256
2.326
2.901
3.133
2.843
2.830
2.564
2.214
1.771
1.882
2.188
3.307
3.194
2.405
3.523
2.469
1.639
2.332
3.038
3.311
3.049
2.657
1.974
1.536
1.875
2.914
2.213
2.708
2.069
2.954
3.460
3.412
3.973
3.515
3.904
3.737
4.052
3.632
3.162
2.557
2.645
2.691
3.012
3.690
3.148
2.238
2.690
3.273
3.799
2.170
4.208
3.595
3.213
2.470
2.982
2.913
2.607
3.595
3.950
4.116
1.538
2.388
2.227
2.653
3.060
3.397
4.461
3.147
2.949
3.700
3.382
2.719
3.582
2.154
2.159
2.029
1.904
1.868
1.750
1.567
2.891
4.077
2.082
2.188
3.050
2.488
2.853
3.503
2.268
2.119
2.515
2.435
1.951
2.601
3.436
3.538
2.559
3.260
2.378
3.882
3.366
2.317
2.476
2.589
3.240
2.397
2.619
2.121
2.522
3.375
3.420
2.556
3.472
3.471
1.765
2.501
2.404
3.217
4.405
3.813
3.034
2.980
2.565
2.056
1.664
2.420
1.916
2.313
2.886
2.495
2.897
3.470
2.697
3.210
3.376
3.948
4.335
4.058
3.179
3.371
4.532
4.427
5.177
5.036
3.229
1.503
1.820
2.633
3.866
4.125
3.872
3.913
4.799
5.706
5.045
5.166
5.163
6.148
5.605
4.969
4.975
4.336
3.260
3.089
2.571
2.412
2.564
3.871
4.033
4.053
2.989
2.469
3.142
3.390
3.020
2.502
1.895
2.122
1.591
1.560
3.036
1.420
2.555
3.604
4.431
4.514
4.224
3.496
3.501
3.235
5.122
4.677
5.083
4.624
3.886
4.426
2.958
2.395
2.884
2.416
1.760
2.111
2.864
2.997
1.653
1.576
2.610
3.424
2.964
1.898
1.547
2.426
2.909
1.810
1.698
1.804
2.424
2.674
1.530
2.590
2.333
2.221
3.944
2.573
2.355
1.972
3.474
2.637
2.390
2.661
1.999
2.043
2.760
3.903
3.576
2.819
2.237
2.009
3.039
3.099
2.897
2.629
3.166
3.494
3.661
2.944
1.859
1.800
1.736
2.140
3.361
3.601
3.105
2.657
2.577
2.410
1.916
2.240
2.614
2.924
3.315
3.079
1.727
1.227
1.456
1.871
1.722
1.654
1.753
1.436
1.512
1.304
1.950
1.260
2.201
2.249
2.215
1.726
1.483
1.467
2.629
4.318
3.147
4.276
3.201
0.950
1.754
1.687
2.447
2.481
1.737
0.900
1.088
1.677
2.932
2.512
1.245
2.447
1.826
2.022
1.920
1.472
1.706
2.202
1.838
1.345
1.325
1.500
1.774
3.677
4.113
2.869
1.503
1.687
2.065
1.982
1.264
1.135
1.400
1.326
1.239
1.517
1.622
1.158
0.704
1.936
2.175
1.565
1.505
1.365
1.727
3.018
2.903
3.235
2.514
1.432
0.966
1.175
2.093
1.931
1.203
1.095
1.351
1.366
2.516
3.350
2.328
1.188
1.552
2.272
2.219
1.739
1.268
0.949
1.091
1.671
1.688
0.971
1.470
2.011
1.871
1.606
1.642
1.629
1.719
2.097
2.408
2.324
2.218
3.247
2.591
1.985
2.430
2.906
2.889
2.531
2.589
2.459
3.560
2.481
1.383
2.827
1.929
2.370
3.027
2.737
2.142
3.590
4.808
3.191
1.979
2.500
2.778
2.816
2.783
1.834
4.313
2.673
1.435
1.337
3.213
2.600
2.705
1.880
2.527
2.021
1.200
1.498
2.125
2.191
1.904
2.206
2.481
2.095
2.915
4.791
2.848
1.681
3.200
1.625
2.617
3.798
3.907
1.913
1.228
2.516
1.976
1.671
3.081
2.239
2.365
3.834
3.192
2.889
2.599
2.548
2.974
2.965
2.130
2.173
2.038
1.977
2.459
2.662
2.473
1.823
1.981
3.489
2.652
2.820
2.348
2.476
2.948
4.629
2.609
2.459
2.992
4.279
3.024
2.557
3.730
3.022
3.218
2.995
4.529
4.006
3.338
2.865
3.578
5.025
2.195
2.282
3.855
4.549
4.345
3.019
2.604
2.178
2.749
2.136
2.944
2.608
2.776
3.007
3.799
3.362
2.373
2.103
1.620
2.937
3.104
2.128
2.626
2.122
2.510
2.118
2.910
4.404
5.191
4.346
3.745
3.534
2.240
1.919
2.166
4.663
5.375
4.446
4.242
4.834
4.664
3.621
4.225
4.415
3.258
3.313
3.426
4.171
3.402
3.934
4.824
3.521
2.037
1.737
1.820
2.697
5.698
5.328
4.808
2.821
1.530
1.988
3.196
2.834
4.007
4.619
4.857
4.487
3.886
4.455
4.539
5.004
5.332
4.460
4.104
4.441
4.462
3.937
5.377
6.411
6.679
6.962
6.994
6.611
4.945
5.088
5.332
6.207
6.716
6.102
5.583
5.896
5.869
4.881
4.150
4.985
5.067
4.585
3.952
3.404
3.172
2.035
1.992
2.753
2.159
2.014
2.596
2.383
4.743
4.789
4.747
4.385
4.316
3.389
2.902
2.480
2.195
2.582
1.776
1.732
